OPE ID,School,State,Zip Code,School Type,20142015Qtr5_Dependent Students,20142015Qtr5_Independent Students,Quarterly Total,YTD_20142015Qtr5_Dependent Students,YTD_20142015Qtr5_Independent Students,Award Year To Date Total
00100200,ALABAMA AGRCLTL & MECHL UNIV            ,AL,35762-1357,Public       ,126,112,238,6700,3851,10551
00100300,FAULKNER UNIVERSITY                     ,AL,36109-3398,Private      ,42,213,255,2361,4414,6775
00100400,UNIVERSITY OF MONTEVALLO                ,AL,35115-6000,Public       ,34,54,88,2670,1546,4216
00100500,ALABAMA STATE UNIVERSITY                ,AL,36101-0000,Public       ,196,210,406,9986,5849,15835
00100700,CENTRAL ALABAMA COMMUNITY COLLEGE       ,AL,35011-0000,Public       ,58,90,148,1502,1789,3291
00100800,ATHENS STATE UNIVERSITY                 ,AL,35611-1999,Public       ,16,113,129,1018,3508,4526
00100900,AUBURN UNIVERSITY                       ,AL,36849-5113,Public       ,337,261,598,20243,7382,27625
00101200,BIRMINGHAM SOUTHERN COLLEGE             ,AL,35254-0002,Private      ,51,35,86,2133,821,2954
00101300,CALHOUN COMMUNITY COLLEGE               ,AL,35609-0000,Public       ,159,345,504,5507,8192,13699
00101500,ENTERPRISE STATE COMMUNITY COLLEGE      ,AL,36331-1300,Public       ,28,73,101,1342,1631,2973
00101600,UNIVERSITY OF NORTH ALABAMA             ,AL,35632-0001,Public       ,106,91,197,5670,3096,8766
00101700,GADSDEN STATE COMMUNITY COLLEGE         ,AL,35903-2269,Public       ,105,257,362,3378,5574,8952
00101800,GEORGE C WALLACE COMMUNITY COLLEGE      ,AL,36303-0943,Public       ,89,195,284,2659,4523,7182
00101900,HUNTINGDON COLLEGE                      ,AL,36106-2148,Private      ,32,31,63,1597,913,2510
00102000,JACKSONVILLE STATE UNIVERSITY           ,AL,36265-1602,Public       ,100,167,267,7300,5719,13019
00102100,JEFFERSON DAVIS COMMUNITY COLLEGE       ,AL,36427-2790,Public       ,42,49,91,636,971,1607
00102200,JEFFERSON STATE COMMUNITY COLLEGE       ,AL,35215-3098,Public       ,116,394,510,5323,8890,14213
00102300,JUDSON COLLEGE                          ,AL,36756-2504,Private      ,7,25,32,346,256,602
00102400,UNIVERSITY OF WEST ALABAMA              ,AL,35470-0000,Public       ,57,257,314,2680,4581,7261
00102600,MARION MILITARY INSTITUTE               ,AL,36756-3214,Public       ,12,1,13,635,105,740
00102800,MILES COLLEGE                           ,AL,35064-2697,Private      ,77,54,131,2810,1460,4270
00102900,UNIVERSITY OF MOBILE                    ,AL,36613-0000,Private      ,36,90,126,2078,2196,4274
00103000,BISHOP STATE COMMUNITY COLLEGE          ,AL,36603-5898,Public       ,79,230,309,2776,5197,7973
00103100,NORTHEAST ALABAMA STATE CMNTY COLG      ,AL,35986-0159,Public       ,91,102,193,1479,1860,3339
00103300,OAKWOOD COLLEGE                         ,AL,35896-0001,Private      ,26,39,65,2018,1168,3186
00103400,ALABAMA SOUTHERN COMMUNITY COLLEGE      ,AL,36460-5698,Public       ,50,63,113,1201,1041,2242
00103600,SAMFORD UNIVERSITY                      ,AL,35229-7000,Private      ,69,116,185,4040,3264,7304
00103800,SNEAD STATE COMMUNITY COLLEGE           ,AL,35957-0734,Public       ,48,84,132,1807,1910,3717
00104000,SOUTHERN UNION STATE COMMUNITY CLG      ,AL,36276-0000,Public       ,80,136,216,3784,3496,7280
00104100,SPRING HILL COLLEGE                     ,AL,36608-1791,Private      ,41,39,80,2648,1010,3658
00104400,STILLMAN COLLEGE                        ,AL,35403-0000,Private      ,54,26,80,2058,832,2890
00104600,TALLADEGA COLLEGE                       ,AL,35160-2354,Private      ,24,13,37,1295,572,1867
00104700,TROY UNIVERSITY                         ,AL,36082-0001,Public       ,173,993,1166,9469,20001,29470
00105000,TUSKEGEE UNIVERSITY                     ,AL,36088-1645,Private      ,100,35,135,5258,1539,6797
00105100,UNIVERSITY OF ALABAMA (THE)             ,AL,35487-0120,Public       ,455,359,814,29549,12200,41749
00105200,UNIVERSITY OF ALABAMA AT BIRMINGHAM     ,AL,35294-1150,Public       ,199,479,678,12681,14169,26850
00105500,UNIVERSITY OF ALABAMA IN HUNTSVILLE     ,AL,35899-0001,Public       ,110,121,231,5439,4939,10378
00105700,UNIVERSITY OF SOUTH ALABAMA             ,AL,36688-0002,Public       ,191,367,558,11651,11521,23172
00105900,LAWSON STATE COMMUNITY COLLEGE          ,AL,35221-1798,Public       ,84,254,338,2543,4000,6543
00105901,LAWSON STATE COMMUNITY COLLEGE - BESSEME,AL,35021-0308,Public       ,32,85,117,879,1620,2499
00106000,FAULKNER STATE COMMUNITY COLLEGE        ,AL,36507-2698,Public       ,81,157,238,3852,4010,7862
00526000,J.F. DRAKE STATE TECH COLLEGE           ,AL,35811-1584,Public       ,22,104,126,741,2279,3020
00569100,SHELTON STATE COMMUNITY CLG             ,AL,35405-4017,Public       ,111,159,270,4346,4108,8454
00569200,REID STATE TECHNICAL COLLEGE            ,AL,36401-0000,Public       ,8,31,39,296,715,1011
00569700,NORTHWEST- SHOALS COMMUNITY COLLEGE     ,AL,35661-0000,Public       ,154,120,274,2870,2709,5579
00569900,GEORGE C WALLACE STATE CMTY COLLEGE     ,AL,36703-0000,Public       ,56,105,161,1366,1863,3229
00573300,BEVILL STATE CMTY COLLEGE-WALKER        ,AL,35148-0000,Public       ,119,169,288,2471,3315,5786
00573400,H. COUNCILL TRENHOLM STATE TECH COLLEGE ,AL,36108-0020,Public       ,36,119,155,949,2168,3117
00573401,H. C. TRENHOLM ST TECH COL-PATTERSON CAM,AL,36116-2612,Public       ,24,62,86,582,1298,1880
00787100,GEORGE C WALLACE STATE CMTY CLG         ,AL,35077-2000,Public       ,139,139,278,3922,4351,8273
00831000,AUBURN UNIVERSITY-MONTGOMERY            ,AL,36124-0000,Public       ,122,191,313,4927,4964,9891
00898800,LURLEEN B WALLACE COMMUNITY COLLEGE     ,AL,36420-0418,Public       ,49,57,106,1195,1246,2441
01055400,CONCORDIA COLLEGE                       ,AL,36701-3323,Private      ,30,27,57,799,506,1305
01218200,CHATTAHOOCHEE VALLEY CMTY CLG           ,AL,36869-7917,Public       ,39,123,162,1277,2392,3669
01303906,SOUTH UNIVERSITY - MONTGOMERY           ,AL,36116-1120,Proprietary  ,31,158,189,457,1902,2359
02170600,UNITED STATES SPORTS ACADEMY            ,AL,36526-7055,Private      ,1,61,62,45,812,857
02199700,HERITAGE CHRISTIAN UNIVERSITY           ,AL,35630-0000,Private      ,1,3,4,31,91,122
02270400,SOUTHEASTERN BIBLE COLLEGE              ,AL,35244-2083,Private      ,4,25,29,123,317,440
02285000,PAUL MITCHELL THE SCHOOL HUNTSVILLE     ,AL,35758-0000,Proprietary  ,6,20,26,116,205,321
02296000,PRINCE INSTITUTE OF PROFESSIONAL STUDIES,AL,36117-0000,Proprietary  ,1,5,6,47,282,329
02341000,FORTIS COLLEGE                          ,AL,36609-0000,Proprietary  ,59,261,320,746,2696,3442
02503400,AMRIDGE UNIVERSITY                      ,AL,36124-0000,Private      ,5,72,77,123,1252,1375
03010600,VIRGINIA COLLEGE                        ,AL,35209-5154,Proprietary  ,497,2598,3095,4662,24278,28940
03010602,VIRGINIA COLLEGE - HUNTSVILLE           ,AL,35801-5608,Proprietary  ,12,71,83,236,1001,1237
03010607,VIRGINIA COLLEGE - MOBILE               ,AL,36608-1626,Proprietary  ,6,44,50,269,921,1190
03010616,VIRGINIA COLLEGE - MONTGOMERY           ,AL,36117-2802,Proprietary  ,12,69,81,411,1491,1902
03026516,REMINGTON COLLEGE - MOBILE              ,AL,36609-5593,Private      ,9,43,52,300,735,1035
03032500,ALABAMA STATE CLG BARBER STYLING        ,AL,35215-0000,Proprietary  ,1,7,8,112,183,295
03361400,FORTIS COLLEGE                          ,AL,36535-0000,Proprietary  ,16,70,86,154,681,835
03459300,SOUTHEASTERN SCHOOL OF COSMETOLOGY      ,AL,35228-0000,Private      ,1,36,37,40,190,230
03783300,BLUE CLIFF CAREER COLLEGE               ,AL,63306-4749,Proprietary  ,7,23,30,128,370,498
03894300,HUNTSVILLE BIBLE COLLEGE                ,AL,35811-0000,Private      ,1,14,15,27,269,296
04066300,CARDIAC AND VASCULAR INSTITUTE OF ULTRAS,AL,36604-1411,Proprietary  ,0,15,15,71,318,389
04067300,SELMA UNIVERSITY                        ,AL,36701-0000,Private      ,11,40,51,265,630,895
04121500,COLUMBIA SOUTHERN UNIVERSITY            ,AL,36561-3815,Proprietary  ,46,1442,1488,638,18668,19306
04149200,XCELL ACADEMY-A PAUL MITCHELL PARTNER SC,AL,35216-4990,Proprietary  ,12,21,33,136,283,419
04187200,NEW BEGINNING COLLEGE OF COSMETOLOGY    ,AL,35950-2415,Proprietary  ,5,17,22,99,167,266
04187300,HAIR ACADEMY (THE)                      ,AL,36111-2201,Proprietary  ,2,8,10,59,141,200
04197500,UNIVERSITY ACADEMY OF HAIR DESIGN       ,AL,35476-3100,Proprietary  ,2,7,9,50,79,129
04211000,SALON PROFESSIONAL ACADEMY (THE)        ,AL,35816-1849,Proprietary  ,3,11,14,71,168,239
04217900,NUNATION SCHOOL OF COSMETOLOGY          ,AL,35064-2222,Proprietary  ,0,7,7,6,53,59
04226700,ALABAMA COLLEGE OF OSTEOPATHIC MEDICINE ,AL,36303-2251,Private      ,3,11,14,16,375,391
00111100,ALLAN HANCOCK COLLEGE                   ,CA,93454-6399,Public       ,143,337,480,5435,6276,11711
00111300,ANTELOPE VALLEY COLLEGE                 ,CA,93536-5426,Public       ,341,865,1206,8310,13311,21621
00111600,ART CENTER COLLEGE OF DESIGN            ,CA,91103-1999,Private      ,44,32,76,2080,1658,3738
00111700,AZUSA PACIFIC UNIVERSITY                ,CA,91702-7000,Private      ,127,484,611,10587,10286,20873
00111800,BAKERSFIELD COLLEGE                     ,CA,93305-1299,Public       ,332,697,1029,12130,12733,24863
00111900,BARSTOW COMMUNITY COLLEGE               ,CA,92311-6608,Public       ,67,435,502,1637,4827,6464
00112000,AMER BAPT SEM OF THE WEST-BERKELEY      ,CA,94704-0000,Private      ,0,6,6,13,73,86
00112200,BIOLA UNIVERSITY                        ,CA,90639-0001,Private      ,67,73,140,6680,2496,9176
00112300,BROOKS INSTITUTE                        ,CA,93103-1809,Proprietary  ,11,18,29,521,369,890
00112400,CABRILLO COLLEGE                        ,CA,95003-3194,Public       ,178,352,530,5550,6054,11604
00112500,CALIFORNIA BAPTIST UNIVERSITY           ,CA,92504-3297,Private      ,106,334,440,8027,6977,15004
00112700,CALIFORNIA COLLEGE OF THE ARTS          ,CA,94107-2206,Private      ,34,32,66,2532,1863,4395
00113100,CALIFORNIA INSTITUTE OF TECHNOLOGY      ,CA,91125-0001,Private      ,38,24,62,4061,756,4817
00113200,CALIFORNIA INSTITUTE OF THE ARTS        ,CA,91355-2397,Private      ,30,26,56,2883,1711,4594
00113300,CALIFORNIA LUTHERAN UNIVERSITY          ,CA,91360-2787,Private      ,46,80,126,5401,1959,7360
00113400,CALIFORNIA MARITIME ACADEMY             ,CA,94590-8181,Public       ,12,5,17,1245,454,1699
00113700,CALIF STATE UNIV-FULLERTON              ,CA,92831-3599,Public       ,481,523,1004,52388,25519,77907
00113800,"CALIFORNIA STATE UNIVERSITY, EAST BAY   ",CA,94542-3000,Public       ,199,360,559,18414,15175,33589
00113900,CALIF STATE UNIV-LONG BEACH             ,CA,90840-0006,Public       ,565,535,1100,61628,27919,89547
00114000,CALIF STATE UNIV-LOS ANGELES            ,CA,90032-4226,Public       ,425,613,1038,39674,25457,65131
00114100,"CALIF STATE UNIV, DOMINGUEZ HILLS       ",CA,90747-0001,Public       ,196,322,518,20024,17272,37296
00114200,CALIF STATE UNIV SAN BERNARDINO         ,CA,92407-2397,Public       ,225,389,614,23006,15459,38465
00114300,CAL POLY STATE UNIVERSITY               ,CA,93407-0001,Public       ,359,109,468,42078,5270,47348
00114400,CALIF STATE POLYTECHNIC UNIV POMONA     ,CA,91768-2500,Public       ,345,279,624,38348,13156,51504
00114600,CALIF STATE UNIV - CHICO                ,CA,95929-0001,Public       ,217,139,356,25323,8044,33367
00114700,CALIF STATE UNIV - FRESNO               ,CA,93740-8026,Public       ,296,304,600,28708,14395,43103
00114900,HUMBOLDT STATE UNIVERSITY               ,CA,95521-8299,Public       ,141,97,238,14203,4890,19093
00115000,CALIF STATE UNIV-SACRAMENTO             ,CA,95819-6044,Public       ,425,530,955,35774,22155,57929
00115100,SAN DIEGO STATE UNIVERSITY              ,CA,92182-1690,Public       ,625,567,1192,61284,23824,85108
00115300,CALIF STATE UNIV-NORTHRIDGE             ,CA,91330-8307,Public       ,434,462,896,48294,25002,73296
00115400,SAN FRANCISCO STATE UNIVERSITY          ,CA,94132-1740,Public       ,382,439,821,38984,19969,58953
00115500,SAN JOSE STATE UNIVERSITY               ,CA,95192-0036,Public       ,348,358,706,36372,18783,55155
00115600,SONOMA STATE UNIVERSITY                 ,CA,94928-3609,Public       ,119,99,218,14450,4090,18540
00115700,CALIF STATE UNIV-STANISLAUS             ,CA,95382-0299,Public       ,94,147,241,10920,6855,17775
00116100,CERRITOS COLLEGE                        ,CA,90650-6296,Public       ,376,729,1105,18784,15654,34438
00116200,CHABOT COLLEGE                          ,CA,94545-2400,Public       ,195,457,652,7037,8115,15152
00116300,CHAFFEY COLLEGE                         ,CA,91737-9400,Public       ,468,753,1221,16717,17012,33729
00116400,CHAPMAN UNIVERSITY                      ,CA,92866-1099,Private      ,100,99,199,12483,3770,16253
00116453,CHAPMAN UNIVERSITY DALE E. FOWLER SCHOOL,CA,92866-0000,Private      ,0,0,0,77,1224,1301
00116500,CHURCH DIV SCH OF THE PACIFIC           ,CA,94709-0000,Private      ,0,5,5,4,75,79
00116600,CITRUS COLLEGE                          ,CA,91741-1899,Public       ,396,548,944,11411,8747,20158
00116900,CLAREMONT GRADUATE UNIVERSITY           ,CA,91711-0000,Private      ,1,44,45,39,1946,1985
00117000,CLAREMONT MCKENNA COLLEGE               ,CA,91711-6400,Private      ,27,4,31,3648,220,3868
00117100,HARVEY MUDD COLLEGE                     ,CA,91711-5990,Private      ,15,3,18,2676,118,2794
00117200,PITZER COLLEGE                          ,CA,91711-6101,Private      ,24,3,27,3009,212,3221
00117300,POMONA COLLEGE                          ,CA,91711-6301,Private      ,37,7,44,5159,306,5465
00117400,SCRIPPS COLLEGE                         ,CA,91711-3948,Private      ,13,5,18,2187,191,2378
00117600,WEST HILLS COMMUNITY COLLEGE            ,CA,93210-1399,Public       ,35,81,116,1563,1425,2988
00117700,COGSWELL POLYTECHNICAL COLLEGE          ,CA,94089-1210,Proprietary  ,14,2,16,610,276,886
00117800,COLLEGE OF MARIN                        ,CA,94904-2590,Public       ,54,155,209,1358,2390,3748
00117801,COLG OF MARIN-INDIAN VALLEY CMPS        ,CA,94949-0000,Public       ,15,43,58,405,750,1155
00117900,NOTRE DAME DE NAMUR UNIVERSITY          ,CA,94002-1997,Private      ,24,49,73,1825,1507,3332
00118100,COLLEGE OF SAN MATEO                    ,CA,94402-3784,Public       ,128,231,359,4134,3485,7619
00118200,COLLEGE OF THE DESERT                   ,CA,92260-9305,Public       ,172,342,514,6514,7071,13585
00118300,HOLY NAMES UNIVERSITY                   ,CA,94619-1699,Private      ,9,33,42,992,1170,2162
00118500,COLLEGE OF THE REDWOODS                 ,CA,95501-9300,Public       ,82,221,303,2925,4106,7031
00118600,COLLEGE OF THE SEQUOIAS                 ,CA,93277-2234,Public       ,141,350,491,7337,7968,15305
00118700,COLLEGE OF THE SISKIYOUS                ,CA,96094-2899,Public       ,21,67,88,1094,1220,2314
00118701,COLLEGE OF THE SISKIYOUS - YREKA CENTER ,CA,96097-9538,Public       ,3,19,22,157,405,562
00119000,CONTRA COSTA COLLEGE                    ,CA,94806-3195,Public       ,105,302,407,2789,4140,6929
00119100,DIABLO VALLEY COLLEGE                   ,CA,94523-1544,Public       ,319,460,779,7438,7100,14538
00119200,CUESTA COLLEGE                          ,CA,93403-8106,Public       ,163,274,437,5072,4660,9732
00119300,CYPRESS COLLEGE                         ,CA,90630-5897,Public       ,296,568,864,12638,10211,22849
00119600,DOMINICAN UNIVERSITY OF CALIFORNIA      ,CA,94901-2298,Private      ,25,41,66,2834,1353,4187
00119700,EL CAMINO COLLEGE                       ,CA,90506-0002,Public       ,456,844,1300,16952,14909,31861
00119701,COMPTON COMMUNITY COLLEGE               ,CA,90221-5393,Public       ,167,416,583,4307,6606,10913
00119900,FOOTHILL COLLEGE                        ,CA,94022-4597,Public       ,149,340,489,4617,5573,10190
00120000,FULLER THEOLOGICAL SEMINARY             ,CA,91182-0000,Private      ,2,93,95,19,2266,2285
00120100,FULLERTON COLLEGE                       ,CA,92832-2095,Public       ,421,575,996,17168,11932,29100
00120200,GAVILAN COLLEGE                         ,CA,95020-9599,Public       ,95,176,271,2404,2388,4792
00120300,GLENDALE COMMUNITY COLLEGE              ,CA,91208-2894,Public       ,429,783,1212,11094,10604,21698
00120500,GOLDEN GATE UNIVERSITY                  ,CA,94105-2967,Private      ,13,113,126,235,3158,3393
00120600,GOLDEN WEST COLLEGE                     ,CA,92647-2748,Public       ,246,445,691,10370,9096,19466
00120700,GRADUATE THEOLOGICAL UNION              ,CA,94709-0000,Private      ,0,6,6,3,276,279
00120800,GROSSMONT COLLEGE                       ,CA,92020-1799,Public       ,318,606,924,11260,12906,24166
00120900,HARTNELL COMMUNITY COLLEGE              ,CA,93901-1697,Public       ,175,242,417,4806,3826,8632
00121200,HUMPHREYS COLLEGE                       ,CA,95207-3896,Private      ,11,67,78,363,1245,1608
00121400,IMPERIAL VALLEY COLLEGE                 ,CA,92251-9787,Public       ,231,366,597,5205,4666,9871
00121500,LA SIERRA UNIVERSITY                    ,CA,92515-3332,Private      ,51,79,130,3932,1777,5709
00121600,UNIVERSITY OF LA VERNE                  ,CA,91750-4443,Private      ,79,477,556,6403,7779,14182
00121700,LASSEN COLLEGE                          ,CA,96130-3000,Public       ,10,52,62,624,751,1375
00121800,LOMA LINDA UNIVERSITY                   ,CA,92350-0001,Private      ,26,115,141,1409,6339,7748
00121900,LONG BEACH CITY COLLEGE                 ,CA,90808-1780,Public       ,645,1238,1883,20231,18360,38591
00122000,MASTER'S COLLEGE & SEMINARY (THE)       ,CA,91321-1200,Private      ,25,27,52,1401,522,1923
00122300,LOS ANGELES CITY COLLEGE                ,CA,90029-3588,Public       ,503,1364,1867,12000,19188,31188
00122400,LOS ANGELES HARBOR COLLEGE              ,CA,90744-2397,Public       ,247,436,683,5282,6307,11589
00122600,LOS ANGELES PIERCE COLLEGE              ,CA,91371-0001,Public       ,537,924,1461,14798,13897,28695
00122700,LOS ANGELES TRADE TECH COLLEGE          ,CA,90015-4181,Public       ,451,1467,1918,8499,17670,26169
00122800,LOS ANGELES VALLEY COLLEGE              ,CA,91401-4096,Public       ,454,943,1397,11113,13263,24376
00122900,SO CA UNIV  HEALTH SCIENCES             ,CA,90604-4051,Private      ,3,23,26,60,824,884
00123000,MARSHALL B. KETCHUM UNIVERSITY          ,CA,92831-1699,Private      ,1,6,7,22,574,596
00123200,AMERICAN RIVER COLLEGE                  ,CA,95841-4286,Public       ,433,1219,1652,15531,24204,39735
00123300,SACRAMENTO CITY COLLEGE                 ,CA,95822-1386,Public       ,435,934,1369,15504,19362,34866
00123600,MENLO COLLEGE                           ,CA,94027-4301,Private      ,9,6,15,1751,230,1981
00123700,MERCED COMMUNITY COLLEGE                ,CA,95348-2898,Public       ,213,314,527,7386,6768,14154
00123800,MILLS COLLEGE                           ,CA,94613-1301,Private      ,11,49,60,2005,2167,4172
00123900,MIRACOSTA COLLEGE                       ,CA,92056-3899,Public       ,196,520,716,6301,9284,15585
00124000,MODESTO JUNIOR COLLEGE                  ,CA,95350-5800,Public       ,341,746,1087,11415,13435,24850
00124200,MONTEREY PENINSULA COLLEGE              ,CA,93940-4799,Public       ,160,246,406,3651,3455,7106
00124300,MOUNT ST MARYS COLLEGE                  ,CA,90049-1599,Private      ,53,107,160,3739,2918,6657
00124500,MT. SAN ANTONIO COLLEGE                 ,CA,91789-1399,Public       ,747,1208,1955,21963,18216,40179
00124600,MT SAN JACINTO COLLEGE                  ,CA,92583-2399,Public       ,280,645,925,10238,14162,24400
00124700,NAPA VALLEY COLLEGE                     ,CA,94558-6236,Public       ,108,198,306,3362,3324,6686
00124900,OCCIDENTAL COLLEGE                      ,CA,90041-3314,Private      ,32,15,47,5207,432,5639
00125000,ORANGE COAST COLLEGE - FIN AID OFF      ,CA,92628-5005,Public       ,360,684,1044,15516,12704,28220
00125100,OTIS COLLEGE OF ART AND DESIGN          ,CA,90045-3505,Private      ,23,26,49,1913,1002,2915
00125200,HOPE INTERNATIONAL UNIVERSITY           ,CA,92631-0000,Private      ,14,45,59,862,1170,2032
00125300,FRESNO PACIFIC UNIVERSITY               ,CA,93702-4798,Private      ,38,254,292,2768,4863,7631
00125400,PACIFIC LUTHERAN THEOLOGICAL SEM        ,CA,94708-0000,Private      ,1,1,2,6,66,72
00125500,PACIFIC OAKS COLLEGE                    ,CA,91103-3606,Private      ,4,72,76,72,1687,1759
00125600,PACIFIC SCHOOL OF RELIGION              ,CA,94709-0000,Private      ,0,5,5,4,210,214
00125800,PACIFIC UNION COLLEGE                   ,CA,94508-9797,Private      ,30,26,56,2162,642,2804
00125900,PALO VERDE COLLEGE                      ,CA,92225-0000,Public       ,25,57,82,371,665,1036
00126000,PALOMAR COLLEGE                         ,CA,92069-1486,Public       ,257,667,924,11500,11991,23491
00126100,PASADENA CITY COLLEGE                   ,CA,91106-2003,Public       ,438,774,1212,21327,16845,38172
00126200,POINT LOMA NAZARENE UNIVERSITY          ,CA,92106-2899,Private      ,34,103,137,4701,1805,6506
00126600,LANEY COLLEGE                           ,CA,94607-4893,Public       ,201,696,897,4834,9824,14658
00126700,MERRITT COLLEGE                         ,CA,94619-3196,Public       ,126,476,602,2986,6645,9631
00126800,PORTERVILLE COLLEGE                     ,CA,93257-6059,Public       ,78,121,199,2651,2583,5234
00126900,RIO HONDO COLLEGE                       ,CA,90601-1699,Public       ,342,563,905,13360,10207,23567
00127000,RIVERSIDE CITY COLLEGE                  ,CA,92506-1299,Public       ,768,1247,2015,21427,21022,42449
00127200,SAN BERNARDINO VALLEY COLLEGE           ,CA,92410-2798,Public       ,252,747,999,10845,15714,26559
00127300,SAN DIEGO CITY COLLEGE                  ,CA,92101-4787,Public       ,338,903,1241,12226,18215,30441
00127500,SAN DIEGO MESA COLLEGE                  ,CA,92111-4996,Public       ,316,800,1116,13494,15837,29331
00127800,SAN FRANCISCO CONSERVATORY OF MUSIC     ,CA,94122-4498,Private      ,4,5,9,340,437,777
00127900,SAN FRANCISCO THEOLOGICAL SEMINARY      ,CA,94960-0000,Private      ,0,1,1,8,59,67
00128000,SAN JOAQUIN DELTA COLLEGE               ,CA,95207-6370,Public       ,357,778,1135,11875,13386,25261
00128100,WILLIAM JESSUP UNIVERSITY               ,CA,95765-3707,Private      ,18,50,68,1364,868,2232
00128200,SAN JOSE CITY COLLEGE                   ,CA,95128-2797,Public       ,141,436,577,5600,7628,13228
00128400,SANTA ANA COLLEGE                       ,CA,92706-3398,Public       ,340,644,984,10546,9394,19940
00128500,SANTA BARBARA CITY COLLEGE              ,CA,93109-2394,Public       ,336,374,710,11028,7099,18127
00128600,SANTA MONICA COLLEGE                    ,CA,90405-1644,Public       ,651,1023,1674,22810,15166,37976
00128700,SANTA ROSA JUNIOR COLLEGE               ,CA,95401-4395,Public       ,224,535,759,7431,8408,15839
00128800,CLAREMONT SCHOOL OF THEOLOGY            ,CA,91711-0000,Private      ,0,7,7,7,321,328
00128900,SHASTA COLLEGE                          ,CA,96049-7692,Public       ,103,325,428,4206,6043,10249
00129000,SIERRA COLLEGE                          ,CA,95677-3397,Public       ,318,597,915,10073,11594,21667
00129100,SIMPSON UNIVERSITY                      ,CA,96003-8606,Private      ,10,38,48,1348,1272,2620
00129200,SOLANO COMMUNITY COLLEGE                ,CA,94534-3197,Public       ,186,419,605,4522,6911,11433
00129300,VANGUARD UNIVERSITY OF SOUTHERN CA      ,CA,92626-6597,Private      ,26,54,80,2372,1400,3772
00129400,SOUTHWESTERN COLLEGE                    ,CA,91910-7299,Public       ,287,564,851,11439,10613,22052
00129500,SOUTHWESTERN LAW SCHOOL                 ,CA,90010-1106,Private      ,5,20,25,61,2220,2281
00129600,DOMINICAN SCH PHILOSOPHY & THEOLOGY     ,CA,94709-0000,Private      ,0,1,1,5,53,58
00129900,ST JOHN'S SEMINARY COLLEGE              ,CA,93010-0000,Private      ,0,1,1,10,9,19
00130200,SAINT MARY'S COLLEGE OF CALIFORNIA      ,CA,94556-2744,Private      ,49,82,131,5573,1819,7392
00130500,STANFORD UNIVERSITY                     ,CA,94305-6106,Private      ,228,173,401,28222,4004,32226
00130501,STANFORD UNIVERSITY - SCHOOL OF MEDICINE,CA,94305-5404,Private      ,8,8,16,227,1308,1535
00130502,STANFORD UNIVERSITY - GRADUATE SCHOOL OF,CA,94305-7298,Private      ,2,56,58,110,2193,2303
00130503,STANFORD UNIVERSITY - STANFORD LAW SCHOO,CA,94305-8610,Private      ,10,15,25,265,2556,2821
00130700,FRESNO CITY COLLEGE                     ,CA,93741-0002,Public       ,406,947,1353,18021,20159,38180
00130800,REEDLEY COLLEGE                         ,CA,93654-2099,Public       ,211,328,539,8422,6518,14940
00130900,TAFT COLLEGE                            ,CA,93268-2317,Public       ,51,112,163,2167,2070,4237
00131200,"UNIVERSITY OF CALIFORNIA, BERKELEY      ",CA,94720-1520,Public       ,545,441,986,61813,21206,83019
00131300,UNIVERSITY OF CALIFORNIA-DAVIS          ,CA,95616-8558,Public       ,448,244,692,58002,16160,74162
00131400,UNIVERSITY OF CALIFORNIA-IRVINE         ,CA,92697-2825,Public       ,496,296,792,64738,15483,80221
00131500,UNIVERSITY OF CALIFORNIA (UCLA)         ,CA,90095-9000,Public       ,773,616,1389,79243,29004,108247
00131502,UNIV OF CALIFORNIA LOS ANG SCH MED      ,CA,90095-0000,Public       ,12,6,18,379,1211,1590
00131503,UNIV OF CALIFORNIA LOS ANG DENTAL       ,CA,90095-0000,Public       ,5,5,10,133,232,365
00131600,UNIVERSITY OF CALIFORNIA-RIVERSIDE      ,CA,92521-0209,Public       ,348,274,622,43036,11118,54154
00131700,UNIVERSITY OF CALIFORNIA-SAN DIEGO      ,CA,92093-0013,Public       ,417,229,646,58355,12188,70543
00131900,UNIVERSITY OF CALIFORNIA-SFRANCISCO     ,CA,94143-0246,Public       ,58,103,161,1933,5045,6978
00132000,UNIVERSITY OF CALIFORNIA-SANTA BARB     ,CA,93106-3180,Public       ,464,120,584,56251,8150,64401
00132100,UNIVERSITY OF CALIFORNIA-SANTA CRUZ     ,CA,95064-0001,Public       ,312,119,431,39158,5894,45052
00132200,UNIVERSITY OF REDLANDS                  ,CA,92373-0999,Private      ,47,249,296,5757,4165,9922
00132500,UNIVERSITY OF SAN FRANCISCO             ,CA,94117-1080,Private      ,136,216,352,14116,8991,23107
00132600,SANTA CLARA UNIVERSITY                  ,CA,95053-4956,Private      ,95,95,190,12063,3468,15531
00132604,JESUIT SCHOOL OF THEOLOGY - BERKELEY    ,CA,94709-1193,Private      ,0,1,1,5,66,71
00132800,UNIVERSITY OF SOUTHERN CALIFORNIA       ,CA,90089-0914,Private      ,390,692,1082,47117,31541,78658
00132900,UNIVERSITY OF THE PACIFIC               ,CA,95211-0197,Private      ,98,57,155,10667,3698,14365
00132901,UNIVERSITY OF THE PACIFIC - MCGEORGE SCH,CA,95817-2799,Private      ,1,20,21,214,1466,1680
00132902,UNIV OF THE PACIFIC SCH OF DENT         ,CA,94115-0000,Private      ,2,1,3,88,661,749
00133400,VENTURA COLLEGE                         ,CA,93003-3899,Public       ,184,342,526,7186,6536,13722
00133500,VICTOR VALLEY COLLEGE                   ,CA,92395-5849,Public       ,421,886,1307,8227,12070,20297
00133800,WEST VALLEY COLLEGE                     ,CA,95070-5697,Public       ,117,213,330,3388,3238,6626
00134100,WESTMONT COLLEGE                        ,CA,93108-1099,Private      ,17,4,21,2584,212,2796
00134200,WHITTIER COLLEGE                        ,CA,90601-0000,Private      ,35,15,50,4443,695,5138
00134201,WHITTIER COLLEGE - COLLEGE OF LAW       ,CA,92626-1501,Private      ,0,5,5,23,1128,1151
00134300,WOODBURY UNIVERSITY                     ,CA,91510-7846,Private      ,17,31,48,1301,969,2270
00134400,YUBA COLLEGE                            ,CA,95901-7699,Public       ,166,368,534,4011,5724,9735
00177212,TRINITY INTERNATIONAL UNIV-CA           ,CA,92705-0000,Private      ,0,9,9,9,339,348
00188100,ASHFORD UNIVERSITY                      ,CA,92123-1406,Proprietary  ,231,8718,8949,2283,97856,100139
00274100,AMERICAN JEWISH UNIVERSITY              ,CA,90077-1599,Private      ,2,3,5,92,150,242
00301002,ANTIOCH UNIV/LOS ANGELES                ,CA,90230-7615,Private      ,6,63,69,70,1216,1286
00301003,ANTIOCH  UNIV/SANTA BARBARA             ,CA,93101-0000,Private      ,15,16,31,809,701,1510
00369110,MIDDLEBURY COLLEGE - MONTEREY INSTITUTE ,CA,93940-2691,Private      ,1,22,23,47,884,931
00394700,UC-HASTINGS COLLEGE OF THE LAW          ,CA,94102-0000,Public       ,1,12,13,36,2589,2625
00394800,SAN FRANCISCO ART INSTITUTE             ,CA,94133-2299,Private      ,38,42,80,2040,1373,3413
00408000,STARR KING SCHOOL FOR THE MINISTRY      ,CA,94709-1299,Private      ,0,1,1,4,108,112
00448000,DE ANZA COLLEGE                         ,CA,95014-5793,Public       ,344,551,895,11195,8675,19870
00448100,OHLONE COLLEGE                          ,CA,94539-5847,Public       ,135,236,371,4233,3848,8081
00448400,JOHN F. KENNEDY UNIVERSITY              ,CA,94523-4817,Private      ,3,98,101,69,1564,1633
00449400,EVEREST COLLEGE                         ,CA,92408-3752,Proprietary  ,40,154,194,589,1232,1821
00449401,EVEREST COLLEGE - SANTA ANA             ,CA,92701-4559,Proprietary  ,22,38,60,361,591,952
00449402,EVEREST COLLEGE - ONTARIO               ,CA,91761-8525,Proprietary  ,16,49,65,507,1212,1719
00450200,CITY COLLEGE OF SAN FRANCISCO           ,CA,94112-0000,Public       ,250,981,1231,9105,15124,24229
00563800,DOWNEY ADULT SCHOOL                     ,CA,90241-5610,Public       ,21,109,130,333,969,1302
00565500,HACIENDA LA PUENTE ADULT EDUC CTR       ,CA,91746-0000,Public       ,9,57,66,257,799,1056
00616500,LA CNTY CLG OF NURSING & ALLD HLTH      ,CA,90033-1018,Public       ,2,22,24,225,749,974
00672000,COLLEGE OF ALAMEDA                      ,CA,94501-2109,Public       ,144,312,456,3189,4706,7895
00673100,CASA LOMA COLLEGE                       ,CA,91405-4523,Private      ,18,65,83,248,678,926
00697300,CANADA COLLEGE                          ,CA,94061-1099,Public       ,66,149,215,1653,2424,4077
00697500,LINCOLN UNIVERSITY                      ,CA,94612-2801,Private      ,1,10,11,47,188,235
00701200,SAMUEL MERRITT COLLEGE                  ,CA,94609-3108,Private      ,8,120,128,457,2961,3418
00704700,LOS ANGELES SOUTHWEST COLLEGE           ,CA,90047-4810,Public       ,189,704,893,4146,9212,13358
00705000,BELLUS ACADEMY                          ,CA,91950-3616,Proprietary  ,12,25,37,172,265,437
00711500,MOORPARK COLLEGE                        ,CA,93021-1695,Public       ,192,266,458,7099,5350,12449
00713000,NEWBERRY SCHOOLS OF BEAUTY              ,CA,91344-7404,Proprietary  ,11,20,31,92,143,235
00714200,LYLE'S COLLEGE OF BEAUTY                ,CA,93710-3948,Proprietary  ,4,18,22,130,189,319
00716400,BRYAN COLLEGE                           ,CA,90057-0000,Proprietary  ,36,502,538,286,2594,2880
00718700,NORTH ADRIAN'S COLLEGE OF BEAUTY        ,CA,95350-2381,Proprietary  ,8,43,51,133,321,454
00719000,WYOTECH                                 ,CA,94539-7663,Proprietary  ,22,73,95,538,1018,1556
00720300,SALON SUCCESS ACADEMY                   ,CA,91786-4060,Proprietary  ,12,23,35,105,178,283
00720400,MODERN BEAUTY ACADEMY                   ,CA,93030-7016,Proprietary  ,3,4,7,63,81,144
00720900,REDONDO BEACH BEAUTY COLLEGE            ,CA,90278-3111,Proprietary  ,2,8,10,13,44,57
00723400,HEALD COLLEGE                           ,CA,94105-2206,Proprietary  ,19,99,118,505,1351,1856
00723404,HEALD COLLEGE - CONCORD                 ,CA,94520-0000,Proprietary  ,38,107,145,764,1856,2620
00723405,HEALD COLLEGE - MILPITAS                ,CA,95035-8008,Proprietary  ,40,131,171,708,1906,2614
00723406,HEALD COLLEGE - HAYWARD                 ,CA,94545-2352,Proprietary  ,28,93,121,732,1658,2390
00723407,HEALD COLLEGE - MODESTO                 ,CA,95368-9095,Proprietary  ,34,93,127,715,1269,1984
00723408,HEALD COLLEGE - ROSEVILLE               ,CA,95678-5303,Proprietary  ,20,92,112,585,1675,2260
00723409,HEALD COLLEGE - SALINAS                 ,CA,93906-5100,Proprietary  ,22,53,75,577,1104,1681
00723410,HEALD COLLEGE - STOCKTON                ,CA,95210-5667,Proprietary  ,19,102,121,915,1799,2714
00723411,HEALD COLLEGE - RANCHO CORDOVA          ,CA,95670-6005,Proprietary  ,18,76,94,465,1444,1909
00723412,HEALD COLLEGE - FRESNO                  ,CA,93704-1706,Proprietary  ,30,144,174,1178,2277,3455
00725300,FEDERICO BEAUTY INSTITUTE               ,CA,95834-1905,Proprietary  ,22,70,92,319,592,911
00729600,COLEMAN COLLEGE                         ,CA,92123-0000,Private      ,17,67,84,270,882,1152
00732909,ITT TECHNICAL INSTITUTE                 ,CA,92868-3506,Proprietary  ,76,293,369,705,2785,3490
00732971,ITT TECHNICAL INSTITUTE                 ,CA,95670-6047,Proprietary  ,49,244,293,558,2233,2791
00732976,ITT TECHNICAL INSTITUTE                 ,CA,92408-3519,Proprietary  ,84,368,452,1068,3103,4171
00732981,ITT TECHNICAL INSTITUTE                 ,CA,92123-2662,Proprietary  ,53,318,371,796,3298,4094
00732985,ITT TECHNICAL INSTITUTE                 ,CA,91773-2933,Proprietary  ,38,169,207,518,1865,2383
00732989,ITT TECHNICAL INSTITUTE                 ,CA,90502-1356,Proprietary  ,53,301,354,517,2254,2771
00732994,ITT TECHNICAL INSTITUTE                 ,CA,91342-3664,Proprietary  ,69,248,317,503,1936,2439
00746901,HUSSIAN SCHOOL OF ART-RELATIVITY CAMPUS ,CA,90017-2019,Proprietary  ,2,1,3,3,5,8
00747600,MARINELLO SCHOOLS OF BEAUTY             ,CA,90023-2666,Proprietary  ,22,76,98,393,677,1070
00747602,MARINELLO SCHOOLS OF BEAUTY - SPA ACADEM,CA,90048-5101,Proprietary  ,9,24,33,130,266,396
00747603,MARINELLO SCHOOLS OF BEAUTY - INGLEWOOD ,CA,90301-2306,Proprietary  ,10,20,30,156,253,409
00747604,MARINELLO SCHOOLS OF BEAUTY - RESEDA    ,CA,91335-4218,Proprietary  ,2,7,9,43,65,108
00747606,MARINELLO SCHOOLS OF BEAUTY - WEST COVIN,CA,91790-2805,Proprietary  ,13,21,34,126,182,308
00747607,MARINELLO SCHOOLS OF BEAUTY - SAN BERNAR,CA,92410-3261,Proprietary  ,10,66,76,145,286,431
00747608,MARINELLO SCHOOLS OF BEAUTY - ONTARIO   ,CA,91762-2113,Proprietary  ,16,37,53,212,324,536
00747609,MARINELLO SCHOOLS OF BEAUTY - WHITTIER  ,CA,90601-4107,Proprietary  ,6,19,25,120,170,290
00747610,MARINELLO SCHOOLS OF BEAUTY - LOMITA    ,CA,90717-1460,Proprietary  ,5,17,22,70,149,219
00747611,MARINELLO SCHOOLS OF BEAUTY - SAN DIEGO ,CA,92126-4217,Proprietary  ,7,46,53,218,504,722
00747612,MARINELLO SCHOOLS OF BEAUTY - EL CAJON  ,CA,92020-2503,Proprietary  ,14,40,54,128,272,400
00747613,MARINELLO SCHOOLS OF BEAUTY - VICTORVILL,CA,92392-5496,Proprietary  ,16,51,67,175,383,558
00747614,MARINELLO SCHOOLS OF BEAUTY - ANAHEIM   ,CA,92801-4622,Proprietary  ,11,17,28,190,229,419
00747615,MARINELLO SCHOOLS OF BEAUTY - SIMI VALLE,CA,93065-2801,Proprietary  ,0,4,4,64,102,166
00753100,ACADEMY OF ART UNIVERSITY               ,CA,94105-3410,Proprietary  ,195,477,672,7524,11703,19227
00753600,COSUMNES RIVER COLLEGE                  ,CA,95823-5799,Public       ,277,595,872,10051,12118,22169
00754802,WESTWOOD COLLEGE OF TECHNOLOGY          ,CA,92801-0000,Proprietary  ,25,42,67,633,703,1336
00754803,WESTWOOD COLLEGE OF TECHNOLOGY          ,CA,91786-0000,Proprietary  ,34,72,106,751,932,1683
00760600,EVEREST COLLEGE                         ,CA,90010-2221,Proprietary  ,0,0,0,251,380,631
00760700,CONCORDE CAREER INSTITUTE               ,CA,91606-3134,Proprietary  ,41,66,107,431,843,1274
00770700,COLUMBIA COLLEGE                        ,CA,95370-8580,Public       ,53,114,167,1445,1619,3064
00771300,SKYLINE COLLEGE                         ,CA,94066-1698,Public       ,155,252,407,4393,4375,8768
00793000,CONCORDE CAREER INSTITUTE               ,CA,92108-0000,Proprietary  ,29,125,154,386,1369,1755
00799300,CALIF STATE UNIV BAKERSFIELD            ,CA,93311-1022,Public       ,159,294,453,11776,7862,19638
00807100,CONCORDE CAREER INSTITUTE               ,CA,92840-9201,Proprietary  ,38,82,120,401,978,1379
00807300,BUTTE COMMUNITY COLLEGE                 ,CA,95965-0000,Public       ,185,442,627,8025,9121,17146
00809000,EVEREST COLLEGE                         ,CA,91803-1310,Proprietary  ,22,59,81,274,611,885
00853700,CONCORDE CAREER INSTITUTE               ,CA,92401-0000,Proprietary  ,40,99,139,479,1225,1704
00859600,WEST LOS ANGELES COLLEGE                ,CA,90230-3500,Public       ,234,693,927,5935,9920,15855
00859700,FEATHER RIVER COLLEGE                   ,CA,95971-9124,Public       ,19,31,50,815,567,1382
00884400,CALIFORNIA CHRISTIAN COLLEGE            ,CA,93703-3599,Private      ,6,10,16,104,191,295
00884600,WRIGHT INSTITUTE                        ,CA,94704-0000,Private      ,0,7,7,5,502,507
00890300,COLLEGE OF THE CANYONS                  ,CA,91355-1899,Public       ,413,602,1015,9748,7592,17340
00891800,SADDLEBACK COLLEGE                      ,CA,92692-3699,Public       ,220,469,689,7064,8271,15335
00902200,ASSOCIATED TECHNICAL COLLEGE            ,CA,90017-0000,Proprietary  ,19,97,116,211,624,835
00903200,EMPIRE COLLEGE                          ,CA,95403-2122,Proprietary  ,16,56,72,216,598,814
00915706,WYOTECH - WEST SACRAMENTO CAMPUS        ,CA,95605-1507,Proprietary  ,0,0,0,16,23,39
00927200,CRAFTON HILLS COLLEGE                   ,CA,92399-1799,Public       ,120,203,323,4663,4778,9441
00950900,SKILLS & BUSINESS EDUCATION CENTER      ,CA,95824-1529,Public       ,23,113,136,337,1122,1459
00974800,CARRINGTON COLLEGE                      ,CA,95826-3203,Proprietary  ,119,289,408,1387,3114,4501
00974801,CARRINGTON COLLEGE  - SAN LEANDRO CAMPUS,CA,94578-3711,Proprietary  ,30,60,90,362,717,1079
00974802,CARRINGTON COLLEGE  - PLEASANT HILL CAMP,CA,94523-1984,Proprietary  ,35,72,107,430,919,1349
00974803,CARRINGTON COLLEGE  - STOCKTON          ,CA,95207-5509,Proprietary  ,52,83,135,591,849,1440
00974804,CARRINGTON COLLEGE  - CITRUS HEIGHTS    ,CA,95621-5577,Proprietary  ,41,90,131,362,831,1193
00974807,CARRINGTON COLLEGE  - SAN JOSE          ,CA,95119-1325,Proprietary  ,73,108,181,792,1359,2151
00998900,SANTA BARBARA BUSINESS COLLEGE          ,CA,93111-0000,Proprietary  ,14,52,66,364,677,1041
01011100,CERRO-COSO COMMUNITY COLLEGE            ,CA,93555-9571,Public       ,32,171,203,960,2804,3764
01014900,PEPPERDINE UNIVERSITY                   ,CA,90263-0000,Private      ,97,212,309,8993,6584,15577
01034000,LOS MEDANOS COLLEGE                     ,CA,94565-5197,Public       ,207,382,589,4033,5090,9123
01036500,CHARLES R DREW UNIV OF MED & SCI        ,CA,90059-0000,Private      ,1,33,34,128,1067,1195
01039500,UNIVERSITY OF SAN DIEGO                 ,CA,92110-2492,Private      ,199,226,425,18656,6890,25546
01039501,UNIVERSITY OF SAN DIEGO - SCHOOL OF LAW ,CA,92110-2492,Private      ,6,23,29,268,2320,2588
01044100,PARDEE RAND GRADUATE SCHOOL             ,CA,90407-2138,Private      ,0,2,2,4,28,32
01047400,MARYMOUNT COLLEGE OF PALOS VERDES       ,CA,90275-0000,Private      ,13,11,24,1150,267,1417
01085400,THOMAS JEFFERSON SCHOOL OF LAW          ,CA,92110-0000,Private      ,1,23,24,40,1636,1676
01102400,EVEREST COLLEGE                         ,CA,94103-2091,Proprietary  ,0,0,0,104,191,295
01110700,EVEREST  COLLEGE                        ,CA,92801-5231,Proprietary  ,17,75,92,377,726,1103
01110900,EVEREST COLLEGE                         ,CA,91335-4631,Proprietary  ,29,90,119,363,746,1109
01111200,FIDM-FASHION INSTITUTE OF DESIGN        ,CA,90015-1421,Proprietary  ,102,112,214,5316,2396,7712
01111700,ALLIANT INTERNATIONAL UNIVERSITY        ,CA,92131-1799,Private      ,4,83,87,217,2130,2347
01111705,ALLIANT INTERNATIONAL UNIVERSITY - LOS A,CA,91803-1360,Private      ,1,10,11,19,710,729
01111706,ALLIANT INTERNATIONAL UNIVERSITY - SAN F,CA,94133-1221,Private      ,0,17,17,41,840,881
01111707,ALLIANT INTERNATIONAL UNIVERSITY - FRESN,CA,93727-2014,Private      ,3,13,16,78,581,659
01112100,EVEREST COLLEGE                         ,CA,94541-4007,Proprietary  ,0,0,0,87,156,243
01112300,EVEREST COLLEGE                         ,CA,90247-4163,Proprietary  ,27,96,123,203,719,922
01146000,NATIONAL UNIVERSITY                     ,CA,92037-1011,Private      ,64,2214,2278,1063,21958,23021
01162600,PRACTICAL SCHOOLS                       ,CA,92805-0000,Proprietary  ,21,56,77,292,567,859
01164900,LOYOLA MARYMOUNT UNIVERSITY             ,CA,90045-0000,Private      ,126,87,213,13096,3916,17012
01164901,LMU  - LOYOLA LAW SCHOOL                ,CA,90015-0019,Private      ,4,28,32,191,2700,2891
01167200,MENDOCINO COLLEGE                       ,CA,95482-3000,Public       ,58,227,285,1474,2355,3829
01170700,NORTH-WEST COLLEGE                      ,CA,91790-2097,Proprietary  ,16,73,89,327,640,967
01179200,FRANCISCAN SCHOOL OF THEOLOGY           ,CA,94709-0000,Private      ,0,2,2,5,34,39
01182000,SAN DIEGO MIRAMAR COLLEGE               ,CA,92126-0000,Public       ,143,528,671,6345,9762,16107
01186500,CALIFORNIA HAIR DESIGN ACADEMY          ,CA,92115-0000,Proprietary  ,15,32,47,189,308,497
01186600,LU ROSS ACADEMY                         ,CA,93001-2927,Proprietary  ,19,50,69,200,399,599
01202600,BELLUS ACADEMY                          ,CA,92021-6247,Proprietary  ,13,32,45,152,268,420
01203100,SAN DIEGO CHRISTIAN COLLEGE             ,CA,92019-1157,Private      ,14,47,61,910,818,1728
01206100,EVEREST COLLEGE                         ,CA,95128-3908,Proprietary  ,0,0,0,191,328,519
01215400,CALIFORNIA INSTITUTE OF INTEGRAL STUDIES,CA,94103-2557,Private      ,3,22,25,56,1582,1638
01231600,MANCHESTER BEAUTY COLLEGE               ,CA,93726-5306,Proprietary  ,2,7,9,105,166,271
01231700,TULARE BEAUTY COLLEGE                   ,CA,93274-3432,Proprietary  ,1,8,9,38,66,104
01244600,UNIVERSAL COLLEGE OF BEAUTY             ,CA,90044-0044,Proprietary  ,4,10,14,81,146,227
01245200,EVERGREEN VALLEY COLLEGE                ,CA,95135-1598,Public       ,173,324,497,5556,6295,11851
01255000,LOS ANGELES MISSION COLLEGE             ,CA,91342-3200,Public       ,264,514,778,6538,6913,13451
01265000,MARINELLO SCHOOL OF BEAUTY              ,CA,91502-2828,Proprietary  ,26,63,89,230,441,671
01265001,MARINELLO SCHOOL OF BEAUTY - PALMDALE   ,CA,93550-4686,Proprietary  ,4,6,10,73,124,197
01284200,OXNARD COLLEGE                          ,CA,93030-0000,Public       ,112,251,363,4036,4578,8614
01287200,NORTH-WEST COLLEGE                      ,CA,91768-3199,Proprietary  ,53,132,185,503,1022,1525
01287300,WYOTECH                                 ,CA,90810-3800,Proprietary  ,71,185,256,853,1658,2511
01287301,WYOTECH - EVEREST  COLLEGE              ,CA,90034-3158,Proprietary  ,8,46,54,232,506,738
01287302,WYOTECH - EVEREST  COLLEGE              ,CA,91746-3412,Proprietary  ,42,72,114,421,807,1228
01290700,LAKE TAHOE COMMUNITY COLLEGE            ,CA,96150-4524,Public       ,34,100,134,780,1200,1980
01291200,MTI COLLEGE                             ,CA,95841-0000,Proprietary  ,49,178,227,588,1769,2357
01294200,ROSEMEAD BEAUTY SCHOOL                  ,CA,91770-1639,Proprietary  ,7,52,59,36,321,357
01298400,PROFESSIONAL INSTITUTE OF BEAUTY        ,CA,91731-2613,Proprietary  ,5,18,23,38,123,161
01298500,HAIR CALIFORNIA BEAUTY ACADEMY          ,CA,92867-7127,Proprietary  ,2,7,9,19,53,72
01298900,OCEANSIDE COLLEGE OF BEAUTY             ,CA,92054-5393,Proprietary  ,4,15,19,111,203,314
01301000,LANCASTER BEAUTY SCHOOL                 ,CA,93534-3098,Proprietary  ,16,23,39,154,288,442
01307400,AMERICAN BEAUTY COLLEGE                 ,CA,91790-2906,Proprietary  ,6,18,24,64,119,183
01309500,SALON SUCCESS ACADEMY                   ,CA,92879-0000,Proprietary  ,22,37,59,201,305,506
01310300,CALIFORNIA WESTERN SCHOOL OF LAW        ,CA,92101-0000,Private      ,7,26,33,123,1713,1836
01324000,LYTLE'S REDWOOD EMPIRE BEAUTY CLG       ,CA,95403-0000,Proprietary  ,19,18,37,183,244,427
02054900,MARINELLO SCHOOL OF BEAUTY              ,CA,92630-0000,Proprietary  ,15,42,57,133,285,418
02054902,MARINELLO SCHOOL OF BEAUTY - BAKERSFIELD,CA,93309-5001,Proprietary  ,19,44,63,384,495,879
02054903,MARINELLO SCHOOL OF BEAUTY - VISALIA    ,CA,93277-6228,Proprietary  ,4,9,13,116,148,264
02059800,PARIS BEAUTY COLLEGE                    ,CA,94520-2611,Proprietary  ,8,19,27,63,187,250
02061600,WAYNES COLLEGE OF BEAUTY                ,CA,93906-2830,Proprietary  ,8,11,19,73,106,179
02063500,COASTLINE COMMUNITY COLLEGE             ,CA,92708-0000,Public       ,74,737,811,2676,9482,12158
02064300,SIERRA COLLEGE OF BEAUTY                ,CA,95340-0000,Proprietary  ,10,17,27,103,157,260
02065700,CALIFORNIA BEAUTY COLLEGE               ,CA,95354-0000,Proprietary  ,4,18,22,157,237,394
02070500,CONCORDIA UNIVERSITY                    ,CA,92612-0000,Private      ,31,334,365,3358,3725,7083
02075800,SOUTHERN CA INST OF ARCHITECTURE        ,CA,90013-0000,Private      ,7,5,12,246,505,751
02086400,MARINELLO SCHOOL OF BEAUTY              ,CA,95050-0000,Proprietary  ,10,27,37,110,205,315
02086401,MARINELLO SCHOOL OF BEAUTY - SEASIDE    ,CA,93955-3615,Proprietary  ,17,30,47,99,218,317
02086402,MARINELLO SCHOOL OF BEAUTY - SAN MATEO  ,CA,94401-3801,Proprietary  ,5,17,22,73,138,211
02086403,MARINELLO SCHOOL OF BEAUTY - HAYWARD    ,CA,94541-5111,Proprietary  ,7,26,33,106,249,355
02086404,MARINELLO SCHOOL OF BEAUTY - CASTRO VALL,CA,94546-5506,Proprietary  ,5,18,23,53,88,141
02091200,ELEGANCE INTERNATIONAL                  ,CA,90028-0000,Proprietary  ,29,45,74,258,310,568
02091700,KAPLAN COLLEGE                          ,CA,92123-1509,Proprietary  ,53,182,235,807,2562,3369
02091702,KAPLAN COLLEGE - CHULA VISTA            ,CA,91910-5342,Proprietary  ,10,45,55,273,519,792
02096100,FIELDING GRADUATE UNIVERSITY            ,CA,93105-0000,Private      ,0,78,78,3,1114,1117
02099200,AMERICAN CONSERVATORY THEATER           ,CA,94108-0000,Private      ,6,9,15,104,280,384
02110200,COLUMBIA COLLEGE                        ,CA,91356-0000,Private      ,9,24,33,448,206,654
02110800,CALIFORNIA COLLEGE SAN DIEGO            ,CA,92108-3821,Proprietary  ,86,294,380,2422,3529,5951
02111300,CUYAMACA COLLEGE                        ,CA,92019-0000,Public       ,132,353,485,5162,7674,12836
02119100,MISSION COLLEGE                         ,CA,95054-1897,Public       ,108,292,400,3693,5286,8979
02120600,SAYBROOK GRADUATE SCHOOL                ,CA,94111-1920,Private      ,0,12,12,2,698,700
02120601,SAYBROOK UNIVERSITY -  WESTIN HOTEL     ,CA,94030-3120,Private      ,0,1,1,0,11,11
02120700,SAN JOAQUIN VALLEY COLLEGE              ,CA,93291-0000,Proprietary  ,289,790,1079,2794,6219,9013
02125000,CAREER ACADEMY OF BEAUTY                ,CA,92845-0000,Proprietary  ,12,31,43,88,225,313
02128200,"VICTOR VALLEY BEAUTY COLLEGE, INC       ",CA,92392-0000,Proprietary  ,14,31,45,180,258,438
02128300,INSTITUTE FOR BUSINESS & TECHNOLOGY     ,CA,95050-0000,Proprietary  ,29,109,138,192,658,850
02128301,INSTITUTE FOR BUSINESS & TECHNOLOGY - NA,CA,95670-6351,Proprietary  ,14,79,93,92,378,470
02138300,PALO ALTO UNIVERSITY                    ,CA,94304-1337,Private      ,3,15,18,86,1159,1245
02161800,MUSICIANS INSTITUTE                     ,CA,90028-6157,Proprietary  ,60,81,141,1234,1112,2346
02167800,ESTES INSTITUTE OF COSMETOLOGY          ,CA,93291-0000,Proprietary  ,5,10,15,111,122,233
02178700,CITRUS HEIGHTS BEAUTY COLLEGE           ,CA,95610-1410,Proprietary  ,7,18,25,142,153,295
02179937,WESTERN STATE COLLEGE OF LAW            ,CA,92831-3014,Proprietary  ,2,4,6,38,818,856
02179938,"ART INSTITUTE OF CALIFORNIA, HOLLYWOOD  ",CA,91601-3112,Proprietary  ,60,72,132,2635,1927,4562
02179941,"ART INSTITUTE OF CALIFORNIA, LOS ANGELES",CA,90405-3035,Proprietary  ,67,82,149,3435,2267,5702
02179947,"ART INSTITUTE OF CALIFORNIA, SAN DIEGO  ",CA,92108-4423,Proprietary  ,77,179,256,2837,2951,5788
02185800,MOLER BARBER COLLEGE                    ,CA,94611-0000,Proprietary  ,10,48,58,85,260,345
02188400,SIERRA VALLEY COLLEGE OF COURT REPORTING,CA,93726-0000,Proprietary  ,0,14,14,86,208,294
02208600,MADERA BEAUTY COLLEGE                   ,CA,93637-3519,Proprietary  ,2,12,14,55,87,142
02211000,SALON SUCCESS ACADEMY                   ,CA,92405-0000,Proprietary  ,1,14,15,92,156,248
02220000,COLLEEN O'HARA BEAUTY ACADEMY           ,CA,92701-0000,Proprietary  ,7,13,20,72,89,161
02220200,CALIFORNIA CULINARY ACADEMY             ,CA,94102-3336,Proprietary  ,11,73,84,492,643,1135
02221300,MARINELLO SCHOOL OF BEAUTY              ,CA,92553-0000,Proprietary  ,10,29,39,192,313,505
02221303,MARINELLO SCHOOL OF BEAUTY - SAN RAFAEL ,CA,94901-3224,Proprietary  ,4,15,19,40,121,161
02222000,AMERICAN FILM INSTITUTE                 ,CA,90027-0000,Private      ,23,35,58,532,1077,1609
02226000,EAST LOS ANGELES COLLEGE                ,CA,91754-0000,Public       ,648,1153,1801,17513,16232,33745
02228500,LIFE CHIROPRACTIC COLLEGE WEST          ,CA,94545-0000,Private      ,0,16,16,36,615,651
02230900,FREDRICK & CHARLES BEAUTY COLLEGE       ,CA,95501-0000,Proprietary  ,4,13,17,90,148,238
02231900,GEMOLOGICAL INSTITUTE OF AMERICA        ,CA,92008-4698,Private      ,6,37,43,84,453,537
02236400,"THANH LE COLG, SCH OF COSMETOLOGY       ",CA,92840-0000,Proprietary  ,2,4,6,16,54,70
02237200,PHILLIPS GRADUATE INSTITUTE             ,CA,91316-0000,Private      ,0,9,9,10,287,297
02241800,AMERICAN CAREER COLLEGE                 ,CA,90004-0000,Proprietary  ,229,552,781,2072,4357,6429
02242700,BERKELEY CITY COLLEGE                   ,CA,94704-0000,Public       ,168,351,519,4560,5818,10378
02255400,INTERNATIONAL SCHOOL OF COSMETOLOGY     ,CA,90250-0000,Proprietary  ,30,36,66,210,261,471
02258600,ALAMEDA BEAUTY COLLEGE                  ,CA,94501-0000,Proprietary  ,8,25,33,160,313,473
02262400,YESHIVA OHR ELCHONON CHABAD             ,CA,90046-0000,Private      ,13,0,13,119,2,121
02263101,ANTHEM COLLEGE - SACRAMENTO             ,CA,95827-3378,Proprietary  ,0,0,0,91,382,473
02267600,INSTITUTE OF TRANSPERSONAL PSYCHLGY     ,CA,94303-4624,Proprietary  ,0,9,9,12,401,413
02270600,LIFE PACIFIC COLLEGE                    ,CA,91773-0000,Private      ,8,14,22,490,303,793
02276800,WESTMINSTER SEMINARY CALIFORNIA         ,CA,92027-0000,Private      ,0,5,5,9,164,173
02277400,SOUTH COAST COLLEGE                     ,CA,92868-2616,Proprietary  ,13,28,41,228,511,739
02282300,ALHAMBRA BEAUTY COLLEGE                 ,CA,91802-0000,Proprietary  ,2,9,11,40,105,145
02285100,HILLTOP BEAUTY SCHOOL                   ,CA,94014-0000,Proprietary  ,1,32,33,25,108,133
02298000,DESIGN INSTITUTE OF SAN DIEGO           ,CA,92121-0000,Proprietary  ,6,16,22,231,338,569
02304300,"PLATT COLLEGE, SAN DIEGO                ",CA,92115-0000,Proprietary  ,15,21,36,239,402,641
02306300,KAPLAN COLLEGE                          ,CA,95368-0000,Proprietary  ,27,72,99,296,665,961
02306302,KAPLAN COLLEGE - FRESNO                 ,CA,93612-3802,Proprietary  ,20,58,78,191,416,607
02309500,CLOVIS ADULT EDUC                       ,CA,93611-0000,Public       ,9,49,58,122,519,641
02327601,ART INSTITUTE OF CALIFORNIA - SAN DIEGO ,CA,92408-2800,Proprietary  ,0,0,0,0,1,1
02330500,LAGUNA COLLEGE OF ART AND DESIGN        ,CA,92651-0000,Private      ,9,3,12,822,349,1171
02332800,CENTER FOR EMPLOYMENT TRAINING          ,CA,95110-0000,Private      ,109,479,588,701,2710,3411
02338500,GLENDALE CAREER COLLEGE                 ,CA,91203-1207,Proprietary  ,32,88,120,321,750,1071
02338700,MARINELLO SCHOOL OF BEAUTY              ,CA,94103-1600,Proprietary  ,16,32,48,134,233,367
02338701,MARINELLO SCHOOL OF BEAUTY - CHICO      ,CA,95928-7184,Proprietary  ,7,21,28,134,250,384
02338702,MARINELLO SCHOOL OF BEAUTY - REDDING    ,CA,96001-1023,Proprietary  ,9,21,30,87,257,344
02338703,MARINELLO SCHOOL OF BEAUTY - FRESNO     ,CA,93711-3246,Proprietary  ,17,36,53,231,337,568
02342400,ACADEMY OF RADIO BROADCASTING           ,CA,92647-3809,Proprietary  ,4,33,37,83,265,348
02343400,BELLUS ACADEMY                          ,CA,92064-4633,Proprietary  ,34,82,116,300,602,902
02351900,KAPLAN COLLEGE                          ,CA,95660-5512,Proprietary  ,26,133,159,571,1710,2281
02351901,KAPLAN COLLEGE - BAKERSFIELD            ,CA,93304-0000,Proprietary  ,42,93,135,660,1004,1664
02358000,THOMAS AQUINAS COLLEGE                  ,CA,93060-9622,Private      ,1,1,2,413,37,450
02359300,SHASTA BIBLE COLLEGE                    ,CA,96002-0000,Private      ,2,6,8,61,105,166
02482700,WESTERN UNIVERSITY OF HEALTH S          ,CA,91766-1854,Private      ,7,50,57,197,5677,5874
02494800,LOLA BEAUTY COLLEGE                     ,CA,92641-0000,Proprietary  ,6,7,13,29,62,91
02497300,TRINITY COLLEGE                         ,CA,93277-8109,Proprietary  ,30,123,153,240,699,939
02500000,SAN JOAQUIN COLLEGE OF LAW              ,CA,93612-0000,Private      ,1,12,13,30,293,323
02518400,THE NATIONAL HISPANIC UNIVERSITY        ,CA,95127-0000,Proprietary  ,5,15,20,253,573,826
02519800,AVANCE BEAUTY COLLEGE                   ,CA,92154-0000,Proprietary  ,7,15,22,121,198,319
02520200,CALIFORNIA CAREER SCHOOLS               ,CA,92805-0000,Proprietary  ,5,25,30,77,268,345
02520300,INTERIOR DESIGNERS INSTITUTE            ,CA,92660-0000,Proprietary  ,3,11,14,56,195,251
02520400,ADRIAN'S BEAUTY COLLEGE OF TURLOCK      ,CA,95382-0000,Proprietary  ,11,22,33,135,157,292
02531801,PAUL MITCHELL THE SCHOOL-COSTA MESA     ,CA,92626-3804,Proprietary  ,9,37,46,215,304,519
02531804,PAUL MITCHELL THE SCHOOL - SAN DIEGO    ,CA,92101-0000,Proprietary  ,12,41,53,359,486,845
02537200,PALOMAR INSTITUTE OF COSMETOLOGY        ,CA,92069-0000,Proprietary  ,11,35,46,223,359,582
02539100,KAPLAN COLLEGE                          ,CA,91606-3231,Proprietary  ,42,95,137,484,1112,1596
02539102,KAPLAN COLLEGE -  RIVERSIDE             ,CA,92507-4223,Proprietary  ,20,90,110,381,979,1360
02539500,IRVINE VALLEY COLLEGE                   ,CA,92620-0000,Public       ,195,313,508,7695,5915,13610
02542300,NATIONAL HOLISTIC INSTITUTE             ,CA,94608-0000,Proprietary  ,29,146,175,261,1172,1433
02543400,BROWNSON TECHNICAL SCHOOL               ,CA,92805-0000,Proprietary  ,4,38,42,62,217,279
02545900,HYPNOSIS MOTIVATION INSTITUTE           ,CA,91356-0000,Private      ,3,31,34,7,158,165
02546400,MTI BUSINESS COLLEGE INC                ,CA,95207-0000,Proprietary  ,6,31,37,78,274,352
02549000,KAPLAN COLLEGE                          ,CA,92083-7736,Proprietary  ,49,124,173,447,1206,1653
02549005,KAPLAN COLLEGE -  PALM SPRINGS          ,CA,92262-7011,Proprietary  ,34,54,88,320,559,879
02553500,ASSOCIATED TECHNICAL COLLEGE            ,CA,92101-0000,Proprietary  ,11,69,80,151,499,650
02553600,DIVERSIFIED LANGUAGE INSTITUTE          ,CA,90017-0000,Proprietary  ,15,164,179,95,882,977
02559300,UNITED EDUCATION INSTITUTE              ,CA,90020-0000,Proprietary  ,241,682,923,1482,3592,5074
02559400,INTERCOAST COLLEGES                     ,CA,92868-1656,Proprietary  ,41,360,401,335,2388,2723
02570300,LOS ANGELES ORT TECHNICAL INSTITUTE     ,CA,90048-4904,Private      ,21,148,169,208,913,1121
02577900,SANTA BARBARA BUSINESS COLLEGE          ,CA,93309-1664,Proprietary  ,25,69,94,587,1043,1630
02578000,SANTA BARBARA BUSINESS COLLEGE          ,CA,93454-6943,Proprietary  ,6,38,44,222,464,686
02591600,NORTH-WEST COLLEGE                      ,CA,91101-1744,Proprietary  ,14,38,52,134,312,446
02595600,ASIAN AMERICAN INTERNATIONAL BTY CG     ,CA,92683-4043,Proprietary  ,1,13,14,17,105,122
02596400,CRIMSON TECHNICAL COLLEGE - LOS ANGELES ,CA,90301-2904,Proprietary  ,19,66,85,188,514,702
02597300,SOUTH BAYLO UNIVERSITY                  ,CA,92801-1701,Private      ,1,32,33,4,363,367
02602300,CENTRAL COAST COLLEGE                   ,CA,93901-3301,Proprietary  ,19,51,70,295,416,711
02608900,PINNACLE COLLEGE                        ,CA,91803-8842,Proprietary  ,6,7,13,73,94,167
02608901,PINNACLE COLLEGE - SACRAMENTO           ,CA,95670-6386,Proprietary  ,6,22,28,100,172,272
02609000,EMPERORS COLG OF TRAD ORIENTAL MED      ,CA,90403-5609,Proprietary  ,0,10,10,9,227,236
03010611,VIRGINIA COLLEGE - GOLF ACADEMY OF AMERI,CA,92008-6512,Proprietary  ,2,20,22,41,107,148
03011300,"CALIF STATE UNIV, SAN MARCOS            ",CA,92096-0001,Public       ,174,330,504,17094,8922,26016
03019900,CAPSTONE COLLEGE                        ,CA,91402-0000,Proprietary  ,5,10,15,35,99,134
03025600,DELL'ARTE SCH OF PHYSICAL THEATRE       ,CA,95525-0816,Private      ,0,1,1,7,34,41
03027700,PACIFIC COLLEGE OF ORIENTAL MED         ,CA,92108-4408,Proprietary  ,1,37,38,85,683,768
03029600,POMONA ADULT SCHOOL                     ,CA,91766-0000,Public       ,6,29,35,158,406,564
03031409,INTERNATIONAL ACADEMY OF DESIGN AND TECH,CA,95834-9664,Proprietary  ,5,13,18,203,332,535
03035700,LAS POSITAS COLLEGE                     ,CA,94551-6750,Public       ,120,210,330,3632,3216,6848
03039900,FREMONT COLLEGE                         ,CA,90703-5342,Proprietary  ,18,74,92,367,706,1073
03043900,NEWSCHOOL OF ARCHITECTURE & DESIGN      ,CA,92101-6634,Proprietary  ,7,24,31,333,556,889
03054100,ROYALE COLLEGE OF BEAUTY                ,CA,92590-2525,Proprietary  ,3,16,19,76,136,212
03062300,WESTECH COLLEGE                         ,CA,91764-4988,Proprietary  ,37,136,173,329,896,1225
03062400,MT DIABLO ADULT EDUC LOMA VISTA CTR     ,CA,94518-1122,Public       ,8,14,22,138,296,434
03062700,PLATT COLLEGE                           ,CA,90041-0000,Proprietary  ,58,78,136,593,949,1542
03062701,PLATT COLLEGE                           ,CA,91764-0000,Proprietary  ,21,46,67,471,680,1151
03062702,PLATT COLLEGE - RIVERSIDE               ,CA,92507-0730,Proprietary  ,42,52,94,600,802,1402
03063400,MODERN TECHNOLOGY SCHOOL                ,CA,92708-9821,Proprietary  ,4,23,27,73,190,263
03067400,BALDWIN PARK ADULT SCHOOL               ,CA,91706-4897,Public       ,19,43,62,184,374,558
03067500,INSTITUTE OF TECHNOLOGY                 ,CA,93612-3217,Proprietary  ,65,291,356,622,1808,2430
03069500,SAGE COLLEGE                            ,CA,92557-6720,Proprietary  ,8,66,74,161,766,927
03072300,EVEREST COLLEGE                         ,CA,91761-3222,Proprietary  ,40,107,147,449,938,1387
03072700,WESTWOOD COLLEGE - LOS ANGELES          ,CA,90010-1577,Proprietary  ,38,219,257,1089,3868,4957
03078200,AMERICAN CLG TRADITIONAL CHINESE MD     ,CA,94107-2813,Private      ,0,13,13,9,279,288
03084700,VENTURA ADULT\CONTINUING EDUCATION      ,CA,93003-7313,Public       ,4,62,66,61,367,428
03094400,MARINELLO SCHOOL OF BEAUTY              ,CA,95841-2909,Proprietary  ,19,56,75,162,428,590
03094401,MARINELLO SCHOOL OF BEAUTY - CONCORD    ,CA,94520-2581,Proprietary  ,11,36,47,118,215,333
03094402,MARINELLO SCHOOL OF BEAUTY- STOCKTON    ,CA,95203-3149,Proprietary  ,9,51,60,155,332,487
03097700,CENTRAL CALIF SCH CONTINUING EDUC       ,CA,93401-6739,Proprietary  ,4,20,24,77,252,329
03098200,YO SAN UNIV TRADITIONAL CHINESE MED     ,CA,90066-1103,Private      ,0,19,19,4,223,227
03108100,SUMMIT COLLEGE                          ,CA,92324-3956,Proprietary  ,38,156,194,375,998,1373
03109500,DONGGUK  UNIVERSITY LOS ANGELES         ,CA,90020-1765,Private      ,2,13,15,42,120,162
03113300,UEI COLLEGE                             ,CA,93727-1620,Proprietary  ,131,294,425,773,1759,2532
03113600,SOUTHERN CALIFORNIA INST OF TECHNOL     ,CA,92805-3758,Proprietary  ,21,94,115,227,716,943
03116600,EAST SAN GABRIEL VLY REG OCCUP PROG     ,CA,91790-2105,Public       ,28,78,106,333,533,866
03125300,JOHN WESLEY INTER. BARBER & BTY CLG     ,CA,90813-4321,Proprietary  ,5,21,26,92,253,345
03125800,PREMIERE CAREER COLLEGE                 ,CA,91706-3746,Proprietary  ,11,56,67,117,417,534
03126800,PACIFICA GRADUATE INSTITUTE             ,CA,93013-0000,Proprietary  ,0,28,28,2,989,991
03128700,MT SIERRA COLLEGE                       ,CA,91016-3414,Proprietary  ,4,9,13,311,394,705
03131300,FIVE BRANCHES UNIVERSITY                ,CA,95062-4669,Proprietary  ,0,14,14,19,378,397
03144400,AMERICAN CLG OF HEALTH PROFESSIONS      ,CA,92505-3038,Proprietary  ,28,58,86,301,748,1049
03150500,VIRGINIA SEWING MACHINES & SCH CTR      ,CA,90015-3535,Proprietary  ,7,16,23,51,120,171
03162300,FOUR-D SUCCESS ACADEMY                  ,CA,92324-4218,Proprietary  ,24,71,95,216,706,922
03163300,PACIFIC STATES UNIVERSITY               ,CA,90006-0000,Private      ,3,5,8,74,91,165
03195400,EVEREST COLLEGE                         ,CA,90501-2867,Proprietary  ,10,31,41,127,293,420
03210300,LE CORDON BLEU COLLEGE OF CULINARY ARTS ,CA,91101-5221,Proprietary  ,99,235,334,1893,2797,4690
03225300,AMERICAN UNIVERSITY OF HEALTH SCIENCES  ,CA,90755-3612,Proprietary  ,6,26,32,127,388,515
03242300,CAREER NETWORK INSTITUTE                ,CA,92868-4710,Proprietary  ,16,92,108,176,822,998
03250300,COMMUNITY BASED EDUCATION AND DEVELOPMEN,CA,90010-2722,Private      ,23,86,109,177,491,668
03260300,CALIFORNIA STATE U-MONTEREY BAY         ,CA,93955-8001,Public       ,133,151,284,14546,4784,19330
03266300,BETHESDA UNIVERSITY OF CALIFORNIA       ,CA,92801-4132,Private      ,8,22,30,176,166,342
03278300,CHARTER COLLEGE                         ,CA,91351-5432,Proprietary  ,27,64,91,402,1014,1416
03288300,ACAD CHINESE CULTURE & HEALTH SCIS      ,CA,94512-0000,Private      ,1,15,16,23,225,248
03299300,PACIFIC COLLEGE                         ,CA,92626-3160,Proprietary  ,9,46,55,116,456,572
03308300,BRISTOL UNIVERSITY                      ,CA,92806-6198,Proprietary  ,11,8,19,98,248,346
03327400,ACUPUNCTURE AND INTEGRATIVE MEDICINE COL,CA,94704-2724,Private      ,2,12,14,27,242,269
03332300,SOUTHERN CA BIBLE CLG & SEMINARY        ,CA,92019-1109,Private      ,2,22,24,21,243,264
03359300,ST. FRANCIS CAREER COLLEGE              ,CA,90262-2659,Proprietary  ,9,40,49,134,305,439
03367300,PROFESSIONAL GOLFERS CAREER COLLEGE     ,CA,92591-6013,Proprietary  ,2,10,12,93,167,260
03395300,INTERNATIONAL CAREER DEVELOPMENT        ,CA,90027-5794,Proprietary  ,140,1255,1395,734,7107,7841
03399300,NORTHWESTERN TECHNICAL COLLEGE          ,CA,95670-4443,Proprietary  ,0,1,1,42,141,183
03403300,EPIC BIBLE COLLEGE                      ,CA,95841-3546,Private      ,2,42,44,111,489,600
03413400,ENGLISH CENTER  (THE)                   ,CA,94607-3734,Private      ,7,36,43,37,198,235
03427400,CAREER COLLEGES OF AMERICA              ,CA,90280-7420,Proprietary  ,0,0,0,20,24,44
03427500,UNIVERSITY OF ANTELOPE VALLEY           ,CA,93534-3324,Proprietary  ,49,106,155,676,1336,2012
03440400,MARIAN HEALTH CAREERS CENTER            ,CA,90010-1728,Proprietary  ,7,24,31,68,208,276
03458300,MY LE'S BEAUTY COLLEGE                  ,CA,95824-0000,Proprietary  ,6,19,25,85,282,367
03467300,MARINELLO SCHOOL OF BEAUTY              ,CA,92545-3661,Proprietary  ,10,46,56,111,337,448
03467301,MARINELLO SCHOOL OF BEAUTY - CATHEDRAL C,CA,92234-6656,Proprietary  ,0,0,0,21,20,41
03467302,MARINELLO SCHOOL OF BEAUTY - MURRIETA   ,CA,92563-5039,Proprietary  ,10,44,54,131,286,417
03467303,MARINELLO SCHOOL OF BEAUTY - NAPA       ,CA,94559-1237,Proprietary  ,4,20,24,83,153,236
03467304,MARINELLO SCHOOL OF BEAUTY - CITY OF IND,CA,91748-1674,Proprietary  ,6,25,31,41,110,151
03467305,MARINELLO SCHOOL OF BEAUTY - BELL       ,CA,90201-1193,Proprietary  ,8,18,26,76,110,186
03467306,MARINELLO SCHOOL OF BEAUTY - PARAMOUNT  ,CA,90723-5256,Proprietary  ,11,29,40,125,193,318
03467307,MARINELLO SCHOOL OF BEAUTY - HUNTINGTON ,CA,92646-2552,Proprietary  ,7,23,30,115,183,298
03479300,PROFESSIONAL CAREER INSTITUTE           ,CA,90703-2522,Proprietary  ,2,11,13,97,174,271
03516300,KING'S UNIVERSITY (THE)                 ,CA,91405-2233,Private      ,12,34,46,201,625,826
03532400,ADVANCED TRAINING ASSOCIATES            ,CA,92020-1236,Proprietary  ,2,18,20,39,161,200
03542400,COPPER MOUNTAIN COLLEGE                 ,CA,92252-6102,Public       ,26,116,142,762,2071,2833
03577300,COBA ACADEMY                            ,CA,92866-1407,Proprietary  ,2,5,7,39,54,93
03590400,NTMA TRAINING CENTERS OF SOUTHERN C     ,CA,90650-0000,Private      ,37,91,128,161,623,784
03592400,IRELL & MANELLA GRADUATE SCHOOL OF BIOLO,CA,91010-0000,Private      ,0,0,0,1,9,10
03598300,AVALON BEAUTY COLLEGE                   ,CA,93103-3137,Proprietary  ,10,8,18,131,121,252
03614300,DAVID'S ACADEMY OF BEAUTY               ,CA,91780-1089,Proprietary  ,3,11,14,30,89,119
03639300,WEST COAST ULTRASOUND INSTITUTE         ,CA,90211-3312,Proprietary  ,38,178,216,506,1652,2158
03646300,DESIGN'S SCHOOL OF COSMETOLOGY          ,CA,93446-9530,Proprietary  ,15,28,43,100,182,282
03681300,CALIFORNIA HEALING ARTS COLLEGE         ,CA,90025-0000,Proprietary  ,12,45,57,150,417,567
03695300,COMMUNITY ENHANCEMENT SERVICES          ,CA,91502-2750,Private      ,4,54,58,22,227,249
03695700,SANTIAGO CANYON COLLEGE                 ,CA,92869-4512,Public       ,199,228,427,5106,3290,8396
03696300,UNIVERSITY OF THE WEST                  ,CA,91770-3709,Private      ,1,1,2,64,115,179
03698300,WEST COAST UNIVERSITY                   ,CA,91606-3206,Proprietary  ,136,484,620,2608,6712,9320
03698400,CA COLLEGE OF VOCATIONAL CAREER         ,CA,93301-1800,Proprietary  ,0,0,0,222,397,619
03736300,ADVANCE BEAUTY COLLEGE                  ,CA,92843-4752,Proprietary  ,17,110,127,100,555,655
03736301,ADVANCE BEAUTY COLLEGE - LAGUNA HILLS   ,CA,92653-1980,Proprietary  ,4,3,7,37,53,90
03740400,ATI COLLEGE                             ,CA,90650-0000,Proprietary  ,2,17,19,68,191,259
03752400,SCHOOL OF URBAN MISSIONS                ,CA,94603-0000,Private      ,5,26,31,241,424,665
03759300,COMPUTER TUTOR BUSINESS & TECH INST     ,CA,95356-0000,Proprietary  ,9,40,49,121,304,425
03786300,ADVANCED COLLEGE                        ,CA,90280-5255,Proprietary  ,6,29,35,112,251,363
03797400,CAREER CARE INSTITUTE                   ,CA,93534-4766,Proprietary  ,34,75,109,346,957,1303
03797401,CAREER CARE INSTITUTE - VENTURA         ,CA,93001-0000,Proprietary  ,3,13,16,82,210,292
03797402,CAREER CARE INSTITUTE - MORENO VALLEY   ,CA,92553-7519,Proprietary  ,0,10,10,63,190,253
03814400,SOKA UNIVERSITY OF AMERICA              ,CA,92656-8081,Private      ,7,1,8,564,71,635
03853300,KECK GRADUATE INSTITUTE OF APPLIED LIFE ,CA,91711-4817,Private      ,0,1,1,12,271,283
03868300,WORLD MISSION UNIVERSITY                ,CA,90020-1789,Private      ,0,12,12,12,128,140
03868400,LOS ANGELES MUSIC ACADEMY               ,CA,91105-2540,Proprietary  ,12,7,19,241,207,448
03871300,FOLSOM LAKE COLLEGE                     ,CA,95630-6798,Public       ,137,210,347,4099,4675,8774
03874300,CAMBRIDGE JUNIOR COLLEGE                ,CA,95993-0000,Proprietary  ,20,66,86,229,554,783
03874400,COMMMUNITY CHRISTIAN COLLEGE            ,CA,92373-4465,Private      ,3,10,13,105,134,239
03889300,STANBRIDGE COLLEGE                      ,CA,92612-0000,Proprietary  ,49,180,229,514,1559,2073
03901300,PACIFIC COAST TRADE SCHOOL              ,CA,93033-2441,Proprietary  ,0,0,0,51,74,125
03910400,NATIONAL POLYTECHNIC COLLEGE            ,CA,90040-3066,Proprietary  ,8,16,24,125,183,308
03933300,MUELLER COLLEGE OF HOLISTIC STUDIES     ,CA,92116-2630,Proprietary  ,0,18,18,70,283,353
03935300,CALIFORNIA NURSES EDUCATIONAL INSTITUTE ,CA,92234-7248,Proprietary  ,6,28,34,130,322,452
03962300,AMERICAN INSTITUTE OF MASSAGE THERAPY   ,CA,92705-5463,Proprietary  ,2,12,14,54,116,170
03964400,INTERNATIONAL SCHOOL OF BEAUTY          ,CA,92260-2740,Proprietary  ,12,30,42,144,301,445
03969600,UEI COLLEGE                             ,CA,90703-2637,Proprietary  ,101,262,363,683,1547,2230
03971300,AMERICAN CAREER COLLEGE                 ,CA,91764-4906,Proprietary  ,100,251,351,1001,2137,3138
03973300,EX'PRESSION COLLEGE FOR DIGTAL ARTS     ,CA,94608-1021,Proprietary  ,34,33,67,598,493,1091
03974500,CALIFORNIA CAREER COLLEGE               ,CA,91303-2006,Proprietary  ,6,15,21,42,165,207
03980300,CALIFORNIA STATE UNIVERSITY CHANNEL ISLA,CA,93012-8599,Public       ,94,89,183,9934,4294,14228
03995300,UNIVERSITY OF EAST-WEST MEDICINE        ,CA,94085-3922,Proprietary  ,0,9,9,8,93,101
03999300,BEAUMONT ADULT SCHOOL                   ,CA,92223-1927,Public       ,0,5,5,39,193,232
04001300,PALACE BEAUTY COLLEGE                   ,CA,90006-4233,Proprietary  ,3,26,29,80,215,295
04003300,BLAKE AUSTIN COLLEGE                    ,CA,95687-3100,Proprietary  ,24,62,86,267,629,896
04004300,THUY PRINCESS BEAUTY COLLEGE            ,CA,91766-0000,Proprietary  ,0,5,5,28,92,120
04005300,UNITED STATES UNIVERSITY                ,CA,91911-1683,Proprietary  ,6,63,69,80,617,697
04014400,PALLADIUM TECHNICAL ACADEMY             ,CA,91731-2429,Proprietary  ,1,6,7,45,60,105
04037300,LOS ANGELES FILM SCHOOL (THE)           ,CA,90028-7300,Proprietary  ,151,251,402,2169,2911,5080
04056300,CAREER COLLEGE OF CALIFORNIA            ,CA,92705-5805,Proprietary  ,8,34,42,151,248,399
04057300,TECHSKILLS OF CALIFORNIA                ,CA,95815-4025,Proprietary  ,7,109,116,208,1009,1217
04076400,GNOMON SCHOOL OF VISUAL EFFECTS         ,CA,90038-2616,Proprietary  ,9,14,23,180,288,468
04088300,WESTMED COLLEGE                         ,CA,95128-2541,Private      ,11,33,44,153,445,598
04088301,WESTMED COLLEGE - MERCED                ,CA,95340-9165,Private      ,6,39,45,129,346,475
04088302,WESTMED COLLEGE - FRESNO                ,CA,93720-1551,Private      ,4,3,7,4,3,7
04092300,COASTLINE BEAUTY COLLEGE                ,CA,92708-3847,Proprietary  ,1,24,25,71,233,304
04092400,MAKE-UP DESIGNORY                       ,CA,91502-1322,Proprietary  ,21,35,56,319,377,696
04100400,TAFT UNIVERSITY SYSTEM (THE)            ,CA,92704-6954,Proprietary  ,0,45,45,9,499,508
04111300,WEST HILLS COLLEGE LEMOORE              ,CA,93245-9248,Public       ,48,151,199,2540,3494,6034
04114500,VALLEY COLLEGE OF MEDICAL CAREERS       ,CA,91304-2354,Proprietary  ,4,25,29,81,178,259
04115300,COACHELLA VALLEY BEAUTY COLLEGE         ,CA,92253-2051,Proprietary  ,8,14,22,121,142,263
04115600,MAYFIELD COLLEGE                        ,CA,92234-7014,Proprietary  ,35,79,114,257,565,822
04116000,VIDEO SYMPHONY ENTERTRAINING            ,CA,91502-3253,Proprietary  ,0,0,0,77,182,259
04118800,NEW YORK FILM ACADEMY                   ,CA,91608-1002,Proprietary  ,31,76,107,926,1185,2111
04119200,CAREER COLLEGE CONSULTANTS              ,CA,90041-2088,Proprietary  ,4,24,28,43,163,206
04119800,GDS INSTITUTE                           ,CA,90280-2072,Proprietary  ,0,3,3,0,5,5
04126400,CHAMPION INSTITUTE OF COSMETOLOGY       ,CA,92264-7458,Proprietary  ,3,7,10,37,75,112
04126500,COAST CAREER INSTITUTE                  ,CA,90015-3040,Proprietary  ,15,99,114,131,456,587
04127100,"UNIVERSITY OF CALIFORNIA, MERCED        ",CA,95343-5001,Public       ,125,38,163,15966,2236,18202
04127900,TRIDENT UNIVERSITY INTERNATIONAL        ,CA,90630-5023,Proprietary  ,9,477,486,71,3854,3925
04129700,INTERNATIONAL POLYTECHNIC INSTITUTE     ,CA,92231-1737,Private      ,0,1,1,20,26,46
04129803,MEDIATECH INSTITUTE - OCEANSIDE         ,CA,92054-5116,Proprietary  ,4,7,11,67,170,237
04132400,ACADEMY OF ESTHETICS AND COSMETOLOGY    ,CA,91342-3373,Proprietary  ,3,11,14,61,113,174
04132700,INFOTECH CAREER COLLEGE                 ,CA,90706-5579,Proprietary  ,3,11,14,58,158,216
04133000,BIOHEALTH COLLEGE                       ,CA,95134-2033,Proprietary  ,0,0,0,68,178,246
04133100,CALIFORNIA UNIVERSITY OF MANAGEMENT AND ,CA,92801-1702,Private      ,0,7,7,24,107,131
04134500,CAREER COLLEGE OF SAN DIEGO             ,CA,92102-3348,Proprietary  ,11,47,58,289,743,1032
04134700,INTERNATL PROFESSIONAL SCHL OF BODYWORK ,CA,92123-1520,Proprietary  ,0,22,22,43,267,310
04137200,BORNER'S BARBER COLLEGE                 ,CA,90047-3856,Proprietary  ,7,22,29,98,285,383
04138700,PAUL MITCHELL THE SCHOOL - PASADENA     ,CA,91801-3903,Proprietary  ,11,21,32,107,143,250
04140500,HORIZON UNIVERSITY                      ,CA,92111-2622,Private      ,0,10,10,39,119,158
04141300,SAN FRANCISCO INSTITUTE OF ESTHETICS    ,CA,94103-4083,Proprietary  ,17,24,41,153,256,409
04141400,LAURUS COLLEGE                          ,CA,93401-5405,Proprietary  ,20,138,158,226,1138,1364
04141700,HEALING HANDS SCHOOL OF HOLISTIC HEALTH ,CA,92025-1722,Proprietary  ,4,29,33,55,277,332
04142500,TOURO COLLEGE LOS ANGELES               ,CA,90046-4506,Private      ,5,59,64,123,405,528
04142600,TOURO UNIVERSITY                        ,CA,94592-1118,Private      ,4,57,61,38,2954,2992
04143800,WOODLAND COMMUNITY COLLEGE              ,CA,95776-5156,Public       ,37,104,141,1537,1968,3505
04144200,CAREER DEVELOPMENT INSTITUTE            ,CA,90035-4364,Proprietary  ,5,20,25,55,214,269
04145000,SAN DIEGO CULINARY INSTITUTE            ,CA,91941-6435,Proprietary  ,20,43,63,364,614,978
04145600,INTERNATIONAL COLLEGE OF COSMETOLOGY    ,CA,94601-3525,Proprietary  ,6,31,37,78,238,316
04146000,NATIONAL CAREER COLLEGE                 ,CA,91605-1400,Proprietary  ,16,59,75,85,292,377
04148200,BEYOND 21ST CENTURY BEAUTY ACADEMY      ,CA,90670-6316,Proprietary  ,0,5,5,33,44,77
04148900,N CALIF INSTITUTE OF COSMETOLOGY        ,CA,94577-2820,Proprietary  ,0,10,10,23,67,90
04149700,HOMESTEAD SCHOOLS                       ,CA,90505-5945,Private      ,5,25,30,61,273,334
04150000,CENTRAL NURSING COLLEGE                 ,CA,90010-2444,Proprietary  ,2,1,3,208,328,536
04150100,GOLDEN STATE COLLEGE OF COURT REPORTING ,CA,94568-2948,Proprietary  ,0,2,2,9,59,68
04150300,RWM FIBER OPTICS                        ,CA,90746-1051,Proprietary  ,7,44,51,24,172,196
04150500,"PREFERRED COLLEGE OF NURSING, LOS ANGELE",CA,90010-2202,Proprietary  ,4,10,14,99,212,311
04152800,CALIFORNIA ACADEMY (THE) - A PAUL MITCHE,CA,95825-2276,Proprietary  ,38,94,132,478,742,1220
04153900,PROVIDENCE CHRISTIAN COLLEGE            ,CA,91104-2635,Private      ,3,0,3,116,48,164
04155500,"ACADEMY FOR JEWISH RELIGION, CALIFORNIA ",CA,90024-3234,Private      ,0,6,6,31,104,135
04156100,TONI & GUY HAIRDRESSING ACADEMY         ,CA,95356-9695,Proprietary  ,11,19,30,101,178,279
04157800,GRACE MISSION UNIVERSITY                ,CA,92833-3860,Private      ,2,9,11,19,85,104
04158200,PAUL MITCHELL THE SCHOOL SHERMAN OAKS   ,CA,91403-5882,Proprietary  ,23,26,49,217,272,489
04158700,HOLLYWOOD BEAUTY COLLEGE                ,CA,95210-3514,Proprietary  ,0,0,0,69,169,238
04158900,FLAIR BEAUTY COLLEGE                    ,CA,91351-3381,Proprietary  ,5,8,13,40,67,107
04159600,GALAXY MEDICAL COLLEGE                  ,CA,91606-1593,Proprietary  ,3,6,9,57,87,144
04159700,AMERICAN MEDICAL SCIENCES CENTER        ,CA,91204-5108,Proprietary  ,4,12,16,91,158,249
04160100,TRINITY VOCATIONAL CENTER               ,CA,90248-4334,Proprietary  ,1,8,9,27,178,205
04160400,ANGELES COLLEGE OF NURSING              ,CA,90010-2100,Proprietary  ,15,43,58,473,700,1173
04161300,PREFERRED COLLEGE OF NURSING            ,CA,91401-1442,Proprietary  ,1,4,5,32,100,132
04161700,SHASTA SCHOOL OF COSMETOLOGY            ,CA,96003-0000,Proprietary  ,3,9,12,102,168,270
04161800,BRANDMAN UNIVERSITY                     ,CA,92618-3801,Private      ,24,679,703,548,9753,10301
04162800,S.I.C.E PAUL MITCHELL PARTNER SCHOOL    ,CA,95350-1440,Proprietary  ,17,34,51,287,386,673
04163400,COSMO BEAUTY ACADEMY                    ,CA,95605-1904,Proprietary  ,6,25,31,181,355,536
04164400,ANGELES INSTITUTE                       ,CA,90712-2903,Proprietary  ,6,25,31,94,240,334
04165900,PAUL MITCHELL THE SCHOOL FRESNO         ,CA,93710-7617,Proprietary  ,19,24,43,381,313,694
04167000,PAUL MITCHELL THE SCHOOL TEMECULA       ,CA,92591-4663,Proprietary  ,24,37,61,316,342,658
04169200,TRAMY BEAUTY SCHOOL                     ,CA,92115-6347,Proprietary  ,7,32,39,107,295,402
04169700,UNITEK COLLEGE                          ,CA,94538-3185,Proprietary  ,79,405,484,597,2704,3301
04169800,GURNICK ACADEMY OF MEDICAL ARTS         ,CA,94403-1849,Proprietary  ,10,63,73,347,1697,2044
04172000,SOUTHERN CALIFORNIA UNIVERSITY SOMA     ,CA,90017-2211,Proprietary  ,2,16,18,236,401,637
04173400,SANTA ANA BEAUTY ACADEMY                ,CA,92705-7820,Proprietary  ,4,11,15,48,77,125
04173500,MORENO VALLEY COLLEGE                   ,CA,92551-2204,Public       ,220,505,725,5830,7588,13418
04175200,PAUL MITCHELL THE SCHOOL EAST BAY       ,CA,94523-5515,Proprietary  ,18,27,45,231,276,507
04175400,ELITE COSMETOLOGY SCHOOL                ,CA,92284-2860,Proprietary  ,1,12,13,38,146,184
04176100,NORCO COLLEGE                           ,CA,92860-2600,Public       ,259,397,656,5665,5608,11273
04176200,TWIN RIVERS ADULT SCHOOL                ,CA,95660-5523,Public       ,0,0,0,8,22,30
04176300,BERGIN UNIVERSITY OF CANINE STUDIES     ,CA,95407-6834,Private      ,3,4,7,43,74,117
04177200,REAL BARBERS COLLEGE (THE)              ,CA,92805-2533,Proprietary  ,14,24,38,110,188,298
04178900,HANDS-ON MEDICAL MASSAGE SCHOOL         ,CA,92373-6271,Proprietary  ,1,7,8,32,60,92
04180000,CINTA AVEDA INSTITUTE                   ,CA,94108-3204,Proprietary  ,20,55,75,222,515,737
04181200,SOUTHERN CALIFORNIA HEALTH INSTITUTE    ,CA,91601-3100,Proprietary  ,22,95,117,97,428,525
04181600,INTEGRITY COLLEGE OF HEALTH             ,CA,91104-2300,Proprietary  ,3,10,13,26,102,128
04185200,SALINAS BEAUTY COLLEGE                  ,CA,93901-2405,Proprietary  ,5,6,11,67,110,177
04185500,ACADEMY OF COUTURE ART                  ,CA,90069-5701,Proprietary  ,6,7,13,161,179,340
04185600,MEDICAL ALLIED CAREER CENTER            ,CA,90670-4710,Proprietary  ,0,14,14,18,130,148
04185700,ACADEMY FOR SALON PROFESSIONALS (THE)   ,CA,95050-4057,Proprietary  ,8,25,33,109,195,304
04186900,"INTERNATIONAL COLLEGE OF BEAUTY, ARTS & ",CA,90039-1012,Proprietary  ,4,27,31,135,252,387
04187900,JOE BLASCO MAKEUP ARTIST TRAINING CENTER,CA,90027-5580,Proprietary  ,0,0,0,4,7,11
04189300,ALLIED AMERICAN UNIVERSITY              ,CA,92653-1337,Proprietary  ,14,570,584,137,3043,3180
04189700,CALIFORNIA MIRAMAR UNIVERSITY           ,CA,92126-7501,Proprietary  ,11,42,53,488,709,1197
04189800,ACADEMY FOR SALON PROFESSIONALS         ,CA,91304-2305,Proprietary  ,2,11,13,46,131,177
04190800,SANTA ANA BEAUTY COLLEGE                ,CA,92706-2321,Proprietary  ,7,23,30,90,183,273
04190900,SUTTER BEAUTY COLLEGE                   ,CA,95991-3624,Proprietary  ,4,12,16,90,155,245
04191300,ANNENBERG SCHOOL OF NURSING             ,CA,91335-5426,Private      ,1,5,6,55,97,152
04192500,WESTCHESTER COLLEGE OF NURSING & ALLIED ,CA,90045-3647,Proprietary  ,3,10,13,3,10,13
04193500,LEMELANGE ACADEMY OF HAIR               ,CA,94558-2935,Proprietary  ,3,7,10,31,68,99
04193700,JOHN PAUL THE GREAT CATHOLIC UNIVERSITY ,CA,92131-1652,Private      ,2,9,11,257,142,399
04194300,COLTON-REDLANDS-YUCAIPA REGIONAL OCCUPAT,CA,92374-2896,Public       ,7,13,20,99,222,321
04194600,BRAND COLLEGE                           ,CA,91203-3646,Proprietary  ,1,7,8,31,64,95
04195200,DIAMOND BEAUTY COLLEGE                  ,CA,91733-2180,Proprietary  ,0,7,7,18,72,90
04195400,NCP COLLEGE OF NURSING                  ,CA,94080-1005,Proprietary  ,15,44,59,101,284,385
04195401,NCP COLLEGE OF NURSING - HAYWARD CAMPUS ,CA,94541-7026,Proprietary  ,11,32,43,143,388,531
04205800,"SAE INSTITUTE OF TECHNOLOGY, LOS ANGELES",CA,90028-7219,Proprietary  ,16,38,54,300,447,747
04206800,ADVANCE BEAUTY TECHS ACADEMY            ,CA,92583-6572,Proprietary  ,5,7,12,54,96,150
04208100,UKIAH ADULT SCHOOL                      ,CA,95482-3865,Public       ,1,4,5,22,97,119
04208400,RIVERSIDE COUNTY OFFICE OF EDUCATION    ,CA,92503-3504,Public       ,11,33,44,320,544,864
04208900,ADVANCED CAREER INSTITUTE               ,CA,93291-9254,Proprietary  ,11,76,87,90,446,536
04209000,SAN FRANCISCO COLLEGE OF COSMETOLOGY    ,CA,94110-1217,Proprietary  ,5,8,13,6,20,26
04209800,HINTON BARBER COLLEGE                   ,CA,94590-4547,Proprietary  ,5,14,19,41,111,152
04210600,ADVANCED COMPUTING INSTITUTE            ,CA,90010-3911,Proprietary  ,7,35,42,144,333,477
04211900,XAVIER COLLEGE SCHOOL OF NURSING        ,CA,95202-1332,Proprietary  ,3,19,22,161,413,574
04212000,LAWRENCE & COMPANY COLLEGE OF COSMETOLOG,CA,93230-4102,Proprietary  ,5,11,16,92,126,218
04215100,CALIFORNIA CAREER INSTITUTE             ,CA,92840-2816,Proprietary  ,2,26,28,48,301,349
04215300,COSMO FACTORY COSMETOLOGY ACADEMY (THE) ,CA,95060-4401,Proprietary  ,4,3,7,51,81,132
04216300,UEI COLLEGE                             ,CA,95065-1520,Proprietary  ,2,8,10,103,154,257
04217100,RUDOLF STEINER COLLEGE                  ,CA,95628-6811,Private      ,0,2,2,5,76,81
04217400,HIGH TECH HIGH GRADUATE SCHOOL OF EDUCAT,CA,92106-6025,Private      ,1,5,6,10,32,42
04217500,W INSTITUTE OF COSMETOLOGY              ,CA,94521-5385,Proprietary  ,0,4,4,35,70,105
04221700,ZMS THE ACADEMY                         ,CA,90042-4231,Proprietary  ,0,3,3,0,3,3
04221800,TONI&GUY HAIRDRESSING ACADEMY           ,CA,95337-5703,Proprietary  ,11,15,26,78,122,200
04221900,COMPUTER TRAINING ACADEMY               ,CA,92507-2122,Proprietary  ,9,47,56,125,455,580
04222200,FAB SCHOOL (THE)                        ,CA,92507-3434,Proprietary  ,11,27,38,154,294,448
04223700,BAY AREA MEDICAL ACADEMY                ,CA,94102-2844,Proprietary  ,9,39,48,224,383,607
04226100,LAWRENCE AND COMPANY COLLEGE OF COSMETOL,CA,93662-3509,Proprietary  ,3,7,10,37,54,91
04228100,HIGH DESERT MEDICAL COLLEGE             ,CA,93534-1134,Proprietary  ,31,71,102,183,565,748
04228800,BAY AREA COLLEGE OF NURSING             ,CA,94303-4617,Proprietary  ,4,26,30,18,96,114
04234000,SAN FRANCISCO SCHOOL OF DIGITAL FILMMAKI,CA,94103-2835,Proprietary  ,1,16,17,28,80,108
04235500,PRESIDIO GRADUATE SCHOOL                ,CA,94129-1749,Private      ,0,6,6,0,6,6
04237100,SALON PROFESSIONAL ACADEMY (THE)        ,CA,95129-5101,Proprietary  ,7,17,24,54,157,211
04237800,CALIFORNIA BARBER AND BEAUTY COLLEGE    ,CA,92115-4730,Proprietary  ,7,23,30,60,194,254
04240200,AVIATION INSTITUTE OF MAINTENANCE       ,CA,94621-4527,Proprietary  ,10,62,72,10,62,72
04241700,SAINT JOSEPH'S SCHOOL OF NURSING        ,CA,93534-2304,Proprietary  ,0,12,12,0,12,12
00184600,BRIAR CLIFF UNIVERSITY                  ,IA,51104-2100,Private      ,7,23,30,1220,707,1927
00184700,BUENA VISTA UNIVERSITY                  ,IA,50588-9987,Private      ,14,97,111,1539,2047,3586
00184800,SOUTHEASTERN COMMUNITY COLLEGE          ,IA,52655-0000,Public       ,35,104,139,1198,1683,2881
00185000,CENTRAL COLLEGE                         ,IA,50219-1999,Private      ,9,5,14,2276,115,2391
00185200,CLARKE UNIVERSITY                       ,IA,52001-3198,Private      ,5,19,24,1288,588,1876
00185400,COE COLLEGE                             ,IA,52402-5092,Private      ,18,12,30,2522,284,2806
00185500,DES MOINES UNIV-OSTEOPATHIC MED CTR     ,IA,50312-0000,Private      ,1,25,26,52,1712,1764
00185600,CORNELL COLLEGE                         ,IA,52314-1098,Private      ,21,2,23,1914,126,2040
00185700,SOUTHWESTERN COMMUNITY COLLEGE          ,IA,50801-1098,Public       ,11,35,46,703,605,1308
00185800,DIVINE WORD COLLEGE                     ,IA,52045-0380,Private      ,1,1,2,25,17,42
00185900,DORDT COLLEGE                           ,IA,51250-1697,Private      ,7,2,9,1499,111,1610
00186000,DRAKE UNIVERSITY                        ,IA,50311-4505,Private      ,35,55,90,5102,2080,7182
00186200,ELLSWORTH COMMUNITY COLLEGE             ,IA,50126-1199,Public       ,25,19,44,877,345,1222
00186400,IOWA LAKES COMMUNITY COLLEGE            ,IA,51334-2234,Public       ,9,50,59,1104,877,1981
00186500,IOWA CENTRAL COMMUNITY COLLEGE          ,IA,50501-0000,Public       ,53,221,274,3087,3219,6306
00186600,GRACELAND UNIVERSITY                    ,IA,50140-1699,Private      ,20,62,82,1464,1559,3023
00186700,GRAND VIEW UNIVERSITY                   ,IA,50316-1599,Private      ,13,48,61,2148,1444,3592
00186800,GRINNELL COLLEGE                        ,IA,50112-1690,Private      ,15,2,17,3310,131,3441
00186900,IOWA STATE UNIV SCIENCE & TECHNOLOG     ,IA,50011-2028,Public       ,179,154,333,29197,6559,35756
00187100,IOWA WESLEYAN COLLEGE                   ,IA,52641-1398,Private      ,18,12,30,651,324,975
00187300,LORAS COLLEGE                           ,IA,52004-0178,Private      ,8,5,13,2022,226,2248
00187400,LUTHER COLLEGE                          ,IA,52101-1045,Private      ,19,3,22,3186,132,3318
00187500,MARSHALLTOWN COMMUNITY COLLEGE          ,IA,50158-4760,Public       ,19,42,61,809,853,1662
00187700,NORTH IOWA AREA COMMUNITY COLLEGE       ,IA,50401-7299,Public       ,25,55,80,1417,1049,2466
00187900,MORNINGSIDE COLLEGE                     ,IA,51106-1751,Private      ,17,83,100,2191,1026,3217
00188000,MOUNT MERCY UNIVERSITY                  ,IA,52402-4797,Private      ,9,58,67,1076,1200,2276
00188300,NORTHWESTERN COLLEGE                    ,IA,51041-1996,Private      ,10,10,20,1422,185,1607
00188700,SIMPSON COLLEGE                         ,IA,50125-1297,Private      ,9,13,22,2182,492,2674
00188900,ST AMBROSE UNIVERSITY                   ,IA,52803-2898,Private      ,21,59,80,3391,1529,4920
00189000,UNIVERSITY OF NORTHERN IOWA             ,IA,50614-0002,Public       ,76,91,167,10259,2990,13249
00189100,UNIVERSITY OF DUBUQUE                   ,IA,52001-5099,Private      ,14,42,56,2185,821,3006
00189200,UNIVERSITY OF IOWA                      ,IA,52242-1316,Public       ,195,171,366,22265,9329,31594
00189300,UPPER IOWA UNIVERSITY                   ,IA,52142-9206,Private      ,34,315,349,1775,5665,7440
00189500,WALDORF COLLEGE                         ,IA,50436-1700,Proprietary  ,10,104,114,722,1151,1873
00189600,WARTBURG COLLEGE                        ,IA,50677-2200,Private      ,6,2,8,2246,119,2365
00189700,WARTBURG THEOLOGICAL SEMINARY           ,IA,52004-5004,Private      ,0,1,1,11,122,133
00190000,WILLIAM PENN UNIVERSITY                 ,IA,52577-1799,Private      ,16,41,57,1287,1052,2339
00396300,AIB COLLEGE OF BUSINESS                 ,IA,50321-1799,Private      ,7,29,36,841,838,1679
00407500,ESTRN IOWA COMMUNITY COLLEGE DIST       ,IA,52801-1201,Public       ,5,31,36,232,715,947
00407501,CLINTON COMMUNITY COLLEGE               ,IA,52732-0000,Public       ,12,85,97,527,2347,2874
00407502,MUSCATINE COMMUNITY COLLEGE             ,IA,52761-0000,Public       ,14,46,60,618,737,1355
00407503,SCOTT COMMUNITY COLLEGE                 ,IA,52722-0000,Public       ,42,154,196,1631,2920,4551
00407600,KIRKWOOD COMMUNITY COLLEGE              ,IA,52406-2068,Public       ,137,408,545,6695,7284,13979
00423300,MERCY/ST. LUKE'S SCH RAD TECH           ,IA,52402-0000,Private      ,0,3,3,40,50,90
00458600,KAPLAN UNIVERSITY                       ,IA,52807-2095,Proprietary  ,663,10490,11153,4506,87006,91512
00458604,KAPLAN UNIVERSITY - CEDAR RAPIDS        ,IA,52404-2998,Proprietary  ,16,180,196,183,2021,2204
00458605,KAPLAN UNIVERSITY - DES MOINES          ,IA,50323-5702,Proprietary  ,25,196,221,220,2323,2543
00458606,KAPLAN UNIVERSITY - MASON CITY          ,IA,50401-4665,Proprietary  ,6,89,95,73,964,1037
00458607,KAPLAN UNIVERSITY - CEDAR FALLS         ,IA,50613-6309,Proprietary  ,9,134,143,148,1563,1711
00458700,NORTHEAST IOWA COMMUNITY COLLEGE        ,IA,52132-0400,Public       ,16,32,48,699,698,1397
00458701,NORTHEAST IOWA COMMUNITY COLLEGE        ,IA,52068-0000,Public       ,40,75,115,1073,1323,2396
00459500,HAWKEYE COMMUNITY COLLEGE               ,IA,50701-0000,Public       ,77,190,267,2850,2882,5732
00459800,IOWA WESTERN CMTY CLG-COUNCIL BLUFF     ,IA,51502-0000,Public       ,62,150,212,3845,3761,7606
00460000,NORTHWEST IOWA COMMUNITY COLLEGE        ,IA,51201-1046,Public       ,16,20,36,594,482,1076
00626700,IOWA METHODIST MEDICAL CENTER SCHOOLS   ,IA,50309-1499,Private      ,2,4,6,40,115,155
00627300,MERCY COLLEGE OF HEALTH SCIENCES        ,IA,50309-1239,Private      ,12,29,41,497,1002,1499
00712000,DES MOINES AREA CMTY COLLEGE            ,IA,50021-0000,Public       ,210,515,725,8168,10383,18551
00712100,FAITH BAPTIST BIBLE CLG & THEOL SEM     ,IA,50021-0000,Private      ,3,1,4,301,80,381
00729100,ST LUKE'S COLLEGE                       ,IA,51104-0263,Private      ,0,6,6,144,245,389
00731600,WESTERN IOWA TECH COMMUNITY COLLEGE     ,IA,51106-0000,Public       ,62,174,236,2222,3400,5622
00758800,CAPRI COLLEGE                           ,IA,52004-0873,Proprietary  ,7,18,25,138,195,333
00761100,EQ SCHOOL OF HAIR DESIGN                ,IA,51503-0813,Proprietary  ,3,5,8,48,82,130
00765600,AMERICAN COLLEGE OF HARISTYLING -CR     ,IA,52402-0000,Proprietary  ,0,3,3,11,50,61
00765800,AMER COLL OF HAIRSTYLING-DES MOINES     ,IA,50309-5446,Proprietary  ,0,6,6,22,80,102
00765900,LA JAMES COLLEGE OF HAIRSTYLING         ,IA,50401-3308,Proprietary  ,1,12,13,65,78,143
00771700,CAPRI COLLEGE                           ,IA,52807-2622,Proprietary  ,14,27,41,143,234,377
00794100,COLLEGE OF HAIR DESIGN                  ,IA,50703-1834,Proprietary  ,0,8,8,11,64,75
00826000,IOWA SCHOOL OF BEAUTY INC               ,IA,50322-0000,Proprietary  ,1,25,26,108,269,377
00840300,INDIAN HILLS COMMUNITY COLLEGE          ,IA,52501-1398,Public       ,71,197,268,2072,2599,4671
00842400,LA JAMES INTERNATIONAL COLLEGE          ,IA,50501-5577,Proprietary  ,6,7,13,52,66,118
00959300,LA'JAMES COLLEGE OF HAIRSTYLING         ,IA,52240-0000,Proprietary  ,4,10,14,56,105,161
01111300,MAHARISHI UNIV OF MANAGEMENT            ,IA,52557-0001,Private      ,5,18,23,148,517,665
01206400,HAMILTON TECHNICAL COLLEGE              ,IA,52807-2653,Proprietary  ,10,37,47,106,302,408
01230000,PALMER COLLEGE OF CHIROPRACTIC          ,IA,52803-5287,Private      ,1,32,33,92,2360,2452
01300600,LA' JAMES INTERNATIONAL COLLEGE-CF      ,IA,50613-5242,Proprietary  ,0,5,5,35,67,102
02090300,CAPRI COLLEGE                           ,IA,52404-0000,Proprietary  ,13,20,33,148,189,337
02134500,LA JAMES INTERNATIONAL COLLEGE - DAV    ,IA,52806-3952,Proprietary  ,3,16,19,33,107,140
02160900,PCI ACADEMY                             ,IA,50010-6062,Proprietary  ,5,14,19,127,115,242
02262500,FAUST INSTITUTE OF COSMETOLOGY          ,IA,50588-0000,Proprietary  ,0,7,7,29,40,69
02274100,LA' JAMES INTERNATIONAL COLLEGE - DM    ,IA,50131-0000,Proprietary  ,2,9,11,69,108,177
02289000,AMERICAN HAIR ACADEMY                   ,IA,52627-4530,Proprietary  ,1,4,5,24,36,60
02306900,IOWA SCHOOL OF BEAUTY                   ,IA,52501-0000,Proprietary  ,6,3,9,51,60,111
02328900,EMMAUS BIBLE COLLEGE                    ,IA,52001-0000,Private      ,3,3,6,248,67,315
02330900,IOWA SCHOOL OF BEAUTY                   ,IA,50158-0000,Proprietary  ,2,3,5,21,47,68
02609200,VATTEROTT COLLEGE                       ,IA,50321-4704,Proprietary  ,10,78,88,117,634,751
03065302,PAUL MITCHELL THE SCHOOL DAVENPORT      ,IA,52806-4000,Proprietary  ,0,8,8,8,34,42
03069100,ALLEN COLLEGE                           ,IA,50703-1916,Private      ,5,12,17,402,599,1001
03441300,IOWA SCHOOL OF BEAUTY                   ,IA,51106-5111,Proprietary  ,6,5,11,45,101,146
03607400,TOTAL LOOK SCHOOL OF COSMETOLOGY AND MAS,IA,52136-1053,Proprietary  ,1,0,1,6,14,20
03720300,CARLSON COLLEGE OF MASSAGE THERAPY      ,IA,52205-7519,Proprietary  ,2,2,4,16,33,49
04051313,ART INSTITUTE OF PHOENIX (THE) - BROWN M,IA,52722-3628,Proprietary  ,1,4,5,20,104,124
04177800,SALON PROFESSIONAL ACADEMY (THE)        ,IA,52240-6083,Proprietary  ,2,7,9,49,75,124
04203300,AVEDA INSTITUTE DES MOINES              ,IA,50266-8137,Proprietary  ,12,13,25,198,179,377
00259600,ATLANTIC COMMUNITY COLLEGE              ,NJ,08330-2699,Public       ,106,244,350,4098,5130,9228
00259700,BLOOMFIELD COLLEGE                      ,NJ,07003-3425,Private      ,38,34,72,3100,1631,4731
00259800,CALDWELL COLLEGE                        ,NJ,07006-6195,Private      ,39,47,86,2638,1208,3846
00259900,CENTENARY COLLEGE                       ,NJ,07840-2184,Private      ,13,70,83,1713,1017,2730
00260000,COLLEGE OF SAINT ELIZABETH              ,NJ,07960-6989,Private      ,9,23,32,1177,772,1949
00260100,CUMBERLAND COUNTY COLLEGE               ,NJ,08362-9912,Public       ,43,99,142,2464,3535,5999
00260300,DREW UNIVERSITY                         ,NJ,07940-4063,Private      ,21,21,42,2802,649,3451
00260700,FAIRLEIGH DICKINSON UNIV-TEANECK        ,NJ,07666-1996,Private      ,72,145,217,4395,3243,7638
00260701,FAIRLEIGH DICKINSON UNIV-FLORHAM        ,NJ,07940-0000,Private      ,36,29,65,3892,1219,5111
00260702,FAIRLEIGH DICKINSON UNIV-ED WMS CLG     ,NJ,07601-0000,Private      ,9,15,24,635,620,1255
00260703,FAIRLEIGH DICKINSON UNIVERSITY          ,NJ,07940-0000,Private      ,19,22,41,1581,864,2445
00260800,GEORGIAN COURT UNIVERSITY               ,NJ,08701-2697,Private      ,21,54,75,1755,1407,3162
00260900,ROWAN UNIVERSITY                        ,NJ,08028-1702,Public       ,170,181,351,16330,6521,22851
00261000,FELICIAN COLLEGE                        ,NJ,07644-2198,Private      ,21,83,104,1968,1481,3449
00261300,NEW JERSEY CITY UNIVERSITY              ,NJ,07305-1597,Public       ,70,211,281,5374,6828,12202
00261500,MIDDLESEX COUNTY COLLEGE                ,NJ,08818-3050,Public       ,131,200,331,7152,5539,12691
00261600,MONMOUTH UNIVERSITY                     ,NJ,07764-1898,Private      ,89,65,154,8673,2673,11346
00261700,MONTCLAIR STATE UNIVERSITY              ,NJ,07043-9987,Public       ,231,274,505,20788,8833,29621
00261900,NEW BRUNSWICK THEOLOGICAL SEMINARY      ,NJ,08901-0000,Private      ,1,9,10,90,211,301
00262100,NEW JERSEY INST OF TECHNOLOGY           ,NJ,07102-1982,Public       ,106,112,218,7686,4248,11934
00262200,KEAN UNIVERSITY                         ,NJ,07083-7131,Public       ,174,262,436,12658,9792,22450
00262400,OCEAN COUNTY COLLEGE                    ,NJ,08754-2001,Public       ,120,247,367,5233,4693,9926
00262500,WILLIAM PATERSON UNIVERSITY             ,NJ,07470-2152,Public       ,145,123,268,13772,5915,19687
00262600,PRINCETON THEOLOGICAL SEMINARY          ,NJ,08542-0000,Private      ,0,3,3,16,592,608
00262700,PRINCETON UNIVERSITY                    ,NJ,08544-0001,Private      ,121,34,155,17051,1716,18767
00262800,RIDER UNIVERSITY                        ,NJ,08648-3099,Private      ,96,68,164,8846,1814,10660
00262900,"RUTGERS, THE STATE UNIVERSITY OF NJ     ",NJ,08901-1281,Public       ,519,750,1269,51841,30742,82583
00263200,SETON HALL UNIVERSITY                   ,NJ,07079-2697,Private      ,135,136,271,12498,4353,16851
00263201,SETON HALL UNIVERSITY - SCHOOL OF LAW   ,NJ,07079-5210,Private      ,10,22,32,282,1635,1917
00263800,SAINT PETER'S UNIVERSITY                ,NJ,07306-5997,Private      ,59,92,151,4215,2267,6482
00263900,STEVENS INSTITUTE OF TECHNOLOGY         ,NJ,07030-5370,Private      ,52,33,85,5211,707,5918
00264200,COLLEGE OF NEW JERSEY (THE)             ,NJ,08628-0718,Public       ,107,66,173,12370,1611,13981
00264300,UNION COUNTY COLLEGE                    ,NJ,07016-1598,Public       ,173,430,603,6056,8897,14953
00473600,BERGEN COMMUNITY COLLEGE                ,NJ,07652-1595,Public       ,254,267,521,9179,6530,15709
00474000,MERCER COUNTY COMMUNITY COLLEGE         ,NJ,08690-0000,Public       ,89,265,354,3807,4685,8492
00539900,MONMOUTH COUNTY VOCATIONAL SCH DIST     ,NJ,07728-5033,Public       ,0,9,9,77,168,245
00545200,TETERBORO SCH OF AERONAUTICS            ,NJ,07608-1083,Proprietary  ,11,8,19,123,146,269
00546100,SALEM COMMUNITY COLLEGE                 ,NJ,08069-2799,Public       ,17,46,63,635,812,1447
00641700,HOLY NAME MEDICAL CENTER SCHOOL OF NURSI,NJ,07666-4254,Private      ,0,6,6,77,317,394
00642000,MOUNTAINSIDE HOSP SCH NRSG              ,NJ,07042-4898,Proprietary  ,1,2,3,50,201,251
00642100,MUHLENBERG SNYDER SCHOOLS               ,NJ,07061-3399,Private      ,2,21,23,122,558,680
00642900,ST FRANCIS MEDICAL CTR SCH NURSING      ,NJ,08629-1986,Private      ,1,7,8,44,150,194
00642902,ST FRANCIS MED CTR RAD TECH             ,NJ,08629-0000,Private      ,1,4,5,17,78,95
00686500,CAMDEN COUNTY COLLEGE                   ,NJ,08012-3240,Public       ,157,448,605,6689,9098,15787
00690100,GLOUCESTER COUNTY COLLEGE               ,NJ,08080-4249,Public       ,91,149,240,4245,3619,7864
00710700,ESSEX COUNTY COLLEGE                    ,NJ,07102-1798,Public       ,161,403,564,6328,10278,16606
00750200,BERKELEY COLLEGE                        ,NJ,07424-3367,Proprietary  ,132,357,489,2781,4457,7238
00759300,PARISIAN BEAUTY ACADEMY                 ,NJ,07601-5509,Proprietary  ,9,33,42,220,316,536
00772900,COUNTY COLLEGE OF MORRIS                ,NJ,07869-0000,Public       ,78,107,185,4089,2316,6405
00773000,BURLINGTON COUNTY COLLEGE               ,NJ,08068-1599,Public       ,93,297,390,4632,5764,10396
00773100,RARITAN VALLEY COMMUNITY COLLEGE        ,NJ,08876-1265,Public       ,86,140,226,3088,2510,5598
00780401,STAR CAREER ACADEMY - STAR LAKEWOOD     ,NJ,08701-5900,Proprietary  ,23,57,80,167,451,618
00780402,STAR CAREER ACADEMY - STAR EGG HARBOR   ,NJ,08234-4863,Proprietary  ,12,50,62,120,379,499
00793808,LINCOLN TECHNICAL INSTITUTE - SOUTH PLAI,NJ,07080-2424,Proprietary  ,17,25,42,211,262,473
00793810,LINCOLN TECHNICAL INSTITUTE - MAHWAH    ,NJ,07430-2106,Proprietary  ,65,81,146,628,478,1106
00793811,LINCOLN TECHNICAL INSTITUTE - UNION     ,NJ,07083-5032,Proprietary  ,81,140,221,871,965,1836
00794700,BETH MEDRASH GOVOHA OF AMERICA          ,NJ,08701-0000,Private      ,115,256,371,409,2022,2431
00840400,BROOKDALE COMMUNITY COLLEGE             ,NJ,07738-1597,Public       ,179,320,499,6250,4995,11245
00844101,ANTHEM INSTITUTE                        ,NJ,08002-0000,Proprietary  ,0,0,0,66,267,333
00849400,HO HO KUS SCHL OF TRADE & TECH SCIENCES ,NJ,07513-1402,Proprietary  ,19,27,46,133,265,398
00860900,RABBINICAL COLLEGE OF AMERICA           ,NJ,07960-3600,Private      ,11,4,15,91,32,123
00907800,CAPRI INSTITUTE OF HAIR DESIGN          ,NJ,07011-2111,Proprietary  ,11,33,44,100,237,337
00934400,RAMAPO COLLEGE OF NEW JERSEY            ,NJ,07430-1680,Public       ,98,54,152,8046,1763,9809
00934500,RICHARD STOCKTON COLLEGE OF NJ          ,NJ,08205-9441,Public       ,95,93,188,9926,3725,13651
00982804,EVEREST INSTITUTE - SOUTH PLAINFIELD    ,NJ,07080-1125,Proprietary  ,35,91,126,278,686,964
00999400,PASSAIC COUNTY COMMUNITY COLLEGE        ,NJ,07505-1179,Public       ,210,421,631,5044,5792,10836
01062900,P B COSMETOLOGY EDUCATION CENTRE        ,NJ,08030-1750,Proprietary  ,7,16,23,112,146,258
01085100,ANTHEM INSTITUTE                        ,NJ,07054-3409,Proprietary  ,30,139,169,224,799,1023
01085101,ANTHEM INSTITUTE                        ,NJ,07306-0000,Proprietary  ,0,6,6,46,140,186
01085102,ANTHEM INSTITUTE                        ,NJ,08902-0000,Proprietary  ,1,3,4,38,110,148
01090300,RIZZIERI INSTITUTE                      ,NJ,08043-4600,Proprietary  ,14,27,41,158,203,361
01152300,MORRIS COUNTY SCHOOL OF TECHNOLOGY      ,NJ,07834-0000,Public       ,1,3,4,69,110,179
01198900,TALMUDICAL ACADEMY                      ,NJ,07710-0000,Private      ,3,0,3,51,6,57
01209000,ROBERT FIANCE BEAUTY SCHOOLS            ,NJ,08861-4118,Proprietary  ,6,23,29,117,190,307
01246100,LINCOLN TECHNICAL INSTITUTE             ,NJ,08820-2896,Proprietary  ,31,61,92,306,742,1048
01246102,LINCOLN TECHNICAL INSTITUTE             ,NJ,08057-3212,Proprietary  ,14,90,104,242,791,1033
01246103,LINCOLN TECHNICAL INSTITUTE             ,NJ,07652-2106,Proprietary  ,35,71,106,408,790,1198
01246200,HOHOKUS - HACKENSACK SCHOOL OF BUSINESS ,NJ,07601-7197,Proprietary  ,15,73,88,165,624,789
01295400,HUDSON COUNTY COMMUNITY COLLEGE         ,NJ,07306-4012,Public       ,249,417,666,5957,7168,13125
02053700,EASTWICK COLLEGE                        ,NJ,07446-0000,Proprietary  ,22,63,85,412,1318,1730
02061800,ROMAN ACADEMY OF BEAUTY CULTURE         ,NJ,07506-0000,Proprietary  ,5,3,8,23,26,49
02092300,HOHOKUS SCHOOL - RETS/NUTLEY            ,NJ,07110-0000,Proprietary  ,19,48,67,205,454,659
02103700,CAPRI INSTITUTE OF HAIR DESIGN          ,NJ,07652-0000,Proprietary  ,2,14,16,70,116,186
02104000,HARRIS SCHOOL OF BUSINESS               ,NJ,08002-2983,Proprietary  ,94,292,386,568,2100,2668
02106601,AMERICAN INSTITUTE - CLIFTON            ,NJ,07011-2345,Proprietary  ,37,113,150,256,723,979
02106605,AMERICAN INSTITUTE - TOMS RIVER         ,NJ,08755-1524,Proprietary  ,10,110,120,97,538,635
02131100,DU CRET SCHOOL OF THE ARTS              ,NJ,07060-0000,Private      ,1,1,2,40,24,64
02131600,PENNCO TECH                             ,NJ,08012-0000,Proprietary  ,62,119,181,518,838,1356
02132300,FORTIS INSTITUTE                        ,NJ,07470-7041,Proprietary  ,38,106,144,437,749,1186
02146800,JOE KUBERT SCH OF CARTOON & GRAPHIC     ,NJ,07801-0000,Proprietary  ,1,1,2,89,64,153
02154000,DIVERS ACAD OF EASTERN SEABOARD         ,NJ,08081-1139,Proprietary  ,10,32,42,106,218,324
02183600,CAPRI INSTITUTE OF HAIR DESIGN          ,NJ,07033-0000,Proprietary  ,5,16,21,72,155,227
02192200,THOMAS EDISON STATE COLLEGE             ,NJ,08608-0000,Public       ,40,765,805,666,9436,10102
02219600,OMEGA INSTITUTE                         ,NJ,08109-0000,Proprietary  ,0,1,1,37,135,172
02223700,ROBERT FIANCE BEAUTY SCHOOLS            ,NJ,07093-4623,Proprietary  ,13,45,58,85,258,343
02223900,DRAKE COLLEGE OF BUSINESS               ,NJ,07201-0000,Proprietary  ,8,39,47,133,961,1094
02223902,DRAKE COLLEGE OF BUSINESS - NEWARK CAMPU,NJ,07112-2760,Proprietary  ,12,32,44,234,1299,1533
02232500,UNION COUNTY VOCATIONAL TECH INST       ,NJ,07076-0000,Public       ,4,6,10,96,116,212
02234600,ATLANTIC BEAUTY & SPA ACADEMY           ,NJ,08234-2621,Proprietary  ,8,33,41,81,219,300
02246000,ROSS UNIVERSITY - MEDICAL SCHOOL        ,NJ,08837-0000,Proprietary  ,5,203,208,40,3754,3794
02248600,COOPER HEALTH SYS-CTR ALLIED HEALTH     ,NJ,08103-0000,Private      ,3,16,19,118,458,576
02265500,CAPRI INSTITUTE OF HAIR DESIGN          ,NJ,08724-0000,Proprietary  ,4,23,27,64,175,239
02277900,ROSS UNIV - SCH OF VETERINARY MED       ,NJ,08837-0000,Proprietary  ,2,76,78,19,1609,1628
02312000,BERGEN COUNTY TECHNICAL SCHOOLS         ,NJ,07601-6110,Public       ,8,16,24,137,210,347
02503900,WARREN COUNTY COMMUNITY COLLEGE         ,NJ,07882-0000,Public       ,16,40,56,747,774,1521
02523700,OCEAN COUNTY VOCATIONAL-TECH SCHOOL     ,NJ,08753-0000,Public       ,11,20,31,306,555,861
02525900,ARTISTIC ACADEMY OF HAIR DESIGN         ,NJ,07950-1409,Proprietary  ,5,17,22,90,101,191
02528200,ROBERT FIANCE BEAUTY SCHOOLS            ,NJ,07060-4840,Proprietary  ,5,25,30,77,207,284
02558700,PRISM CAREER INSTITUTE                  ,NJ,08037-0000,Proprietary  ,16,76,92,168,808,976
02568800,SUSSEX COUNTY COMMUNITY COLLEGE         ,NJ,07860-1149,Public       ,43,73,116,1697,1209,2906
02586900,HARRIS SCHOOL OF BUSINESS               ,NJ,08043-2604,Proprietary  ,33,162,195,215,1027,1242
02616402,SANFORD-BROWN INSTITUTE - ISELIN        ,NJ,08830-0000,Proprietary  ,18,58,76,212,569,781
03077500,RABBI JACOB JOSEPH SCHOOL               ,NJ,08817-4494,Private      ,2,0,2,33,6,39
03122600,EASTERN INTERNATIONAL COLLEGE           ,NJ,07306-3906,Proprietary  ,10,36,46,206,582,788
03187300,STENOTECH CAREER INSTITUTE              ,NJ,07004-0000,Proprietary  ,1,3,4,17,41,58
03197300,INSTITUTE FOR HEALTH EDUCATION(THE)     ,NJ,07306-2929,Proprietary  ,0,2,2,37,123,160
03324300,CENTRAL CAREER SCHOOL                   ,NJ,07080-2408,Proprietary  ,7,51,58,42,244,286
03380302,STAR CAREER ACADEMY - STAR NEWARK       ,NJ,07102-4510,Proprietary  ,28,103,131,249,904,1153
03380303,STAR CAREER ACADEMY - STAR CLIFTON      ,NJ,07011-2248,Proprietary  ,8,29,37,97,319,416
03389300,ACADEMY OF MASSAGE THERAPY              ,NJ,07631-0000,Proprietary  ,0,0,0,26,70,96
03536300,INSTITUTE FOR THERAPEUTIC MASSAGE       ,NJ,07420-1452,Proprietary  ,7,39,46,43,175,218
03650600,PC AGE                                  ,NJ,07306-3936,Proprietary  ,12,49,61,70,359,429
03650603,PC AGE                                  ,NJ,08817-2842,Proprietary  ,1,5,6,11,65,76
03666300,PILLAR COLLEGE                          ,NJ,07102-5511,Private      ,3,43,46,119,881,1000
03803300,HEALTHCARE TRAINING INSTITUTE           ,NJ,07083-3504,Proprietary  ,6,32,38,98,421,519
03811300,EASTERN SCHOOL OF ACUPUNCTURE AND TRADIT,NJ,07042-3562,Proprietary  ,0,7,7,6,74,80
04081300,BAIS MEDRASH TORAS CHESED               ,NJ,08701-0000,Private      ,4,2,6,40,15,55
04123400,YESHIVAS BE'ER YITZCHOK                 ,NJ,07208-2380,Private      ,4,2,6,24,51,75
04125000,GENTLE HEALING SCHOOL OF MASSAGE        ,NJ,08512-3600,Proprietary  ,0,3,3,7,41,48
04131100,YESHIVA TORAS CHAIM                     ,NJ,08701-2120,Private      ,5,0,5,134,2,136
04131200,TOTAL IMAGE BEAUTY ACADEMY              ,NJ,07307-2943,Proprietary  ,3,11,14,34,133,167
04134100,JERSEY COLLEGE                          ,NJ,07608-1104,Proprietary  ,28,270,298,232,2750,2982
04136400,AMERICAN INSTITUTE OF MEDICAL SCIENCES &,NJ,07080-1183,Proprietary  ,8,35,43,103,378,481
04154500,STARTING POINTS FOR CHILDREN            ,NJ,07306-0001,Private      ,5,19,24,22,145,167
04154900,NATIONAL CAREER INSTITUTE               ,NJ,07018-2011,Proprietary  ,4,76,80,22,273,295
04154901,NATIONAL CAREER INSTITUTE - JERSEY CITY ,NJ,07306-4300,Proprietary  ,6,46,52,51,262,313
04173100,LAB PAUL MITCHELL PARTNER SCHOOL (THE)  ,NJ,08628-2500,Proprietary  ,5,11,16,90,110,200
04180300,MESIVTA KESER TORAH                     ,NJ,07719-2409,Private      ,6,2,8,6,4,10
04181400,BEST CARE TRAINING INSTITUTE            ,NJ,07018-1703,Proprietary  ,3,9,12,27,203,230
04184500,CHRISTINE VALMY INTERNATIONAL SCHOOL OF ,NJ,07058-9589,Proprietary  ,2,14,16,35,101,136
04188700,ASI CAREER INSTITUTE                    ,NJ,08012-1043,Proprietary  ,1,21,22,33,217,250
04192400,YESHIVA GEDOLAH ZICHRON LEYMA           ,NJ,07036-3905,Private      ,0,0,0,2,7,9
04207500,MEDICAL CAREER INSTITUTE                ,NJ,07712-7202,Proprietary  ,1,40,41,45,213,258
04215600,AMERICAN INSTITUTE OF PHARMACEUTICAL TEC,NJ,07601-9991,Proprietary  ,1,18,19,1,19,20
04216000,UNIVERSAL TRAINING INSTITUTE            ,NJ,08861-4106,Proprietary  ,2,30,32,34,203,237
04216100,YESHIVA YESODEI HATORAH                 ,NJ,08701-4946,Private      ,7,0,7,9,2,11
04216500,RIZZIERI INSTITUTE                      ,NJ,08043-1911,Proprietary  ,4,16,20,60,96,156
04218200,PAUL MITCHELL THE SCHOOL - JERSEY SHORE ,NJ,08723-3413,Proprietary  ,9,14,23,123,142,265
04218500,SALON PROFESSIONAL ACADEMY THE          ,NJ,07080-0000,Proprietary  ,6,24,30,60,162,222
00266500,VAUGHN COLLEGE OF AERONAUTICS AND TECHNO,NY,11369-9997,Private      ,33,39,72,1323,1002,2325
00266600,ADELPHI UNIVERSITY                      ,NY,11530-4299,Private      ,109,150,259,9001,4677,13678
00266700,DOWLING COLLEGE                         ,NY,11769-1999,Private      ,21,51,72,1857,1063,2920
00266800,ALFRED UNIVERSITY                       ,NY,14802-1205,Private      ,28,28,56,3762,755,4517
00266900,BANK STREET COLLEGE OF EDUCATION        ,NY,10025-0000,Private      ,0,20,20,24,738,762
00267100,BARD COLLEGE                            ,NY,12504-5000,Private      ,28,15,43,3790,755,4545
00267400,NEW YORK THEOLOGICAL SEMINARY           ,NY,10115-0002,Private      ,1,8,9,6,303,309
00267700,BROOKLYN LAW SCHOOL                     ,NY,11201-0000,Private      ,3,31,34,114,2447,2561
00267800,BRYANT & STRATTON COLLEGE               ,NY,14203-1713,Proprietary  ,228,1613,1841,3036,17223,20259
00267803,BRYANT & STRATTON COLLEGE - GREECE      ,NY,14606-4227,Proprietary  ,14,111,125,386,1432,1818
00267805,BRYANT & STRATTON COLLEGE - SYRACUSE    ,NY,13203-2502,Proprietary  ,37,140,177,628,1633,2261
00267807,BRYANT & STRATTON COLLEGE - ALBANY      ,NY,12205-5230,Proprietary  ,11,81,92,277,1024,1301
00268100,CANISIUS COLLEGE                        ,NY,14208-1098,Private      ,41,63,104,4597,1804,6401
00268500,CAZENOVIA COLLEGE                       ,NY,13035-1085,Private      ,18,8,26,1989,244,2233
00268700,CUNY-BROOKLYN COLLEGE                   ,NY,11210-2814,Public       ,298,382,680,21533,13847,35380
00268800,CITY COLLEGE-CUNY                       ,NY,10031-9198,Public       ,313,405,718,22780,12966,35746
00268900,CUNY-HUNTER COLLEGE                     ,NY,10021-0000,Public       ,400,452,852,30368,18018,48386
00269000,QUEENS COLLEGE-CUNY                     ,NY,11367-1597,Public       ,311,383,694,19719,10364,30083
00269100,CUNY- BOROUGH OF MANHATTAN CMTY CLG     ,NY,10007-1047,Public       ,851,917,1768,32316,19903,52219
00269200,CUNY BRONX COMMUNITY COLLEGE            ,NY,10453-3102,Public       ,415,518,933,13191,12163,25354
00269300,CUNY-JOHN JAY CLG CRIMINAL JUSTICE      ,NY,10019-1093,Public       ,240,317,557,18438,9591,28029
00269400,KINGSBOROUGH COMMUNITY COLLEGE          ,NY,11235-2398,Public       ,637,660,1297,16477,10127,26604
00269600,NY CITY COLLEGE OF TECHNOLOGY-CUNY      ,NY,11201-2983,Public       ,394,436,830,20804,11264,32068
00269700,QUEENSBOROUGH COMMUNITY COLLEGE         ,NY,11364-1497,Public       ,344,292,636,16132,7847,23979
00269800,CUNY THE COLLEGE OF STATEN ISLAND       ,NY,10314-6600,Public       ,291,190,481,15240,5481,20721
00269900,CLARKSON UNIVERSITY                     ,NY,13699-5615,Private      ,38,19,57,6580,594,7174
00270000,COLGATE ROCHESTER CROZER DIVINITY S     ,NY,14620-0000,Private      ,0,1,1,6,101,107
00270100,COLGATE UNIVERSITY                      ,NY,13346-1386,Private      ,27,3,30,4588,120,4708
00270300,COLLEGE OF MOUNT SAINT VINCENT          ,NY,10471-1093,Private      ,25,16,41,2781,529,3310
00270400,COLLEGE OF NEW ROCHELLE                 ,NY,10805-2339,Private      ,33,290,323,1438,4607,6045
00270500,COLLEGE OF SAINT ROSE                   ,NY,12203-1490,Private      ,64,57,121,5076,1815,6891
00270700,COLUMBIA UNIVERSITY                     ,NY,10027-0000,Private      ,243,442,685,23504,21953,45457
00270800,BARNARD COLLEGE-COLUMBIA UNIV           ,NY,10027-6598,Private      ,32,13,45,4651,524,5175
00270900,CONCORDIA COLLEGE                       ,NY,10708-1998,Private      ,12,51,63,961,719,1680
00271000,COOPER UNION                            ,NY,10003-7120,Private      ,16,11,27,1468,336,1804
00271100,CORNELL UNIVERSITY                      ,NY,14853-2801,Private      ,195,100,295,30801,6302,37103
00271101,WEILL CORNELL MEDICAL COLLEGE AND GRADUA,NY,10021-0000,Private      ,2,28,30,50,796,846
00271200,D'YOUVILLE COLLEGE                      ,NY,14201-1084,Private      ,17,46,63,2082,2312,4394
00271300,DOMINICAN COLLEGE                       ,NY,10962-1299,Private      ,31,51,82,1931,1174,3105
00271800,ELMIRA COLLEGE                          ,NY,14901-2099,Private      ,14,15,29,2413,343,2756
00272200,FORDHAM UNIVERSITY                      ,NY,10458-5157,Private      ,233,199,432,27735,9407,37142
00272600,GENERAL THEOLOGICAL SEMINARY            ,NY,10011-0000,Private      ,0,0,0,4,76,80
00272800,HAMILTON COLLEGE                        ,NY,13323-1218,Private      ,18,2,20,3133,82,3215
00272900,HARTWICK COLLEGE                        ,NY,13820-4020,Private      ,21,7,28,3973,214,4187
00273100,HOBART & WILLIAM SMITH COLLEGES         ,NY,14456-3397,Private      ,15,3,18,3607,105,3712
00273200,HOFSTRA UNIVERSITY                      ,NY,11549-1010,Private      ,176,101,277,18470,5582,24052
00273400,HOUGHTON COLLEGE                        ,NY,14744-0128,Private      ,7,8,15,1340,188,1528
00273500,HILBERT COLLEGE                         ,NY,14075-1597,Private      ,5,11,16,1106,373,1479
00273700,IONA COLLEGE                            ,NY,10801-1890,Private      ,107,41,148,8037,1155,9192
00273900,ITHACA COLLEGE                          ,NY,14850-7130,Private      ,122,16,138,15507,1076,16583
00274000,JEWISH THEOLOGICAL SEMINARY OF AMER     ,NY,10027-4649,Private      ,2,0,2,136,157,293
00274200,THE JUILLIARD SCHOOL                    ,NY,10023-6588,Private      ,18,10,28,1613,876,2489
00274400,KEUKA COLLEGE                           ,NY,14478-0000,Private      ,15,42,57,1704,1413,3117
00274800,LEMOYNE COLLEGE                         ,NY,13214-1399,Private      ,40,42,82,5659,1074,6733
00274900,NEW YORK COLLEGE OF PODIATRIC MED       ,NY,10035-1940,Private      ,0,1,1,43,463,506
00275100,LONG ISLAND UNIVERSITY                  ,NY,11548-1326,Private      ,159,404,563,13404,11191,24595
00275800,MANHATTAN COLLEGE                       ,NY,10471-4098,Private      ,54,26,80,7337,885,8222
00275900,MANHATTAN SCHOOL OF MUSIC               ,NY,10027-4689,Private      ,8,10,18,665,651,1316
00276000,MANHATTANVILLE COLLEGE                  ,NY,10577-2132,Private      ,42,54,96,3299,886,4185
00276300,MARIA COLLEGE                           ,NY,12208-1798,Private      ,7,30,37,324,931,1255
00276500,MARIST COLLEGE                          ,NY,12601-1387,Private      ,66,59,125,9720,1586,11306
00276900,MARYMOUNT MANHATTAN COLLEGE             ,NY,10021-4597,Private      ,43,12,55,3960,414,4374
00277200,MERCY COLLEGE                           ,NY,10522-1189,Private      ,109,340,449,6632,7964,14596
00277500,MOLLOY COLLEGE                          ,NY,11570-1100,Private      ,50,74,124,4357,2559,6916
00277700,MEDAILLE COLLEGE                        ,NY,14214-2695,Private      ,25,108,133,1788,1797,3585
00277800,MOUNT SAINT MARY COLLEGE                ,NY,12550-3494,Private      ,33,47,80,4024,1326,5350
00277900,NAZARETH COLLEGE OF ROCHESTER           ,NY,14618-3790,Private      ,24,17,41,3979,1505,5484
00278200,NEW YORK INSTITUTE OF TECHNOLOGY        ,NY,11568-8000,Private      ,95,94,189,6622,2697,9319
00278202,NY INSTITUTE OF TECHNOLOGY-OSTEOPATHIC M,NY,11568-0000,Private      ,1,4,5,73,1159,1232
00278300,NEW YORK LAW SCHOOL                     ,NY,10013-0000,Private      ,3,23,26,88,2280,2368
00278400,NEW YORK MEDICAL COLLEGE                ,NY,10595-0000,Private      ,0,11,11,49,1962,2011
00278500,NEW YORK UNIVERSITY                     ,NY,10012-1091,Private      ,475,620,1095,44475,29512,73987
00278520,NEW YORK UNIVERSITY - BROOKLYN          ,NY,11201-3840,Private      ,0,0,0,751,163,914
00278800,NIAGARA UNIVERSITY                      ,NY,14109-2010,Private      ,41,42,83,3949,1015,4964
00279000,NYACK COLLEGE                           ,NY,10960-3698,Private      ,23,118,141,1340,1942,3282
00279100,PACE UNIVERSITY - NEW YORK              ,NY,10038-1598,Private      ,158,176,334,13338,4756,18094
00279101,PACE UNIVERSITY-PLEASANTVILLE           ,NY,10570-0000,Private      ,44,62,106,4177,1515,5692
00279102,PACE UNIVERSITY - WHITE PLAINS          ,NY,10603-0000,Private      ,9,42,51,628,1723,2351
00279500,PAUL SMITHS CLG OF ARTS & SCIENCES      ,NY,12970-0000,Private      ,7,4,11,1230,161,1391
00279800,PRATT INSTITUTE                         ,NY,11205-3899,Private      ,57,44,101,5506,2361,7867
00280300,RENSSELAER POLYTECHNIC INSTITUTE        ,NY,12180-3590,Private      ,80,11,91,13130,754,13884
00280500,ROBERTS WESLEYAN COLLEGE                ,NY,14624-1997,Private      ,18,92,110,1370,1541,2911
00280600,ROCHESTER INSTITUTE OF TECHNOLOGY       ,NY,14623-5608,Private      ,134,74,208,17245,2927,20172
00280700,ROCKEFELLER UNIVERSITY                  ,NY,10021-0000,Private      ,1,3,4,41,75,116
00280800,DAEMEN COLLEGE                          ,NY,14226-3592,Private      ,26,49,75,2884,1359,4243
00281000,THE SAGE COLLEGES                       ,NY,12180-4199,Private      ,24,50,74,2211,2003,4214
00281200,TROCAIRE COLLEGE                        ,NY,14220-2094,Private      ,14,56,70,949,1744,2693
00281300,SARAH LAWRENCE COLLEGE                  ,NY,10708-5999,Private      ,22,8,30,2336,675,3011
00281400,SKIDMORE COLLEGE                        ,NY,12866-1632,Private      ,28,6,34,4835,168,5003
00281500,ST BERNARDS SCH THEOLOGY & MINISTRY     ,NY,14618-3822,Private      ,0,1,1,1,45,46
00281600,SIENA COLLEGE                           ,NY,12211-1462,Private      ,47,10,57,6320,319,6639
00281700,ST BONAVENTURE UNIVERSITY               ,NY,14778-2284,Private      ,15,13,28,2845,526,3371
00282000,ST FRANCIS COLLEGE                      ,NY,11201-4398,Private      ,52,51,103,3225,883,4108
00282100,ST JOHN FISHER COLLEGE                  ,NY,14618-3597,Private      ,34,44,78,4878,2024,6902
00282200,CHRIST THE KING SEMINARY                ,NY,14052-0607,Private      ,0,0,0,0,10,10
00282300,ST JOHN'S UNIVERSITY                    ,NY,11439-1343,Private      ,261,143,404,25932,6696,32628
00282500,ST JOSEPH'S COLLEGE                     ,NY,11205-3688,Private      ,17,68,85,1643,974,2617
00282501,ST JOSEPH'S COLLEGE-SUFFOLK CAMPUS      ,NY,11772-0000,Private      ,38,93,131,3010,1802,4812
00282900,ST LAWRENCE UNIVERSITY                  ,NY,13617-1455,Private      ,21,1,22,2816,172,2988
00283200,ST THOMAS AQUINAS COLLEGE               ,NY,10976-1050,Private      ,32,18,50,1954,303,2257
00283300,ST VLADIMIR ORTHODOX THEOL SEM          ,NY,10707-0000,Private      ,0,0,0,0,63,63
00283400,EXCELSIOR COLLEGE                       ,NY,12203-5159,Private      ,37,1622,1659,683,14741,15424
00283500,SUNY AT ALBANY                          ,NY,12222-0001,Public       ,267,141,408,22962,5416,28378
00283600,BINGHAMTON UNIVERSITY (SUNY)            ,NY,13902-6000,Public       ,259,77,336,26128,3334,29462
00283700,SUNY AT BUFFALO                         ,NY,14260-0001,Public       ,276,200,476,26547,10250,36797
00283800,SUNY AT STONY BROOK                     ,NY,11794-0701,Public       ,369,223,592,30522,8858,39380
00283900,SUNY-DOWNSTATE MEDICAL CENTER           ,NY,11203-2098,Public       ,6,34,40,274,2561,2835
00284000,SUNY UPSTATE MEDICAL UNIVERSITY         ,NY,13210-2375,Public       ,2,21,23,295,1534,1829
00284100,SUNY BROCKPORT - FIN AID OFF            ,NY,14420-2914,Public       ,110,91,201,10853,3206,14059
00284200,BUFFALO STATE COLLEGE - SUNY            ,NY,14222-1095,Public       ,221,162,383,14881,5379,20260
00284300,SUNY COLLEGE-CORTLAND                   ,NY,13045-0900,Public       ,122,47,169,12284,1524,13808
00284400,SUNY AT FREDONIA                        ,NY,14063-1145,Public       ,65,22,87,7754,1005,8759
00284500,SUNY GENESEO                            ,NY,14454-1401,Public       ,98,12,110,9674,626,10300
00284600,SUNY COLLEGE-NEW PALTZ                  ,NY,12561-2499,Public       ,148,64,212,13164,2331,15495
00284700,SUNY COLLEGE-ONEONTA                    ,NY,13820-4015,Public       ,111,21,132,11770,883,12653
00284800,SUNY OSWEGO                             ,NY,13126-3599,Public       ,112,55,167,12439,2122,14561
00284900,SUNY COLLEGE AT PLATTSBURGH             ,NY,12901-2681,Public       ,96,50,146,8484,1569,10053
00285000,SUNY COLLEGE-POTSDAM                    ,NY,13676-2294,Public       ,52,20,72,6216,995,7211
00285100,SUNY COLLEGE OF ENVIRONMENT SCIENCE AND ,NY,13210-2778,Public       ,23,16,39,2429,620,3049
00285300,SUNY MARITIME COLLEGE                   ,NY,10465-4198,Public       ,22,10,32,2067,405,2472
00285400,SUNY COLLEGE OF TECHNOLOGY-ALFRED       ,NY,14802-9951,Public       ,52,32,84,5124,1175,6299
00285500,SUNY CANTON COLG OF TECHNOLOGY          ,NY,13617-1098,Public       ,43,55,98,3987,1574,5561
00285600,SUNY AG & TECH COLLEGE-COBLESKILL       ,NY,12043-9986,Public       ,45,24,69,3627,677,4304
00285700,SUNY DELHI                              ,NY,13753-1190,Public       ,54,63,117,4847,1414,6261
00285800,SUNY FARMINGDALE                        ,NY,11735-1021,Public       ,133,112,245,7943,3135,11078
00285900,SUNY COLLEGE OF AG & TECH AT MORRISVILLE,NY,13408-0901,Public       ,51,34,85,4406,1078,5484
00286000,ADIRONDACK COMMUNITY COLLEGE            ,NY,12804-1445,Public       ,71,84,155,2589,1903,4492
00286100,CAYUGA COMMUNITY COLLEGE                ,NY,13021-3099,Public       ,48,120,168,1783,2282,4065
00286200,BROOME COMMUNITY COLLEGE                ,NY,13902-0000,Public       ,104,145,249,4086,3039,7125
00286300,CORNING COMMUNITY COLLEGE               ,NY,14830-3297,Public       ,48,85,133,2034,1869,3903
00286400,DUTCHESS COMMUNITY COLLEGE              ,NY,12601-1595,Public       ,133,116,249,4988,2522,7510
00286600,FASHION INSTITUTE OF TECHNOLOGY         ,NY,10001-5992,Public       ,106,118,224,9942,3835,13777
00286700,SUNY FULTON MONTGOMERY COMM CLG         ,NY,12095-3790,Public       ,37,58,95,1842,1197,3039
00286800,HUDSON VALLEY COMMUNITY COLLEGE         ,NY,12180-6096,Public       ,157,200,357,6836,5029,11865
00286900,JAMESTOWN COMMUNITY COLLEGE             ,NY,14702-0020,Public       ,38,52,90,2622,1851,4473
00287000,JEFFERSON COMMUNITY COLLEGE             ,NY,13601-1897,Public       ,58,240,298,1766,3023,4789
00287100,"SUNY, MOHAWK VALLEY COMMUNITY CLG       ",NY,13501-5394,Public       ,82,122,204,4063,3488,7551
00287200,MONROE COMMUNITY COLLEGE                ,NY,14623-5780,Public       ,211,335,546,10333,10207,20540
00287300,NASSAU COMMUNITY COLLEGE                ,NY,11530-6793,Public       ,404,401,805,13687,8137,21824
00287400,NIAGARA COUNTY COMMUNITY COLLEGE        ,NY,14132-9460,Public       ,79,95,174,4130,3063,7193
00287500,ONONDAGA COMMUNITY COLLEGE              ,NY,13215-4585,Public       ,193,251,444,7859,5002,12861
00287600,ORANGE COUNTY COMMUNITY COLLEGE         ,NY,10940-6441,Public       ,95,138,233,3437,2749,6186
00287700,ROCKLAND COMMUNITY COLLEGE              ,NY,10901-3611,Public       ,114,172,286,3081,2535,5616
00287800,SUFFOLK COMMUNITY COLLEGE               ,NY,11784-2899,Public       ,212,157,369,7932,4029,11961
00287801,SUFFOLK COMMUNITY CLG-W. CAMPUS         ,NY,11717-0000,Public       ,125,141,266,5539,3823,9362
00287803,SUFFOLK COMMUNITY CLG-EASTRN CAMPUS     ,NY,11901-0000,Public       ,50,68,118,2102,1393,3495
00287900,SULLIVAN COUNTY COMMUNITY COLLEGE       ,NY,12759-5151,Public       ,31,41,72,1383,741,2124
00288000,ULSTER COUNTY COMMUNITY COLLEGE         ,NY,12484-0557,Public       ,42,53,95,1364,1223,2587
00288100,SUNY WESTCHESTER COMMUNITY COLLEGE      ,NY,10595-1698,Public       ,200,258,458,7435,6078,13513
00288200,SYRACUSE UNIVERSITY                     ,NY,13244-2130,Private      ,243,233,476,26801,6768,33569
00288300,UTICA COLLEGE- UTICA                    ,NY,13502-4892,Private      ,56,114,170,3995,2647,6642
00288500,ALBANY COLLEGE OF PHARMACY AND HEALTH SC,NY,12208-3492,Private      ,13,6,19,1949,881,2830
00288600,ALBANY LAW SCHOOL                       ,NY,12208-0000,Private      ,0,5,5,84,920,1004
00288700,ALBANY MEDICAL COLLEGE                  ,NY,12208-0000,Private      ,3,6,9,120,1250,1370
00288900,UNION COLLEGE                           ,NY,12308-2311,Private      ,27,3,30,3837,148,3985
00289000,UNION THEOLOGICAL SEMINARY              ,NY,10027-0000,Private      ,0,3,3,2,283,285
00289200,UNITED STATES MERCHANT MARINE ACADEMY   ,NY,11024-1634,Public       ,9,1,10,402,29,431
00289400,UNIVERSITY OF ROCHESTER                 ,NY,14627-9000,Private      ,65,91,156,9529,2160,11689
00289401,EASTMAN SCH OF MUSIC/UNIV ROCHESTER     ,NY,14604-0000,Private      ,6,6,12,884,440,1324
00289402,UNIV OF ROCHESTER SCHL OF MEDICINE      ,NY,14642-0000,Private      ,2,8,10,92,718,810
00289500,VASSAR COLLEGE                          ,NY,12604-0008,Private      ,23,7,30,5009,215,5224
00289600,VILLA MARIA COLLEGE-BUFFALO             ,NY,14225-3999,Private      ,14,11,25,515,374,889
00289900,WAGNER COLLEGE                          ,NY,10301-4495,Private      ,26,20,46,2873,653,3526
00290000,WEBB INSTITUTE                          ,NY,11542-1398,Private      ,1,1,2,93,5,98
00290100,WELLS COLLEGE                           ,NY,13026-0500,Private      ,8,1,9,1399,102,1501
00290300,YESHIVA UNIVERSITY                      ,NY,10033-3201,Private      ,30,35,65,2538,2586,5124
00290302,YESHIVA UNIVERSITY - BRONX CAMPUS       ,NY,10461-1975,Private      ,2,7,9,101,1179,1280
00397400,MESIVTHA TIFERETH JERUSALEM OF AMER     ,NY,10002-6382,Private      ,4,0,4,42,2,44
00397600,RABBINICAL ACAD MESIVTA RABBI CHAIM     ,NY,11230-4715,Private      ,16,0,16,31,1,32
00397700,RABBINICAL COLLEGE CH'SAN SOFER         ,NY,11204-1252,Private      ,1,19,20,2,26,28
00397800,RABBINICAL SEMINARY OF AMERICA          ,NY,11375-0000,Private      ,7,7,14,104,48,152
00397900,COLUMBIA UNIV TEACHERS COLLEGE          ,NY,10027-0000,Private      ,0,219,219,134,4965,5099
00405400,HEBREW UNION COL-JEWISH INST OF REL     ,NY,10012-0000,Private      ,0,1,1,2,235,237
00475900,"CUNY, YORK COLLEGE                      ",NY,11451-0001,Public       ,190,206,396,13290,6935,20225
00476500,CUNY GRADUATE SCH & UNIV CTR            ,NY,10016-4309,Public       ,7,112,119,147,3535,3682
00477600,CENTRAL YESHIVA TOMCHEI TMIMIM LUBA     ,NY,11230-2798,Private      ,169,5,174,326,36,362
00478800,HERKIMER COUNTY COMMUNITY COLLEGE       ,NY,13350-1598,Public       ,42,77,119,2038,1416,3454
00479800,MIRRER YESHIVA CENTRAL INST             ,NY,11223-2010,Private      ,5,3,8,56,24,80
00479900,MONROE COLLEGE                          ,NY,10468-4305,Proprietary  ,175,325,500,5378,6606,11984
00481100,EVEREST INSTITUTE                       ,NY,14621-3007,Proprietary  ,16,66,82,163,919,1082
00506400,SAINT JAMES MERCY HOSPITAL SCHOOL OF RAD,NY,14843-2197,Private      ,0,1,1,7,16,23
00517700,LONG ISLAND COLLEGE HOSPITAL SCHOOL OF R,NY,11201-0000,Private      ,0,0,0,130,234,364
00520800,THE COLLEGE OF WESTCHESTER              ,NY,10602-0000,Proprietary  ,27,62,89,928,962,1890
00587700,ROBERT J HOCHSTIM SCHOOL OF RADIOG      ,NY,11572-1151,Private      ,1,0,1,4,8,12
00643501,ARNOT OGDEN MEDICAL CENTER              ,NY,14905-1676,Private      ,1,1,2,45,52,97
00643800,PHILLIPS BETH ISRAEL SCH OF NURSING     ,NY,10001-6354,Private      ,1,8,9,81,438,519
00644300,COCHRAN SCH NSG-ST JOHN RVSDE HOSP      ,NY,10701-1399,Private      ,1,5,6,40,212,252
00644500,CROUSE HOSP SCH OF NURSING              ,NY,13210-1690,Private      ,3,11,14,265,419,684
00644800,BELANGER SCHOOL OF NURSING              ,NY,12304-1009,Private      ,2,3,5,85,175,260
00646100,SAINT ELIZABETH MEDICAL CENTER          ,NY,13501-2998,Private      ,0,5,5,161,205,366
00646102,ST ELIZABETH SCH OF RADIOGRAPHY         ,NY,13501-0000,Private      ,0,0,0,4,24,28
00646700,SAINT JOSEPH'S COLLEGE OF NURSING       ,NY,13203-1806,Private      ,2,9,11,229,316,545
00678200,GENESEE COMMUNITY COLLEGE               ,NY,14020-9704,Public       ,53,120,173,3177,2852,6029
00678500,SCHENECTADY COUNTY COMMUNITY CLG        ,NY,12305-2294,Public       ,86,100,186,2605,2578,5183
00678700,CLINTON COMMUNITY COLLEGE               ,NY,12901-5690,Public       ,26,33,59,1131,743,1874
00678800,TOMPKINS CORTLAND COMMUNITY COLLEGE     ,NY,13053-0139,Public       ,47,70,117,2761,1783,4544
00678900,COLUMBIA-GREENE COMMUNITY COLLEGE       ,NY,12534-9543,Public       ,35,47,82,959,1032,1991
00679100,SUNY AT PURCHASE                        ,NY,10577-1400,Public       ,110,38,148,8093,1214,9307
00702200,CUNY-LEHMAN COLLEGE                     ,NY,10468-1589,Public       ,194,344,538,14708,13571,28279
00702600,MOUNT SINAI SCHOOL OF MEDICINE          ,NY,10029-0000,Private      ,3,18,21,50,1135,1185
00710900,SUNY COLLEGE-OLD WESTBURY               ,NY,11568-0210,Public       ,88,77,165,5974,2457,8431
00711100,NORTH COUNTRY COMMUNITY COLLEGE         ,NY,12983-2046,Public       ,11,27,38,756,658,1414
00726400,MESIFTA TORAH VODAATH RABBINCAL SEM     ,NY,11218-5209,Private      ,1,89,90,17,144,161
00727300,CUNY-BERNARD BARUCH COLLEGE             ,NY,10010-5518,Public       ,265,308,573,20011,10901,30912
00730400,CULINARY INSTITUTE OF AMERICA           ,NY,12538-1499,Private      ,171,111,282,3986,1567,5553
00732916,ITT TECHNICAL INSTITUTE                 ,NY,12205-1003,Proprietary  ,14,66,80,187,593,780
00737200,AUSTIN'S SCHOOL OF SPA TECHNOLOGY       ,NY,12206-1513,Proprietary  ,18,86,104,123,449,572
00737500,ISLAND DRAFTING & TECHNICAL INST        ,NY,11701-2704,Proprietary  ,5,5,10,76,81,157
00738700,LONG ISLAND BEAUTY SCHOOL               ,NY,11788-4346,Proprietary  ,14,45,59,176,308,484
00738800,LONG ISLAND BEAUTY SCHOOL               ,NY,11550-3704,Proprietary  ,5,28,33,46,144,190
00739100,BEAUTY SCHOOL OF MIDDLETOWN             ,NY,10940-6574,Proprietary  ,7,16,23,58,97,155
00739400,BERKELEY COLLEGE                        ,NY,10017-0000,Proprietary  ,146,417,563,3336,5065,8401
00740100,MANDL SCHOOL                            ,NY,10019-5516,Proprietary  ,12,96,108,279,1083,1362
00740500,WOOD TOBE-COBURN SCHOOL                 ,NY,10016-0102,Proprietary  ,13,11,24,512,186,698
00746500,AMERICAN ACADEMY OF DRAMATIC ARTS       ,NY,10016-7089,Private      ,24,17,41,1272,441,1713
00746600,LIM COLLEGE                             ,NY,10022-5268,Proprietary  ,25,21,46,2271,630,2901
00746800,SCHOOL OF VISUAL ARTS                   ,NY,10010-3994,Proprietary  ,51,25,76,3978,1673,5651
00751800,APEX TECHNICAL SCHOOL                   ,NY,10011-0000,Proprietary  ,100,263,363,626,1791,2417
00752200,CONTINENTAL SCH OF BEAUTY CULTURE       ,NY,14623-3231,Proprietary  ,37,113,150,266,656,922
00752205,CONTINENTAL SCHOOL OF BEAUTY CULTURE - M,NY,13211-1003,Proprietary  ,0,0,0,16,41,57
00753200,FINGER LAKES COMMUNITY COLLEGE          ,NY,14424-8395,Public       ,82,126,208,3668,2798,6466
00757200,AMERICAN MUSICAL AND DRAMATIC ACAD      ,NY,10023-2106,Private      ,61,28,89,3186,633,3819
00757300,EMPIRE BEAUTY SCHOOL                    ,NY,11103-4028,Proprietary  ,67,251,318,710,1980,2690
00780400,STAR CAREER ACADEMY                     ,NY,10011-7307,Proprietary  ,35,113,148,222,769,991
00793809,LINCOLN TECHNICAL INSTITUTE - WHITESTONE,NY,11357-6092,Proprietary  ,47,52,99,600,392,992
00818900,CONTINENTAL SCHOOL OF BEAUTY CULTURE - B,NY,14224-3402,Proprietary  ,13,31,44,78,119,197
00818903,CONTINENTAL SCHOOL OF BEAUTY CULTURE - B,NY,14223-2911,Proprietary  ,5,20,25,101,233,334
00843700,CHAMPLAIN VALLEY - TEC/PRN              ,NY,12901-0000,Public       ,2,4,6,38,88,126
00849500,JAMESTOWN BUSINESS COLLEGE              ,NY,14702-0429,Proprietary  ,2,14,16,239,283,522
00861100,"CUNY, HOSTOS CMTY COLLEGE               ",NY,10451-1499,Public       ,196,267,463,9893,8902,18795
00861400,RABBINICAL CLG BOBOVER YESHIVA BNEI     ,NY,11219-3293,Private      ,34,18,52,145,58,203
00878800,STATE UNIVERSITY OF NEW YORK STUDENT LOA,NY,12246-0000,Public       ,6,8,14,513,381,894
00902900,NEIGHBORHOOD PLAYHOUSE                  ,NY,10022-5017,Private      ,0,1,1,32,56,88
00904300,ELMIRA BUSINESS INSTITUTE               ,NY,14901-2731,Proprietary  ,16,117,133,119,848,967
00907700,UTICA SCHOOL OF COMMERCE                ,NY,13501-2280,Proprietary  ,3,23,26,95,360,455
00924800,SAMARITAN HOSPITAL SCH NURSING          ,NY,12180-2475,Private      ,1,3,4,93,238,331
00928300,MIDWAY-PARIS BEAUTY SCHOOL              ,NY,11385-3453,Proprietary  ,3,22,25,27,127,154
00928400,BRITTANY BEAUTY SCHOOL                  ,NY,11756-1345,Proprietary  ,10,42,52,104,294,398
00933500,MESIVTA EASTERN PKWY RABBINICAL CLG     ,NY,11218-5559,Private      ,1,0,1,30,12,42
00947900,SAINT VINCENTS CMC SI NURSING SCHOOL    ,NY,10304-3850,Proprietary  ,18,46,64,300,730,1030
00976900,METROPOLITAN COLLEGE OF NEW YORK        ,NY,10013-1919,Private      ,13,113,126,281,2197,2478
00992900,SUNY COLLEGE OF OPTOMETRY               ,NY,10036-8003,Public       ,0,1,1,34,370,404
01005100,LA GUARDIA CMTY COLLEGE - CUNY          ,NY,11101-3083,Public       ,602,743,1345,19589,12919,32508
01005200,JEFFERSON-LEWIS BOCES PRAC NRSGPRG      ,NY,13601-9509,Public       ,2,5,7,34,188,222
01009700,CUNY-MEDGAR W EVERS COLLEGE             ,NY,11225-2010,Public       ,193,315,508,8177,6960,15137
01014200,TOURO COLLEGE                           ,NY,10010-4202,Private      ,150,491,641,3473,10271,13744
01014700,WESTERN SUFFOLK BOCES                   ,NY,11768-3499,Public       ,16,39,55,188,418,606
01015300,HELENE FULD COL OF NRSNG/N GEN HOSP     ,NY,10035-0000,Private      ,4,94,98,41,905,946
01028600,EMPIRE STATE COLLEGE                    ,NY,12866-4391,Public       ,33,611,644,1170,13587,14757
01037800,RABBINICAL COLLEGE OF LONG ISLAND       ,NY,11561-3244,Private      ,14,1,15,54,2,56
01054900,KEHILATH YAKOV RABBINICAL SEMINARY      ,NY,10562-1001,Private      ,36,4,40,66,4,70
01055100,NEW YORK SCH MED & DENTAL ASSISTANT     ,NY,11101-2327,Proprietary  ,23,52,75,160,340,500
01064100,SOUTHERN WESTCHESTER BOCES              ,NY,10543-0000,Public       ,1,4,5,37,215,252
01068400,ERIE COMMUNITY COLLEGE-ALL CAMPUSES     ,NY,14203-2698,Public       ,220,395,615,8115,8170,16285
01081300,AMERICAN ACAD MCALLISTER INST           ,NY,10019-3604,Private      ,7,25,32,139,688,827
01083700,SIMMONS INST OF FUNERAL SERVICE         ,NY,13207-2098,Proprietary  ,0,0,0,1,9,10
01094300,RABBINICAL COLLEGE BETH SHRAGA          ,NY,10952-3033,Private      ,6,0,6,12,0,12
01095200,PNW BOCES LPN PROGRAM                   ,NY,10598-0000,Public       ,0,4,4,18,57,75
01103100,TECHNICAL CAREER INSTITUTE              ,NY,10001-2789,Proprietary  ,119,343,462,1285,3297,4582
01118900,UNITED TALMUDICAL SEMINARY              ,NY,11211-7984,Private      ,293,268,561,1043,638,1681
01119200,BETH HAMEDRASH SHAAREI YOSHER INST      ,NY,11204-1052,Private      ,1,11,12,4,28,32
01161400,CHAMPLAIN VALLEY HOSP SCH RAD TECH      ,NY,12901-1490,Private      ,0,0,0,28,30,58
01161700,NEW YORK METHODIST HOSPITAL             ,NY,11229-9023,Private      ,8,30,38,122,517,639
01164700,SBI CAMPUS - AN AFFILIATE OF SANFORD-BRO,NY,11747-3785,Proprietary  ,6,26,32,144,264,408
01167000,YESHIVA OF NITRA RABBINICAL COLLEGE -   ,NY,10549-4112,Private      ,76,18,94,160,18,178
01167700,MEMORIAL SLOAN KETTERING CANCER CTR     ,NY,10021-6094,Private      ,1,1,2,3,47,50
01167800,SUNY INST OF TECHNOLOGY UTICA ROME      ,NY,13504-3050,Public       ,28,27,55,2472,1307,3779
01182100,YESHIVATH ZICHRON MOSHE                 ,NY,12779-0580,Private      ,29,0,29,107,1,108
01183000,BERK TRADE AND BUSINESS SCHOOL          ,NY,11101-0000,Proprietary  ,23,38,61,135,234,369
01185900,WORD OF LIFE BIBLE INSTITUTE            ,NY,12860-0129,Private      ,8,3,11,604,88,692
01186000,MERCY MED CNTR SCHL OF RADIOGRAPHY      ,NY,11570-1098,Private      ,0,0,0,19,33,52
01192100,WESTCHESTER SCH OF BEAUTY CULTURE       ,NY,10550-2295,Proprietary  ,3,22,25,43,146,189
01192200,BETH HATALMUD RABBINICAL CLG            ,NY,11214-2594,Private      ,25,0,25,29,15,44
01198400,OHR HAMEIR THEOLOGICAL SEMINARY         ,NY,10566-0990,Private      ,28,0,28,69,2,71
01201100,TALMUDICAL SEM OHOLEI TORAH             ,NY,11213-3310,Private      ,115,1,116,197,3,200
01210700,INSTITUTE OF DESIGN & CONSTRUCTION      ,NY,11201-5380,Private      ,2,8,10,63,145,208
01220300,MEMORIAL HOSPITAL SCH OF NURSING        ,NY,12204-1083,Private      ,0,5,5,71,184,255
01227700,NEW YORK CHIROPRACTIC COLLEGE           ,NY,13148-0800,Private      ,1,23,24,14,902,916
01229300,VEEB NASSAU CNTY SCHL OF PRACT NURS     ,NY,11553-3040,Public       ,1,6,7,68,292,360
01235800,PLAZA COLLEGE                           ,NY,11372-6300,Proprietary  ,40,123,163,271,949,1220
01236400,SAINT VINCENTS CATHOLIC MEDICAL CENTERS ,NY,11354-0000,Proprietary  ,10,29,39,134,582,716
01240700,SCHUYLER-CHEMUNG-TIOGA BOCES            ,NY,14903-1089,Public       ,1,14,15,55,244,299
01240701,STEUBEN SCHUYLER CHEMUNG TIOGA ALLEGANY ,NY,14870-9518,Public       ,0,0,0,1,10,11
01256100,FIVE TOWNS COLLEGE                      ,NY,11746-5871,Proprietary  ,15,10,25,782,284,1066
01258900,ERIE 1 BOCES                            ,NY,14224-0000,Public       ,3,39,42,114,474,588
01265200,ONONDAGA CORTLAND MADISON BOCES         ,NY,13090-4500,Public       ,20,76,96,203,713,916
01278300,OSWEGO COUNTY BOCES ADULT CAREERS       ,NY,13114-4498,Public       ,1,5,6,41,93,134
01292700,SYRACUSE CITY SCHOOL DISTRICT           ,NY,13202-3092,Public       ,4,2,6,36,137,173
01302600,MACHZIKEI HADATH RABBINICAL COLLEGE     ,NY,11204-1805,Private      ,27,18,45,29,21,50
01302700,YESHIVATH VIZNITZ                       ,NY,10952-3021,Private      ,121,36,157,121,45,166
01302900,BORICUA COLLEGE                         ,NY,10032-1599,Private      ,44,117,161,524,1408,1932
02056400,CAPRI COSMETOLOGY LEARNING CENTER       ,NY,10954-0000,Proprietary  ,16,42,58,164,251,415
02066200,THE NEW SCHOOL                          ,NY,10011-0000,Private      ,93,140,233,6488,5510,11998
02069000,NEW YORK SCHOOL OF INTERIOR DESIGN      ,NY,10021-0000,Private      ,2,14,16,228,458,686
02075700,BRIARCLIFFE COLLEGE                     ,NY,11714-0000,Proprietary  ,13,83,96,529,1375,1904
02075702,BRIARCLIFFE COLLEGE - PATCHOGUE         ,NY,11772-3019,Proprietary  ,18,31,49,590,826,1416
02092400,RIDLEY-LOWELL SCHOOL OF BUSINESS        ,NY,13905-0000,Proprietary  ,4,25,29,57,229,286
02093700,LONG ISLAND BUSINESS INSTITUTE          ,NY,11725-0000,Proprietary  ,75,251,326,453,1496,1949
02093701,LONG ISLAND BUSINESS INSTITUTE - FLUSHIN,NY,11354-4429,Proprietary  ,0,4,4,16,43,59
02098400,HERKIMER COUNTY BOCES                   ,NY,13350-0000,Public       ,0,1,1,39,132,171
02104300,OTSEGO AREA SCHOOL OF PRAC NURSING      ,NY,12167-0000,Public       ,0,0,0,14,34,48
02105900,HAIR DESIGN INSTITUTE AT FIFTH AVE      ,NY,11220-0000,Proprietary  ,11,37,48,111,323,434
02106800,BRAMSON ORT COLLEGE                     ,NY,11375-0000,Private      ,32,64,96,298,684,982
02110900,CATTARAUGUS/ALLEGANY BOCES              ,NY,14760-0000,Public       ,1,1,2,70,124,194
02112301,RIDLEY - LOWELL BUSINESS & TECHNICAL INS,NY,12601-3328,Proprietary  ,22,60,82,182,672,854
02116011,SANFORD-BROWN INSTITUTE - NEW YORK      ,NY,10003-2103,Proprietary  ,53,181,234,495,1543,2038
02118700,LONG ISLAND COLLEGE HOSPITAL - SCHOOL OF,NY,11201-6001,Private      ,0,0,0,107,187,294
02124000,ORANGE ULSTER BOCES SCH OF PRAC NRS     ,NY,10924-9401,Public       ,5,20,25,50,218,268
02125500,CIRCLE IN THE SQUARE THEATRE SCHOOL     ,NY,10019-0000,Private      ,1,2,3,56,81,137
02126300,MADISON-ONEIDA BOCES PRAC NRS           ,NY,13478-0000,Public       ,0,4,4,27,73,100
02138500,BOCES RENSSELAER SCHOOL OF PN           ,NY,12033-3221,Public       ,0,0,0,23,60,83
02145800,CAYUGA ONONDAGA BOCES                   ,NY,13021-9430,Public       ,0,8,8,40,103,143
02146000,WAYNE-FINGER LAKES BOCES                ,NY,14513-0000,Public       ,0,5,5,59,316,375
02152000,YESHIVA SHAAR HATORAH ITRI TORAH        ,NY,11418-0000,Private      ,1,0,1,9,3,12
02153600,BROOME-TIOGA BOCES PN PROG              ,NY,13905-0000,Public       ,1,2,3,40,146,186
02157900,ROCHESTER GENERAL HOSPITAL              ,NY,14621-3001,Private      ,3,3,6,45,152,197
02158200,WSHNGTN-SARTGA-WARN-HMLTN-ESX BOCES     ,NY,12839-1051,Public       ,0,1,1,11,63,74
02160100,GENEVA GENERAL HOSPITAL                 ,NY,14456-0000,Private      ,0,3,3,43,184,227
02163400,NEW YORK CAREER INSTITUTE               ,NY,10007-2801,Proprietary  ,8,33,41,187,674,861
02169100,DAVIS COLLEGE                           ,NY,13790-0000,Private      ,2,7,9,192,147,339
02170000,SWEDISH INSTITUTE                       ,NY,10001-0000,Proprietary  ,19,109,128,233,1124,1357
02170200,ALBANY SCHOHARIE SCHENECTADY            ,NY,12205-0000,Public       ,2,4,6,37,157,194
02171900,AILEY SCHOOL (THE)                      ,NY,10019-4402,Private      ,0,2,2,155,106,261
02172100,HAMILTON-FULTON-MONTGOMERY BOCES        ,NY,12095-0665,Public       ,0,5,5,46,107,153
02172800,DUTCHESS COUNTY BOCES SCH PRAC NURS     ,NY,12601-0000,Public       ,5,16,21,82,229,311
02173200,EMPIRE BEAUTY SCHOOL                    ,NY,10001-0000,Proprietary  ,90,282,372,994,2138,3132
02173900,ULSTER COUNTY BOCES PRACTICAL NRSG      ,NY,12466-0000,Public       ,1,4,5,41,206,247
02176000,CHERYL FELL'S SCHOOL OF BUSINESS        ,NY,14304-0000,Proprietary  ,2,12,14,14,137,151
02179400,EASTERN SUFFOLK BOCES                   ,NY,11713-0000,Public       ,5,15,20,178,430,608
02182200,NEW SCHOOL OF RADIO & TELEVISION        ,NY,12206-1106,Proprietary  ,11,15,26,78,115,193
02191600,TORAH TEMIMAH TALMUDICAL SEMINARY       ,NY,11218-0000,Private      ,15,0,15,31,1,32
02192500,BELLEVUE HOSP CTR SCH RAD TECH          ,NY,10016-0000,Public       ,2,6,8,21,112,133
02199300,ORLEANS-NIAGARA BOCES                   ,NY,14132-0000,Public       ,1,2,3,32,115,147
02206000,HUNTER BUSINESS SCHOOL                  ,NY,11756-0000,Proprietary  ,34,124,158,347,919,1266
02217800,D.HOPFER SCH NURSING AT MT.VRN HOSP     ,NY,10550-0000,Private      ,0,0,0,1,1,2
02219500,MILDRED ELLEY                           ,NY,12206-1513,Proprietary  ,66,482,548,421,2759,3180
02235600,ERIE 2-CHAUTAUQUA-CATTARAUGUS BOCES     ,NY,14006-0000,Public       ,9,14,23,47,124,171
02265100,YESHIVA DERECH CHAIM                    ,NY,11218-0000,Private      ,5,4,9,47,21,68
02272900,ROCKLAND COUNTY BOCES PRAC NRSG SCH     ,NY,10994-0000,Public       ,1,1,2,42,118,160
02275900,"MODERN WELDING SCHOOL, INC.             ",NY,12304-0000,Proprietary  ,7,21,28,75,144,219
02287800,NATIONAL TRACTOR TRAILER SCHOOL         ,NY,13088-2505,Proprietary  ,11,126,137,58,659,717
02294900,INSTITUTE OF AUDIO RESEARCH             ,NY,10003-0000,Proprietary  ,11,47,58,255,496,751
02306500,PROFESSIONAL BUSINESS COLLEGE           ,NY,10013-5049,Private      ,0,5,5,212,571,783
02314200,EMPIRE BEAUTY SCHOOL                    ,NY,10566-3805,Proprietary  ,5,4,9,29,29,58
02320100,OHR SOMAYACH TANENBAUM EDUCATIONAL CENTE,NY,10952-0000,Private      ,0,0,0,0,1,1
02350600,YESHIVA AND KOLLEL HARBOTZAS TORAH      ,NY,11230-0000,Private      ,2,10,12,2,27,29
02491400,SPANISH AMERICAN INSTITUTE              ,NY,10036-0000,Private      ,0,1,1,7,10,17
02505800,YESHIVA KARLIN STOLIN RAB INSTITUTE     ,NY,11204-0000,Private      ,28,29,57,47,51,98
02505900,SH-OR YOSHUV RABBINICAL COLLEGE         ,NY,11691-0000,Private      ,5,7,12,27,22,49
02506000,ASSOCIATED BETH RIVKAH SCHOOLS          ,NY,11225-0000,Private      ,1,0,1,132,20,152
02506100,CITY UNIV OF NEW YORK-CENTRAL           ,NY,10021-0000,Public       ,27,36,63,2144,1444,3588
02506800,YESHIVAT MIKDASH MELECH                 ,NY,11230-0000,Private      ,0,0,0,21,2,23
02511500,JOFFREY BALLET SCHOOL                   ,NY,10011-0000,Proprietary  ,2,0,2,154,21,175
02513500,MAR JON SCHOOL OF BEAUTY CULTURE        ,NY,14150-0000,Proprietary  ,2,12,14,36,97,133
02525600,ART INSTITUTE OF NEW YORK CITY (THE)    ,NY,10013-2429,Proprietary  ,73,98,171,1855,1569,3424
02540800,"GLOBE INSTITUTE OF TECHNOLOGY, INC.     ",NY,10007-0000,Proprietary  ,28,38,66,449,450,899
02546000,TRI-STATE COLLEGE OF ACUPUNCTURE        ,NY,10011-0000,Proprietary  ,0,5,5,2,122,124
02546300,YESHIVA OF THE TELSHE ALUMNI            ,NY,10471-0000,Private      ,44,0,44,47,0,47
02550600,TALMUDICAL INST OF UPSTATE NY           ,NY,14607-0000,Private      ,0,1,1,10,4,14
02556700,SEMINAR L'MOROS BAIS YAAKOV             ,NY,11219-0000,Private      ,5,2,7,216,6,222
02572900,BUSINESS INFORMATICS CENTER             ,NY,11580-0000,Proprietary  ,0,1,1,14,28,42
02575400,FRENCH CULINARY INSTITUTE               ,NY,10013-2618,Proprietary  ,30,122,152,364,885,1249
02587600,ORLO SCH HAIR DESIGN & COSMETOLOGY      ,NY,12206-1723,Proprietary  ,7,7,14,71,62,133
02599400,NEW YORK COLLEGE OF HEALTH PROFESSIONS  ,NY,11791-4413,Private      ,5,41,46,175,920,1095
02600100,NEW YORK ACADEMY OF ART (THE)           ,NY,10013-2911,Private      ,5,5,10,239,339,578
02614900,SANFORD-BROWN INSTITUTE                 ,NY,10604-2910,Proprietary  ,1,2,3,22,103,125
02615001,SANFORD-BROWN COLLEGE - SANFORD-BROWN IN,NY,11530-4734,Proprietary  ,32,81,113,322,667,989
02616600,SHEAR EGO INTERNATIONAL SCHOOL OF HAIR D,NY,14617-3501,Proprietary  ,8,20,28,93,169,262
02617000,CONTINENTAL SCH OF BEAUTY CULTURE       ,NY,14020-0000,Proprietary  ,3,20,23,34,89,123
02617002,CONTINENTAL SCHOOL OF BEAUTY CULTURE  - ,NY,14020-1908,Proprietary  ,5,3,8,25,47,72
02622900,BAIS MEDRASH ELYON                      ,NY,10952-3013,Private      ,14,9,23,25,23,48
03000100,YESHIVA GEDOLAH IMREI YOSEF DSPINKA     ,NY,11219-4696,Private      ,0,22,22,3,87,90
03007200,DANCE THEATRE OF HARLEM                 ,NY,10031-0000,Private      ,5,3,8,55,59,114
03027701,PACIFIC COLLEGE OF ORIENTAL MEDICINE - N,NY,10010-7108,Proprietary  ,1,30,31,30,543,573
03081600,DELAWARE CHENANGO MADISON OT. BOCES     ,NY,13815-9554,Public       ,1,2,3,17,60,77
03095500,ASA INST BUSINESS & COMPUTER TECH       ,NY,11201-5208,Proprietary  ,237,455,692,2244,4445,6689
03096200,CHARLES STUART SCHOOL                   ,NY,11229-2004,Proprietary  ,1,6,7,10,39,49
03103700,ADIRONDACK BEAUTY SCHOOL                ,NY,12801-3158,Proprietary  ,1,9,10,20,59,79
03104900,SULLIVAN COUNTY BOCES                   ,NY,12754-2116,Public       ,0,7,7,14,52,66
03115300,GENESEE VALLEY BOCES                    ,NY,14020-1099,Public       ,2,17,19,54,174,228
03120700,NEW YORK CONSERVATORY FOR DRAMATIC ARTS ,NY,10011-4225,Proprietary  ,6,4,10,474,210,684
03127100,YESHIVAS NOVOMINSK                      ,NY,11219-0000,Private      ,9,0,9,49,0,49
03129200,RABBINICAL CLG OHR SHIMAR YISROEL       ,NY,11211-8102,Private      ,15,49,64,39,110,149
03147300,YESHIVA D'MONSEY                        ,NY,10952-3106,Private      ,2,48,50,2,48,50
03169300,STUDIO JEWELERS                         ,NY,10016-4112,Proprietary  ,0,8,8,2,46,48
03181400,MERKAZ BNOS                             ,NY,11214-4911,Private      ,1,4,5,16,152,168
03191300,CUNY SCHOOL OF LAW @ QUEENS COLLEGE     ,NY,11367-0000,Public       ,16,24,40,423,1192,1615
03193300,MANHATTAN SCHOOL OF COMPUTER TECH       ,NY,11230-1617,Private      ,17,116,133,242,805,1047
03203300,NEW YORK INSTITUTE OF MASSAGE           ,NY,14221-6021,Proprietary  ,0,18,18,30,174,204
03216300,UNIFICATION THEOLOGICAL SEMINARY        ,NY,12507-5021,Private      ,0,1,1,19,38,57
03328300,FRANKLIN CAREER INSTITUTE               ,NY,11550-3003,Private      ,0,3,3,59,141,200
03328301,FRANKLIN CAREER INSTITUTE - BROOKLYN    ,NY,11220-3110,Private      ,16,45,61,132,400,532
03358300,ALLEN SCHOOL                            ,NY,11432-4901,Proprietary  ,29,269,298,226,1860,2086
03358301,ALLEN SCHOOL - BROOKLYN                 ,NY,11201-0000,Proprietary  ,26,83,109,237,818,1055
03380300,STAR CAREER ACADEMY                     ,NY,11791-5311,Proprietary  ,9,38,47,103,302,405
03419400,NORTHEASTERN SEMINARY                   ,NY,14624-1997,Private      ,2,3,5,30,146,176
03433500,LIA SCHORR INSTITUTE OF COSMETIC SK     ,NY,10022-2614,Proprietary  ,1,13,14,9,46,55
03443300,NEW YORK COLLEGE OF TRADITIONAL CHINESE ,NY,11501-0000,Private      ,0,6,6,5,105,110
03496300,YESHIVA SHAAREI TORAH OF ROCKLAND       ,NY,10901-4003,Private      ,3,6,9,20,43,63
03537300,NEW YORK AUTOMOTIVE & DIESEL INSTIT     ,NY,11101-0000,Proprietary  ,28,73,101,173,376,549
03568300,LEON STUDIO ONE SCHOOL OF HAIR DESI     ,NY,14221-5323,Proprietary  ,0,0,0,16,31,47
03651300,SAINT JOSEPH'S MEDICAL CENTER SCHOO     ,NY,10701-4080,Private      ,0,3,3,25,38,63
03652300,METROPOLITAN LEARNING INSTITUTE         ,NY,11374-2101,Private      ,14,126,140,75,1092,1167
03665400,CHRISTIE'S EDUCATION                    ,NY,10036-8002,Proprietary  ,0,0,0,3,42,45
03713300,BEIS MEDRASH HEICHAL DOVID              ,NY,11691-4433,Private      ,8,1,9,36,2,38
03773300,CENTER FOR NATURAL WELLNESS SCHOOL OF MA,NY,12205-1601,Proprietary  ,5,28,33,49,202,251
03802300,UTA MESIVTA OF KIRYAS JOEL              ,NY,10950-2169,Private      ,148,208,356,682,576,1258
03809400,MICROPOWER CAREER INSTITUTE             ,NY,10001-2812,Proprietary  ,0,0,0,26,153,179
03839300,AVEDA INSTITUTE NEW YORK                ,NY,10013-1522,Proprietary  ,19,47,66,195,444,639
03881300,UNION GRADUATE COLLEGE                  ,NY,12308-3131,Private      ,0,12,12,11,197,208
03903400,AMERICAN BEAUTY SCHOOL                  ,NY,10462-8003,Proprietary  ,13,54,67,164,438,602
03941400,ELITE ACADEMY OF BEAUTY ARTS            ,NY,11223-1630,Proprietary  ,1,2,3,29,74,103
03983300,"SCHOOL OF PROFESSIONAL HORTICULTURE, AT ",NY,10458-5126,Private      ,0,4,4,14,57,71
03988300,"SAE INSTITUTE OF TECHNOLOGY, NEW YORK   ",NY,10001-2915,Proprietary  ,27,57,84,403,570,973
04043300,ACE COMPUTER TRAINING CENTER            ,NY,11375-5337,Proprietary  ,1,20,21,51,260,311
04092401,MAKE-UP DESIGNORY -                     ,NY,10012-0041,Proprietary  ,20,34,54,322,409,731
04095300,KING'S COLLEGE (THE)                    ,NY,10018-0110,Private      ,12,8,20,996,205,1201
04102300,NEW AGE TRAINING                        ,NY,10001-4006,Proprietary  ,12,46,58,72,335,407
04115500,TALMUDICAL SEMINARY OF BOBOV            ,NY,11219-3826,Private      ,46,82,128,186,129,315
04117100,EDP SCHOOL OF COMPUTER PROGRAMMING      ,NY,11235-0000,Private      ,2,44,46,22,171,193
04117700,"MONROE 2-ORLEANS BOCES, CENTER FOR WORK ",NY,14624-1119,Public       ,15,31,46,115,340,455
04119600,YESHIVA OF FAR ROCKAWAY DERECH AYSON RAB,NY,11691-5219,Private      ,0,1,1,19,1,20
04123200,INSTITUTE OF ALLIED MEDICAL PROFESSIONS ,NY,11373-5541,Private      ,0,0,0,13,33,46
04125600,CAREER SCHOOL OF NY                     ,NY,10301-2416,Private      ,5,16,21,74,137,211
04131500,COLLECTIVE (THE)                        ,NY,10011-2026,Proprietary  ,2,1,3,20,21,41
04133700,NEW YORK MEDICAL CAREER TRAINING CENTER ,NY,11354-6504,Proprietary  ,4,20,24,36,181,217
04133701,NEW YORK MEDICAL CAREER TRAINING CENTER ,NY,10018-6504,Proprietary  ,6,29,35,96,319,415
04134000,"JOHN PAOLO'S XTREME BEAUTY INSTITUTE, GO",NY,12020-1245,Proprietary  ,1,9,10,18,62,80
04134001,"JOHN PAOLO'S XTREME BEAUTY INSTITUTE, GO",NY,13417-1319,Proprietary  ,5,12,17,29,114,143
04137700,ANN MARIE'S WORLD OF BEAUTY SCHOOL      ,NY,13901-2308,Proprietary  ,0,0,0,6,21,27
04138100,YESHIVA OF MACHZIKAI HADAS              ,NY,11219-1408,Private      ,15,29,44,175,95,270
04144300,INSTITUTE OF CULINARY EDUCATION         ,NY,10010-5205,Proprietary  ,37,129,166,627,1265,1892
04148000,NEW LIFE BUSINESS INSTITUTE             ,NY,11432-6149,Proprietary  ,4,52,56,34,313,347
04151200,SALON PROFESSIONAL ACADEMY (THE)        ,NY,14150-9200,Proprietary  ,5,4,9,76,141,217
04155300,ONONDAGA SCHOOL OF THERAPEUTIC MASSAGE  ,NY,13210-1533,Proprietary  ,0,7,7,72,262,334
04156000,ACADEMY OF COSMETOLOGY & ESTHETICS NYC (,NY,10306-3003,Proprietary  ,7,14,21,133,181,314
04157500,ACCESS CAREERS                          ,NY,11201-5826,Proprietary  ,6,29,35,73,323,396
04165700,"JOHN PAOLO'S XTREME BEAUTY INSTITUTE, GO",NY,12110-3053,Proprietary  ,2,5,7,9,37,46
04166000,MANHATTAN INSTITUTE (THE)               ,NY,10016-6516,Proprietary  ,5,39,44,142,347,489
04167600,FINGER LAKES SCHOOL OF MASSAGE (THE)    ,NY,14850-1384,Proprietary  ,3,9,12,54,167,221
04167601,FINGER LAKES SCHOOL OF MASSAGE (THE) -  ,NY,10549-1103,Proprietary  ,3,7,10,17,122,139
04178700,ATELIER ESTHETIQUE INSTITUTE OF ESTHETIC,NY,10016-8804,Proprietary  ,3,23,26,34,257,291
04179800,SOTHEBY'S INSTITUTE OF ART - NY         ,NY,10022-6717,Proprietary  ,1,3,4,24,163,187
04180200,LONG ISLAND NAIL & SKIN CARE INSTITUTE  ,NY,11756-1316,Proprietary  ,8,26,34,32,136,168
04189000,LONG ISLAND BARBER INSTITUTE (THE)      ,NY,11550-6317,Proprietary  ,2,19,21,21,94,115
04190500,NEW YORK SCHOOL OF ESTHETICS & DAY SPA  ,NY,10591-3232,Proprietary  ,1,18,19,22,98,120
04192800,BE'ER YAAKOV TALMUDIC SEMINARY          ,NY,10977-1912,Private      ,119,45,164,121,202,323
04204300,AESTHETIC SCIENCE INSTITUTE (THE)       ,NY,12110-1095,Proprietary  ,3,10,13,33,74,107
04206200,DIGITAL FILM ACADEMY                    ,NY,10036-3708,Proprietary  ,2,14,16,142,263,405
04207400,YESHIVA GEDOLA OHR YISRAEL              ,NY,11229-1817,Private      ,2,0,2,3,0,3
04207600,AMERICAN ACADEMY OF PERSONAL TRAINING   ,NY,10011-7301,Proprietary  ,6,30,36,62,234,296
04208600,RELAY SCHOOL OF EDUCATION               ,NY,10011-4233,Private      ,0,18,18,2,340,342
04208800,GLORIA FRANCIS SCHOOL OF MAKE-UP ARTISTR,NY,11801-3873,Proprietary  ,3,9,12,27,65,92
04210100,STELLA AND CHARLES GUTTMAN COMMUNITY COL,NY,10018-2602,Public       ,23,5,28,2977,760,3737
04210700,NEW YORK INSTITUTE OF BEAUTY            ,NY,11749-1479,Proprietary  ,11,24,35,45,123,168
04212500,CACTUS ACADEMY (THE)                    ,NY,11530-3402,Proprietary  ,17,18,35,93,116,209
04213400,ACCESS CAREERS                          ,NY,11550-0000,Proprietary  ,0,19,19,13,127,140
04213500,SHARP EDGEZ BARBER INSTITUTE            ,NY,14620-0000,Proprietary  ,6,13,19,20,96,116
04215900,YESHIVA GEDOLAH KESSER TORAH            ,NY,10952-2127,Private      ,1,0,1,47,2,49
04223100,ARROJO COSMETOLOGY SCHOOL               ,NY,10014-4960,Proprietary  ,4,27,31,91,216,307
04223200,GRACE INTERNATIONAL BEAUTY SCHOOL       ,NY,11355-2446,Proprietary  ,1,20,21,6,81,87
04223300,ALLIANCE COMPUTING SOLUTIONS            ,NY,11354-6507,Proprietary  ,0,15,15,7,45,52
04223800,ELECTRICAL TRAINING CENTER (THE)        ,NY,11726-2701,Proprietary  ,8,18,26,52,95,147
04225500,WESTCHESTER SCHOOL FOR DENTAL ASSISTANTS,NY,10606-1246,Proprietary  ,6,29,35,37,123,160
04227200,BET MEDRASH GADOL ATERET TORAH          ,NY,11223-1933,Private      ,17,37,54,21,39,60
04228300,PAUL MITCHELL THE SCHOOL                ,NY,12305-2303,Proprietary  ,7,9,16,81,93,174
04230100,RABBINICAL COLLEGE OHR YISROEL          ,NY,11236-5141,Private      ,12,0,12,36,0,36
04231500,YESHIVA SHOLOM SHACHNA                  ,NY,11230-2621,Private      ,24,0,24,26,0,26
04233700,CHRISTINE VALMY INTERNATIONAL SCHOOL FOR,NY,10016-7701,Proprietary  ,14,50,64,52,285,337
04234200,CENTER FOR ULTRASOUND RESEARCH & EDUCATI,NY,10801-5104,Proprietary  ,3,20,23,3,20,23
04234300,CULINARY TECH CENTER                    ,NY,10001-2320,Proprietary  ,9,40,49,23,98,121
04237500,DERMALOGICA ACADEMY                     ,NY,10011-2420,Proprietary  ,3,14,17,4,26,30
00267808,BRYANT & STRATTON COLLEGE - PARMA       ,OH,44130-0000,Proprietary  ,44,225,269,578,3361,3939
00301000,ANTIOCH UNIVERSITY                      ,OH,45387-1608,Private      ,4,31,35,229,745,974
00301100,ART ACADEMY OF CINCINNATI               ,OH,45202-7106,Private      ,5,6,11,423,255,678
00301200,ASHLAND UNIVERSITY                      ,OH,44805-3799,Private      ,24,155,179,3901,2981,6882
00301300,ATHENAEUM OF OHIO                       ,OH,45230-2000,Private      ,1,3,4,8,18,26
00301400,BALDWIN-WALLACE COLLEGE                 ,OH,44017-2088,Private      ,38,63,101,5069,1727,6796
00301600,BLUFFTON UNIVERSITY                     ,OH,45817-2104,Private      ,4,8,12,1559,364,1923
00301800,BOWLING GREEN STATE UNIVERSITY          ,OH,43403-0001,Public       ,165,166,331,19788,6120,25908
00302300,CAPITAL UNIVERSITY                      ,OH,43209-2394,Private      ,31,86,117,4242,2979,7221
00302400,CASE WESTERN RESERVE UNIV               ,OH,44106-0000,Private      ,60,74,134,11244,2301,13545
00302401,CASE WESTERN RESERVE UNIV - MED         ,OH,44106-0000,Private      ,0,3,3,97,1165,1262
00302402,CASE WESTERN RESERVE UNIV - DENTAL      ,OH,44106-0000,Private      ,0,1,1,42,305,347
00302403,CASE WESTERN RESERVE UNIV - LAW         ,OH,44106-0000,Private      ,0,9,9,31,818,849
00302404,CASE WESTERN RESERVE UNIV - UG          ,OH,44106-0000,Private      ,1,2,3,225,32,257
00302405,CASE WESTERN RESERVE UNIV - MSASS       ,OH,44106-0000,Private      ,0,13,13,18,642,660
00302406,CASE WESTERN RESERVE UNIV - NURS UG     ,OH,44106-0000,Private      ,1,6,7,242,244,486
00302407,CASE WESTERN RESERVE UNIV - WSOM        ,OH,44106-0000,Private      ,1,2,3,26,213,239
00302408,CASE WESTERN RESERVE UNIV -A&S GRAD     ,OH,44106-0000,Private      ,0,9,9,9,293,302
00302409,CASE WESTERN RESERVE UNIV -ENG GRAD     ,OH,44106-0000,Private      ,0,3,3,56,103,159
00302410,CASE WESTERN RESERVE UNIV -NURS GRD     ,OH,44106-0000,Private      ,0,13,13,16,417,433
00302500,CEDARVILLE UNIVERSITY                   ,OH,45314-8564,Private      ,24,11,35,4140,569,4709
00302600,CENTRAL STATE UNIVERSITY                ,OH,45384-1004,Public       ,54,38,92,3111,1585,4696
00302900,CINCINNATI CHRISTIAN UNIVERSITY         ,OH,45204-3200,Private      ,6,21,27,670,748,1418
00303000,OHIO CHRISTIAN UNIVERSITY               ,OH,43113-9487,Private      ,31,443,474,972,4951,5923
00303100,CLEVELAND INSTITUTE OF MUSIC            ,OH,44106-1776,Private      ,2,5,7,438,370,808
00303200,CLEVELAND STATE UNIVERSITY              ,OH,44115-2214,Public       ,155,405,560,11831,14216,26047
00303300,MOUNT ST. JOSEPH UNIVERSITY             ,OH,45233-1670,Private      ,23,50,73,1804,1520,3324
00303500,OHIO DOMINICAN UNIVERSITY               ,OH,43219-2099,Private      ,15,102,117,2063,2479,4542
00303600,FRANCISCAN UNIV OF STEUBENVILLE         ,OH,43952-1763,Private      ,22,17,39,2516,717,3233
00303700,COLLEGE OF WOOSTER                      ,OH,44691-2363,Private      ,15,7,22,3416,160,3576
00303900,COLUMBUS COLLEGE OF ART AND DESIGN      ,OH,43215-1758,Private      ,19,26,45,1696,837,2533
00304000,CUYAHOGA COMMUNITY COLLEGE              ,OH,44115-2878,Public       ,282,1255,1537,12036,26493,38529
00304100,"DEFIANCE COLLEGE, THE                   ",OH,43512-1695,Private      ,12,13,25,1492,415,1907
00304200,DENISON UNIVERSITY                      ,OH,43023-1329,Private      ,19,4,23,3094,128,3222
00304400,TRINITY LUTHERAN SEMINARY               ,OH,43209-0000,Private      ,0,4,4,3,123,126
00304500,UNIVERSITY OF FINDLAY                   ,OH,45840-3695,Private      ,34,60,94,3475,1755,5230
00304600,FRANKLIN UNIVERSITY                     ,OH,43215-5399,Private      ,16,416,432,1195,10262,11457
00304800,HEIDELBERG UNIVERSITY                   ,OH,44883-2462,Private      ,11,10,21,1912,332,2244
00304900,HIRAM COLLEGE                           ,OH,44234-1808,Private      ,12,14,26,1714,412,2126
00305000,JOHN CARROLL UNIVERSITY                 ,OH,44118-4581,Private      ,30,29,59,4756,968,5724
00305100,KENT STATE UNIVERSITY                   ,OH,44242-0001,Public       ,220,271,491,27342,13159,40501
00305101,KENT STATE UNIVERSITY - GEAUGA CAMPUS   ,OH,44021-9500,Public       ,13,20,33,944,1077,2021
00305102,KENT STATE UNIVERSITY - STARK CAMPUS    ,OH,44720-7599,Public       ,41,103,144,3500,3918,7418
00305103,KENT STATE UNIVERSITY - TUSCARAWAS CAMPU,OH,44663-9403,Public       ,12,30,42,963,1306,2269
00305104,KENT STATE UNIVERSITY - TRUMBULL CAMPUS ,OH,44483-1998,Public       ,21,47,68,1244,2165,3409
00305105,KENT STATE UNIVERSITY - ASHTABULA CAMPUS,OH,44004-2299,Public       ,15,41,56,916,1918,2834
00305106,KENT STATE UNIVERSITY - EAST LIVERPOOL C,OH,43920-3497,Public       ,9,14,23,475,869,1344
00305107,KENT STATE UNIVERSITY - SALEM CAMPUS    ,OH,44460-9412,Public       ,6,27,33,1002,1205,2207
00306500,KENYON COLLEGE                          ,OH,43022-9623,Private      ,21,0,21,3802,83,3885
00306600,LAKE ERIE COLLEGE                       ,OH,44077-3389,Private      ,15,20,35,1238,419,1657
00306800,LORAIN COUNTY COMMUNITY COLLEGE         ,OH,44035-1691,Public       ,130,430,560,4323,7948,12271
00306900,LOURDES COLLEGE                         ,OH,43560-2898,Private      ,10,37,47,1188,1464,2652
00307200,MALONE UNIVERSITY                       ,OH,44709-3897,Private      ,9,53,62,1807,1370,3177
00307300,MARIETTA COLLEGE                        ,OH,45750-4033,Private      ,7,14,21,2375,399,2774
00307500,METHODIST THEOLOGICAL SCH IN OHIO       ,OH,43015-0000,Private      ,0,2,2,0,183,183
00307700,MIAMI UNIVERSITY                        ,OH,45056-1831,Public       ,220,205,425,23279,5545,28824
00307800,WRIGHT STATE UNIVERSITY                 ,OH,45435-0002,Public       ,130,294,424,13164,10833,23997
00308300,UNIVERSITY OF MOUNT UNION               ,OH,44601-3993,Private      ,22,10,32,3472,383,3855
00308400,MUSKINGUM UNIVERSITY                    ,OH,43762-1199,Private      ,7,39,46,2197,681,2878
00308500,NOTRE DAME COLLEGE OF OHIO              ,OH,44121-4293,Private      ,17,91,108,2365,1854,4219
00308600,OBERLIN COLLEGE                         ,OH,44074-1090,Private      ,38,5,43,4864,230,5094
00308900,OHIO NORTHERN UNIVERSITY                ,OH,45810-1555,Private      ,21,8,29,3761,945,4706
00309000,OHIO STATE UNIVERSITY-ALL CAMPUSES      ,OH,43210-1358,Public       ,451,539,990,57559,25286,82845
00310000,OHIO UNIVERSITY                         ,OH,45701-2979,Public       ,196,571,767,24717,13608,38325
00310002,"OHIO UNIVERSITY, ZANESVILLE CAMPUS      ",OH,43701-0000,Public       ,13,51,64,1300,1611,2911
00310003,"OHIO UNIVERSITY, LANCASTER CAMPUS       ",OH,43130-0000,Public       ,33,63,96,1644,2008,3652
00310004,"OHIO UNIVERSITY, SOUTHERN CAMPUS        ",OH,45638-0000,Public       ,25,47,72,894,1882,2776
00310005,"OHIO UNIVERSITY, CHILLICOTHE CAMPUS     ",OH,45601-0000,Public       ,10,63,73,1306,2134,3440
00310006,"OHIO UNIVERSITY, EASTERN CAMPUS         ",OH,43950-0000,Public       ,4,14,18,508,456,964
00310008,OHIO UNIV COLL OF OSTEOPATHIC MED       ,OH,45701-0000,Public       ,0,3,3,25,691,716
00310900,OHIO WESLEYAN UNIVERSITY                ,OH,43015-2398,Private      ,20,9,29,3154,265,3419
00311000,OTTERBEIN UNIVERSITY                    ,OH,43081-2006,Private      ,21,46,67,3685,1026,4711
00311300,PONTIFICAL COLLEGE JOSEPHINUM           ,OH,43235-1498,Private      ,3,1,4,56,23,79
00311400,FIRELANDS REGIONAL MEDICAL CENTER - SOUT,OH,44870-4788,Private      ,0,5,5,66,169,235
00311500,RABBINICAL COLLEGE OF TELSHE            ,OH,44092-2584,Private      ,1,0,1,17,23,40
00311600,UNIV OF RIO GRANDE                      ,OH,45674-3131,Private      ,21,70,91,1609,2013,3622
00311900,SINCLAIR COMMUNITY COLLEGE              ,OH,45402-1460,Public       ,199,902,1101,9031,17289,26320
00312100,TIFFIN UNIVERSITY                       ,OH,44883-2161,Private      ,23,115,138,2638,3480,6118
00312200,UNITED THEOLOGICAL SEMINARY             ,OH,45406-0000,Private      ,0,18,18,1,672,673
00312300,UNIVERSITY OF AKRON                     ,OH,44325-6211,Public       ,197,283,480,20965,13248,34213
00312500,UNIVERSITY OF CINCINNATI                ,OH,45221-0125,Public       ,314,866,1180,30820,23397,54217
00312504,UNIVERSITY OF CINCINNATI - MEDICINE     ,OH,45267-0553,Public       ,9,22,31,389,1718,2107
00312700,UNIVERSITY OF DAYTON                    ,OH,45469-0002,Private      ,78,116,194,12891,3431,16322
00313100,UNIVERSITY OF TOLEDO                    ,OH,43606-3390,Public       ,175,250,425,17055,10264,27319
00313300,URBANA UNIVERSITY                       ,OH,43078-2091,Private      ,5,25,30,941,797,1738
00313400,URSULINE COLLEGE                        ,OH,44124-4398,Private      ,6,38,44,622,1286,1908
00313500,WALSH UNIVERSITY                        ,OH,44720-3396,Private      ,18,43,61,2579,1469,4048
00314100,WILBERFORCE UNIVERSITY                  ,OH,45384-1001,Private      ,8,42,50,544,500,1044
00314200,WILMINGTON COLLEGE                      ,OH,45177-2499,Private      ,14,8,22,2203,497,2700
00314300,WITTENBERG UNIVERSITY                   ,OH,45501-2199,Private      ,23,19,42,3889,447,4336
00314400,XAVIER UNIVERSITY                       ,OH,45207-1035,Private      ,72,102,174,8489,3057,11546
00314500,YOUNGSTOWN STATE UNIVERSITY             ,OH,44555-0001,Public       ,126,145,271,9093,6692,15785
00398200,CLEVELAND INSTITUTE OF ART              ,OH,44106-1700,Private      ,9,8,17,1087,342,1429
00406000,WINEBRENNER THEOLOGICAL SEMINARY        ,OH,45840-0000,Private      ,0,3,3,2,66,68
00485200,CLARK STATE COMMUNITY COLLEGE           ,OH,45505-4795,Public       ,68,406,474,2011,6252,8263
00485300,BRADFORD SCHOOL                         ,OH,43219-0000,Proprietary  ,10,48,58,618,754,1372
00485500,DAVIS COLLEGE                           ,OH,43623-4307,Proprietary  ,8,39,47,146,644,790
00486100,UNIVERSITY OF NORTHWESTERN OHIO         ,OH,45805-1498,Private      ,121,112,233,4930,2008,6938
00486600,STAUTZENBERGER COLLEGE                  ,OH,43537-4007,Proprietary  ,39,123,162,484,1418,1902
00510200,SCH OF DIAGNOSTIC IMAGING-CLEVELAND     ,OH,44119-0000,Private      ,0,1,1,17,63,80
00531300,NORTH CENTRAL STATE COLLEGE             ,OH,44901-0000,Public       ,9,45,54,1393,2408,3801
00575300,OWENS STATE COMMUNITY COLLEGE           ,OH,43699-0000,Public       ,144,353,497,5343,8990,14333
00648700,AULTMAN COLLEGE OF NURSING AND HEALTH SC,OH,44710-1799,Private      ,1,17,18,202,536,738
00648900,CHRIST COLLEGE OF NURSING AND HEALTH SCI,OH,45219-2906,Private      ,14,15,29,414,933,1347
00649400,GOOD SAMARITAN COLG-NURSING/HEALTH      ,OH,45220-2489,Private      ,4,15,19,329,699,1028
00650700,TRINIT HEALTH SYSTEM SCH OF NURSING     ,OH,43952-2667,Private      ,1,2,3,81,166,247
00680400,LAKELAND COMMUNITY COLLEGE              ,OH,44094-5198,Public       ,73,228,301,3125,6206,9331
00686700,COLUMBUS STATE COMMUNITY COLLEGE        ,OH,43215-1786,Public       ,317,1156,1473,14287,23916,38203
00703500,KETTERING COLLEGE OF MEDICAL ARTS       ,OH,45429-1299,Private      ,8,36,44,588,780,1368
00708500,MOUNT VERNON NAZARENE UNIVERSITY        ,OH,43050-9500,Private      ,9,79,88,1510,1085,2595
00708501,MOUNT VERNON NAZARENE UNIV - AGS        ,OH,43050-0000,Private      ,0,18,18,80,472,552
00727500,EASTERN GATEWAY COMMUNITY COLLEGE       ,OH,43952-3598,Public       ,44,112,156,1369,2821,4190
00732920,ITT TECHNICAL INSTITUTE                 ,OH,45414-3456,Proprietary  ,28,153,181,408,1846,2254
00732992,ITT TECHNICAL INSTITUTE                 ,OH,44509-4098,Proprietary  ,26,147,173,463,1791,2254
00747300,CHOFFIN CAREER & TECHNICAL CENTER       ,OH,44503-1628,Public       ,0,0,0,78,261,339
00759800,HOCKING TECHNICAL COLLEGE               ,OH,45764-9582,Public       ,45,88,133,2982,2700,5682
00777701,EDUCATION AMERICA                       ,OH,44137-0000,Private      ,0,0,0,18,79,97
00812900,ADULT AND COMMUNITY EDUCATION @ HUDSON  ,OH,43211-2017,Public       ,4,29,33,73,527,600
00813200,TOLEDO SCHOOL OF PRACTICAL NURSING      ,OH,43613-5110,Public       ,3,29,32,115,522,637
00813300,ZANE STATE COLLEGE                      ,OH,43701-2626,Public       ,33,76,109,1317,1839,3156
00819400,AKRON SCHOOL OF PRACTICAL NRSG          ,OH,44311-0000,Public       ,2,11,13,160,305,465
00827800,TERRA COMMUNITY COLLEGE                 ,OH,43420-9670,Public       ,26,82,108,899,1772,2671
00867700,NORTHWEST STATE COMMUNITY COLLEGE       ,OH,43502-9542,Public       ,7,64,71,1051,2047,3098
00888600,PORTAGE LAKES CAREER CENTER             ,OH,44685-9554,Public       ,0,2,2,32,123,155
00915600,WAYNE COUNTY SCHOOLS CAREER CENTER      ,OH,44677-9672,Public       ,1,12,13,55,246,301
00941200,FORTIS COLLEGE                          ,OH,44221-2998,Proprietary  ,27,154,181,270,1338,1608
00953000,GERBER AKRON BEAUTY SCHOOL              ,OH,44313-6995,Proprietary  ,5,9,14,44,163,207
00953100,SPA SCHOOL (THE)                        ,OH,43214-1524,Proprietary  ,7,35,42,81,344,425
00966000,TIFFIN ACADEMY OF HAIR DESIGN           ,OH,44883-2833,Proprietary  ,2,4,6,35,70,105
00982805,EVEREST INSTITUTE - COLUMBUS            ,OH,43230-6653,Proprietary  ,19,102,121,143,697,840
00994100,BELMONT TECHNICAL COLLEGE               ,OH,43950-9766,Public       ,8,36,44,653,1127,1780
00994200,SHAWNEE STATE UNIVERSITY                ,OH,45662-4344,Public       ,46,48,94,4236,2321,6557
01001700,PAYNE THEOLOGICAL SEMINARY              ,OH,45384-0474,Private      ,0,15,15,2,172,174
01002700,JAMES A. RHODES STATE COLLEGE           ,OH,45804-3597,Public       ,22,105,127,1638,2546,4184
01016800,NATIONWIDE BEAUTY ACADEMY               ,OH,43228-1000,Proprietary  ,4,22,26,117,270,387
01028000,OHIO STATE BEAUTY ACADEMY               ,OH,45801-0000,Proprietary  ,6,6,12,137,202,339
01032300,HANNAH E MULLINS SCH-PRAC NRSG          ,OH,44460-2906,Public       ,2,3,5,32,93,125
01034500,CINCINNATI STATE TECH & COMM CLG        ,OH,45223-2690,Public       ,112,511,623,5132,11937,17069
01045300,WASHINGTON STATE CMTY COLLEGE           ,OH,45750-9225,Public       ,22,73,95,868,1175,2043
01063000,NORTHERN INSTITUTE OF COSMETOLOGY       ,OH,44052-1803,Proprietary  ,2,17,19,23,105,128
01073600,MARION TECHNICAL COLLEGE                ,OH,43302-5694,Public       ,16,62,78,845,1838,2683
01088000,CHATFIELD COLLEGE                       ,OH,45118-9705,Private      ,1,33,34,112,431,543
01088100,STARK STATE COLLEGE                     ,OH,44720-7299,Public       ,92,290,382,4373,11739,16112
01090600,CINCINNATI CLG OF MORTUARY SCIENCE      ,OH,45224-1428,Private      ,5,7,12,91,228,319
01092300,UNION INSTITUTE & UNIVERSITY            ,OH,45206-1925,Private      ,4,155,159,65,2184,2249
01099300,HOBART INSTITUTE OF WELDING TECHNOLOGY  ,OH,45373-2400,Private      ,24,33,57,403,365,768
01100500,KAPLAN COLLEGE                          ,OH,43232-4827,Proprietary  ,0,0,0,12,81,93
01104600,CENTRAL OHIO TECHNICAL COLLEGE          ,OH,43055-1767,Public       ,31,115,146,1732,4285,6017
01170300,PENTA COUNTY JOINT VOCATIONAL SCH       ,OH,43551-0000,Public       ,0,5,5,29,143,172
01174400,NATIONAL BEAUTY COLLEGE                 ,OH,44720-0000,Proprietary  ,3,17,20,35,135,170
01174500,OHIO TECHNICAL COLLEGE                  ,OH,44103-1228,Proprietary  ,46,93,139,1477,1207,2684
01212800,SOUTHWESTERN COLLEGE                    ,OH,45402-3003,Proprietary  ,0,0,0,10,84,94
01212804,SOUTHWESTERN COLLEGE                    ,OH,45246-3121,Proprietary  ,0,0,0,21,62,83
01212806,LINCOLN COLLEGE OF TECHNOLOGY - TOLEDO  ,OH,43615-6800,Proprietary  ,0,0,0,20,45,65
01212808,LINCOLN COLLEGE OF TECHNOLOGY - CLEVELAN,OH,44114-3266,Proprietary  ,0,0,0,29,59,88
01216600,CAROUSEL BEAUTY COLLEGE                 ,OH,45402-8935,Proprietary  ,9,30,39,107,327,434
01216603,CAROUSEL BEAUTY COLLEGE - OF MIAMI VALLE,OH,45424-2063,Proprietary  ,1,2,3,10,33,43
01224800,CENTRAL SCHOOL OF PRACTICAL NURSING     ,OH,44131-2155,Private      ,2,38,40,69,374,443
01267200,CAROUSEL BEAUTY COLLEGE                 ,OH,45044-5113,Proprietary  ,1,6,7,16,54,70
01275000,EDISON COMMUNITY COLLEGE                ,OH,45356-9239,Public       ,23,104,127,905,2300,3205
01283800,LAURA AND ALVIN SIEGAL COLLEGE OF JUDAIC,OH,44122-7197,Private      ,0,0,0,1,3,4
01284800,MOLER-HOLLYWOOD BEAUTY COLLEGE          ,OH,45202-2577,Proprietary  ,2,26,28,32,162,194
01287000,SOUTHERN STATE COMMUNITY COLLEGE        ,OH,45133-9406,Public       ,27,123,150,1118,2277,3395
01289100,ANTONELLI COLLEGE                       ,OH,45202-2592,Proprietary  ,9,45,54,130,733,863
01289600,VIRGINIA MARTI COLLEGE OF ART AND DESIGN,OH,44107-0778,Proprietary  ,12,9,21,157,187,344
01303922,SOUTH UNIVERSITY - CLEVELAND            ,OH,44128-5919,Proprietary  ,7,105,112,89,864,953
01313200,INTERNATIONAL CLG OF BROADCASTING       ,OH,45431-1898,Proprietary  ,3,28,31,93,227,320
02052000,KAPLAN COLLEGE                          ,OH,45439-1984,Proprietary  ,8,115,123,204,1573,1777
02054300,TRUMBULL BUSINESS COLLEGE               ,OH,44484-0000,Proprietary  ,4,34,38,44,383,427
02056800,DAYMAR COLLEGE                          ,OH,45601-1038,Proprietary  ,0,3,3,36,177,213
02056802,DAYMAR COLLEGE - LANCASTER              ,OH,43130-0000,Proprietary  ,4,14,18,42,179,221
02056803,DAYMAR COLLEGE - NEW BOSTON             ,OH,45662-4900,Proprietary  ,2,20,22,24,137,161
02056804,DAYMAR COLLEGE - JACKSON                ,OH,45640-1728,Proprietary  ,1,2,3,19,110,129
02066100,OHIO STATE COLLEGE/BARBER STYLING       ,OH,43213-0000,Proprietary  ,8,63,71,146,450,596
02073300,GALLIA-JACKSON-VINTON SCH ADULT ED      ,OH,45674-0000,Public       ,2,8,10,72,248,320
02110700,CLEVELAND INST OF DENTAL-MED ASST       ,OH,44115-2285,Proprietary  ,16,61,77,178,646,824
02116009,SANFORD-BROWN COLLEGE - MIDDLEBURG HEIGH,OH,44130-8362,Proprietary  ,0,7,7,13,144,157
02116900,UPPER VALLEY JVS                        ,OH,45356-0000,Public       ,6,11,17,42,277,319
02117300,GREAT OAKS INSTITUTE OF TECHNOLOGY      ,OH,45241-1581,Public       ,11,46,57,250,883,1133
02128600,THE ART INSTITUTE OF CINCINNATI         ,OH,45246-0000,Proprietary  ,10,17,27,487,347,834
02140700,CANTON CITY SCHOOLS ADULT CAREER & TECH ,OH,44702-1710,Public       ,1,18,19,23,240,263
02158417,"HARRISON COLLEGE - COLUMBUS, OH         ",OH,43123-0000,Proprietary  ,13,82,95,108,592,700
02158500,OHIO BUSINESS COLLEGE                   ,OH,44035-0701,Proprietary  ,9,49,58,111,550,661
02158501,OHIO BUSINESS COLLEGE                   ,OH,44870-9953,Proprietary  ,16,36,52,72,441,513
02158503,OHIO BUSINESS COLLEGE - COLUMBUS        ,OH,43229-3523,Proprietary  ,7,49,56,178,633,811
02158504,OHIO BUSINESS COLLEGE - DAYTON          ,OH,45417-4094,Proprietary  ,1,13,14,31,232,263
02168100,TRI-COUNTY JOINT VOCATIONAL SCHOOL      ,OH,45764-0000,Public       ,6,17,23,77,186,263
02187900,ASHTABULA CO JOINT VOC SCH ADULT ED     ,OH,44047-0000,Public       ,2,11,13,57,200,257
02189000,MID-EAST CAREER & TECH CENTERS-ADULT ED ,OH,43701-4600,Public       ,9,22,31,152,442,594
02190700,FORTIS COLLEGE                          ,OH,45459-0000,Proprietary  ,24,210,234,392,3087,3479
02192100,BUTLER TECHNOLOGY AND CAREER DEVELOPMENT,OH,45011-0000,Public       ,13,54,67,239,713,952
02196300,COLLINS CAREER CENTER                   ,OH,45619-0000,Public       ,5,23,28,206,623,829
02210800,MEDINA COUNTY CAREER CENTER             ,OH,44256-0000,Public       ,0,3,3,30,118,148
02220500,GOD'S BIBLE SCHOOL & COLLEGE            ,OH,45210-0000,Private      ,3,5,8,167,122,289
02220800,CAREER & TECHNOLOGY EDUCATION CENTERS OF,OH,43055-0000,Public       ,5,27,32,131,417,548
02239800,PIONEER CAREER & TECHNOLOGY CENTER      ,OH,44875-9704,Public       ,0,4,4,6,62,68
02245600,WARREN COUNTY CAREER CENTER             ,OH,45036-0000,Public       ,8,24,32,94,317,411
02246300,INSTITUTE OF MEDICAL-DENTAL TECH        ,OH,45246-3317,Proprietary  ,38,162,200,231,994,1225
02263700,MIAMI VALLEY CAREER TECHNOLOGY CTR      ,OH,45315-0000,Public       ,8,55,63,126,598,724
02269400,EASTERN HILLS ACAD OF HAIR DESIGN       ,OH,45255-0000,Proprietary  ,0,9,9,20,73,93
02269500,WESTERN HILLS SCHOOL OF BEAUTY & HAIR DE,OH,45211-0000,Proprietary  ,1,34,35,55,318,373
02270100,OHIO HI-POINT CAREER CENTER             ,OH,43311-0000,Public       ,0,0,0,10,46,56
02272700,COLUMBIANA COUNTY CAREER CENTER         ,OH,44432-0000,Public       ,2,13,15,60,251,311
02287900,RAPHAEL'S SCHOOL OF BEAUTY CULTURE      ,OH,44446-0000,Proprietary  ,11,42,53,64,234,298
02301400,OHIO VALLEY COLLEGE OF TECHNOLOGY       ,OH,43920-9139,Proprietary  ,7,14,21,98,281,379
02303600,FORTIS COLLEGE - RAVENNA CAMPUS         ,OH,44266-0000,Proprietary  ,0,0,0,15,85,100
02304700,TRI-RIVERS CAREER CENTER                ,OH,43302-0000,Public       ,1,13,14,73,319,392
02311200,AMERICAN SCHOOL OF TECHNOLOGY           ,OH,43229-0000,Proprietary  ,11,64,75,123,622,745
02315500,TOLEDO ACADEMY OF BEAUTY CULTURE - EAST ,OH,43616-0000,Proprietary  ,6,21,27,45,178,223
02324400,ALLSTATE HAIRSTYLING & BARBER CLG       ,OH,44113-0000,Proprietary  ,4,20,24,68,357,425
02328500,MOLER-PICKENS BEAUTY COLLEGE            ,OH,45014-0000,Proprietary  ,1,11,12,25,81,106
02334300,EMPIRE BEAUTY SCHOOL                    ,OH,45239-3926,Proprietary  ,11,34,45,100,259,359
02336300,KNOX COUNTY CAREER CENTER               ,OH,43050-4298,Public       ,5,23,28,65,320,385
02336700,CUYAHOGA VALLEY CAREER CENTER           ,OH,44141-1296,Public       ,1,17,18,76,244,320
02337700,PROFESSIONAL SKILLS INSTITUTE           ,OH,43607-0000,Proprietary  ,4,44,48,129,651,780
02351500,WILLOUGHBY EASTLAKE SCH OF PRAC NSG     ,OH,44094-0000,Public       ,1,2,3,36,211,247
02352800,POLARIS CAREER CENTER-ADULT ED DEPT     ,OH,44130-0000,Public       ,7,33,40,143,486,629
02354200,SCIOTO COUNTY JOINT VOCATIONAL SCH      ,OH,45648-0000,Public       ,2,16,18,107,359,466
02359803,ITT TECHNICAL INSTITUTE -               ,OH,45212-2273,Proprietary  ,0,0,0,0,1,1
02454400,NORTHEAST OHIO MEDICAL UNIVERSITY       ,OH,44272-9621,Public       ,2,2,4,158,907,1065
02497800,GREENE COUNTY CAREER CENTER             ,OH,45385-0000,Public       ,2,7,9,32,125,157
02519300,OHIO STATE SCH COSMETOLOGY              ,OH,43110-2754,Proprietary  ,11,25,36,124,253,377
02522700,EASTLAND-FAIRFIELD CAREER AND TECHNICAL ,OH,43125-0000,Public       ,5,34,39,74,318,392
02528300,TDDS TECHNICAL INSTITUTE                ,OH,44429-0000,Proprietary  ,20,141,161,116,655,771
02529500,HAMRICK SCHOOL                          ,OH,44256-0000,Proprietary  ,4,54,58,24,326,350
02545800,INNER STATE BEAUTY SCHOOLS              ,OH,44124-0000,Proprietary  ,6,24,30,65,245,310
02553000,SCHOOL OF ADVERTISING ART               ,OH,45440-0000,Proprietary  ,3,3,6,263,60,323
02560000,CASAL AVEDA INSTITUTE                   ,OH,44515-0000,Proprietary  ,8,21,29,138,232,370
02560700,PICKAWAY ROSS CO JOINT VOC TECH SCH     ,OH,45601-0000,Public       ,3,25,28,101,389,490
02562300,APOLLO CAREER CENTER-ADULT EDUC         ,OH,45806-0000,Public       ,7,34,41,103,519,622
02563000,RAPHAELS SCHOOL OF BEAUTY CULTURE       ,OH,44601-2847,Proprietary  ,7,24,31,56,186,242
02568600,MAHONING COUNTY CAREER & TECH CENTR     ,OH,44406-0000,Public       ,0,2,2,28,124,152
02582900,KAPLAN CAREER INSTITUTE                 ,OH,44129-6810,Proprietary  ,2,25,27,37,388,425
02586400,TRUMBULL CAREER & TECH CENTER-ADULT     ,OH,44483-1997,Public       ,6,13,19,66,270,336
02588500,OHIO STATE SCHOOL OF COSMETOLOGY        ,OH,43081-0000,Proprietary  ,8,15,23,171,254,425
02599711,VATTEROTT COLLEGE - CLEVELAND           ,OH,44147-3502,Proprietary  ,8,63,71,71,438,509
02603800,LORAIN COUNTY JVS ADULT CAREER CTR      ,OH,44074-9799,Public       ,2,16,18,71,228,299
02611007,HERITAGE COLLEGE - COLUMBUS             ,OH,43213-4440,Proprietary  ,26,113,139,264,1016,1280
02620000,SANDUSKY CAREER CENTER                  ,OH,44870-4786,Public       ,0,5,5,21,175,196
03007900,GALLIPOLIS CAREER COLLEGE               ,OH,45631-2600,Proprietary  ,2,14,16,20,187,207
03015100,ALLIANCE HIGH SCH-CMTY SERVICES DIV     ,OH,44601-2899,Public       ,1,14,15,32,102,134
03015300,EHOVE CAREER CENTER                     ,OH,44846-9500,Public       ,4,38,42,83,432,515
03023700,MADISON ADULT CAREER CENTER             ,OH,44905-2718,Public       ,1,8,9,63,312,375
03024300,VALLEY BEAUTY SCHOOL                    ,OH,43725-2332,Proprietary  ,0,0,0,19,35,54
03026511,REMINGTON COLLEGE - CLEVELAND           ,OH,44125-1957,Private      ,7,46,53,190,772,962
03027100,FAIRVIEW ACADEMY                        ,OH,44126-2214,Proprietary  ,2,6,8,17,79,96
03034200,WASHINGTON COUNTY CAREER CENTER ADULT TE,OH,45750-9290,Public       ,7,19,26,111,468,579
03035801,HERITAGE INSTITUTE - HERITAGE COLLEGE/CL,OH,44130-3304,Proprietary  ,8,44,52,21,85,106
03051400,AUBURN CAREER CENTER                    ,OH,44077-9723,Public       ,6,26,32,88,253,341
03051500,US GRANT JOINT VOCATIONAL SCHOOL        ,OH,45106-9502,Public       ,0,0,0,4,27,31
03065900,BUCKEYE CAREER CENTER                   ,OH,44663-9437,Public       ,0,7,7,58,199,257
03067600,RAPHAEL'S SCHOOL OF BEAUTY CULTURE      ,OH,44512-2222,Proprietary  ,4,18,22,53,173,226
03068200,OHIO CENTER FOR BROADCASTING            ,OH,44125-6273,Proprietary  ,5,32,37,72,229,301
03068202,OHIO CENTER FOR BROADCASTING - COLUMBUS ,OH,43213-2571,Proprietary  ,2,24,26,58,286,344
03071900,MOUNT CARMEL COLLEGE OF NURSING         ,OH,43222-1598,Private      ,6,45,51,848,1202,2050
03078000,OHIO CENTER FOR BROADCASTING            ,OH,45227-1509,Proprietary  ,6,19,25,50,165,215
03079000,ETI TECHNICAL COLLEGE                   ,OH,44446-4398,Proprietary  ,4,26,30,80,342,422
03084800,DELAWARE AREA CAREER CENTER             ,OH,43015-8969,Public       ,0,1,1,16,70,86
03084801,DELAWARE AREA CAREER CENTER -           ,OH,43015-9001,Public       ,0,1,1,10,55,65
03095600,VANTAGE CAREER CENTER                   ,OH,45891-1378,Public       ,0,6,6,29,110,139
03097000,MERCY COLLEGE OF OHIO                   ,OH,43604-1132,Private      ,5,48,53,665,1505,2170
03100100,PARAMOUNT BEAUTY ACADEMY                ,OH,45662-4136,Proprietary  ,0,12,12,37,158,195
03116200,DAYTON BARBER COLLEGE                   ,OH,45342-4196,Proprietary  ,4,15,19,30,127,157
03116300,OHIO COLLEGE OF MASSOTHERAPY            ,OH,44321-1363,Private      ,3,11,14,41,150,191
03116400,VANGUARD-SENTINELL VOC SCH DISTRICT     ,OH,43420-1197,Public       ,0,3,3,10,79,89
03117000,ASHLAND COUNTY-W HOLMES CAREER CTR      ,OH,44805-0000,Public       ,2,9,11,34,156,190
03319300,CREATIVE IMAGES-A CERTIFIED MATRIX      ,OH,45414-2557,Proprietary  ,11,22,33,133,335,468
03319301,CREATIVE IMAGES-A CERTIFIED MATRIX      ,OH,45459-0000,Proprietary  ,6,12,18,82,231,313
03416400,VALLEY BEAUTY SCHOOL                    ,OH,43701-3624,Proprietary  ,0,0,0,27,65,92
03425300,ROSEDALE BIBLE COLLEGE                  ,OH,43029-9517,Private      ,1,0,1,63,10,73
03457300,ALLEGHENY WESLEYAN COLLEGE              ,OH,44460-9598,Private      ,5,2,7,57,24,81
03468400,NATIONAL INSTITUTE OF MASSOTHERAPY      ,OH,44319-2100,Proprietary  ,1,11,12,22,109,131
03468500,ATS INSTITUTE OF TECHNOLOGY             ,OH,44143-2216,Proprietary  ,0,27,27,84,841,925
03475400,TRI-STATE BIBLE COLLEGE                 ,OH,45680-8402,Private      ,0,1,1,4,79,83
03534400,AMERICAN INST OF ALTERNATIVE MEDICI     ,OH,43229-1113,Proprietary  ,5,55,60,82,798,880
03583300,OHIO INSTITUTE OF ALLIED HEALTH         ,OH,45424-3646,Private      ,2,6,8,9,71,80
03626300,BROWN AVEDA INSTITUTE                   ,OH,44060-6212,Proprietary  ,13,33,46,208,375,583
03700300,REGENCY BEAUTY INSTITUTE - CLEVELAND    ,OH,44094-0000,Proprietary  ,12,41,53,168,476,644
03726300,TEMPLE BAPTIST COLLEGE                  ,OH,45240-0000,Private      ,0,1,1,30,63,93
03747300,BEXLEY HALL SEMINARY                    ,OH,43209-2325,Private      ,1,4,5,3,48,51
03776400,HEALING ARTS INSTITUTE                  ,OH,43551-3138,Proprietary  ,5,8,13,28,96,124
03837300,AVEDA FREDRIC'S INSTITUTE               ,OH,45208-1304,Proprietary  ,3,21,24,174,266,440
04051307,ART INSTITUTE OF PHOENIX (THE) - BROWN M,OH,45215-1107,Proprietary  ,11,105,116,278,1455,1733
04051308,ART INSTITUTE OF PHOENIX (THE) - BROWN M,OH,44320-4420,Proprietary  ,4,37,41,170,687,857
04051317,ART INSTITUTE OF PHOENIX (THE) - BROWN M,OH,45840-6848,Proprietary  ,30,196,226,463,2172,2635
04051326,ART INSTITUTE OF PHOENIX (THE) - BROWN M,OH,44718-3674,Proprietary  ,9,63,72,146,749,895
04068300,FOUR COUNTY CAREER CENTER               ,OH,43512-9541,Public       ,0,4,4,11,44,55
04074300,HONDROS COLLEGE                         ,OH,43081-3855,Proprietary  ,26,310,336,537,4012,4549
04117300,DAYTON SCHOOL OF MEDICAL MASSAGE        ,OH,45429-1111,Proprietary  ,20,73,93,165,608,773
04118300,NORTHCOAST MEDICAL TRAINING ACADEMY     ,OH,44240-4174,Proprietary  ,5,24,29,74,247,321
04124500,TECHSKILLS                              ,OH,43231-0000,Proprietary  ,13,133,146,84,720,804
04126000,OHIO ACADEMY PAUL MITCHELL PARTNER SCHOO,OH,44087-3107,Proprietary  ,3,23,26,130,242,372
04137800,AVEDA INSTITUTE COLUMBUS                ,OH,43201-2333,Proprietary  ,23,53,76,347,585,932
04138000,INSTITUTE OF THERAPEUTIC MASSAGE        ,OH,45875-0350,Proprietary  ,0,1,1,24,39,63
04149100,PAUL MITCHELL THE SCHOOL CINCINNATI     ,OH,45241-1702,Proprietary  ,13,27,40,196,298,494
04149101,PAUL MITCHELL THE SCHOOL CINCINNATI - TO,OH,43560-2539,Proprietary  ,5,21,26,68,137,205
04151400,VANITY SCHOOL OF COSMETOLOGY            ,OH,44035-0000,Proprietary  ,3,8,11,33,85,118
04152100,TOLEDO RESTAURANT TRAINING CENTER       ,OH,43604-6508,Private      ,1,9,10,19,110,129
04152600,PIKE COUNTY CAREER TECHNOLOGY CENTER    ,OH,45661-9114,Public       ,0,1,1,22,101,123
04153300,OHIO ACADEMY COLUMBUS (THE)             ,OH,43231-6038,Proprietary  ,7,26,33,151,295,446
04166800,SALON PROFESSIONAL ACADEMY (THE)        ,OH,45551-0000,Proprietary  ,2,8,10,45,97,142
04167700,ARTISAN COLLEGE OF COSMETOLOGY (THE)    ,OH,45840-6848,Proprietary  ,2,7,9,21,50,71
04177300,OHIO MEDICAL CAREER COLLEGE             ,OH,45417-4094,Proprietary  ,4,53,57,19,177,196
04185900,ELITE SCHOOL OF COSMETOLOGY             ,OH,44857-2714,Proprietary  ,2,8,10,18,88,106
04189100,TONI & GUY HAIRDRESSING ACADEMY         ,OH,43615-1731,Proprietary  ,4,9,13,109,154,263
04192200,ATHENA CAREER ACADEMY                   ,OH,43560-2796,Proprietary  ,4,29,33,62,450,512
04206700,ELITE WELDING ACADEMY                   ,OH,45246-1013,Proprietary  ,10,18,28,47,151,198
04220900,NATIONAL PERSONAL TRAINING INSTITUTE OF ,OH,43235-5739,Proprietary  ,1,14,15,30,176,206
04224300,VALOR CHRISTIAN COLLEGE                 ,OH,43216-0800,Private      ,25,47,72,60,108,168
04225700,LABARBERIA INSTITUTE OF HAIR            ,OH,44106-1923,Proprietary  ,1,20,21,29,145,174
        ,INVALID SCHOOL CODE                     ,  ,00000-0000,,85,723,808,971,5388,6359
00134500,ADAMS STATE COLLEGE                     ,CO,81102-2373,Public       ,42,132,174,2974,2420,5394
00134600,ARAPAHOE COMMUNITY COLLEGE              ,CO,80160-9002,Public       ,122,407,529,3460,7170,10630
00134700,COLORADO COLLEGE                        ,CO,80903-3294,Private      ,41,54,95,3655,1088,4743
00134800,COLORADO SCHOOL OF MINES                ,CO,80401-1887,Public       ,53,30,83,7127,1457,8584
00134900,UNIVERSITY OF NORTHERN COLORADO         ,CO,80639-0001,Public       ,141,178,319,10863,5462,16325
00135000,COLORADO STATE UNIVERSITY               ,CO,80523-0100,Public       ,332,358,690,26153,11780,37933
00135200,DENVER  SEMINARY                        ,CO,80120-2192,Private      ,1,22,23,16,734,750
00135300,FORT LEWIS COLLEGE                      ,CO,81301-3999,Public       ,66,50,116,4902,1793,6695
00135400,ILIFF SCHOOL OF THEOLOGY                ,CO,80210-0000,Private      ,1,6,7,9,345,354
00135500,LAMAR COMMUNITY COLLEGE                 ,CO,81052-3999,Public       ,17,23,40,474,346,820
00135800,COLORADO MESA UNIVERSITY                ,CO,81501-3122,Public       ,127,203,330,7888,4143,12031
00135900,COLORADO NORTHWESTERN COMMUNITY COLLEGE ,CO,81648-3598,Public       ,10,39,49,542,534,1076
00136000,METROPOLITAN STATE UNIVERSITY OF DENVER ,CO,80204-3362,Public       ,266,611,877,13183,17663,30846
00136100,NORTHEASTERN JUNIOR COLLEGE             ,CO,80751-2399,Public       ,17,31,48,1254,551,1805
00136200,OTERO JUNIOR COLLEGE                    ,CO,81050-3346,Public       ,13,62,75,696,771,1467
00136300,REGIS UNIVERSITY                        ,CO,80221-1099,Private      ,39,313,352,3477,8516,11993
00136500,COLORADO STATE UNIVERSITY-PUEBLO        ,CO,81001-4901,Public       ,73,151,224,5577,3429,9006
00136800,TRINIDAD STATE JR COLLEGE               ,CO,81082-2396,Public       ,24,78,102,826,1155,1981
00137000,UNIVERSITY OF COLORADO-BOULDER          ,CO,80309-0077,Public       ,385,281,666,29280,10255,39535
00137100,UNIVERSITY OF DENVER                    ,CO,80208-2000,Private      ,94,358,452,10566,10466,21032
00137200,WESTERN STATE COLORADO UNIVERSITY       ,CO,81231-0000,Public       ,29,19,48,2331,709,3040
00405702,NATIONAL AMERICAN UNIVERSITY - COLORADO ,CO,80920-4001,Proprietary  ,2,29,31,47,475,522
00405703,NATIONAL AMERICAN UNIVERSITY            ,CO,80222-0000,Proprietary  ,3,14,17,35,284,319
00450300,EVEREST COLLEGE                         ,CO,80916-3548,Proprietary  ,12,98,110,184,1364,1548
00450600,COLORADO MOUNTAIN COLLEGE               ,CO,81602-0000,Public       ,49,93,142,2061,2278,4339
00450700,EVEREST COLLEGE                         ,CO,80229-4339,Proprietary  ,10,66,76,139,630,769
00450701,"EVEREST COLLEGE- EVEREST COLLEGE, AURORA",CO,80012-5692,Proprietary  ,18,74,92,194,690,884
00450800,UNIVERSITY OF COLORADO DENVER           ,CO,80204-2029,Public       ,175,567,742,11332,17391,28723
00450900,UNIV OF COLORADO AT COLO SPRINGS        ,CO,80918-3735,Public       ,167,338,505,10296,7710,18006
00559600,EMILY GRIFFITH OPPORTUNITY SCH          ,CO,80204-2197,Public       ,26,161,187,772,2358,3130
00729700,REDSTONE COLLEGE                        ,CO,80020-9988,Proprietary  ,10,58,68,291,755,1046
00732912,ITT TECHNICAL INSTITUTE                 ,CO,80229-5338,Proprietary  ,27,183,210,298,1588,1886
00754800,WESTWOOD COLLEGE - DENVER NORTH         ,CO,80221-3653,Proprietary  ,20,87,107,246,1251,1497
00754801,WESTWOOD COLLEGE - DENVER SOUTH         ,CO,80227-3653,Proprietary  ,9,45,54,132,814,946
00758200,AIMS COMMUNITY COLLEGE                  ,CO,80632-0000,Public       ,69,182,251,2314,3941,6255
00764900,ROCKY MOUNTAIN COLG OF ART & DESIGN     ,CO,80214-0000,Proprietary  ,38,103,141,941,1547,2488
00793300,FRONT RANGE COMMUNITY COLLEGE           ,CO,80031-2199,Public       ,276,695,971,8059,13967,22026
00793806,LINCOLN COLLEGE OF TECHNOLOGY - DENVER  ,CO,80239-3006,Proprietary  ,122,133,255,1355,1267,2622
00863500,INTELLITEC MEDICAL INSTITUTE            ,CO,80909-0000,Proprietary  ,17,78,95,123,676,799
00887100,CONCORDE CAREER INSTITUTE               ,CO,80203-0000,Proprietary  ,51,205,256,522,1890,2412
00889600,PIKES PEAK COMMUNITY COLLEGE            ,CO,80906-5498,Public       ,241,1056,1297,5438,13980,19418
00940100,COLORADO CHRISTIAN UNIVERSITY           ,CO,80226-7449,Private      ,35,431,466,2244,5461,7705
00954200,COMMUNITY COLLEGE OF DENVER             ,CO,80217-2026,Public       ,184,632,816,6539,12089,18628
00954300,RED ROCKS COMMUNITY COLLEGE             ,CO,80228-1255,Public       ,111,389,500,3513,6621,10134
00998100,MORGAN COMMUNITY COLLEGE                ,CO,80701-4399,Public       ,26,57,83,412,870,1282
01014800,COLORADO TECHNICAL UNIVERSITY           ,CO,80907-3896,Proprietary  ,30,424,454,465,5017,5482
01014802,COLORADO TECHNICAL UNIV - DENVER        ,CO,80111-3201,Proprietary  ,13,127,140,134,1211,1345
01014805,COLORADO TECH UNIV - ON LINE            ,CO,80907-0000,Proprietary  ,299,4913,5212,2378,45054,47432
01014812,COLORADO TECHNICAL UNIVERSITY - WESTMINS,CO,80021-3498,Proprietary  ,4,39,43,64,600,664
01014815,COLORADO TECHNCL UNIV PUEBLO            ,CO,81003-2315,Proprietary  ,0,0,0,77,249,326
01157200,COLORADO SCHOOL OF TRADES               ,CO,80215-2996,Proprietary  ,1,25,26,78,433,511
01267000,BEL-REA INST OF ANIMAL TECH             ,CO,80247-3048,Proprietary  ,15,45,60,429,695,1124
01285000,INTERNATIONAL SALON AND SPA ACADEMY     ,CO,80918-3684,Proprietary  ,12,34,46,108,373,481
01287500,PICKENS TECHNICAL COLLEGE               ,CO,80011-9307,Public       ,14,30,44,432,945,1377
01300700,NAZARENE BIBLE COLLEGE                  ,CO,80910-3704,Private      ,2,34,36,79,677,756
02078900,ART INSTITUTE OF COLORADO (THE)         ,CO,80203-2983,Proprietary  ,57,138,195,1850,2200,4050
02116300,PUEBLO COMMUNITY COLLEGE                ,CO,81004-0000,Public       ,88,371,459,2252,6195,8447
02117500,NAROPA UNIVERSITY                       ,CO,80302-0000,Private      ,6,18,24,406,1231,1637
02156200,DELTA - MONTROSE TECHNICAL COLLEGE      ,CO,81416-0000,Public       ,3,23,26,92,284,376
02165200,SALON PROFESSIONAL ACADEMY (THE)        ,CO,81504-5309,Proprietary  ,2,16,18,66,122,188
02171300,TRINIDAD STATE JUNIOR COLLEGE           ,CO,81101-0000,Proprietary  ,0,0,0,0,1,1
02211901,CHEEKS INTERNATIONAL ACADEMY OF BEAUTY C,CO,80525-3053,Proprietary  ,0,3,3,38,79,117
02211902,CHEEKS INTERNATIONAL ACDMY BTY CULT     ,CO,80631-0000,Proprietary  ,0,2,2,19,58,77
02253700,INTELLITEC COLLEGE                      ,CO,80909-0000,Proprietary  ,32,117,149,194,1194,1388
02267500,GLENWOOD BEAUTY ACADEMY                 ,CO,81601-0000,Proprietary  ,2,2,4,20,49,69
02276900,COMMUNITY COLLEGE OF AURORA             ,CO,80011-9036,Public       ,90,391,481,3210,7395,10605
02296004,PRINCE INSTITUTE - SOUTHEAST - PRINCE IN,CO,80031-2943,Proprietary  ,0,1,1,4,41,45
02518500,HAIR DYNAMICS EDUCATION CENTER          ,CO,80525-0000,Proprietary  ,10,19,29,115,195,310
02594300,COLLEGE AMERICA - DENVER                ,CO,80222-3380,Proprietary  ,31,202,233,369,2105,2474
02611000,HERITAGE COLLEGE                        ,CO,80212-7413,Proprietary  ,29,85,114,238,744,982
03006300,INST OF BUSINESS & MEDICAL CAREERS      ,CO,80525-3044,Proprietary  ,34,166,200,458,1651,2109
03010622,VIRGINIA COLLEGE - ECOTECH INSTITUTE - A,CO,80012-4627,Proprietary  ,5,13,18,80,351,431
03012100,REMINGTON COLLEGE - COLORADO SPRINGS CAM,CO,80215-0000,Private      ,0,0,0,6,4,10
03014900,PLATT COLLEGE                           ,CO,80014-3141,Proprietary  ,6,21,27,73,359,432
03027400,XENON INTERNATIONAL ACADEMY III         ,CO,80014-1193,Proprietary  ,3,10,13,63,127,190
03030606,UTAH COLLEGE OF MASSAGE THERAPY - DENVER,CO,80031-2921,Proprietary  ,9,24,33,59,169,228
03030607,UTAH COLLEGE OF MASSAGE THERAPY - DENVER,CO,80012-2523,Proprietary  ,8,37,45,84,227,311
03066900,INTELLITEC COLLEGE                      ,CO,81506-3994,Proprietary  ,31,97,128,218,815,1033
03068201,OHIO CENTER FOR BROADCASTING - COLORADO ,CO,80214-4129,Proprietary  ,6,25,31,61,170,231
03076401,BRYMAN SCHOOL OF ARIZONA (THE) - ANTHEM ,CO,80014-2622,Proprietary  ,0,0,0,8,22,30
03289300,COLORADO HEIGHTS UNIVERSITY             ,CO,80236-2711,Private      ,14,32,46,160,399,559
03306300,MONTESSORI EDUC CRT OF THE ROCKIES      ,CO,80301-2587,Private      ,0,3,3,8,69,77
03534300,JONES INTERNATIONAL UNIVERSITY          ,CO,80112-3446,Proprietary  ,3,180,183,103,3680,3783
03545300,UNIVERSITY OF THE ROCKIES               ,CO,80903-3612,Proprietary  ,6,196,202,123,3149,3272
03584400,COLORADO SCHOOL OF HEALING ARTS         ,CO,80226-4332,Proprietary  ,1,32,33,79,297,376
03670300,TONI & GUY HAIRDRESSING ACADEMY         ,CO,80911-0000,Proprietary  ,14,23,37,116,245,361
03686300,COLORADO SCHOOL OF TRADITIONAL CHINESE M,CO,80206-2127,Proprietary  ,2,14,16,19,238,257
03776300,AUGUSTE ESCOFFIER SCHOOL OF CULINARY ART,CO,80305-5961,Proprietary  ,23,51,74,311,494,805
03976300,MASSAGE THERAPY INSTITUTE OF COLORADO   ,CO,80206-2127,Proprietary  ,6,17,23,103,246,349
04080300,ASPEN UNIVERSITY                        ,CO,80246-1930,Proprietary  ,3,119,122,168,1136,1304
04093300,ACADEMY OF NATURAL THERAPY              ,CO,80631-3425,Proprietary  ,4,11,15,57,157,214
04121200,INSTITUTE OF TAOIST EDUCATION AND ACUPUN,CO,80027-1028,Private      ,0,2,2,1,56,57
04125100,MONTESSORI CASA INTERNATIONAL           ,CO,80111-5263,Private      ,0,2,2,1,13,14
04127700,AMERICAN SENTINEL UNIVERSITY            ,CO,80014-6510,Proprietary  ,1,150,151,18,1802,1820
04139300,NATIONAL BEAUTY COLLEGE                 ,CO,80221-0000,Proprietary  ,1,6,7,56,161,217
04148300,DENVER SCHOOL OF NURSING                ,CO,80202-1213,Proprietary  ,17,57,74,449,1519,1968
04151100,SUMMIT SALON & BEAUTY SCHOOL            ,CO,80866-4569,Proprietary  ,0,0,0,1,0,1
04167100,AVEDA INSTITUTE DENVER                  ,CO,80202-0000,Proprietary  ,32,52,84,380,523,903
04170200,PAUL MITCHELL THE SCHOOL COLORADO SPRING,CO,80903-0000,Proprietary  ,14,43,57,150,425,575
04172500,ROLF INSTITUTE OF STRUCTURAL INTEGRATION,CO,80301-0000,Private      ,0,6,6,5,128,133
04173800,SALON PROFESSIONAL ACADEMY (THE)        ,CO,80918-2932,Proprietary  ,6,15,21,63,153,216
04177100,PIMA MEDICAL INSTITUTE-SOUTH DENVER     ,CO,80231-0000,Proprietary  ,33,80,113,383,963,1346
04179700,UNITED BEAUTY COLLEGE                   ,CO,80223-2936,Proprietary  ,4,17,21,53,173,226
04183700,HEALING ARTS INSTITUTE                  ,CO,80525-3479,Proprietary  ,1,14,15,45,173,218
04184900,COLLEGE OF INTERNATIONAL ESTHETICS      ,CO,80002-3754,Proprietary  ,4,14,18,40,199,239
04185000,COLORADO ACADEMY OF VETERINARY TECHNOLOG,CO,80906-4944,Proprietary  ,7,15,22,139,306,445
04185400,NATIONAL PERSONAL TRAINING INSTITUTE OF ,CO,80401-3304,Proprietary  ,5,14,19,32,141,173
04195300,LONGS PEAK ACADEMY                      ,CO,80501-6458,Proprietary  ,3,13,16,49,149,198
04202600,NEW DIMENSIONS BEAUTY ACADEMY           ,CO,80138-9801,Proprietary  ,4,9,13,28,70,98
04208700,COLORADO STATE UNIVERSITY - GLOBAL CAMPU,CO,80111-0000,Public       ,37,1028,1065,607,9679,10286
04218900,ROCKY VISTA UNIVERSITY COLLEGE OF OSTEOP,CO,80134-9498,Proprietary  ,0,5,5,6,607,613
04221400,PAUL MITCHELL THE SCHOOL DENVER         ,CO,80226-7395,Proprietary  ,16,16,32,139,193,332
00267811,BRYANT & STRATTON COLLEGE - VIRGINIA BEA,VA,23462-4417,Proprietary  ,15,102,117,650,2931,3581
00370200,AVERETT UNIVERSITY                      ,VA,24541-3692,Private      ,21,187,208,1509,1699,3208
00370300,BLUEFIELD COLLEGE                       ,VA,24605-1799,Private      ,8,45,53,971,853,1824
00370400,BRIDGEWATER COLLEGE                     ,VA,22812-1599,Private      ,26,7,33,3484,255,3739
00370500,COLLEGE OF WILLIAM & MARY               ,VA,23187-8795,Public       ,89,74,163,11632,3890,15522
00370600,CHRISTOPHER NEWPORT UNIVERSITY          ,VA,23606-3072,Public       ,71,52,123,8570,1419,9989
00370700,RICHARD BLAND COLLEGE                   ,VA,23805-7100,Public       ,22,33,55,1457,711,2168
00370800,EASTERN MENNONITE UNIVERSITY            ,VA,22802-2462,Private      ,15,32,47,1497,717,2214
00370900,EMORY & HENRY COLLEGE                   ,VA,24327-0010,Private      ,9,5,14,1619,213,1832
00371100,FERRUM COLLEGE                          ,VA,24088-2612,Private      ,19,8,27,3001,369,3370
00371200,TIDEWATER COMMUNITY COLLEGE             ,VA,23510-1910,Public       ,313,1464,1777,11883,27603,39486
00371300,HAMPDEN-SYDNEY COLLEGE                  ,VA,23943-0128,Private      ,15,0,15,1760,66,1826
00371400,HAMPTON UNIVERSITY                      ,VA,23668-0099,Private      ,114,120,234,9760,3608,13368
00371500,HOLLINS UNIVERSITY                      ,VA,24020-0000,Private      ,9,29,38,1016,635,1651
00371900,LONGWOOD UNIVERSITY                     ,VA,23909-1899,Public       ,51,32,83,6131,1079,7210
00372000,LYNCHBURG COLLEGE                       ,VA,24501-3199,Private      ,17,51,68,3679,1258,4937
00372100,JAMES MADISON UNIVERSITY                ,VA,22807-3780,Public       ,211,83,294,26056,3343,29399
00372300,MARY BALDWIN COLLEGE                    ,VA,24401-3610,Private      ,21,72,93,1874,1363,3237
00372400,MARYMOUNT UNIVERSITY                    ,VA,22207-4224,Private      ,33,66,99,2921,2580,5501
00372600,AMERICAN NATIONAL UNIVERSITY            ,VA,24153-4524,Proprietary  ,50,354,404,453,4124,4577
00372700,NORTHERN VA CMTY CLG                    ,VA,22003-3743,Public       ,584,1450,2034,19447,24907,44354
00372800,OLD DOMINION UNIVERSITY                 ,VA,23529-0052,Public       ,250,611,861,20377,17409,37786
00373200,RADFORD UNIVERSITY                      ,VA,24142-6905,Public       ,121,55,176,11426,2937,14363
00373300,RANDOLPH-MACON COLLEGE                  ,VA,23005-5505,Private      ,28,9,37,2737,221,2958
00373400,RANDOLPH COLLEGE                        ,VA,24503-1526,Private      ,11,17,28,1194,266,1460
00373500,VIRGINIA COMMONWEALTH UNIVERSITY        ,VA,23284-9004,Public       ,300,383,683,26574,15809,42383
00373600,ROANOKE COLLEGE                         ,VA,24153-3794,Private      ,20,15,35,3681,364,4045
00373700,SHENANDOAH UNIVERSITY                   ,VA,22601-5195,Private      ,23,48,71,3270,2443,5713
00373800,SOUTHERN VIRGINIA UNIVERSITY            ,VA,24416-3038,Private      ,24,11,35,1135,365,1500
00374200,SWEET BRIAR COLLEGE                     ,VA,24595-9998,Private      ,7,1,8,1026,101,1127
00374300,UNION PRESBYTERIAN SEMINARY             ,VA,23227-0000,Private      ,1,2,3,3,95,98
00374400,UNIVERSITY OF RICHMOND                  ,VA,23173-0001,Private      ,50,71,121,6885,2892,9777
00374500,UNIVERSITY OF VIRGINIA - SFS            ,VA,22903-0000,Public       ,159,133,292,23059,8871,31930
00374600,UNIVERSITY OF MARY WASHINGTON           ,VA,22401-5358,Public       ,56,54,110,5908,1672,7580
00374700,UNIV OF VIRGINIA'S COLLEGE AT WISE      ,VA,24293-4412,Public       ,10,26,36,1896,642,2538
00374800,EASTERN SHORE COMMUNITY COLLEGE         ,VA,23410-3001,Public       ,6,25,31,372,642,1014
00374900,GEORGE MASON UNIVERSITY                 ,VA,22030-4444,Public       ,298,466,764,26049,16502,42551
00375100,PATRICK HENRY COMMUNITY COLLEGE         ,VA,24112-5311,Public       ,23,106,129,1328,2206,3534
00375200,VIRGINIA INTERMONT COLLEGE              ,VA,24201-4298,Private      ,0,0,0,236,97,333
00375300,VIRGINIA MILITARY INSTITUTE             ,VA,24450-2138,Public       ,17,2,19,2365,117,2482
00375400,VIRGINIA POLYTECH INST & STATE UNIV     ,VA,24061-2000,Public       ,245,138,383,28257,5630,33887
00375800,DANVILLE COMMUNITY COLLEGE              ,VA,24541-4004,Public       ,47,152,199,1608,2695,4303
00375900,J. SARGEANT REYNOLDS COMMUNITY CLG      ,VA,23285-0000,Public       ,121,531,652,5963,13164,19127
00376000,VIRGINIA WESTERN CMTY COLLEGE           ,VA,24038-0000,Public       ,77,176,253,3618,4901,8519
00376100,WYTHEVILLE COMMUNITY COLLEGE            ,VA,24382-3308,Public       ,49,96,145,1388,1841,3229
00376200,VIRGINIA UNIVERSITY OF LYNCHBURG        ,VA,24501-6400,Private      ,12,22,34,303,616,919
00376400,VIRGINIA STATE UNIVERSITY               ,VA,23806-0001,Public       ,127,107,234,9319,3705,13024
00376500,NORFOLK STATE UNIVERSITY                ,VA,23504-8000,Public       ,94,205,299,7811,7504,15315
00376600,VIRGINIA UNION UNIVERSITY               ,VA,23220-1711,Private      ,70,75,145,4624,1940,6564
00376700,VIRGINIA WESLEYAN COLLEGE               ,VA,23502-5599,Private      ,27,29,56,2638,1043,3681
00376800,WASHINGTON & LEE UNIVERSITY             ,VA,24450-0303,Private      ,25,7,32,3322,1027,4349
00400400,JOHN TYLER COMMUNITY COLLEGE            ,VA,23831-5316,Public       ,94,324,418,4441,7038,11479
00450301,EVEREST COLLEGE -  MCLEAN               ,VA,22182-2214,Proprietary  ,2,8,10,52,279,331
00498800,CENTRAL VIRGINIA COMMUNITY COLLEGE      ,VA,24502-2498,Public       ,42,142,184,1920,2658,4578
00499200,MILLER-MOTTE TECHNICAL COLLEGE          ,VA,24505-0000,Proprietary  ,25,150,175,338,1250,1588
00499600,DABNEY S LANCASTER COMMUNITY CLG        ,VA,24422-1000,Public       ,12,37,49,518,587,1105
00522300,NEW RIVER COMMUNITY COLLEGE             ,VA,24084-1127,Public       ,33,108,141,1728,2552,4280
00662200,COLLEGE OF HEALTH SCIENCES - CHRV       ,VA,24031-0000,Private      ,8,24,32,738,1214,1952
00681900,BLUE RIDGE COMMUNITY COLLEGE            ,VA,24486-0080,Public       ,40,144,184,2405,2797,5202
00687100,THOMAS NELSON COMMUNITY COLLEGE         ,VA,23670-0000,Public       ,102,553,655,4535,10498,15033
00709900,VIRGINIA HIGHLANDS COMMUNITY CLG        ,VA,24210-4210,Public       ,14,76,90,1206,1689,2895
00726000,SOUTHWEST VIRGINIA COMMUNITY CLG        ,VA,24641-0000,Public       ,33,149,182,1296,1955,3251
00865900,LORD FAIRFAX COMMUNITY COLLEGE          ,VA,22645-0047,Public       ,69,171,240,2525,3395,5920
00866000,GERMANNA COMMUNITY COLLEGE              ,VA,22508-0339,Public       ,83,206,289,3286,4635,7921
00866100,SOUTHSIDE VIRGINIA CMTY CLG             ,VA,23821-2930,Public       ,62,193,255,1747,3179,4926
00915900,PAUL D CAMP COMMUNITY COLLEGE           ,VA,23851-0737,Public       ,23,97,120,527,1355,1882
00916000,RAPPAHANNOCK COMMUNITY COLLEGE          ,VA,23149-2616,Public       ,32,99,131,1032,1664,2696
00926700,EVEREST COLLEGE                         ,VA,23606-4203,Proprietary  ,3,73,76,137,906,1043
00926701,EVEREST COLLEGE - CHESAPEAKE            ,VA,23320-2637,Proprietary  ,16,112,128,197,1125,1322
00942000,SANFORD-BROWN COLLEGE                   ,VA,22102-4301,Proprietary  ,2,8,10,16,111,127
00953500,STAUNTON SCHOOL OF COSMETOLOGY          ,VA,24401-4323,Proprietary  ,1,11,12,21,72,93
00953700,VIRGINIA SCH OF HAIR DESIGN             ,VA,23669-0000,Proprietary  ,5,19,24,51,194,245
00962900,MOUNTAIN EMPIRE COMMUNITY COLLEGE       ,VA,24219-0700,Public       ,38,113,151,1151,1781,2932
00992800,PIEDMONT VIRGINIA COMMUNITY COLLEGE     ,VA,22902-7589,Public       ,39,146,185,1928,3259,5187
01004300,BON SECOURS MEMORIAL COLLEGE OF NURSING ,VA,23227-4612,Private      ,5,28,33,352,984,1336
01019800,ECPI UNIVERSITY                         ,VA,23462-6542,Proprietary  ,93,756,849,1189,6861,8050
01019802,ECPI UNIVERSITY - NEWPORT NEWS          ,VA,23606-4298,Proprietary  ,28,194,222,451,2128,2579
01019807,ECPI UNIVERSITY - MANASSAS              ,VA,20109-2665,Proprietary  ,36,110,146,290,1010,1300
01019813,ECPI UNIVERSITY - CULINARY INSTITUTE OF ,VA,23513-2448,Proprietary  ,11,35,46,220,473,693
01019814,ECPI UNIVERSITY - VIRGINIA BEACH HEALTH ,VA,23462-6540,Proprietary  ,8,55,63,168,956,1124
01019815,ECPI UNIVERSITY - RICHMOND SOUTH        ,VA,23236-3659,Proprietary  ,21,83,104,367,1071,1438
01019816,ECPI UNIVERSITY - INNSBROOK             ,VA,23060-3359,Proprietary  ,16,37,53,154,445,599
01019817,ECPI UNIVERSITY - RICHMOND WEST         ,VA,23294-3730,Proprietary  ,9,32,41,221,776,997
01033800,EASTERN VIRGINIA MEDICAL SCHOOL         ,VA,23501-1980,Public       ,2,29,31,121,2021,2142
01159600,SYLVAIN MELLOUL INTERNATIONAL HAIR ACADE,VA,24502-2652,Proprietary  ,8,28,36,64,179,243
01162601,WESTWOOD COLLEGE - SOUTH BAY - ARLINGTON,VA,22203-4167,Proprietary  ,23,65,88,233,723,956
01162602,WESTWOOD COLLEGE - SOUTH BAY - ANNANDALE,VA,22003-2602,Proprietary  ,16,45,61,138,576,714
01274400,SOUTHSIDE REGIONAL MED CTR PROF SCHOOLS ,VA,23803-5133,Proprietary  ,1,7,8,115,347,462
02053000,LIBERTY UNIVERSITY                      ,VA,24502-0000,Private      ,438,6383,6821,23159,95953,119112
02108800,WARDS CORNER BEAUTY ACADEMY             ,VA,23505-0000,Proprietary  ,4,32,36,89,391,480
02111600,DANVILLE REGIONAL MEDICAL CENTER SCHOOL ,VA,24541-0000,Proprietary  ,1,10,11,40,116,156
02128700,CENTRAL SCHOOL OF PRACTICAL NURSING     ,VA,23502-2230,Public       ,4,22,26,101,390,491
02140000,RIVERSIDE SCHOOL OF HEALTH CAREERS      ,VA,23608-3802,Private      ,8,39,47,205,756,961
02149901,PAUL MITCHELL THE SCHOOL-JACKSONVILLE - ,VA,22102-0000,Proprietary  ,6,18,24,100,213,313
02149902,PAUL MITCHELL THE SCHOOL-JACKSONVILLE - ,VA,22192-0000,Proprietary  ,12,16,28,111,239,350
02175800,LYNCHBURG GENERAL HOSP SCH OF NURSG     ,VA,24501-0000,Private      ,1,16,17,115,311,426
02197600,WOODROW WILSON REHABILITATION CTR       ,VA,22939-0000,Public       ,5,4,9,55,40,95
02242400,HENRICO CTY ST MARYS HOSP PRAC NRSG     ,VA,23075-0000,Public       ,0,0,0,15,79,94
02320900,TIDEWATER TECH                          ,VA,23502-1747,Proprietary  ,33,123,156,297,1268,1565
02334400,CENTURA COLLEGE                         ,VA,23452-0000,Proprietary  ,40,193,233,361,2048,2409
02342700,FORTIS COLLEGE                          ,VA,23502-4101,Proprietary  ,25,75,100,258,1152,1410
02342701,FORTIS COLLEGE - RICHMOND CAMPUS        ,VA,23230-0000,Proprietary  ,26,109,135,300,1064,1364
02358500,BON SECOURS SAINT MARY'S HOSPITAL SCHOOL,VA,23227-4612,Private      ,1,10,11,138,407,545
02538800,SUFFOLK BEAUTY ACADEMY                  ,VA,23434-0000,Proprietary  ,2,15,17,35,108,143
02541200,STRATFORD UNIVERSITY                    ,VA,22043-0000,Proprietary  ,51,319,370,681,3548,4229
02541201,STRATFORD UNIVERSITY-WOODBRIDGE         ,VA,22192-0000,Proprietary  ,8,52,60,195,889,1084
02541204,STRATFORD UNIVERSITY - GLEN ALLEN CAMPUS,VA,23060-5937,Proprietary  ,0,0,0,4,22,26
02588900,MEDTECH INSTITUTE                       ,VA,22042-3013,Proprietary  ,80,295,375,501,1826,2327
02610100,WASHINGTON COUNTY ADULT SKILL CTR       ,VA,24210-2346,Public       ,1,21,22,72,187,259
02617508,EVEREST COLLEGE - WOODBRIDGE            ,VA,22192-6808,Proprietary  ,22,127,149,252,985,1237
03002400,GRAHAM WEBB INTERNATIONAL ACAD HAIR     ,VA,22209-2129,Proprietary  ,4,17,21,57,190,247
03010700,BAR PALMA BEAUTY CAREERS  ACADEMY       ,VA,24014-2255,Proprietary  ,1,9,10,36,134,170
03042800,"VIRGINIA BEACH CITY SCHOOLS, SCH.-PR.NSG",VA,23456-0038,Public       ,2,14,16,62,239,301
03091300,REGENT UNIVERSITY                       ,VA,23464-9800,Private      ,28,441,469,1883,7881,9764
03092700,SKYLINE COLLEGE                         ,VA,24012-1603,Proprietary  ,3,13,16,95,452,547
03096500,SPRINGFIELD BEAUTY ACADEMY              ,VA,22003-3016,Proprietary  ,0,6,6,14,103,117
03106500,SENTARA COLLEGE OF HEALTH SCIENCES      ,VA,23320-2843,Private      ,6,41,47,211,1006,1217
03116900,BAPTIST THEOLOGICAL SEM.-RICHMOND       ,VA,23227-0000,Private      ,0,5,5,15,172,187
03126300,AVIATION INSTITUTE OF MAINTENANCE       ,VA,23320-5987,Proprietary  ,13,71,84,104,479,583
03126400,CENTURA COLLEGE                         ,VA,23235-5230,Proprietary  ,9,76,85,166,967,1133
03127500,ADVANCED TECHNOLOGY INSTITUTE           ,VA,23462-2409,Proprietary  ,26,56,82,585,910,1495
03280400,VIRGINIA SCHOOL OF MASSAGE              ,VA,22903-0000,Proprietary  ,2,24,26,56,181,237
03409500,CHESTER CAREER COLLEGE                  ,VA,23836-2516,Proprietary  ,6,27,33,135,543,678
03455300,CRESCENT COSMETOLOGY UNIVERSITY         ,VA,23666-3115,Proprietary  ,2,4,6,10,52,62
03559300,APPALACHIAN SCHOOL OF LAW               ,VA,24614-0000,Private      ,0,1,1,15,337,352
03645400,RUDY & KELLY ACADEMY OF HAIR AND NA     ,VA,23464-6857,Proprietary  ,16,38,54,170,381,551
03654300,CAREER TRAINING SOLUTIONS               ,VA,22406-1014,Proprietary  ,14,68,82,150,844,994
03709300,EDWARD VIA VIRGINIA CLG OSTEOPATHIC MED ,VA,24060-6360,Private      ,0,1,1,14,891,905
03862600,VIRGINIA BAPTIST COLLEGE                ,VA,22407-0000,Private      ,0,7,7,42,116,158
03872400,INSTITUTE FOR THE PSYCHOLOGICAL SCIENCES,VA,22202-3609,Private      ,1,13,14,24,181,205
03876300,CULPEPER COSMETOLOGY TRAINING CENTER    ,VA,22701-3155,Public       ,2,4,6,25,67,92
03883400,AVIATION INSTITUTE OF MAINTENANCE       ,VA,20110-4156,Proprietary  ,9,28,37,85,260,345
03966300,CENTRAL BAPTIST THEOLOGICAL SEMINARY OF ,VA,23464-6847,Private      ,0,1,1,0,5,5
04038400,AVI CAREER INSTITUTE                    ,VA,22066-1839,Proprietary  ,0,20,20,15,116,131
04110300,UNIVERSITY OF MANAGEMENT AND TECHNOLOGY ,VA,22209-1609,Proprietary  ,1,50,51,29,577,606
04124000,DOMINION SCHOOL OF HAIR DESIGN          ,VA,23062-2221,Proprietary  ,5,9,14,24,39,63
04127300,COLUMBIA COLLEGE                        ,VA,22031-4413,Proprietary  ,6,129,135,90,931,1021
04133400,CENTURA COLLEGE                         ,VA,22312-2670,Proprietary  ,0,0,0,20,76,96
04137300,CAYCE/REILLY SCHOOL OF MASSOTHERAPY     ,VA,23451-2061,Private      ,1,9,10,19,122,141
04140000,GLOBAL HEALTH NURSE TRAINING SERVICES   ,VA,22314-4585,Proprietary  ,1,35,36,63,744,807
04153800,BETHEL COLLEGE                          ,VA,23666-3122,Private      ,1,8,9,43,158,201
04156200,INSTITUTE OF ADVANCED MEDICAL ESTHETICS ,VA,23294-4701,Proprietary  ,3,15,18,30,154,184
04169400,NORTHERN VIRGINIA SCHOOL OF THERAPEUTIC ,VA,22046-4302,Proprietary  ,3,22,25,42,159,201
04171500,COSMOPOLITAN BEAUTY & TECH SCHOOL       ,VA,22003-3204,Proprietary  ,0,19,19,20,224,244
04179900,TOMORROW'S IMAGE BARBER ACADEMY OF VIRGI,VA,23602-5532,Proprietary  ,2,10,12,16,109,125
04180600,APPALACHIAN COLLEGE OF PHARMACY         ,VA,24631-9210,Private      ,1,5,6,26,316,342
04214700,LUCKES BEAUTY ACADEMY                   ,VA,23601-1303,Proprietary  ,3,8,11,17,71,88
04218600,VIRGINIA TECH CARILION SCHOOL OF MEDICIN,VA,24016-4950,Private      ,6,8,14,218,447,665
04219000,IGLOBAL UNIVERSITY                      ,VA,22003-2400,Proprietary  ,1,2,3,5,37,42
04220100,NATIONAL PERSONAL TRAINING INSTITUTE    ,VA,22182-2412,Proprietary  ,2,17,19,16,84,100
04220400,CHRYSM INSTITUTE OF ESTHETICS (THE)     ,VA,23462-3650,Proprietary  ,3,22,25,30,213,243
04221000,"STANDARD HEALTHCARE SERVICES, COLLEGE OF",VA,22046-4612,Proprietary  ,2,29,31,23,374,397
04235400,SAINT MICHAEL COLLEGE OF ALLIED HEALTH  ,VA,22309-2348,Proprietary  ,2,33,35,2,43,45
04238700,DERMAL SCIENCE INTERNATIONAL AESTHETICS ,VA,20190-5226,Proprietary  ,1,17,18,1,17,18
04241500,WAVE LEADERSHIP COLLEGE                 ,VA,23454-2140,Private      ,3,4,7,3,4,7
00107000,THUNDERBIRD SCHOOL OF GLOBAL MANAGEMENT ,AZ,85306-6000,Private      ,1,6,7,30,537,567
00107100,ARIZONA WESTERN COLLEGE                 ,AZ,85366-0000,Public       ,132,231,363,5016,5113,10129
00107200,COCHISE COLLEGE                         ,AZ,85607-6190,Public       ,67,212,279,1769,3139,4908
00107300,EASTERN ARIZONA COLLEGE                 ,AZ,85552-0769,Public       ,63,72,135,1652,1650,3302
00107400,GRAND CANYON UNIVERSITY                 ,AZ,85017-3030,Proprietary  ,506,9082,9588,19114,78461,97575
00107600,GLENDALE COMMUNITY COLLEGE              ,AZ,85302-3090,Public       ,288,735,1023,12074,15725,27799
00107700,MESA COMMUNITY COLLEGE                  ,AZ,85202-4866,Public       ,341,889,1230,11845,18751,30596
00107800,PHOENIX COLLEGE                         ,AZ,85013-4234,Public       ,186,702,888,7245,14606,21851
00107900,YAVAPAI COLLEGE                         ,AZ,86301-3297,Public       ,52,197,249,2223,4640,6863
00108100,ARIZONA STATE UNIV (ALL CAMPUSES)       ,AZ,85287-0412,Public       ,1014,2438,3452,63016,54988,118004
00108200,NORTHERN ARIZONA UNIVERSITY             ,AZ,86011-0001,Public       ,500,607,1107,33076,16424,49500
00108300,UNIVERSITY OF ARIZONA                   ,AZ,85721-0066,Public       ,676,590,1266,37315,18525,55840
00165701,MIDWESTERN UNIVERSITY                   ,AZ,85308-0000,Private      ,7,56,63,256,4394,4650
00446700,TUCSON COLLEGE                          ,AZ,85711-3781,Proprietary  ,17,61,78,331,716,1047
00711300,ARIZONA CHRISTIAN UNIVERSITY            ,AZ,85032-7097,Private      ,19,37,56,1422,877,2299
00726600,PIMA COUNTY COMMUNITY COLLEGE           ,AZ,85709-1110,Public       ,351,905,1256,10969,17052,28021
00728300,CENTRAL ARIZONA COLLEGE                 ,AZ,85228-9779,Public       ,87,203,290,3201,5011,8212
00732911,ITT TECHNICAL INSTITUTE                 ,AZ,85282-9272,Proprietary  ,45,301,346,662,3127,3789
00732990,ITT TECHNICAL INSTITUTE                 ,AZ,85704-5829,Proprietary  ,100,396,496,837,2896,3733
00822100,UNIVERSAL TECHNICAL INSTITUTE           ,AZ,85323-7946,Proprietary  ,710,1156,1866,10432,9253,19685
00824600,DINÉ COLLEGE                            ,AZ,86556-0126,Public       ,27,87,114,804,1396,2200
00830300,GATEWAY COMMUNITY COLLEGE               ,AZ,85034-1795,Public       ,125,426,551,3926,9370,13296
00830302,MARICOPA SKILL CENTER                   ,AZ,85034-0000,Public       ,32,105,137,474,1629,2103
00830400,SCOTTSDALE COMMUNITY COLLEGE            ,AZ,85250-0000,Public       ,131,272,403,4599,5559,10158
00886400,ARIZONA ACADEMY OF BEAUTY               ,AZ,85712-5021,Proprietary  ,4,13,17,99,206,305
01085800,AVALON SCHOOL OF COSMETOLOGY            ,AZ,85210-4010,Proprietary  ,76,100,176,624,1073,1697
01168900,REFRIGERATION SCHOOL                    ,AZ,85034-0000,Proprietary  ,22,185,207,225,1158,1383
01180200,ARIZONA ACADEMY OF BEAUTY-NORTH         ,AZ,85705-2720,Proprietary  ,1,7,8,48,124,172
01186200,NORTHLAND PIONEER COLLEGE               ,AZ,86025-0610,Public       ,30,101,131,680,1955,2635
01186400,MOHAVE COMMUNITY COLLEGE                ,AZ,86409-1238,Public       ,71,204,275,1505,4127,5632
01218400,INTERNATIONAL ACAD OF HAIR DESIGN       ,AZ,85225-7198,Proprietary  ,12,33,45,94,246,340
02065300,PRESCOTT COLLEGE                        ,AZ,86301-0000,Private      ,5,46,51,613,1096,1709
02071200,KAPLAN COLLEGE                          ,AZ,85029-4349,Proprietary  ,0,0,0,139,935,1074
02098800,UNIVERSITY OF PHOENIX                   ,AZ,85040-0000,Proprietary  ,1907,36141,38048,17359,315445,332804
02100500,UNIVERSAL TECHNICAL INSTITUTE           ,AZ,85027-0000,Proprietary  ,654,1119,1773,7532,10265,17797
02100600,CARRINGTON COLLEGE                      ,AZ,85015-4096,Proprietary  ,156,515,671,1992,5605,7597
02100608,CARRINGTON COLLEGE - WESTSIDE           ,AZ,85017-1705,Proprietary  ,7,34,41,7,34,41
02100611,CARRINGTON COLLEGE - MESA               ,AZ,85210-5005,Proprietary  ,12,35,47,12,35,47
02113800,ROBERTO-VENN SCH OF LUTHIERY            ,AZ,85040-0000,Proprietary  ,0,6,6,47,71,118
02146600,SOUTH MOUNTAIN COMMUNITY COLLEGE        ,AZ,85040-0000,Public       ,111,240,351,2938,5062,8000
02160305,COLLINS COLLEGE                         ,AZ,85040-4000,Proprietary  ,2,9,11,135,399,534
02160306,INTERNATIONAL ACADEMY OF DESIGN AND TECH,AZ,85281-6705,Proprietary  ,1,6,7,44,93,137
02171500,WESTERN INTERNATIONAL UNIVERSITY        ,AZ,85021-0000,Proprietary  ,7,171,178,110,1560,1670
02177500,RIO SALADO COMMUNITY COLLEGE            ,AZ,85281-6948,Public       ,158,1237,1395,3185,17616,20801
02199900,AMERICAN INDIAN CLG-ASSEMBLIES GOD      ,AZ,85021-0000,Private      ,4,5,9,75,159,234
02217100,PIMA MEDICAL INSTITUTE                  ,AZ,85716-0000,Proprietary  ,446,1170,1616,4007,10292,14299
02218800,BROOKLINE COLLEGE                       ,AZ,85021-5815,Proprietary  ,52,302,354,496,2707,3203
02218804,BROOKLINE COLLEGE - MESA                ,AZ,85204-4448,Proprietary  ,15,97,112,195,941,1136
02218805,BROOKLINE COLLEGE - TUCSON              ,AZ,85711-5444,Proprietary  ,21,104,125,271,1054,1325
02263100,ANTHEM COLLEGE                          ,AZ,85014-4973,Proprietary  ,0,22,22,505,2061,2566
02280500,CHARLES OF ITALY BEAUTY COLLEGE         ,AZ,86403-0000,Proprietary  ,2,6,8,40,116,156
02295000,EVEREST COLLEGE                         ,AZ,85021-1610,Proprietary  ,63,730,793,899,7281,8180
02295002,EVEREST COLLEGE - MESA                  ,AZ,85206-4704,Proprietary  ,13,84,97,231,1298,1529
02306807,ARIZONA AUTOMOTIVE INSTITUTE            ,AZ,85301-3503,Proprietary  ,75,221,296,573,1714,2287
02317800,AMERICAN INSTITUTE OF TECHNOLOGY        ,AZ,85043-0000,Proprietary  ,18,247,265,243,1602,1845
02491500,SOUTHWEST UNIVERSITY OF VISUAL ARTS     ,AZ,85716-0000,Proprietary  ,16,38,54,216,390,606
02533200,FRANK LLOYD WRIGHT SCHOOL OF ARCHITECTUR,AZ,85261-4430,Private      ,0,2,2,24,65,89
02559000,UNIVERSITY OF ADVANCING TECHNOLOGY      ,AZ,85283-0000,Proprietary  ,32,43,75,997,877,1874
02561900,BRILLARE HAIRDRESSING ACADEMY           ,AZ,85254-3301,Proprietary  ,0,0,0,33,64,97
02582700,CORTIVA INSTITUTE - TUCSON              ,AZ,85710-3503,Proprietary  ,11,68,79,113,365,478
02616700,LE CORDON BLEU COLLEGE OF CULINARY ARTS ,AZ,85251-2729,Proprietary  ,64,398,462,1010,3958,4968
02623600,PARADISE VALLEY COMMUNITY COLLEGE       ,AZ,85032-1210,Public       ,96,278,374,3986,5713,9699
02623800,CORTIVA INSTITUTE - SCOTTSDALE          ,AZ,85257-4218,Proprietary  ,8,28,36,28,163,191
03005000,SAFFORD COLLEGE OF BEAUTY CULTURE       ,AZ,85546-3309,Proprietary  ,4,12,16,13,50,63
03010613,VIRGINIA COLLEGE - GOLF ACADEMY OF AMERI,AZ,85225-3412,Proprietary  ,4,12,16,30,96,126
03030604,UTAH COLLEGE OF MASSAGE THERAPY - ARIZON,AZ,85282-0000,Proprietary  ,14,21,35,125,299,424
03030605,UTAH COLLEGE OF MASSAGE THERAPY - ARIZON,AZ,85051-3470,Proprietary  ,22,46,68,172,456,628
03034400,CONSERVATORY RECORDING ARTS & SCIS      ,AZ,85282-1707,Proprietary  ,41,47,88,738,778,1516
03072200,CHANDLER-GILBERT COMMUNITY COLLEGE      ,AZ,85225-2499,Public       ,160,350,510,6213,7339,13552
03076400,BRYMAN SCHOOL OF ARIZONA (THE)          ,AZ,85029-4919,Proprietary  ,4,18,22,176,673,849
03097800,CARSTEN INSTITUTE OF HAIR & BEAUTY      ,AZ,85282-5404,Proprietary  ,8,26,34,118,299,417
03100400,COCONINO COUNTY COMMUNITY COLLEGE       ,AZ,86001-0000,Public       ,60,71,131,2085,2422,4507
03107000,SOUTHWEST CLG OF NATUROPATHIC MED       ,AZ,85282-0000,Private      ,1,21,22,24,678,702
03115000,ARIZONA COLLEGE OF ALLIED HEALTH        ,AZ,85302-3843,Proprietary  ,41,229,270,482,1708,2190
03120300,COLLEGE AMERICA                         ,AZ,86004-3936,Proprietary  ,54,194,248,480,1740,2220
03156300,ESTRELLA MOUNTAIN COMMUNITY COLLEGE     ,AZ,85392-1010,Public       ,163,402,565,5538,8050,13588
03347300,INTERNATIONAL BAPTIST COLLEGE           ,AZ,85282-6799,Private      ,3,1,4,62,38,100
03445300,HDS TRUCK DRIVING INSTITUTE             ,AZ,85731-0000,Proprietary  ,7,37,44,35,279,314
03478400,PHOENIX SEMINARY                        ,AZ,85018-7611,Private      ,0,5,5,7,204,211
03572300,EAST VALLEY INSTITUTE OF TECHNOLOGY     ,AZ,85201-6910,Public       ,20,47,67,424,885,1309
03593300,SOUTHWEST INSTITUTE OF HEALING ARTS     ,AZ,85281-3658,Proprietary  ,17,185,202,218,2074,2292
03617500,PHOENIX INSTITUTE OF HERBAL MEDICINE & A,AZ,85012-0000,Proprietary  ,4,15,19,65,489,554
03695500,ARIZONA SCHOOL OF ACUPUNCTURE AND ORIENT,AZ,85712-1100,Proprietary  ,1,3,4,19,121,140
03784400,TOHONO O'ODHAM COMMUNITY COLLEGE        ,AZ,85634-3129,Public       ,4,17,21,88,151,239
03813300,NORTHCENTRAL UNIVERSITY                 ,AZ,86314-2336,Proprietary  ,0,1126,1126,86,9283,9369
03814300,TURNING POINT BEAUTY COLLEGE            ,AZ,85222-4229,Proprietary  ,2,5,7,25,97,122
04051300,ART INSTITUTE OF PHOENIX (THE)          ,AZ,85021-2859,Proprietary  ,484,2032,2516,7530,23384,30914
04051306,ART INSTITUTE OF PHOENIX (THE) - ART INS,AZ,85712-2732,Proprietary  ,27,48,75,545,641,1186
04051325,ART INSTITUTE OF PHOENIX (THE) - BROWN M,AZ,85712-5300,Proprietary  ,11,104,115,244,1008,1252
04051327,ART INSTITUTE OF PHOENIX (THE) - BROWN M,AZ,85029-1348,Proprietary  ,3,30,33,192,461,653
04059300,TUCSON COLLEGE OF BEAUTY                ,AZ,85705-2451,Proprietary  ,6,11,17,82,209,291
04120900,ARIZONA CULINARY INSTITUTE              ,AZ,85259-4939,Proprietary  ,14,31,45,239,400,639
04131400,ARIZONA SUMMIT LAW SCHOOL               ,AZ,85004-4418,Proprietary  ,2,49,51,85,1255,1340
04139200,UNIVERSAL BARBER COLLEGE                ,AZ,85007-3914,Proprietary  ,0,0,0,1,1,2
04148700,AMERICAN INSTITUTE OF INTERIOR DESIGN   ,AZ,85268-3827,Proprietary  ,1,7,8,23,87,110
04152900,STUDIO ACADEMY OF BEAUTY (THE)          ,AZ,85224-3600,Proprietary  ,22,50,72,171,406,577
04157400,NATIONAL PARALEGAL COLLEGE              ,AZ,85014-1262,Proprietary  ,5,178,183,79,1777,1856
04174100,PAUL MITCHELL THE SCHOOL PHOENIX        ,AZ,85017-1919,Proprietary  ,8,37,45,212,509,721
04174200,ALL BEAUTY COLLEGE                      ,AZ,86426-8326,Proprietary  ,5,23,28,63,198,261
04175300,PENROSE ACADEMY                         ,AZ,85254-4065,Proprietary  ,7,28,35,119,203,322
04177500,PURE AESTHETICS                         ,AZ,85711-2328,Proprietary  ,2,15,17,40,156,196
04191200,CLASSIC COOKING ACADEMY                 ,AZ,85255-8699,Private      ,0,0,0,4,7,11
04194500,AVEDA INSTITUTE TUCSON                  ,AZ,85719-4876,Proprietary  ,11,17,28,238,404,642
04194501,AVEDA INSTITUTE TUCSON - PHOENIX        ,AZ,85284-1064,Proprietary  ,12,25,37,23,42,65
04217600,SESSIONS COLLEGE FOR PROFESSIONAL DESIGN,AZ,85281-2840,Proprietary  ,5,23,28,35,194,229
04233100,ARIZONA SCHOOL OF INTEGRATIVE STUDIES   ,AZ,86324-3106,Proprietary  ,1,5,6,16,64,80
04233101,ARIZONA SCHOOL OF INTEGRATIVE STUDIES - ,AZ,86001-5510,Proprietary  ,0,7,7,12,69,81
04233102,ARIZONA SCHOOL OF INTEGRATIVE STUDIES - ,AZ,86303-4711,Proprietary  ,1,5,6,17,91,108
04233103,ARIZONA SCHOOL OF INTEGRATIVE STUDIES - ,AZ,85705-8330,Proprietary  ,2,19,21,28,108,136
04246400,AVENTIS COLLEGE                         ,AZ,85282-1118,Proprietary  ,0,1,1,0,1,1
00142800,DELAWARE STATE UNIVERSITY               ,DE,19901-2277,Public       ,111,85,196,8428,2773,11201
00142900,GOLDEY BEACOM COLLEGE                   ,DE,19808-1993,Private      ,7,38,45,686,622,1308
00143100,UNIVERSITY OF DELAWARE                  ,DE,19716-0099,Public       ,206,102,308,27763,3586,31349
00143300,WESLEY COLLEGE                          ,DE,19901-3875,Private      ,30,42,72,2618,893,3511
00143301,WESLEY COLLEGE-CTR FOR ADULT STUDIE     ,DE,19720-0000,Private      ,0,0,0,1,0,1
00331301,WIDENER UNIV SCHOOL OF LAW - DE         ,DE,19803-0000,Private      ,1,20,21,81,1182,1263
00705300,DELAWARE TECHNICAL COMMUNITY COLLEGE - O,DE,19947-0000,Public       ,46,162,208,2689,3757,6446
00794800,WILMINGTON UNIVERSITY                   ,DE,19720-6491,Private      ,65,615,680,3572,11751,15323
01172700,DELAWARE TECHNICAL COMMUNITY COLLEGE    ,DE,19901-8736,Public       ,67,226,293,2393,3308,5701
02125200,BEEBE SCHOOL OF NURSING                 ,DE,19958-1462,Private      ,1,5,6,64,131,195
02144900,DELAWARE TECHNICAL  COMMUNITY COLLEGE   ,DE,19801-2412,Public       ,69,212,281,4370,5637,10007
02190400,SCHILLING DOUGLAS SCH OF HAIR DSGN      ,DE,19711-0000,Proprietary  ,1,16,17,93,114,207
02586902,STAR TECHNICAL INSTITUTE -              ,DE,19901-4615,Proprietary  ,2,3,5,29,105,134
03025800,DAWN TRAINING CENTRE                    ,DE,19805-1511,Proprietary  ,19,104,123,140,766,906
03543300,HARRIS SCHOOL OF BUSINESS               ,DE,19803-5341,Proprietary  ,23,115,138,172,622,794
03702300,DELAWARE LEARNING INSTITUTE OF COSMETOLO,DE,19939-9759,Proprietary  ,3,11,14,63,95,158
04130700,ACADEMY OF MASSAGE AND BODYWORK         ,DE,19701-1321,Proprietary  ,0,7,7,22,95,117
04139800,DELAWARE COLLEGE OF ART & DESIGN        ,DE,19801-3007,Private      ,1,10,11,417,198,615
04171100,PAUL MITCHELL THE SCHOOL-DELAWARE       ,DE,19702-5108,Proprietary  ,7,10,17,114,149,263
        ,FEDERAL STUDENT AID USE ONLY            ,DC,20202-0000,,0,0,0,0,2,2
00143400,AMERICAN UNIVERSITY                     ,DC,20016-8020,Private      ,115,197,312,13803,10018,23821
00143700,CATHOLIC UNIVERSITY OF AMERICA          ,DC,20064-0002,Private      ,44,111,155,5732,2834,8566
00143711,"CATHOLIC UNIV AMERICA, LAW SCHOOL       ",DC,20064-0000,Private      ,1,7,8,86,1107,1193
00144100,UNIV OF THE DISTRICT OF COLUMBIA        ,DC,20008-0000,Public       ,57,254,311,3036,7657,10693
00144102,UNIV OF THE DIST OF COLU -SCHOOL OF LAW ,DC,20008-1173,Public       ,3,21,24,61,846,907
00144300,GALLAUDET UNIVERSITY                    ,DC,20002-3695,Private      ,7,33,40,998,1278,2276
00144400,GEORGE WASHINGTON UNIVERSITY            ,DC,20052-2353,Private      ,119,420,539,14804,12645,27449
00144402,GEORGE WASHINGTON UNIV LAW SCHL         ,DC,20052-0000,Private      ,3,17,20,92,3870,3962
00144403,GEORGE WASHINGTON UNIV SCH MED          ,DC,20052-0000,Private      ,7,28,35,129,1801,1930
00144437,GEORGE WASHINGTON UNIVERSITY            ,DC,20006-4804,Private      ,10,36,46,375,468,843
00144500,GEORGETOWN UNIVERSITY                   ,DC,20057-1252,Private      ,95,194,289,13069,5345,18414
00144501,"GEORGETOWN UNIV, SCH OF MEDICINE        ",DC,20007-0000,Private      ,3,9,12,114,1414,1528
00144502,GEORGETOWN UNIVERSITY - GRADUATE SCHOOL ,DC,20057-0004,Private      ,4,108,112,79,4851,4930
00144503,GEORGETOWN UNIV LAW CENTER              ,DC,20001-0000,Private      ,0,22,22,63,5101,5164
00144800,HOWARD UNIVERSITY                       ,DC,20059-0001,Private      ,225,215,440,15646,9569,25215
00145900,STRAYER UNIVERSITY                      ,DC,20005-2603,Proprietary  ,196,4204,4400,2115,50539,52654
00146000,TRINITY UNIVERSITY                      ,DC,20017-1004,Private      ,18,105,123,1481,2965,4446
00146400,WESLEY THEOLOGICAL SEMINARY             ,DC,20016-0000,Private      ,0,24,24,4,386,390
00207701,JOHNS HOPKINS UNIV SCH ADV INTL STU     ,DC,20036-0000,Private      ,2,29,31,99,1657,1756
01006500,WASHINGTON THEOLOGICAL UNION            ,DC,20012-0000,Private      ,0,0,0,2,13,15
01280300,DOMINICAN HOUSE OF STUDIES              ,DC,20017-1584,Private      ,0,2,2,3,34,37
02132800,NAT'L CONSERVATORY DRAMATIC ARTS        ,DC,20007-2758,Private      ,1,4,5,27,66,93
03104300,CAREER BLAZERS LEARNING CENTER OF WASHIN,DC,20037-1881,Proprietary  ,15,195,210,95,1094,1189
03218300,POTOMAC COLLEGE                         ,DC,20016-1860,Proprietary  ,5,13,18,67,407,474
03409600,BENNETT CAREER INSTITUTE                ,DC,20017-1754,Proprietary  ,17,48,65,138,470,608
03750300,TECHNICAL LEARNING CENTERS              ,DC,20006-3749,Proprietary  ,38,123,161,175,776,951
04114400,INSTITUTE OF WORLD POLITICS (THE)       ,DC,20036-1464,Private      ,1,3,4,10,202,212
04142700,PONTIFICAL JOHN PAUL II INSTITUTE FOR ST,DC,20064-0001,Private      ,1,1,2,4,28,32
04190000,RADIANS COLLEGE                         ,DC,20005-3542,Proprietary  ,8,73,81,87,1140,1227
04202500,GRADUATE SCHOOL                         ,DC,20024-2520,Private      ,3,8,11,7,114,121
00154100,ABRAHAM BALDWIN AGRICULTURAL CLG        ,GA,31794-0000,Public       ,55,61,116,3608,1963,5571
00154200,AGNES SCOTT COLLEGE                     ,GA,30030-3770,Private      ,26,27,53,1564,623,2187
00154300,DARTON COLLEGE                          ,GA,31707-3098,Public       ,101,289,390,4462,7404,11866
00154400,ALBANY STATE UNIVERSITY                 ,GA,31705-2796,Public       ,132,177,309,6856,5811,12667
00154500,ANDREW COLLEGE                          ,GA,39840-1395,Private      ,4,5,9,489,120,609
00154600,ARMSTRONG ATLANTIC STATE UNIVERSITY     ,GA,31419-1997,Public       ,107,249,356,6974,7067,14041
00154700,POINT UNIVERSITY                        ,GA,30344-1999,Private      ,12,55,67,1202,1244,2446
00155200,AUGUSTA STATE UNIVERSITY                ,GA,30904-2200,Public       ,0,0,0,644,618,1262
00155400,BERRY COLLEGE                           ,GA,30149-5007,Private      ,44,31,75,4055,459,4514
00155500,THOMAS UNIVERSITY                       ,GA,31792-7499,Private      ,11,61,72,566,1563,2129
00155600,BRENAU UNIVERSITY                       ,GA,30501-3668,Private      ,33,244,277,2051,4133,6184
00155700,BREWTON PARKER COLLEGE                  ,GA,30445-0000,Private      ,4,11,15,633,226,859
00155800,COLLEGE OF COASTAL GEORGIA              ,GA,31520-3644,Public       ,50,103,153,2524,2857,5381
00155900,CLARK ATLANTA UNIVERSITY                ,GA,30314-4385,Private      ,190,181,371,11251,6526,17777
00156000,COLUMBIA THEOLOGICAL SEMINARY           ,GA,30031-0000,Private      ,0,10,10,8,262,270
00156100,COLUMBUS STATE UNIVERSITY               ,GA,31907-5645,Public       ,101,351,452,7253,7917,15170
00156200,GEORGIA PERIMETER COLLEGE               ,GA,30021-0000,Public       ,409,1023,1432,17357,24973,42330
00156300,EMMANUEL COLLEGE                        ,GA,30639-0000,Private      ,6,10,16,994,204,1198
00156400,EMORY UNIVERSITY                        ,GA,30322-1960,Private      ,172,263,435,13829,11124,24953
00156600,FORT VALLEY STATE UNIVERSITY            ,GA,31030-3298,Public       ,71,91,162,4158,2940,7098
00156800,INTERDENOMINATIONAL THEOLOGY CENTER     ,GA,30314-0000,Private      ,0,23,23,8,589,597
00156900,GEORGIA INSTITUTE OF TECHNOLOGY         ,GA,30332-0325,Public       ,331,203,534,23667,7474,31141
00157000,SOUTHERN POLYTECHNIC STATE UNIV         ,GA,30060-2896,Public       ,60,125,185,5966,5260,11226
00157100,GEORGIA MILITARY COLLEGE                ,GA,31061-3398,Public       ,275,629,904,6313,8242,14555
00157200,GEORGIA SOUTHERN UNIVERSITY             ,GA,30460-8065,Public       ,589,307,896,24849,9092,33941
00157300,GEORGIA SOUTHWESTERN STATE UNIV         ,GA,31709-4693,Public       ,51,101,152,3010,2515,5525
00157400,GEORGIA STATE UNIVERSITY                ,GA,30303-3010,Public       ,686,818,1504,35702,31225,66927
00157500,GORDON COLLEGE                          ,GA,30204-1762,Public       ,76,82,158,4610,3084,7694
00157700,KENNESAW STATE UNIVERSITY               ,GA,30144-5591,Public       ,476,585,1061,27548,17842,45390
00157800,LAGRANGE COLLEGE                        ,GA,30240-2999,Private      ,24,18,42,1501,618,2119
00157900,GEORGIA REGENTS UNIVERSITY              ,GA,30912-0004,Public       ,71,229,300,4836,6937,11773
00158000,MERCER UNIVERSITY                       ,GA,31207-0003,Private      ,101,251,352,6483,10001,16484
00158100,MIDDLE GEORGIA STATE COLLEGE            ,GA,31014-1599,Public       ,97,233,330,6390,6520,12910
00158103,MIDDLE GEORGIA STATE COLLEGE - MACON CAM,GA,31206-5145,Public       ,0,0,0,448,487,935
00158200,MOREHOUSE COLLEGE                       ,GA,30314-3773,Private      ,92,53,145,4476,1613,6089
00158500,UNIVERSITY OF NORTH GEORGIA             ,GA,30597-0001,Public       ,303,208,511,14466,6364,20830
00158600,OGLETHORPE UNIVERSITY                   ,GA,30319-2737,Private      ,35,31,66,2375,824,3199
00158700,PAINE COLLEGE                           ,GA,30901-3182,Private      ,24,32,56,1602,1010,2612
00158800,PIEDMONT COLLEGE                        ,GA,30535-5644,Private      ,17,122,139,1390,1975,3365
00158900,REINHARDT UNIVERSITY                    ,GA,30183-2981,Private      ,16,28,44,1715,797,2512
00159000,SAVANNAH STATE UNIVERSITY               ,GA,31404-5298,Public       ,152,143,295,9398,4411,13809
00159100,SHORTER UNIVERSITY                      ,GA,30165-4298,Private      ,35,118,153,2036,2560,4596
00159200,SOUTH GEORGIA STATE COLLEGE             ,GA,31533-8104,Public       ,57,89,146,2154,1709,3863
00159203,SOUTH GEORGIA STATE COLLEGE - WAYCROSS C,GA,31503-0110,Public       ,0,0,0,429,364,793
00159400,SPELMAN COLLEGE                         ,GA,30314-4399,Private      ,106,42,148,6471,1863,8334
00159600,TOCCOA FALLS COLLEGE                    ,GA,30598-0001,Private      ,5,13,18,947,308,1255
00159700,TRUETT MCCONNELL COLLEGE                ,GA,30528-1264,Private      ,7,8,15,909,300,1209
00159800,UNIVERSITY OF GEORGIA                   ,GA,30602-6114,Public       ,393,301,694,34465,12843,47308
00159900,VALDOSTA STATE UNIVERSITY               ,GA,31698-0001,Public       ,238,299,537,13560,7998,21558
00160000,WESLEYAN COLLEGE                        ,GA,31210-4407,Private      ,9,33,42,666,891,1557
00160100,UNIV OF WEST GEORGIA                    ,GA,30118-0002,Public       ,228,245,473,14805,7981,22786
00160200,GEORGIA COLLEGE & STATE UNIVERSITY      ,GA,31061-0490,Public       ,174,99,273,8439,2741,11180
00160400,YOUNG HARRIS COLLEGE                    ,GA,30582-4137,Private      ,23,7,30,1672,212,1884
00348400,COVENANT COLLEGE                        ,GA,30750-4164,Private      ,7,2,9,1430,166,1596
00395600,DALTON STATE COLLEGE                    ,GA,30720-3797,Public       ,55,103,158,4591,3724,8315
00402400,GEORGIA NORTHWESTERN TECHNICAL COLLEGE  ,GA,30161-6757,Public       ,70,300,370,3177,7002,10179
00411700,GRADY HEALTH SYSTEM                     ,GA,30303-3050,Public       ,3,43,46,203,1066,1269
00489808,MCCANN SCHOOL OF BUSINESS & TECHNOLOGY -,GA,31210-0246,Proprietary  ,5,8,13,51,190,241
00525400,LANIER TECHNICAL COLLEGE                ,GA,30566-3499,Public       ,62,214,276,2109,4362,6471
00525500,MOULTRIE TECHNICAL COLLEGE              ,GA,31768-0000,Public       ,34,152,186,682,2232,2914
00525600,WIREGRASS GEORGIA TECHNICAL COLLEGE     ,GA,31602-0929,Public       ,80,296,376,1966,5186,7152
00551100,OKEFENOKEE TECHNICAL COLLEGE            ,GA,31501-4016,Public       ,37,162,199,851,2133,2984
00551102,COASTAL PINES TECHNICAL COLLEGE - JESUP ,GA,31545-4465,Public       ,15,48,63,458,1260,1718
00559900,AUGUSTA TECHNICAL COLLEGE               ,GA,30906-3399,Public       ,92,390,482,2622,6820,9442
00560000,ATHENS TECHNICAL COLLEGE                ,GA,30601-1579,Public       ,56,246,302,3095,5451,8546
00560100,ALBANY TECHNICAL COLLEGE                ,GA,31701-2648,Public       ,92,352,444,1908,6577,8485
00561500,SOUTHWEST GEORGIA TECHNICAL COLLEGE     ,GA,31792-2622,Public       ,76,110,186,1235,2120,3355
00561700,SOUTH GEORGIA TECHNICAL COLLEGE         ,GA,31709-8167,Public       ,49,109,158,1044,1688,2732
00561800,SAVANNAH TECHNICAL COLLEGE              ,GA,31405-5594,Public       ,106,473,579,3005,9010,12015
00561900,NORTH GEORGIA TECHNICAL COLLEGE         ,GA,30523-0000,Public       ,47,151,198,1900,2960,4860
00562000,CHATTAHOOCHEE TECHNICAL COLLEGE         ,GA,30060-3398,Public       ,198,572,770,6868,13003,19871
00562100,SOUTHERN CRESCENT TECHNICAL COLLEGE     ,GA,30223-2097,Public       ,78,336,414,2641,6970,9611
00562200,GEORGIA PIEDMONT TECHNICAL COLLEGE      ,GA,30021-2397,Public       ,65,365,430,1708,7480,9188
00562400,COLUMBUS TECHNICAL COLLEGE              ,GA,31904-6572,Public       ,84,317,401,2309,5630,7939
00576300,CENTRAL GEORGIA TECHNICAL COLLEGE       ,GA,31206-3628,Public       ,144,606,750,3541,10242,13783
00854300,ATLANTA TECHNICAL COLLEGE               ,GA,30310-4499,Public       ,86,660,746,3532,14086,17618
00897600,CLAYTON STATE UNIVERSITY                ,GA,30260-0285,Public       ,97,308,405,6852,11199,18051
00927000,ART INSTITUTE OF ATLANTA (THE)          ,GA,30328-1649,Proprietary  ,282,475,757,8179,7473,15652
00950700,GEORGIA HIGHLANDS COLLEGE               ,GA,30162-0000,Public       ,94,146,240,5294,4542,9836
00982806,EVEREST INSTITUTE - JONESBORO           ,GA,30236-0000,Proprietary  ,10,68,78,164,970,1134
00982807,EVEREST INSTITUTE - MARIETTA            ,GA,30067-8340,Proprietary  ,11,106,117,195,1097,1292
00982808,EVEREST INSTITUTE - EVEREST COLLEGE- ATL,GA,30331-2620,Proprietary  ,28,161,189,495,2228,2723
00982811,EVEREST INSTITUTE - NORCROSS            ,GA,30093-2813,Proprietary  ,15,113,128,243,1166,1409
01031903,FORTIS INSTITUTE - FORTIS COLLEGE       ,GA,30080-7630,Proprietary  ,27,92,119,242,894,1136
01048700,WEST GEORGIA TECHNICAL COLLEGE          ,GA,30182-6476,Public       ,121,417,538,4532,8433,12965
01077100,GUPTON JONES COLLEGE                    ,GA,30035-4022,Private      ,6,31,37,168,454,622
01099700,EAST GEORGIA COLLEGE                    ,GA,30401-2699,Public       ,49,65,114,3583,1679,5262
01107400,BAINBRIDGE COLLEGE                      ,GA,39819-8400,Public       ,31,123,154,1331,3076,4407
01157400,BAUDER COLLEGE                          ,GA,30313-2439,Proprietary  ,5,40,45,390,1873,2263
01205100,PRO WAY HAIR SCHOOL                     ,GA,30083-2884,Proprietary  ,6,34,40,101,383,484
01216500,ATLANTA METROPOLITAN COLLEGE            ,GA,30310-4498,Public       ,116,427,543,4267,8894,13161
01246109,LINCOLN COLLEGE OF TECHNOLOGY - MARIETTA,GA,30067-8638,Proprietary  ,12,51,63,155,624,779
01303900,SOUTH UNIVERSITY                        ,GA,31406-4881,Proprietary  ,359,3488,3847,3549,26645,30194
02060900,BROWN CLG OF COURT REPORTING & M.T.     ,GA,30318-2570,Proprietary  ,2,36,38,47,604,651
02074800,LIFE UNIVERSITY                         ,GA,30060-0000,Private      ,19,70,89,695,3269,3964
02113613,AMERICAN INTERCONTINENTAL UNIVERSITY    ,GA,30328-1649,Proprietary  ,38,238,276,720,3424,4144
02116000,SANFORD-BROWN COLLEGE                   ,GA,30328-4803,Proprietary  ,17,128,145,268,1459,1727
02141500,SAVANNAH COLLEGE OF ART & DESIGN        ,GA,31402-3146,Private      ,156,194,350,11750,5080,16830
02202800,AUGUSTA AREA DIET INTERN UNIV HOSP      ,GA,30901-0000,Private      ,0,6,6,23,107,130
02217200,PORTFOLIO CENTER                        ,GA,30309-0000,Proprietary  ,3,9,12,49,167,216
02266200,AMERICAN PROFESSIONAL INSTITUTE         ,GA,31201-3185,Private      ,7,26,33,69,359,428
02284300,INTERACTIVE COLLEGE OF TECHNOLOGY       ,GA,30341-0000,Proprietary  ,44,311,355,263,1901,2164
02284308,INTERACTIVE LEARNING SYSTEMS            ,GA,30260-0000,Proprietary  ,7,40,47,59,303,362
02284309,INTERACTIVE COLLEGE OF TECHNOLOGY       ,GA,30501-0000,Proprietary  ,11,64,75,103,446,549
02285500,"CREATIVE CIRCUS, THE                    ",GA,30324-0000,Proprietary  ,3,18,21,99,368,467
02288400,GWINNETT TECHNICAL COLLEGE              ,GA,30043-5702,Public       ,119,435,554,4559,10894,15453
02313902,WESTWOOD COLLEGE - O'HARE AIRPORT - ATLA,GA,30345-2807,Proprietary  ,29,81,110,218,869,1087
02321400,ROFFLER-MOLER HAIRSTYLING COLLEGE       ,GA,30062-0000,Proprietary  ,4,15,19,63,158,221
02482100,MOREHOUSE SCHOOL OF MEDICINE            ,GA,30310-0000,Private      ,7,10,17,229,981,1210
02520000,INTERNATIONAL SCH SKIN & NAILCARE       ,GA,30342-1119,Proprietary  ,15,49,64,122,586,708
02559315,(UNITED EDUCATION INSTITUTE) - UEI MORRO,GA,30260-2941,Proprietary  ,1,14,15,53,298,351
02577000,PAUL MITCHELL THE SCHOOL - ESANI        ,GA,30076-1507,Proprietary  ,18,43,61,166,314,480
02577700,BEAUTY COLLEGE OF AMERICA               ,GA,30297-0000,Proprietary  ,5,17,22,50,172,222
02580100,IVERSON INSTITUTE                       ,GA,30341-3662,Proprietary  ,0,0,0,28,177,205
02580200,ATLANTA SCHOOL OF MASSAGE               ,GA,30338-0000,Proprietary  ,13,80,93,165,895,1060
02583000,GWINNETT COLLEGE OF BUSINESS            ,GA,30047-3447,Proprietary  ,5,64,69,155,824,979
02614206,MILLER - MOTTE TECHNICAL COLLEGE - COLUM,GA,31907-3222,Proprietary  ,11,136,147,264,1510,1774
02614207,MILLER - MOTTE TECHNICAL COLLEGE - AUGUS,GA,30907-0921,Proprietary  ,22,108,130,265,1436,1701
03005400,GEORGIA CAREER INSTITUTE                ,GA,30013-2076,Proprietary  ,24,94,118,298,834,1132
03010619,VIRGINIA COLLEGE - AUGUSTA              ,GA,30909-5515,Proprietary  ,5,73,78,288,1263,1551
03010623,VIRGINIA COLLEGE - MACON                ,GA,31206-3180,Proprietary  ,9,38,47,200,868,1068
03022601,WESTERN CULINARY INSTITUTE - LE CORDON B,GA,30084-5893,Proprietary  ,27,141,168,521,1412,1933
03030000,OGEECHEE TECHNICAL COLLEGE              ,GA,30458-8049,Public       ,74,199,273,1808,3556,5364
03042700,LAURUSTECHNICAL INSTITUTE               ,GA,30030-1506,Proprietary  ,16,98,114,112,803,915
03066500,SOUTHEASTERN TECHNICAL COLLEGE          ,GA,30474-8817,Public       ,28,109,137,759,1959,2718
03076300,BEULAH HEIGHTS BIBLE COLLEGE            ,GA,30316-1873,Private      ,2,45,47,40,981,1021
03079202,WESTWOOD COLLEGE - ATLANTA MIDTOWN      ,GA,30309-2848,Proprietary  ,23,117,140,521,1666,2187
03081500,SOUTHEASTERN BEAUTY SCHOOL              ,GA,31917-0000,Proprietary  ,0,0,0,71,165,236
03089100,GEORGIA INSTITUTE OF COSMETOLOGY        ,GA,30606-3152,Proprietary  ,13,75,88,260,604,864
03090600,COBB BEAUTY COLLEGE                     ,GA,30144-2828,Proprietary  ,6,11,17,81,222,303
03100900,LUTHER RICE UNIVERSITY                  ,GA,30038-2454,Private      ,1,41,42,57,1287,1344
03102000,RIVERTOWN SCHOOL OF BEAUTY              ,GA,31904-4747,Proprietary  ,8,40,48,115,409,524
03104500,ATLANTA INSTITUTE OF MUSIC              ,GA,30096-4988,Proprietary  ,22,20,42,395,487,882
03116100,VOGUE BEAUTY AND BARBER SCHOOL          ,GA,30141-2226,Proprietary  ,5,17,22,89,280,369
03155500,OCONEE FALL LINE TECHNICAL COLLEGE      ,GA,31082-6179,Public       ,19,89,108,684,2100,2784
03173300,ATLANTA'S JOHN MARSHALL LAW SCHOOL      ,GA,30309-0000,Proprietary  ,2,35,37,69,1478,1547
03418300,GWINNETT COLLEGE-SANDY SPRINGS          ,GA,30328-3161,Proprietary  ,4,26,30,134,449,583
03445500,FAYETTE BEAUTY ACADEMY                  ,GA,30214-1191,Proprietary  ,9,34,43,50,201,251
03523300,AVIATION INSTITUTE OF MAINTENANCE       ,GA,30096-5038,Proprietary  ,51,220,271,334,1162,1496
03635300,CARVER BIBLE COLLEGE                    ,GA,30331-1300,Private      ,1,21,22,103,359,462
03748300,KEVOSNIK SCHOOL OF HAIR DESIGN          ,GA,31021-0000,Proprietary  ,0,0,0,10,45,55
03804400,MEDTECH INSTITUTE                       ,GA,30339-6040,Proprietary  ,11,68,79,221,960,1181
03812300,OMNITECH INSTITUTE                      ,GA,30035-1206,Proprietary  ,6,40,46,74,465,539
04021300,AUGUSTA SCHOOL OF MASSAGE               ,GA,30809-0000,Proprietary  ,0,11,11,23,125,148
04051331,ART INSTITUTE OF PHOENIX (THE) - BROWN M,GA,30319-3054,Proprietary  ,5,39,44,216,706,922
04142900,GEORGIA GWINNETT COLLEGE                ,GA,30043-7409,Public       ,179,234,413,12389,8218,20607
04147000,PAUL MITCHELL THE SCHOOL ATLANTA        ,GA,30318-5241,Proprietary  ,25,52,77,435,809,1244
04147700,LAKE LANIER SCHOOL OF MASSAGE           ,GA,30501-4546,Proprietary  ,7,28,35,42,250,292
04149900,PROFILE INSTITUTE OF BARBER-STYLING     ,GA,30315-8459,Proprietary  ,4,27,31,55,283,338
04150900,PROCESS INSTITUTE OF COSMETOLOGY (THE)  ,GA,30043-7344,Proprietary  ,7,18,25,133,229,362
04152300,GEORGIA BEAUTY ACADEMY                  ,GA,30721-3952,Proprietary  ,3,25,28,77,198,275
04156500,GEORGIA CHRISTIAN UNIVERSITY            ,GA,30047-3778,Private      ,2,8,10,51,187,238
04160200,ATLANTA BEAUTY ACADEMY                  ,GA,30340-1334,Proprietary  ,3,37,40,100,423,523
04203800,WOODRUFF MEDICAL TRAINING AND TESTING   ,GA,30033-6103,Proprietary  ,3,46,49,63,359,422
04204500,ELAINE STERLING INSTITUTE(THE)          ,GA,30342-2633,Proprietary  ,3,30,33,44,246,290
04206400,HELMS COLLEGE                           ,GA,31206-5309,Private      ,12,39,51,158,416,574
04206600,SAE INSTITUTE OF TECHNOLOGY - ATLANTA   ,GA,30303-1736,Proprietary  ,30,89,119,394,865,1259
04208000,TECHNOLOGY CENTER                       ,GA,30071-3519,Proprietary  ,0,0,0,18,213,231
04218000,UNITED MEDICAL AND BUSINESS INSTITUTE   ,GA,30344-6977,Proprietary  ,3,33,36,47,291,338
04221100,NEW HORIZONS MEDICAL INSTITUTE          ,GA,30071-2965,Proprietary  ,6,74,80,108,620,728
00149911,EVEREST COLLEGE - MERRIONETTE PARK      ,IL,60803-4517,Proprietary  ,1,6,7,135,509,644
00162800,AMERICAN ACADEMY OF ART                 ,IL,60604-4302,Proprietary  ,21,12,33,978,430,1408
00163300,AUGUSTANA COLLEGE                       ,IL,61201-2296,Private      ,39,10,49,4978,314,5292
00163400,AURORA UNIVERSITY                       ,IL,60506-4892,Private      ,55,164,219,4472,4075,8547
00163600,SOUTHWESTERN ILLINOIS COLLEGE           ,IL,62221-5899,Public       ,149,422,571,5116,7469,12585
00163800,BLACK HAWK COLLEGE                      ,IL,61265-5899,Public       ,57,144,201,2946,3322,6268
00163900,BLACKBURN COLLEGE                       ,IL,62626-1498,Private      ,14,4,18,920,202,1122
00164000,PRAIRIE STATE COLLEGE                   ,IL,60411-8226,Public       ,117,271,388,3726,5895,9621
00164100,BRADLEY UNIVERSITY                      ,IL,61625-0002,Private      ,75,34,109,8440,1353,9793
00164300,SPOON RIVER COLLEGE                     ,IL,61520-8907,Public       ,24,56,80,882,1030,1912
00164700,CITY COLLEGES OF CHICAGO                ,IL,60606-6998,Public       ,88,325,413,3839,6715,10554
00164800,TRUMAN COLLEGE                          ,IL,60640-5691,Public       ,120,329,449,3760,7126,10886
00164900,RICHARD J DALEY COLLEGE                 ,IL,60652-1299,Public       ,112,284,396,4485,6070,10555
00165000,CITY COLLEGES OF CHICAGO-MALCOLM X      ,IL,60612-3197,Public       ,156,488,644,5451,10893,16344
00165200,HAROLD WASHINGTON COLLEGE               ,IL,60601-2403,Public       ,232,457,689,10154,11385,21539
00165400,KENNEDY KING COLLEGE                    ,IL,60621-3798,Public       ,101,445,546,3374,9515,12889
00165500,WRIGHT COLLEGE                          ,IL,60634-1591,Public       ,163,321,484,7013,8148,15161
00165700,MIDWESTERN UNIVERSITY                   ,IL,60515-1200,Private      ,4,29,33,152,3823,3975
00165900,ROSALIND FRANKLIN UNIVERSITY OF MEDICINE,IL,60064-3095,Private      ,3,42,45,97,2885,2982
00166100,CHICAGO THEOLOGICAL SEMINARY            ,IL,60637-0000,Private      ,1,10,11,28,320,348
00166300,SPERTUS COLLEGE                         ,IL,60605-1995,Private      ,0,3,3,4,67,71
00166400,UNIVERSITY OF ST FRANCIS                ,IL,60435-6188,Private      ,30,118,148,2189,2631,4820
00166500,COLUMBIA COLLEGE                        ,IL,60605-1996,Private      ,181,176,357,15161,5973,21134
00166600,CONCORDIA UNIVERSITY                    ,IL,60305-1499,Private      ,35,270,305,3019,4450,7469
00166900,DANVILLE AREA COMMUNITY COLLEGE         ,IL,61832-5199,Public       ,20,85,105,1110,1696,2806
00167100,DEPAUL UNIVERSITY                       ,IL,60604-2287,Private      ,326,608,934,25124,17516,42640
00167400,EASTERN ILLINOIS UNIVERSITY             ,IL,61920-3099,Public       ,158,102,260,11688,4048,15736
00167500,ELGIN COMMUNITY COLLEGE                 ,IL,60123-7193,Public       ,115,192,307,4961,4868,9829
00167600,ELMHURST COLLEGE                        ,IL,60126-3296,Private      ,46,63,109,4499,1758,6257
00167800,EUREKA COLLEGE                          ,IL,61530-9976,Private      ,16,2,18,1135,229,1364
00168100,HIGHLAND COMMUNITY COLLEGE              ,IL,61032-9341,Public       ,30,62,92,1014,1212,2226
00168200,GARRETT-EVANGELICAL THEOLOGICAL SEM     ,IL,60201-0000,Private      ,0,7,7,2,259,261
00168400,GREENVILLE COLLEGE                      ,IL,62246-1199,Private      ,21,48,69,1792,663,2455
00168500,HEBREW THEOLOGICAL COLLEGE              ,IL,60077-3263,Private      ,11,3,14,506,37,543
00168800,ILLINOIS COLLEGE                        ,IL,62650-2299,Private      ,14,10,24,2003,258,2261
00168900,ILLINOIS COLLEGE OF OPTOMETRY           ,IL,60616-3878,Private      ,2,4,6,44,709,753
00169100,ILLINOIS INSTITUTE OF TECHNOLOGY        ,IL,60616-0000,Private      ,55,82,137,3944,2865,6809
00169103,CHICAGO KENT COLLEGE OF LAW             ,IL,60661-0000,Private      ,4,25,29,94,1618,1712
00169200,ILLINOIS STATE UNIVERSITY               ,IL,61790-1000,Public       ,261,133,394,25331,5550,30881
00169300,NORTHEASTERN ILLINOIS UNIV              ,IL,60625-4699,Public       ,144,280,424,8271,9450,17721
00169400,CHICAGO STATE UNIVERSITY                ,IL,60628-1598,Public       ,121,355,476,6772,13036,19808
00169600,ILLINOIS WESLEYAN UNIVERSITY            ,IL,61701-0000,Private      ,27,8,35,3491,263,3754
00169800,JOHN MARSHALL LAW SCHOOL                ,IL,60604-0000,Private      ,4,33,37,96,2230,2326
00169900,JOLIET JUNIOR COLLEGE                   ,IL,60431-8938,Public       ,157,323,480,8329,7552,15881
00170000,JUDSON UNIVERSITY                       ,IL,60123-1498,Private      ,11,88,99,1226,1039,2265
00170100,KASKASKIA COLLEGE                       ,IL,62801-7878,Public       ,60,123,183,1760,2319,4079
00170300,KENDALL COLLEGE                         ,IL,60622-4278,Proprietary  ,45,102,147,1152,2149,3301
00170400,KNOX COLLEGE                            ,IL,61401-4999,Private      ,19,4,23,2810,200,3010
00170500,ILLINOIS VALLEY COMMUNITY COLLEGE       ,IL,61348-9692,Public       ,24,94,118,1696,1809,3505
00170600,LAKE FOREST COLLEGE                     ,IL,60045-2399,Private      ,19,12,31,2612,279,2891
00170700,LEWIS UNIVERSITY                        ,IL,60446-2200,Private      ,88,208,296,6440,4177,10617
00170800,LINCOLN CHRISTIAN UNIVERSITY            ,IL,62656-2167,Private      ,4,22,26,452,704,1156
00170900,LINCOLN COLLEGE                         ,IL,62656-1699,Private      ,18,27,45,1412,753,2165
00171000,LOYOLA UNIVERSITY CHICAGO               ,IL,60626-0000,Private      ,226,293,519,20328,12404,32732
00171200,LUTHERAN SCHOOL OF THEOL AT CHICAGO     ,IL,60615-0000,Private      ,0,1,1,3,124,127
00171600,MACCORMAC COLLEGE                       ,IL,60602-4405,Private      ,6,30,36,77,311,388
00171700,MACMURRAY COLLEGE                       ,IL,62650-2590,Private      ,8,6,14,920,323,1243
00172100,MCCORMICK THEOLOGICAL SEMINARY          ,IL,60615-5108,Private      ,1,9,10,7,140,147
00172200,MCKENDREE UNIVERSITY                    ,IL,62254-1299,Private      ,20,98,118,2249,1780,4029
00172300,MEADVILLE LOMBARD THEOLOGICAL SCHOOL    ,IL,60637-1602,Private      ,0,3,3,1,95,96
00172400,MILLIKIN UNIVERSITY                     ,IL,62522-2084,Private      ,36,26,62,3351,1013,4364
00172500,MONMOUTH COLLEGE                        ,IL,61462-1963,Private      ,17,6,23,2562,197,2759
00172700,MOODY BIBLE INSTITUTE                   ,IL,60610-3214,Private      ,27,99,126,2313,2258,4571
00172800,MORTON COLLEGE                          ,IL,60804-4398,Public       ,84,121,205,3038,2592,5630
00173200,NATIONAL UNIV OF HEALTH SCIENCES        ,IL,60148-4583,Private      ,1,27,28,55,952,1007
00173300,NATIONAL-LOUIS UNIVERSITY               ,IL,60603-3032,Private      ,12,461,473,546,6710,7256
00173400,NORTH CENTRAL COLLEGE                   ,IL,60540-4690,Private      ,60,45,105,4989,1129,6118
00173500,NORTH PARK UNIVERSITY                   ,IL,60625-4895,Private      ,53,88,141,3495,2265,5760
00173600,NORTHERN BAPTIST THEOL SEMINARY         ,IL,60148-0000,Private      ,0,0,0,3,89,92
00173700,NORTHERN ILLINOIS UNIVERSITY            ,IL,60115-2854,Public       ,305,271,576,25723,11435,37158
00173900,NORTHWESTERN UNIV                       ,IL,60208-0001,Private      ,123,331,454,21444,11003,32447
00174100,OLIVET NAZARENE UNIVERSITY              ,IL,60914-2271,Private      ,29,221,250,4499,3203,7702
00174200,IL EASTERN COMM COLGS-OLNEY CENTRAL     ,IL,62450-1099,Public       ,24,23,47,608,708,1316
00174500,QUINCY UNIVERSITY                       ,IL,62301-2699,Private      ,18,12,30,1672,565,2237
00174600,ROBERT MORRIS UNIVERSITY ILLINOIS       ,IL,60605-1225,Private      ,107,281,388,5918,5958,11876
00174700,ROCK VALLEY COLLEGE                     ,IL,61114-5699,Public       ,66,255,321,4136,5484,9620
00174800,ROCKFORD UNIVERSITY                     ,IL,61108-2393,Private      ,19,46,65,1682,1437,3119
00174900,ROOSEVELT UNIVERSITY                    ,IL,60605-1394,Private      ,85,208,293,7153,8007,15160
00175000,DOMINICAN UNIVERSITY                    ,IL,60305-1066,Private      ,31,67,98,3973,2105,6078
00175200,SAUK VALLEY COMMUNITY COLLEGE           ,IL,61021-9112,Public       ,26,68,94,1130,1278,2408
00175300,SCHOOL OF ART INSTITUTE OF CHICAGO      ,IL,60603-3013,Private      ,78,50,128,4759,2576,7335
00175600,SHIMER COLLEGE                          ,IL,60616-3893,Private      ,0,2,2,96,59,155
00175700,SOUTHEASTERN ILLINOIS COLLEGE           ,IL,62946-4925,Public       ,15,41,56,732,929,1661
00175800,SOUTHERN ILL UNIV-CARBONDALE            ,IL,62901-0000,Public       ,248,314,562,19240,9520,28760
00175900,SOUTHERN ILL UNIV-EDWARDSVILLE          ,IL,62026-1060,Public       ,165,166,331,15356,6815,22171
00175924,SO IL UNIV-SCHL OF DENTAL MEDICINE      ,IL,62002-0000,Public       ,3,1,4,13,200,213
00176500,UNIVERSITY OF ST MARY OF THE LAKE       ,IL,60060-0000,Private      ,0,2,2,6,24,30
00176700,BENEDICTINE UNIVERSITY                  ,IL,60532-0900,Private      ,55,195,250,4282,4530,8812
00176800,ST XAVIER UNIVERSITY                    ,IL,60655-3199,Private      ,122,110,232,7398,3725,11123
00176900,SOUTH SUBURBAN COLLEGE                  ,IL,60473-9978,Public       ,129,333,462,3484,6490,9974
00177100,TRINITY CHRISTIAN COLLEGE               ,IL,60463-0929,Private      ,15,37,52,1423,1055,2478
00177200,TRINITY INTERNATIONAL UNIVERSITY        ,IL,60015-1283,Private      ,6,46,52,965,1148,2113
00177300,TRITON COLLEGE                          ,IL,60171-1995,Public       ,192,344,536,5164,5900,11064
00177400,UNIVERSITY OF CHICAGO                   ,IL,60637-1476,Private      ,184,115,299,19915,4612,24527
00177401,UNIV OF CHICAGO PRITZKER SCH OF MED     ,IL,60637-0000,Private      ,1,5,6,93,645,738
00177403,"UNIV OF CHICAGO, BOOTH SCH OF BUS       ",IL,60637-0000,Private      ,0,52,52,170,1504,1674
00177405,UNIVERSITY OF CHICAGO GRADUATE          ,IL,60637-0000,Private      ,7,76,83,167,4780,4947
00177500,UNIV OF ILLINOIS @ URBANA-CHAMPAIGN     ,IL,61820-5796,Public       ,332,199,531,35193,9374,44567
00177600,UNIV OF ILLINOIS AT CHICAGO             ,IL,60607-0000,Public       ,378,448,826,29810,20721,50531
00177800,VANDERCOOK COLLEGE OF MUSIC             ,IL,60616-3731,Private      ,2,6,8,192,133,325
00177900,IL EASTERN COMM COLGS-WABASH VALLEY     ,IL,62863-2699,Public       ,15,13,28,550,402,952
00178000,WESTERN ILLINOIS UNIVERSITY             ,IL,61455-1390,Public       ,184,142,326,14153,5388,19541
00178100,WHEATON COLLEGE                         ,IL,60187-5535,Private      ,14,19,33,3152,646,3798
00178300,WORSHAM COLLEGE OF MORTUARY SCIENCE     ,IL,60090-2646,Proprietary  ,0,11,11,74,192,266
00396100,HARPER COLLEGE                          ,IL,60067-7398,Public       ,147,343,490,6444,5638,12082
00456000,GEM CITY COLLEGE                        ,IL,62301-4949,Proprietary  ,3,4,7,27,69,96
00456800,MIDSTATE COLLEGE                        ,IL,61614-3558,Proprietary  ,4,53,57,114,1036,1150
00621400,BLESSING RIEMAN COLLEGE OF NURSING      ,IL,62301-0000,Private      ,4,5,9,176,228,404
00621401,BLESSING HOSPITAL - SCHOOL OF MEDICAL LA,IL,62305-7005,Private      ,1,1,2,14,41,55
00621402,BLESSING HOSPITAL - SCHOOL OF RADIOLOGIC,IL,62305-7005,Private      ,1,2,3,45,51,96
00622500,TRINITY COLLEGE OF NURSING AND HEALTH SC,IL,61201-5317,Private      ,1,6,7,165,295,460
00622800,METHODIST MED CTR OF ILL SCH NRSNG      ,IL,61636-0000,Private      ,4,13,17,363,725,1088
00624000,ST FRANCIS MED CLG OF NRSG              ,IL,61603-3783,Private      ,4,6,10,408,647,1055
00638500,CHAMBERLAIN COLLEGE OF NURSING          ,IL,60101-0000,Proprietary  ,56,1822,1878,2813,28426,31239
00665600,COLLEGE OF DUPAGE                       ,IL,60137-6599,Public       ,361,678,1039,13326,11807,25133
00675300,ILLINOIS CENTRAL COLLEGE                ,IL,61635-0001,Public       ,96,283,379,4783,5782,10565
00693100,WAUBONSEE COMMUNITY COLLEGE             ,IL,60554-0000,Public       ,117,264,381,4118,4537,8655
00711800,PARKLAND COLLEGE                        ,IL,61821-1899,Public       ,99,165,264,5088,4364,9452
00711900,REND LAKE COLLEGE                       ,IL,62846-9801,Public       ,48,95,143,1325,1515,2840
00717000,LINCOLN LAND COMMUNITY COLLEGE          ,IL,62794-9256,Public       ,61,123,184,3297,4468,7765
00726500,CARL SANDBURG COLLEGE                   ,IL,61401-9576,Public       ,22,53,75,1211,1559,2770
00730307,LINCOLN COLLEGE OF TECHNOLOGY - MELROSE ,IL,60160-1605,Proprietary  ,60,64,124,716,671,1387
00754900,COYNE AMERICAN INSTITUTE                ,IL,60607-1300,Proprietary  ,45,138,183,490,1350,1840
00764400,LAKE LAND COLLEGE                       ,IL,61938-9366,Public       ,42,110,152,2440,2515,4955
00768400,KISHWAUKEE COLLEGE                      ,IL,60150-9699,Public       ,40,75,115,2588,2443,5031
00769000,KANKAKEE COMMUNITY COLLEGE              ,IL,60901-6505,Public       ,59,129,188,1738,2805,4543
00769100,MCHENRY COUNTY COLLEGE                  ,IL,60012-2761,Public       ,72,121,193,2751,2659,5410
00769200,MORAINE VALLEY COMMUNITY COLLEGE        ,IL,60465-0937,Public       ,208,276,484,8320,6876,15196
00769300,SHAWNEE COMMUNITY COLLEGE               ,IL,62992-9725,Public       ,34,78,112,779,1075,1854
00769400,COLLEGE OF LAKE COUNTY                  ,IL,60030-1198,Public       ,253,380,633,5638,5951,11589
00793700,MS ROBERTS ACADEMY OF BEAUTY CULT       ,IL,60181-2930,Proprietary  ,0,0,0,13,44,57
00807600,JOHN A LOGAN COLLEGE                    ,IL,62918-2500,Public       ,84,142,226,2257,2896,5153
00825900,EDUCATORS OF BEAUTY                     ,IL,61081-3611,Proprietary  ,5,13,18,63,121,184
00825901,EDUCATORS OF BEAUTY                     ,IL,61104-0000,Proprietary  ,1,4,5,56,122,178
00832800,ALVAREITA'S COLLEGE OF COSMETOLOGY      ,IL,62025-2041,Proprietary  ,3,20,23,60,123,183
00832904,ITT TECHNICAL INSTITUTE                 ,IL,60521-7595,Proprietary  ,0,1,1,0,1,1
00869402,RASMUSSEN COLLEGE - ROCKFORD            ,IL,61108-2513,Proprietary  ,6,106,112,300,1681,1981
00869403,RASMUSSEN COLLEGE - AURORA              ,IL,60506-6219,Proprietary  ,10,64,74,192,806,998
00869404,RASMUSSEN COLLEGE - ROMEOVILLE          ,IL,60446-0000,Proprietary  ,20,84,104,244,1174,1418
00869418,RASMUSSEN COLLEGE -  MOKENA             ,IL,60448-0000,Proprietary  ,8,46,54,94,661,755
00888000,MORRISON INSTITUTE OF TECHNOLOGY        ,IL,61270-2959,Private      ,1,3,4,122,30,152
00893800,GRAHAM HOSPITAL SCH OF NURSING          ,IL,61520-2497,Private      ,1,2,3,45,108,153
00893900,CANNELLA SCHOOL OF HAIR DESIGN          ,IL,60406-2130,Proprietary  ,3,9,12,38,120,158
00914500,GOVERNORS STATE UNIVERSITY              ,IL,60466-0975,Public       ,58,297,355,2391,8231,10622
00923200,CATHOLIC THEOLOGICAL UNION              ,IL,60615-0000,Private      ,0,3,3,7,77,84
00933300,UNIV OF ILLINOIS AT SPRINGFIELD         ,IL,62703-5407,Public       ,44,106,150,3132,3849,6981
00947500,EDUCATORS OF BEAUTY                     ,IL,61301-2404,Proprietary  ,1,7,8,27,52,79
00959500,CANNELLA SCHOOL OF HAIR DESIGN          ,IL,60617-4303,Proprietary  ,7,15,22,99,241,340
00976700,OLIVE-HARVEY COLLEGE                    ,IL,60628-1696,Public       ,83,255,338,2542,5825,8367
00978600,IL EASTERN COMM COLGS-LINCOLN TRAIL     ,IL,62454-5708,Public       ,11,17,28,434,425,859
00980000,RUSH UNIVERSITY                         ,IL,60612-3806,Private      ,15,102,117,479,3759,4238
00982810,EVEREST INSTITUTE - EVEREST COLLEGE- BED,IL,60629-5819,Proprietary  ,2,15,17,187,613,800
00989600,OAKTON COMMUNITY COLLEGE                ,IL,60016-1268,Public       ,146,257,403,4478,4095,8573
00998700,SAINT ANTHONY COLLEGE OF NURSING        ,IL,61108-2468,Private      ,3,13,16,226,542,768
01002000,LEWIS AND CLARK COMMUNITY COLLEGE       ,IL,62035-2466,Public       ,80,166,246,2672,3103,5775
01050100,LAKEVIEW  COLLEGE OF NURSING            ,IL,61832-3781,Private      ,1,3,4,239,331,570
01069500,TRI-COUNTY BEAUTY ACADEMY               ,IL,62056-2036,Proprietary  ,0,2,2,16,25,41
01071000,CAPITAL AREA SCH OF PRAC NRSG           ,IL,62707-0000,Public       ,2,15,17,114,548,662
01072700,DEVRY UNIVERSITY                        ,IL,60618-5994,Proprietary  ,527,5100,5627,11788,81157,92945
01083600,PIVOT POINT ACADEMY                     ,IL,60626-0000,Proprietary  ,11,26,37,293,509,802
01087900,RICHLAND COMMUNITY COLLEGE              ,IL,62521-8513,Public       ,37,138,175,1289,2524,3813
01091303,ROCKFORD CAREER COLLEGE                 ,IL,61108-3900,Proprietary  ,18,89,107,375,1250,1625
01151002,EVEREST INSTITUTE - EVEREST COLLEGE     ,IL,60542-1610,Proprietary  ,0,0,0,106,247,353
01181000,TAYLOR BUSINESS INSTITUTE               ,IL,60606-5111,Proprietary  ,2,22,24,54,243,297
01185204,ITT TECHNICAL INSTITUTE - ORLAND PARK CA,IL,60467-4900,Proprietary  ,0,0,0,0,2,2
01185800,EVEREST COLLEGE                         ,IL,60077-1074,Proprietary  ,1,10,11,134,337,471
01185802,EVEREST COLLEGE - BURR RIDGE            ,IL,60527-7826,Proprietary  ,1,3,4,122,303,425
01185803,EVEREST COLLEGE - MELROSE PARK          ,IL,60160-1526,Proprietary  ,2,9,11,193,608,801
01236200,NORTHWESTERN COLLEGE                    ,IL,60630-2298,Proprietary  ,57,270,327,1931,4119,6050
01238500,BLOOMINGTON-NORMAL SCH RADIOGRAPHY      ,IL,61761-4604,Private      ,0,1,1,37,77,114
01258400,ILLINOIS INSTITUTE OF ART (THE)         ,IL,60654-1593,Proprietary  ,152,266,418,5480,4232,9712
01281300,JOHN WOOD COMMUNITY COLLEGE             ,IL,62305-0401,Public       ,34,90,124,1202,1462,2664
01308700,CAPRI BEAUTY COLLEGE                    ,IL,60629-1613,Proprietary  ,0,0,0,91,234,325
01308800,CAPRI OAK FOREST COLLEGE OF BEAUTY      ,IL,60452-2798,Proprietary  ,7,14,21,105,173,278
02055200,HARRINGTON COLLEGE OF DESIGN            ,IL,60606-3433,Proprietary  ,6,22,28,294,558,852
02068100,ADLER SCH OF PROFESSIONAL PSYCHLGY      ,IL,60601-0000,Private      ,3,30,33,138,1837,1975
02069300,VATTEROTT COLLEGE                       ,IL,62305-5938,Proprietary  ,8,29,37,113,318,431
02073200,TELSHE YESHIVA-CHICAGO                  ,IL,60625-0000,Private      ,4,1,5,40,15,55
02074400,IL EASTERN COMM COLGS-FRONTIER          ,IL,62837-0000,Public       ,5,16,21,184,328,512
02113600,AMERICAN INTERCONTINENTAL UNIVERSITY    ,IL,60192-3713,Proprietary  ,236,3776,4012,1761,30061,31822
02117400,BECK AREA CAREER CENTER                 ,IL,62278-0000,Public       ,0,3,3,40,180,220
02124400,UNIVERSITY OF SPA & COSMETOLOGY ART     ,IL,62704-0000,Proprietary  ,15,27,42,136,277,413
02150600,COSMETOLOGY AND SPA INSTITUTE (THE)     ,IL,60014-4003,Proprietary  ,13,37,50,129,216,345
02155300,THE CHICAGO SCHOOL OF PROF PSYCHOLOGY   ,IL,60610-4705,Private      ,2,170,172,92,5726,5818
02160300,INTERNATIONAL ACAD OF DESIGN & TECH     ,IL,60602-3319,Proprietary  ,7,15,22,280,471,751
02160304,INTERNATIONAL ACADEMY OF DESIGN AND TECH,IL,60173-5160,Proprietary  ,0,0,0,63,94,157
02168600,EAST WEST UNIVERSITY                    ,IL,60605-0000,Private      ,35,40,75,867,1402,2269
02179900,ARGOSY UNIVERSITY                       ,IL,60601-7757,Proprietary  ,574,4495,5069,7934,39200,47134
02185400,ST AUGUSTINE COLLEGE                    ,IL,60640-0000,Private      ,41,166,207,767,2394,3161
02192400,MR JOHNS SCHOOL OF COSMETOLOGY          ,IL,62521-0000,Proprietary  ,4,11,15,36,110,146
02202600,CANNELLA SCHOOL OF HAIR DESIGN          ,IL,60181-1321,Proprietary  ,0,3,3,10,70,80
02214100,RESURRECTION UNIVERSITY                 ,IL,60302-2519,Private      ,3,13,16,278,866,1144
02228100,MAC DANIEL'S BEAUTY SCHOOL              ,IL,60640-0000,Proprietary  ,1,13,14,48,115,163
02261200,HAIR PROFESSIONALS ACAD COSMETOLOGY     ,IL,60118-0000,Proprietary  ,16,44,60,77,270,347
02261201,HAIR PROFESSIONALS ACADEMY OF COSMETOLOG,IL,60118-9333,Proprietary  ,0,1,1,11,21,32
02262100,HAIR PROFESSIONALS SCH COSMETOLOGY      ,IL,60543-0000,Proprietary  ,3,12,15,37,91,128
02291200,CANNELLA SCHOOL OF HAIR DESIGN          ,IL,60639-0000,Proprietary  ,7,17,24,102,237,339
02295500,CANNELLA SCHOOL OF HAIR DESIGN          ,IL,60120-0000,Proprietary  ,1,5,6,20,71,91
02297500,OEHRLEIN SCHOOL OF COSMETOLOGY          ,IL,61611-0000,Proprietary  ,3,12,15,60,113,173
02312300,LA' JAMES COLLEGE HAIRSTYLING           ,IL,61244-0000,Proprietary  ,2,3,5,14,52,66
02313900,WESTWOOD COLLEGE - O'HARE AIRPORT       ,IL,60631-2801,Proprietary  ,28,50,78,260,781,1041
02317300,CONCEPT COLLEGE OF COSMETOLOGY          ,IL,61832-0000,Proprietary  ,2,6,8,47,137,184
02319200,LAKE FOREST GRAD SCHL OF MGMT           ,IL,60045-4824,Private      ,0,28,28,10,277,287
02323300,PROFESSIONAL'S CHOICE HAIR DSN ACAD     ,IL,60435-0000,Proprietary  ,2,4,6,51,109,160
02332200,HAIR PROFESSIONALS CAREER COLLEGE       ,IL,60178-0000,Proprietary  ,2,6,8,26,67,93
02349400,ALVAREITA'S COLLEGE OF COSMETOLOGY      ,IL,62035-0000,Proprietary  ,2,1,3,49,104,153
02349500,CANNELLA SCHOOL OF HAIR DESIGN          ,IL,60632-0000,Proprietary  ,4,16,20,125,290,415
02352200,LE CORDON BLEU COLLEGE OF CULINARY ARTS ,IL,60610-3050,Proprietary  ,48,177,225,1021,2007,3028
02498200,G SKIN & BEAUTY INSTITUTE               ,IL,60523-1805,Proprietary  ,17,52,69,122,420,542
02498201,HAIR PROFESSIONALS ACADEMY OF COSMETOLOG,IL,60563-0000,Proprietary  ,2,3,5,28,39,67
02522800,FOX COLLEGE                             ,IL,60638-1999,Proprietary  ,26,32,58,443,536,979
02522801,FOX COLLEGE -  VET TECH INSTITUTE       ,IL,60477-4451,Proprietary  ,0,0,0,38,32,70
02527600,LEXINGTON COLLEGE                       ,IL,60607-0000,Private      ,0,0,0,97,62,159
02536700,BELL MAR BEAUTY COLLEGE                 ,IL,60650-0000,Proprietary  ,3,12,15,43,92,135
02556100,ENVIRONMENTAL TECHNICAL INSTITUTE       ,IL,60143-0000,Proprietary  ,11,72,83,115,406,521
02556600,NILES SCHOOL OF COSMETOLOGY             ,IL,60714-0000,Proprietary  ,3,2,5,22,54,76
02573700,INSTITUTE FOR CLINICAL SOCIAL WORK      ,IL,60605-1229,Private      ,3,11,14,38,289,327
02584900,"FIRST INSTITUTE, INC.                   ",IL,60014-7489,Proprietary  ,12,37,49,126,370,496
02587700,HAIR PROFESSIONALS CAREER COLLEGE       ,IL,60465-1929,Proprietary  ,3,12,15,52,97,149
02599716,VATTEROTT COLLEGE - FAIRVIEW HEIGHTS    ,IL,62208-2029,Proprietary  ,27,114,141,219,867,1086
02622700,KNOWLEDGE SYSTEMS INSTITUTE             ,IL,60076-0000,Private      ,0,0,0,2,9,11
03002000,HAIRMASTERS INST OF COSMETOLOGY         ,IL,61701-5547,Proprietary  ,3,4,7,54,91,145
03027702,PACIFIC COLLEGE OF ORIENTAL MEDICINE - C,IL,60601-7296,Proprietary  ,2,13,15,38,304,342
03065300,TREND SETTERS COLL OF COSMETOLOGY       ,IL,60915-0000,Proprietary  ,6,8,14,116,175,291
03065301,PAUL MITCHELL THE SCHOOL TINLEY PARK    ,IL,60477-6273,Proprietary  ,15,23,38,68,112,180
03072701,WESTWOOD COLLEGE - RIVER OAKS           ,IL,60409-5503,Proprietary  ,22,65,87,157,656,813
03072702,WESTWOOD COLLEGE OF TECHNOLOGY          ,IL,60602-0000,Proprietary  ,22,73,95,319,1171,1490
03078400,CAMEO BEAUTY ACADEMY                    ,IL,60453-3196,Proprietary  ,5,18,23,54,116,170
03079200,WESTWOOD COLLEGE - DUPAGE               ,IL,60517-2321,Proprietary  ,8,28,36,185,507,692
03082900,ROSEL SCHOOL OF COSMETOLOGY             ,IL,60659-1913,Proprietary  ,5,21,26,43,154,197
03083800,HEARTLAND COMMUNITY COLLEGE             ,IL,61761-9446,Public       ,57,88,145,2693,2426,5119
03098000,ST JOHN'S COLLEGE OF NURSING            ,IL,62702-5321,Private      ,1,6,7,164,297,461
03098002,ST JOHN'S HOSP SCH MED TECH             ,IL,62769-5324,Private      ,0,1,1,34,93,127
03099700,CAIN'S BARBER COLLEGE                   ,IL,60615-3510,Proprietary  ,6,40,46,138,485,623
03099800,ILLINOIS SCHOOL OF HEALTH CAREERS       ,IL,60604-0000,Proprietary  ,8,32,40,292,916,1208
03101800,ILLINOIS CENTER FOR BROADCASTING        ,IL,60148-7015,Proprietary  ,16,41,57,142,391,533
03128500,NATIONAL LATINO EDUCATION INSTITUTE     ,IL,60609-2205,Private      ,3,7,10,73,146,219
03199300,CHRISTIAN LIFE COLLEGE                  ,IL,60056-2522,Private      ,0,2,2,16,29,45
03368300,MIDWEST TECHNICAL INSTITUTE             ,IL,62707-8805,Proprietary  ,161,697,858,1362,4066,5428
03416300,COMPUTER SYSTEMS INSTITUTE              ,IL,60077-0000,Proprietary  ,85,305,390,459,1697,2156
03448300,BUSINESS INDUSTRIAL RESOURCES           ,IL,60659-1298,Proprietary  ,0,0,0,314,2627,2941
03455700,CORTIVA INSTITUTE - CHICAGO             ,IL,60602-3315,Proprietary  ,28,89,117,231,558,789
03455701,CORTIVA INSTITUTE - CHICAGO             ,IL,60014-6285,Proprietary  ,1,6,7,25,54,79
03490301,PAUL MITCHELL THE SCHOOL CHICAGO        ,IL,60607-0000,Proprietary  ,34,54,88,583,740,1323
03490302,PAUL MITCHELL THE SCHOOL ESCANABA - PAUL,IL,60148-0000,Proprietary  ,10,7,17,79,108,187
03510300,ERIKSON INSTITUTE                       ,IL,60654-4510,Private      ,0,9,9,8,349,357
03643300,"MR. JOHN'S SCHOOL OF JACKSONVILLE,  INC,",IL,62650-3488,Proprietary  ,2,5,7,16,45,61
03655300,ILLINOIS CAREERPATH INSTITUTE           ,IL,60654-1103,Private      ,0,0,0,9,37,46
03684300,NORTHSHORE UNIVERSITY HEALTHSYSTEM SCHOO,IL,60201-9872,Private      ,0,0,0,12,72,84
03881400,EUROPEAN MASSAGE THERAPY SCHOOL         ,IL,60077-2269,Proprietary  ,4,32,36,37,210,247
03891300,SOMA INSTITUTE - THE NATIONAL SCHOOL OF ,IL,60604-4466,Proprietary  ,11,31,42,83,202,285
03914300,"CALC, INSTITUTE OF TECHNOLOGY           ",IL,62002-5946,Proprietary  ,5,28,33,55,267,322
04117500,SOLEX MEDICAL ACADEMY                   ,IL,60090-3104,Proprietary  ,1,3,4,4,25,29
04117600,LARRY'S BARBER COLLEGE                  ,IL,60628-2322,Proprietary  ,8,44,52,169,559,728
04118400,CHICAGO ORT TECHNICAL INSTITUTE         ,IL,60077-3210,Private      ,5,52,57,44,295,339
04124700,AMBRIA COLLEGE OF NURSING               ,IL,60192-3712,Proprietary  ,9,46,55,134,986,1120
04136900,UNIVERSITY OF AESTHETICS (THE)          ,IL,60622-2151,Proprietary  ,3,8,11,28,89,117
04137000,UNIVERSITY OF AESTHETICS & COSMETOLOGY (,IL,60515-4607,Proprietary  ,2,7,9,30,57,87
04137500,TRICOCI UNIVERSITY OF BEAUTY CULTURE    ,IL,60656-1805,Proprietary  ,16,31,47,283,401,684
04139000,MIDWESTERN CAREER COLLEGE               ,IL,60606-3103,Proprietary  ,7,71,78,114,743,857
04141000,AVEDA INSTITUTE CHICAGO                 ,IL,60647-0000,Proprietary  ,17,47,64,291,527,818
04147100,TRICOCI UNIVERSITY OF BEAUTY CULTURE    ,IL,60048-2906,Proprietary  ,7,16,23,90,109,199
04147200,TRICOCI UNIVERSITY OF BEAUTY CULTURE    ,IL,60455-1824,Proprietary  ,9,32,41,121,223,344
04147300,TRICOCI UNIVERSITY OF BEAUTY CULTURE    ,IL,60139-3119,Proprietary  ,9,16,25,124,168,292
04147400,TRICOCI UNIVERSITY OF BEAUTY CULTURE    ,IL,61614-4831,Proprietary  ,5,18,23,82,185,267
04147500,TRICOCI UNIVERSITY OF BEAUTY CULTURE    ,IL,61108-2337,Proprietary  ,6,22,28,107,228,335
04160600,PAUL MITCHELL THE SCHOOL NORMAL         ,IL,61761-0000,Proprietary  ,3,7,10,106,99,205
04167800,INNOVATIONS DESIGN ACADEMY              ,IL,61520-2625,Proprietary  ,3,7,10,25,73,98
04168500,SOLEX COLLEGE                           ,IL,60090-3192,Proprietary  ,5,61,66,31,471,502
04170800,UNITY COSMETOLOGY COLLEGE               ,IL,61764-9652,Proprietary  ,2,7,9,31,55,86
04171600,SALON PROFESSIONAL ACADEMY OF ELGIN (THE,IL,60123-2319,Proprietary  ,0,0,0,25,70,95
04174900,SKIN CARE AND SPA INSTITUTE             ,IL,60077-2200,Proprietary  ,3,20,23,16,116,132
04175000,UNIVERSAL SPA TRAINING ACADEMY          ,IL,60515-0000,Proprietary  ,6,29,35,35,198,233
04175800,J RENEE CAREER FACILITATION             ,IL,60014-7986,Proprietary  ,2,14,16,22,147,169
04179100,PCCTI  IT & HEALTHCARE                  ,IL,60523-0000,Proprietary  ,5,37,42,36,494,530
04179101,PCCTI  IT & HEALTHCARE -                ,IL,60606-0000,Proprietary  ,0,0,0,26,257,283
04186000,CHICAGO SCHOOL FOR PIANO TECHNOLOGY (THE,IL,60612-1630,Private      ,0,0,0,28,27,55
04187400,COSMETOLOGY CONCEPTS                    ,IL,60452-2501,Proprietary  ,2,31,33,106,284,390
04189200,SALON PROFESSIONAL ACADEMY (THE)        ,IL,60404-8789,Proprietary  ,6,7,13,39,67,106
04189400,SHEAR LEARNING ACADEMY OF COSMETOLOGY   ,IL,62523-1208,Proprietary  ,1,2,3,20,47,67
04189600,STATE CAREER SCHOOL                     ,IL,60085-5129,Proprietary  ,4,16,20,50,171,221
04192000,CURVE METRIC SCHOOL OF HAIR DESIGN      ,IL,60707-1118,Proprietary  ,0,2,2,10,33,43
04195600,TRIBECA FLASHPOINT MEDIA ARTS ACADEMY   ,IL,60602-2716,Proprietary  ,10,11,21,554,314,868
04224400,NETWORKS BARBER COLLEGE                 ,IL,60409-3401,Proprietary  ,4,7,11,18,57,75
04224500,TRENZ BEAUTY ACADEMY                    ,IL,60409-0000,Proprietary  ,1,7,8,31,100,131
04225300,CREATIVE TOUCH COSMETOLOGY SCHOOL       ,IL,62298-1609,Proprietary  ,2,1,3,11,24,35
04227900,MORTHLAND COLLEGE                       ,IL,62896-2742,Private      ,3,3,6,74,37,111
04229900,DEBUTANTES SCHOOL OF COSMETOLOGY AND NAI,IL,60115-3301,Proprietary  ,0,9,9,32,86,118
04232300,HVAC TECHNICAL INSTITUTE                ,IL,60632-4457,Proprietary  ,7,22,29,7,22,29
11072707,DEVRY UNIVERSITY - DOWNERS              ,IL,60515-0000,Proprietary  ,27,293,320,159,12130,12289
00195100,ALICE LLOYD COLLEGE                     ,KY,41844-9703,Private      ,23,13,36,1287,267,1554
00195200,ASBURY COLLEGE                          ,KY,40390-1198,Private      ,14,25,39,1875,776,2651
00195300,ASBURY THEOLOGICAL SEMINARY             ,KY,40390-0000,Private      ,1,33,34,26,1402,1428
00195400,BELLARMINE UNIVERSITY                   ,KY,40205-1877,Private      ,83,104,187,5700,2310,8010
00195500,BEREA COLLEGE                           ,KY,40403-0000,Private      ,42,17,59,3243,956,4199
00195800,BRESCIA UNIVERSITY                      ,KY,42301-3023,Private      ,17,48,65,1196,1200,2396
00195900,CAMPBELLSVILLE UNIVERSITY               ,KY,42718-2799,Private      ,46,98,144,2978,1946,4924
00196000,SPALDING UNIVERSITY                     ,KY,40203-2188,Private      ,40,126,166,1577,3211,4788
00196100,CENTRE COLLEGE                          ,KY,40422-1394,Private      ,23,7,30,2652,161,2813
00196200,UNIVERSITY OF THE CUMBERLANDS           ,KY,40769-1372,Private      ,42,277,319,2857,4186,7043
00196300,EASTERN KENTUCKY UNIVERSITY             ,KY,40475-3102,Public       ,275,444,719,15093,11627,26720
00196400,GEORGETOWN COLLEGE                      ,KY,40324-1628,Private      ,31,57,88,2476,776,3252
00196500,KENTUCKY CHRISTIAN UNIVERSITY           ,KY,41143-2205,Private      ,22,5,27,1104,323,1427
00196800,KENTUCKY STATE UNIVERSITY               ,KY,40601-2355,Public       ,50,63,113,3423,2158,5581
00196900,KENTUCKY WESLEYAN COLLEGE               ,KY,42301-6057,Private      ,24,12,36,1360,479,1839
00197100,LEXINGTON THEOLOGICAL SEMINARY          ,KY,40508-0000,Private      ,0,6,6,7,105,112
00197200,LINDSEY WILSON COLLEGE                  ,KY,42728-1223,Private      ,40,55,95,3138,1897,5035
00197400,LOUISVILLE PRESBYTERIAN THEOL SEM       ,KY,40205-0000,Private      ,1,2,3,18,201,219
00197500,MIDWAY UNIVERSITY                       ,KY,40347-1120,Private      ,9,53,62,621,1639,2260
00197600,MOREHEAD STATE UNIVERSITY               ,KY,40351-1689,Public       ,123,164,287,9153,5693,14846
00197700,MURRAY STATE UNIVERSITY                 ,KY,42071-0009,Public       ,109,149,258,8559,4927,13486
00197900,WEST KENTUCKY CMNTY & TECHNICAL COLG    ,KY,42002-7380,Public       ,72,211,283,2368,4798,7166
00198000,UNIVERSITY OF PIKEVILLE                 ,KY,41501-1194,Private      ,43,42,85,2611,1605,4216
00198300,ST. CATHARINE COLLEGE                   ,KY,40061-9499,Private      ,12,15,27,846,420,1266
00198700,TRANSYLVANIA UNIVERSITY                 ,KY,40508-1797,Private      ,31,7,38,2079,339,2418
00198800,UNION COLLEGE                           ,KY,40906-1499,Private      ,25,48,73,1468,902,2370
00198900,UNIVERSITY OF KENTUCKY                  ,KY,40506-0054,Public       ,352,274,626,26304,10994,37298
00198901,UNIV OF KY-COLLEGE OF DENTISTRY         ,KY,40536-0000,Public       ,3,4,7,82,334,416
00198902,UNIV OF KY-COLLEGE OF MEDICINE          ,KY,40536-0000,Public       ,4,8,12,154,704,858
00199000,ASHLAND COMMUNITY AND TECHNICAL COLLEGE ,KY,41101-3683,Public       ,38,169,207,1641,3305,4946
00199100,ELIZABETHTOWN COMMUNITY  AND TECHNICAL C,KY,42701-3081,Public       ,93,293,386,2993,5752,8745
00199300,HENDERSON COMMUNITY COLLEGE             ,KY,42420-4699,Public       ,14,76,90,703,1584,2287
00199400,HOPKINSVILLE COMMUNITY COLLEGE          ,KY,42241-2621,Public       ,30,287,317,1239,4407,5646
00199600,BIG SANDY COMMUNITY AND TECHNICAL COLG  ,KY,41653-1815,Public       ,83,209,292,2319,3652,5971
00199700,SOMERSET COMMUNITY COLLEGE              ,KY,42501-2973,Public       ,83,342,425,3331,7532,10863
00199800,SOUTHEAST KENTUCKY COMMUNITY AND TECHNIC,KY,40823-1099,Public       ,39,169,208,1376,2509,3885
00199900,UNIVERSITY OF LOUISVILLE                ,KY,40292-0000,Public       ,267,366,633,18308,14299,32607
00200100,THOMAS MORE COLLEGE                     ,KY,41017-3495,Private      ,21,87,108,1594,959,2553
00200200,WESTERN KENTUCKY UNIVERSITY             ,KY,42101-3576,Public       ,293,373,666,17759,10382,28141
00461800,SPENCERIAN COLLEGE                      ,KY,40216-2605,Proprietary  ,32,128,160,600,1657,2257
00461900,SULLIVAN UNIVERSITY                     ,KY,40205-3000,Proprietary  ,132,488,620,2205,6265,8470
00493402,DAYMAR COLLEGE - BOWLING GREEN          ,KY,42101-4063,Proprietary  ,3,48,51,105,489,594
00493403,DAYMAR COLLEGE - CLINTON                ,KY,42031-9998,Proprietary  ,0,0,0,1,13,14
00493406,DAYMAR COLLEGE - RUSSELLVILLE           ,KY,42276-1622,Proprietary  ,3,9,12,22,111,133
00524400,BLUEGRASS COMMUNITY & TECHNICAL COLLEGE ,KY,40506-0235,Public       ,156,488,644,6207,10898,17105
00527100,BOWLING GREEN TECHNICAL COLLEGE         ,KY,42101-3601,Public       ,47,153,200,2294,4033,6327
00527300,GATEWAY COMMUNITY & TECHNOLOGY COLL     ,KY,41011-0000,Public       ,65,276,341,1820,4542,6362
00696000,MAYSVILLE CMNTY & TECHNCL COLG          ,KY,41056-8910,Public       ,41,165,206,1394,3372,4766
00696100,JEFFERSON COMMUNITY AND TECHNICAL COLLEG,KY,40202-2005,Public       ,181,478,659,7684,15138,22822
00696200,HAZARD COMMUNITY COLLEGE                ,KY,41701-2402,Public       ,29,117,146,1503,2757,4260
00696203,KY TECH-KNOTT CO. TECHNOLOGY CTR        ,KY,41822-0000,Public       ,0,4,4,9,29,38
00696204,KY TECH-LESLIE COUNTY AREA TECH CTR     ,KY,41749-0000,Public       ,0,1,1,7,15,22
00696205,KY TECH-LEE COUNTY AREA TECH CTR        ,KY,41311-0000,Public       ,2,0,2,3,3,6
00696206,KY TECH-LETCHER CNTY AREA TECH CTR      ,KY,41858-0000,Public       ,1,6,7,36,69,105
00696207,KY TECH-BREATHITT COUNTY VOC ED CTR     ,KY,41339-0000,Public       ,0,3,3,21,60,81
00736205,MEDTECH COLLEGE - LEXINGTON             ,KY,40511-1200,Proprietary  ,25,127,152,179,1009,1188
00842500,DAYMAR COLLEGE                          ,KY,42001-0000,Proprietary  ,3,11,14,58,290,348
00901000,MADISONVILLE COMMUNITY COLLEGE          ,KY,42431-9199,Public       ,34,118,152,1292,2572,3864
00927500,NORTHERN KENTUCKY UNIVERSITY            ,KY,41099-0001,Public       ,199,220,419,11363,7813,19176
00931300,DAYMAR COLLEGE                          ,KY,42301-5830,Proprietary  ,8,71,79,113,1132,1245
00931302,DAYMAR COLLEGE - LOUISVILLE             ,KY,40219-1973,Proprietary  ,0,13,13,93,560,653
00931304,DAYMAR COLLEGE - ALBANY                 ,KY,42602-1235,Proprietary  ,0,0,0,6,17,23
00931305,DAYMAR COLLEGE - BELLEVUE               ,KY,41073-2416,Proprietary  ,0,7,7,15,61,76
00931308,DAYMAR COLLEGE -  SCOTTSVILLE           ,KY,42164-1505,Proprietary  ,0,0,0,6,56,62
00931309,DAYMAR COLLEGE - LOUISVILLE EAST        ,KY,40245-1629,Proprietary  ,1,7,8,44,270,314
00931310,DAYMAR COLLEGE -  MADISONVILLE          ,KY,42431-0000,Proprietary  ,0,16,16,25,162,187
01042400,SALON PROFESSIONAL ACADEMY THE          ,KY,40502-0000,Proprietary  ,8,53,61,158,475,633
01048901,NATIONAL COLLEGE - FLORENCE CAMPUS      ,KY,41042-1812,Proprietary  ,4,20,24,40,254,294
01048902,NATIONAL COLLEGE - PIKEVILLE CAMPUS     ,KY,41501-1518,Proprietary  ,5,44,49,168,557,725
01048903,NATIONAL COLLEGE - DANVILLE CAMPUS      ,KY,40422-1517,Proprietary  ,1,19,20,52,353,405
01048904,NATIONAL COLLEGE - RICHMOND CAMPUS      ,KY,40475-2309,Proprietary  ,3,24,27,56,399,455
01048906,NATIONAL COLLEGE - LOUISVILLE CAMPUS    ,KY,40216-4147,Proprietary  ,5,53,58,119,843,962
01048907,NATIONAL COLLEGE - LEXINGTON CAMPUS     ,KY,40509-2256,Proprietary  ,4,45,49,93,748,841
01172500,COLLINS SCHOOL OF COSMETOLOGY           ,KY,40965-2809,Proprietary  ,3,7,10,51,115,166
01208800,SULLIVAN COLLEGE OF TECHNOLOGY AND DESIG,KY,40218-4528,Proprietary  ,37,71,108,530,916,1446
01212801,SOUTHWESTERN COLLEGE                    ,KY,41042-1466,Proprietary  ,0,0,0,13,37,50
01272300,KY TECH-WAYNE COUNTY AREA TECH CTR      ,KY,42633-1088,Public       ,0,0,0,3,12,15
02159100,"APPALACHIAN BEAUTY SCHOOL, INC.         ",KY,41503-0000,Proprietary  ,0,6,6,34,65,99
02251500,TREND SETTERS ACAD OF BEAUTY CULT       ,KY,40258-0000,Proprietary  ,1,34,35,84,310,394
02275000,JENNY LEA ACADEMY OF COSMETOLOGY        ,KY,40831-0000,Proprietary  ,4,25,29,77,267,344
02284306,INTERACTIVE LEARNING SYSTEMS            ,KY,41042-0000,Proprietary  ,1,8,9,18,121,139
02323700,PAT WILSON'S BEAUTY COLLEGE             ,KY,42420-0000,Proprietary  ,1,18,19,19,114,133
02337200,PJ'S COLLEGE OF COSMETOLOGY             ,KY,42101-0000,Proprietary  ,12,47,59,122,511,633
02340800,PAUL MITCHELL THE SCHOOL LEXINGTON      ,KY,40514-1545,Proprietary  ,5,27,32,215,380,595
02351700,PAUL MITCHELL THE SCHOOL - LOUISVILLE   ,KY,40222-0000,Proprietary  ,11,30,41,250,421,671
02491100,BECKFIELD COLLEGE                       ,KY,41042-0000,Proprietary  ,27,262,289,389,2645,3034
02518900,BARRETT & COMPANY SCH HAIR DESIGN       ,KY,40356-0000,Proprietary  ,1,10,11,55,125,180
02526100,JENNY LEA ACADEMY OF COSMETOLOGY        ,KY,41858-0000,Proprietary  ,1,7,8,35,75,110
02535600,CLEAR CREEK BAPTIST BIBLE COLLEGE       ,KY,40977-0000,Private      ,1,4,5,45,161,206
02551100,PJ'S COLLEGE OF COSMETOLOGY             ,KY,42141-2434,Proprietary  ,5,9,14,45,121,166
02560800,SOUTHEAST SCHOOL OF COSMETOLOGY         ,KY,40962-0000,Proprietary  ,6,15,21,25,92,117
02576200,MID-CONTINENT UNIVERSITY                ,KY,42066-9007,Private      ,0,0,0,289,2341,2630
03002100,KENTUCKY MOUNTAIN BIBLE COLLEGE         ,KY,41385-0010,Private      ,3,4,7,54,45,99
03007000,FRONTIER SCH OF MIDWIFERY&FAMILY NU     ,KY,41749-0000,Private      ,0,250,250,13,2208,2221
03026200,HEAD'S WEST KENTUCKY BEAUTY COLLEGE     ,KY,42431-0000,Proprietary  ,1,11,12,29,96,125
03029200,NU-TEK ACADEMY OF BEAUTY                ,KY,40353-9767,Proprietary  ,1,5,6,15,49,64
03034500,OWENSBORO COMMUNITY & TECHNICAL COLLEGE ,KY,42303-1899,Public       ,42,147,189,1898,3111,5009
03083700,GALEN HEALTH INSTITUTES                 ,KY,40207-1047,Proprietary  ,53,442,495,974,6775,7749
03516500,EZELL'S COSMETOLOGY SCHOOL              ,KY,42071-2530,Proprietary  ,0,0,0,0,3,3
03611300,BRIGHTON CENTER'S CENTER FOR EMPLOY     ,KY,41071-1968,Private      ,5,24,29,17,120,137
03804300,BELLEFONTE ACADEMY OF BEAUTY            ,KY,41169-2015,Proprietary  ,3,34,37,47,241,288
03885300,EMPLOYMENT SOLUTIONS                    ,KY,40517-3260,Private      ,8,57,65,89,505,594
03886300,REGENCY SCHOOL OF HAIR DESIGN           ,KY,41653-1278,Proprietary  ,0,0,0,23,52,75
04038300,ATA CAREER EDUCATION                    ,KY,40223-3832,Proprietary  ,19,109,128,278,1239,1517
04038701,IDEAL BEAUTY ACADEMY - LOUISVILLE       ,KY,40223-5606,Proprietary  ,5,11,16,12,71,83
04051316,ART INSTITUTE OF PHOENIX (THE) - ATS - (,KY,41017-2136,Proprietary  ,0,5,5,98,478,576
04051319,ART INSTITUTE OF PHOENIX (THE) - BROWN M,KY,40219-1916,Proprietary  ,9,28,37,209,643,852
04051320,ART INSTITUTE OF PHOENIX (THE) - BROWN M,KY,42240-3579,Proprietary  ,2,16,18,64,315,379
04123900,LEXINGTON HEALING ARTS ACADEMY          ,KY,40503-1932,Proprietary  ,6,32,38,50,277,327
04177600,LINDSEY INSTITUTE OF COSMETOLOGY        ,KY,42103-8036,Proprietary  ,8,10,18,75,148,223
04177700,TRI-STATE INSTITUTE OF HAIR DESIGN      ,KY,40744-5234,Proprietary  ,3,15,18,38,154,192
04178000,SIMMONS COLLEGE OF KENTUCKY             ,KY,40203-3322,Private      ,2,14,16,71,304,375
04204800,AMERICAN COLLEGE OF BARBERING           ,KY,40229-2862,Proprietary  ,5,26,31,23,124,147
04229300,MEDQUEST COLLEGE                        ,KY,40243-1882,Proprietary  ,12,34,46,101,224,325
00200300,CENTENARY COLLEGE OF LOUISIANA          ,LA,71104-3396,Private      ,10,21,31,984,463,1447
00200400,DILLARD UNIVERSITY                      ,LA,70122-3097,Private      ,73,59,132,2898,1556,4454
00200500,NICHOLLS STATE UNIVERSITY               ,LA,70310-0001,Public       ,80,137,217,6211,3330,9541
00200600,GRAMBLING STATE UNIVERSITY              ,LA,71245-2215,Public       ,110,178,288,5612,4509,10121
00200700,LOUISIANA COLLEGE                       ,LA,71359-0000,Private      ,8,36,44,1290,802,2092
00200800,LOUISIANA TECH UNIVERSITY               ,LA,71272-0001,Public       ,98,159,257,8748,3680,12428
00201000,LOUISIANA STATE UNIV & A&M COLG         ,LA,70803-5710,Public       ,332,266,598,28816,9572,38388
00201100,LOUISIANA STATE UNIV-ALEXANDRIA         ,LA,71302-9121,Public       ,24,75,99,2489,2316,4805
00201200,LOUISIANA STATE UNIV-EUNICE             ,LA,70535-6726,Public       ,35,57,92,2329,2050,4379
00201300,LOUISIANA STATE UNIV-SHREVEPORT         ,LA,71115-2399,Public       ,49,259,308,3139,5009,8148
00201400,LA STATE UNIV HEALTH SCIENCES CTR       ,LA,70112-2223,Public       ,8,72,80,723,2870,3593
00201500,(THE) UNIVERSITY OF NEW ORLEANS         ,LA,70148-0001,Public       ,138,263,401,7744,8113,15857
00201600,LOYOLA UNIVERSITY NEW ORLEANS           ,LA,70118-6195,Private      ,71,92,163,5425,3246,8671
00201700,MCNEESE STATE UNIVERSITY                ,LA,70609-4510,Public       ,110,156,266,6161,4269,10430
00201900,NEW ORLEANS BAPTIST THEOL SEMINARY      ,LA,70126-0000,Private      ,1,17,18,67,324,391
00202000,UNIVERSITY OF LOUISIANA AT MONROE       ,LA,71209-9001,Public       ,89,165,254,7415,5289,12704
00202100,NORTHWESTERN STATE UNIVERSITY           ,LA,71497-0001,Public       ,69,268,337,6435,6524,12959
00202200,NOTRE DAME SEMINARY                     ,LA,70118-0000,Private      ,0,3,3,15,32,47
00202300,OUR LADY OF HOLY CROSS COLLEGE          ,LA,70131-7399,Private      ,19,64,83,716,1656,2372
00202400,SOUTHEASTERN LOUISIANA UNIV             ,LA,70402-0001,Public       ,215,206,421,12548,6255,18803
00202500,SOUTHERN UNIVERSITY A & M COLLEGE       ,LA,70813-9374,Public       ,153,235,388,8672,7822,16494
00202600,SOUTHERN UNIV NEW ORLEANS               ,LA,70126-0002,Public       ,75,156,231,2596,5322,7918
00202700,ST JOSEPH SEMINARY COLLEGE              ,LA,70457-9990,Private      ,1,0,1,72,29,101
00202900,TULANE UNIVERSITY                       ,LA,70118-5698,Private      ,140,172,312,12598,7775,20373
00203100,UNIV OF LOUISIANA AT LAFAYETTE          ,LA,70504-0001,Public       ,197,261,458,16018,7377,23395
00203200,XAVIER UNIVERSITY OF LOUISIANA          ,LA,70125-1098,Private      ,94,60,154,5150,2231,7381
00462100,AYERS CAREER COLLEGE                    ,LA,71108-5845,Proprietary  ,13,80,93,114,609,723
00462500,DELGADO COMMUNITY COLLEGE               ,LA,70119-0000,Public       ,315,927,1242,9550,20115,29665
00546600,LOUISIANA TECHNICAL COLLEGE - T. H.  HAR,LA,70570-6113,Public       ,0,0,0,83,106,189
00546700,SOWELA TECHNICAL COMMUNITY COLLEGE      ,LA,70616-6950,Public       ,64,108,172,1838,2578,4416
00546702,SOWELA TECHNICAL COMMUNITY COLLEGE - MOR,LA,70546-1327,Public       ,4,4,8,101,203,304
00546800,LOUISIANA TECHNICAL COLLEGE - ACADIAN CA,LA,70526-3215,Public       ,0,0,0,19,45,64
00548000,"LOUISIANA TECHNICAL COLLEGE, HUEY P. LON",LA,71483-3599,Public       ,0,0,0,1,0,1
00548100,LOUISIANA TECHNICAL COLLEGE - HAMMOND AR,LA,70401-9501,Public       ,0,0,0,1,0,1
00548200,LOUISIANA TECHNICAL COLLEGE - GULF AREA ,LA,70510-0878,Public       ,0,0,0,32,66,98
00548400,LOUISIANA TECHNICAL COLLEGE - EVANGELINE,LA,70582-3104,Public       ,0,0,0,19,24,43
00548800,CAPITAL AREA TECHNICAL COLLEGE          ,LA,70807-0000,Public       ,20,58,78,438,1048,1486
00548808,LOUISIANA TECHNICAL COLLEGE - CHARLES B.,LA,70586-0296,Public       ,0,0,0,27,36,63
00548812,LOUISIANA TECH COLG-FOLKES CAMPUS       ,LA,70748-0000,Public       ,5,9,14,39,66,105
00548817,LOUISIANA TEC CLG-JUMONVILLE MEM CP     ,LA,70760-0000,Public       ,3,7,10,28,62,90
00548818,LOUISIANA TECHNICAL COLLEGE - LAFAYETTE ,LA,70502-4909,Public       ,0,0,0,97,196,293
00548832,LOUISIANA TECH COLG-SHELBY JACKSON      ,LA,71334-0000,Public       ,0,0,0,1,1,2
00548839,LOUISIANA TECHNICAL COLLEGE - TECHE AREA,LA,70562-1057,Public       ,0,0,0,58,87,145
00548842,LOUISIANA TECHNICAL COLLEGE - WESTSIDE C,LA,70765-0733,Public       ,1,5,6,42,101,143
00548900,CENTRAL LOUISIANA TECHNICAL COLLEGE     ,LA,71302-3137,Public       ,32,78,110,627,1549,2176
00552600,SOUTH CENTRAL LOUISIANA TECHNICAL COLG  ,LA,70381-2148,Public       ,7,30,37,144,386,530
00552602,SOUTH CENTRAL LOUISIANA TECHNICAL COLG  ,LA,70302-4336,Public       ,8,17,25,131,219,350
00552603,SOUTH CENTRAL LOUISIANA TECHNICAL COLG  ,LA,70084-6632,Public       ,21,48,69,474,767,1241
00576100,L. E. FLETCHER TECHNICAL COMMUNITY COLLE,LA,70360-2863,Public       ,39,61,100,1331,1519,2850
00675600,NORTHSHORE TECHNICAL COLLEGE            ,LA,70427-5866,Public       ,47,79,126,957,1508,2465
00768600,SOUTHERN UNIV AT SHREVEPORT/BOSSIER     ,LA,71107-4795,Public       ,67,210,277,2026,3615,5641
00806700,LSU HEALTH SCIENCES CENTR-SHREVEPOR     ,LA,71130-3932,Public       ,10,41,51,364,1250,1614
00989800,DEMMON SCHOOL OF BEAUTY                 ,LA,70607-2128,Proprietary  ,3,8,11,39,112,151
00997500,NORTHWEST LOUISIANA TECHNICAL COLLEGE   ,LA,71055-2422,Public       ,21,51,72,318,565,883
00997503,NORTHWEST LOUISIANA TECHNICAL COLLEGE   ,LA,71137-8527,Public       ,19,98,117,405,1371,1776
00997504,NORTHWEST LOUISIANA TECHNICAL COLLEGE   ,LA,71052-1236,Public       ,8,12,20,100,224,324
00997505,NORTHWEST LOUISIANA TECHNICAL COLLEGE   ,LA,71449-0790,Public       ,5,15,20,58,129,187
00997506,NORTHWEST LOUISIANA TECHNICAL COLLEGE   ,LA,71458-0657,Public       ,11,28,39,210,374,584
01109700,CLOYD'S BEAUTY SCHOOL #1                ,LA,71291-3131,Proprietary  ,4,16,20,44,161,205
01163100,"D-JAY'S SCHL OF BEAUTY, ARTS & SCI      ",LA,70806-0000,Proprietary  ,3,18,21,56,145,201
01184100,JOHN JAY BEAUTY COLLEGE                 ,LA,70124-2592,Proprietary  ,6,16,22,118,279,397
01282300,PAT GOINS RUSTON BEAUTY SCHOOL          ,LA,71270-4301,Proprietary  ,2,8,10,33,72,105
01287900,PAT GOINS BENTON ROAD BEAUTY SCHOOL     ,LA,71111-4838,Proprietary  ,1,10,11,27,109,136
01288000,CELEBRITY STYLIST BEAUTY SCHOOL         ,LA,71201-5167,Proprietary  ,2,7,9,43,115,158
02055400,BOSSIER PARISH COMMUNITY COLLEGE        ,LA,71111-0000,Public       ,129,451,580,4131,7438,11569
02055500,DELTA SCH OF BUSINESS & TECHNOLOGY      ,LA,70601-0000,Proprietary  ,9,28,37,168,449,617
02117800,AVEDA INSTITUTE LAFAYETTE               ,LA,70503-3246,Proprietary  ,11,34,45,177,298,475
02166100,NUNEZ COMMUNITY COLLEGE                 ,LA,70043-0000,Public       ,53,182,235,935,2317,3252
02166200,ITI TECHNICAL COLLEGE                   ,LA,70817-0000,Proprietary  ,34,98,132,604,1115,1719
02197500,BATON ROUGE SCHOOL OF COMPUTERS         ,LA,70809-8188,Proprietary  ,4,15,19,84,209,293
02234000,CAMERON COLLEGE                         ,LA,70119-0000,Proprietary  ,8,63,71,122,498,620
02258400,AVEDA INSTITUTE BATON ROUGE             ,LA,70816-2246,Proprietary  ,14,31,45,238,378,616
02260200,DIESEL DRIVING ACADEMY                  ,LA,71109-5617,Proprietary  ,18,121,139,92,661,753
02265600,JOHN JAY KENNER ACADEMY                 ,LA,70062-0000,Proprietary  ,6,9,15,52,156,208
02269300,STEVENSON'S ACADEMY OF HAIR DESIGN      ,LA,70116-0000,Proprietary  ,4,16,20,91,265,356
02327800,PINEVILLE BEAUTY SCHOOL                 ,LA,71360-0000,Proprietary  ,6,6,12,65,128,193
02335700,BATON ROUGE GENERAL MEDICAL CENTER      ,LA,70806-3889,Private      ,2,14,16,138,254,392
02335701,BATON ROUGE GEN MED CTR SCH NSG         ,LA,70821-0000,Private      ,1,17,18,140,386,526
02335702,BATON ROUGE GEN MED CTR-RAD TECH        ,LA,70806-0000,Private      ,2,7,9,92,213,305
02338000,"CLOYD'S BEAUTY SCHOOL #2, INC           ",LA,71202-3539,Proprietary  ,3,15,18,70,160,230
02352500,"CLOYD'S BEAUTY SCHOOL #3, INC           ",LA,71201-3211,Proprietary  ,3,18,21,57,150,207
02358600,"STAGE ONE THE HAIR SCHOOL, INC.         ",LA,70605-0000,Proprietary  ,3,15,18,104,185,289
02518300,SOUTH LOUISIANA BEAUTY COLLEGE          ,LA,70363-0000,Proprietary  ,1,3,4,42,80,122
02536400,LOUISIANA ACADEMY OF BEAUTY             ,LA,70535-0000,Proprietary  ,1,6,7,36,84,120
02538300,DELTA COLLEGE OF ARTS & TECH INC        ,LA,70806-1529,Proprietary  ,12,62,74,305,847,1152
02538301,DELTA COLLEGE OF ARTS & TECHNOLOGY - LAF,LA,70508-6831,Proprietary  ,9,23,32,167,525,692
02548500,COSMETOLOGY TRAINING CENTER             ,LA,70503-0000,Proprietary  ,9,10,19,130,157,287
02554800,VANGUARD COLLEGE OF COSMETOLOGY         ,LA,70458-8823,Proprietary  ,19,38,57,236,330,566
02582200,"GUY'S ACADEMY HAIR, SKIN & NAILS        ",LA,71105-2404,Proprietary  ,10,9,19,74,156,230
02600900,AVEDA INSTITUTE                         ,LA,70433-2922,Proprietary  ,193,256,449,1474,2215,3689
02601000,AMERICAN SCHOOL OF BUSINESS             ,LA,71105-5646,Proprietary  ,10,35,45,54,266,320
02601100,OPELOUSAS SCHOOL OF COSMETOLOGY         ,LA,70570-6156,Proprietary  ,2,6,8,37,65,102
02619200,DENHAM SPRINGS BEAUTY COLLEGE           ,LA,70726-3829,Proprietary  ,4,12,16,47,119,166
03010400,CRESCENT CITY SCH GAMING & BARTENDG     ,LA,70119-5507,Proprietary  ,23,164,187,123,1053,1176
03010624,VIRGINIA COLLEGE - BATON ROUGE          ,LA,70815-8604,Proprietary  ,16,81,97,187,639,826
03023500,CAMELOT CAREER COLLEGE                  ,LA,70805-7539,Proprietary  ,7,30,37,119,406,525
03026514,REMINGTON COLLEGE - LAFAYETTE           ,LA,70508-5760,Private      ,4,17,21,171,401,572
03026515,REMINGTON COLLEGE - BATON ROUGE         ,LA,70816-4040,Private      ,7,17,24,172,368,540
03027300,BLALOCK'S PROFESSIONAL BEAUTY COLLEGE   ,LA,71108-3246,Proprietary  ,3,9,12,25,89,114
03030900,DIESEL DRIVING ACADEMY                  ,LA,70815-8109,Proprietary  ,15,113,128,107,746,853
03106200,OUR LADY OF THE LAKE COLLEGE            ,LA,70808-4345,Private      ,15,96,111,1225,2222,3447
03294300,BLUE CLIFF SCH THERAPEUTIC MASSAGE      ,LA,70002-3458,Proprietary  ,111,544,655,809,3647,4456
03294303,BLUE CLIFF COLLEGE - LAFAYETTE          ,LA,70508-3256,Proprietary  ,3,10,13,129,402,531
03294306,BLUE CLIFF COLLEGE - SHREVEPORT         ,LA,71105-6520,Proprietary  ,9,69,78,113,520,633
03332600,DELTA COLLEGE                           ,LA,70433-9042,Proprietary  ,13,28,41,182,468,650
03332601,DELTA COLLEGE - SLIDELL                 ,LA,70460-2624,Proprietary  ,16,57,73,200,677,877
03356300,MEDICAL TRAINING COLLEGE                ,LA,70816-5820,Proprietary  ,14,52,66,218,518,736
03480300,FORTIS COLLEGE - BATON ROUGE            ,LA,70809-1908,Proprietary  ,8,47,55,157,570,727
03498400,OMEGA INSTITUTE OF COSMETOLOGY          ,LA,70360-0000,Proprietary  ,4,5,9,66,76,142
03727500,MOORE CAREER COLLEGE                    ,LA,70808-4191,Proprietary  ,4,10,14,36,151,187
03730300,BATON ROUGE COMMUNITY COLLEGE           ,LA,78806-4129,Public       ,224,401,625,6963,8219,15182
03789300,UNITECH TRAINING ACADEMY                ,LA,70503-5132,Proprietary  ,43,138,181,306,1017,1323
03789301,UNITECH TRAINING ACADEMY - WEST MONROE  ,LA,71291-2913,Proprietary  ,14,73,87,136,712,848
03789302,UNITECH TRAINING ACADEMY - HOUMA        ,LA,70363-5556,Proprietary  ,9,36,45,116,293,409
03789303,UNITECH TRAINING ACADEMY -  ALEXANDRIA  ,LA,71303-3625,Proprietary  ,12,43,55,134,440,574
03789304,UNITECH TRAINING ACADEMY - LAKE CHARLES ,LA,70601-7887,Proprietary  ,17,58,75,163,476,639
03789400,RIVER PARISHES COMMUNITY COLLEGE        ,LA,70778-0310,Public       ,33,52,85,1131,1249,2380
03795300,CASSIA BEAUTY COLLEGE                   ,LA,70126-0000,Proprietary  ,0,6,6,46,84,130
03810500,COURT REPORTING INSTITUTE OF LOUISI     ,LA,70816-0000,Proprietary  ,2,12,14,16,100,116
03956300,SOUTH LOUISIANA COMMUNITY COLLEGE       ,LA,70506-0000,Public       ,98,205,303,3869,4737,8606
04040300,COMPASS CAREER COLLEGE                  ,LA,70403-0653,Proprietary  ,15,54,69,226,521,747
04112300,LOUISIANA CULINARY INSTITUTE            ,LA,70816-4109,Proprietary  ,9,29,38,284,409,693
04130100,LOUISIANA DELTA COMMUNITY COLLEGE       ,LA,71203-3618,Public       ,56,195,251,2228,4053,6281
04149500,A & W HEALTHCARE EDUCATORS              ,LA,70122-3146,Proprietary  ,2,24,26,70,453,523
04151600,MY-LE'S BEAUTY COLLEGE                  ,LA,70056-3150,Proprietary  ,1,19,20,29,152,181
04217000,HEALTHCARE TRAINING INSTITUTE           ,LA,70062-7630,Proprietary  ,2,18,20,38,217,255
04225900,SETTING THE STANDARD BARBERING AND NATUR,LA,71109-4124,Proprietary  ,3,5,8,11,61,72
04226000,BOS-MAN'S BARBER COLLEGE                ,LA,71106-2653,Proprietary  ,2,15,17,23,118,141
04234600,PARK PLACE PREMIER BARBER SCHOOL        ,LA,70122-3808,Proprietary  ,0,12,12,24,81,105
00143600,CAPITOL COLLEGE                         ,MD,20708-9759,Private      ,6,41,47,481,641,1122
00205700,ALLEGANY COLLEGE OF MARYLAND            ,MD,21502-2596,Public       ,52,101,153,2752,2297,5049
00205800,ANNE ARUNDEL COMMUNITY COLLEGE          ,MD,21012-1895,Public       ,233,626,859,5757,9756,15513
00206100,BALTIMORE CITY COMMUNITY COLLEGE        ,MD,21215-7893,Public       ,143,545,688,4185,11334,15519
00206200,BOWIE STATE UNIVERSITY                  ,MD,20715-9465,Public       ,131,246,377,8107,6899,15006
00206300,COMMUNITY COLLEGE OF BALTIMORE COUNTY   ,MD,21228-5381,Public       ,414,1154,1568,10960,19363,30323
00206400,COLLEGE OF SOUTHERN MARYLAND            ,MD,20646-0910,Public       ,130,325,455,4263,5951,10214
00206500,NOTRE DAME OF MARYLAND UNIVERSITY       ,MD,21210-2476,Private      ,19,94,113,1184,2322,3506
00206700,WASHINGTON ADVENTIST UNIVERSITY         ,MD,20912-7796,Private      ,15,40,55,958,1135,2093
00206800,COPPIN STATE UNIVERSITY                 ,MD,21216-3698,Public       ,66,212,278,4229,6264,10493
00207100,FREDERICK COMMUNITY COLLEGE             ,MD,21702-9745,Public       ,73,209,282,2502,3427,5929
00207200,FROSTBURG STATE UNIVERSITY              ,MD,21532-1099,Public       ,78,63,141,7111,2117,9228
00207300,GOUCHER COLLEGE                         ,MD,21204-2794,Private      ,34,47,81,3262,1113,4375
00207400,HAGERSTOWN COMMUNITY COLLEGE            ,MD,21742-6514,Public       ,56,213,269,2300,3590,5890
00207500,HARFORD COMMUNITY COLLEGE               ,MD,21015-1696,Public       ,67,183,250,2811,3402,6213
00207600,HOOD COLLEGE                            ,MD,21701-8575,Private      ,12,33,45,2284,1006,3290
00207700,JOHNS HOPKINS UNIVERSITY                ,MD,21218-2693,Private      ,90,123,213,10781,2811,13592
00207702,JOHNS HOPKINS UNIV SCH ARTS/SCI/ENG     ,MD,21218-0000,Private      ,29,155,184,5057,2729,7786
00207703,JOHNS HOPKINS UNIV SCH OF BUS/ED        ,MD,21046-0000,Private      ,0,50,50,82,1419,1501
00207705,JOHNS HOPKINS BLOOMBERG SCH OF PH       ,MD,21205-0000,Private      ,1,26,27,89,1872,1961
00207706,JOHNS HOPKINS UNIV SCH OF MEDICINE      ,MD,21205-0000,Private      ,9,14,23,411,1188,1599
00207707,JOHNS HOPKINS UNIV SCH OF NURSING       ,MD,21205-0000,Private      ,12,63,75,425,1765,2190
00207708,JOHNS HOPKINS UNIV PEABODY CONSERV      ,MD,21202-2397,Private      ,1,4,5,529,464,993
00207764,JOHNS HOPKINS UNIVERSITY - CAREY BUSINES,MD,21202-4649,Private      ,2,30,32,81,891,972
00207800,LOYOLA UNIVERSITY MARYLAND              ,MD,21210-2699,Private      ,79,90,169,10254,3115,13369
00208000,MARYLAND INST COLLEGE OF ART            ,MD,21217-4191,Private      ,35,33,68,2948,1085,4033
00208300,MORGAN STATE UNIVERSITY                 ,MD,21251-0002,Public       ,171,275,446,10842,7938,18780
00208600,MOUNT SAINT MARY'S UNIVERSITY           ,MD,21727-7799,Private      ,29,23,52,4179,553,4732
00208700,NER ISRAEL RABBINICAL COLLEGE           ,MD,21208-1198,Private      ,7,13,20,111,61,172
00208900,PRINCE GEORGES COMMUNITY COLLEGE        ,MD,20774-2199,Public       ,254,698,952,7958,13678,21636
00209100,SALISBURY UNIVERSITY                    ,MD,21801-6862,Public       ,135,98,233,12032,2870,14902
00209200,ST JOHN'S COLLEGE                       ,MD,21404-0000,Private      ,3,25,28,571,230,801
00209500,ST. MARY'S COLLEGE OF MARYLAND          ,MD,20686-3001,Public       ,23,19,42,2706,412,3118
00209600,ST MARY'S SEMINARY & UNIV               ,MD,21210-1994,Private      ,0,6,6,32,84,116
00209900,TOWSON UNIVERSITY                       ,MD,21252-0002,Public       ,299,306,605,26985,10132,37117
00210200,UNIVERSITY OF BALTIMORE                 ,MD,21201-5779,Public       ,44,262,306,2520,8387,10907
00210300,"UNIVERSITY OF MARYLAND, COLLEGE PARK    ",MD,20742-5145,Public       ,415,597,1012,35588,15816,51404
00210400,"UNIVERSITY OF MARYLAND, BALTIMORE       ",MD,21201-1691,Public       ,82,305,387,5253,12155,17408
00210500,UMBC                                    ,MD,21250-0002,Public       ,175,265,440,11688,7092,18780
00210600,UNIVERSITY MARYLAND EASTERN SHORE       ,MD,21853-4053,Public       ,94,67,161,6043,2689,8732
00210700,STEVENSON UNIVERSITY                    ,MD,21153-0641,Private      ,76,90,166,6585,2467,9052
00210800,WASHINGTON COLLEGE                      ,MD,21620-1197,Private      ,29,7,36,2600,164,2764
00210900,MCDANIEL COLLEGE                        ,MD,21157-4390,Private      ,34,40,74,3406,802,4208
00458612,KAPLAN COLLEGE                          ,MD,21742-2797,Proprietary  ,10,185,195,247,2277,2524
00465000,CHESAPEAKE COLLEGE                      ,MD,21679-0008,Public       ,37,94,131,1375,1759,3134
00691100,MONTGOMERY COLLEGE                      ,MD,20850-1195,Public       ,375,649,1024,13300,13793,27093
00734100,INTERNATIONAL BEAUTY SCHOOL             ,MD,21502-2370,Proprietary  ,1,1,2,18,143,161
00744700,DEL-MAR-VA BEAUTY ACADEMY               ,MD,21804-0000,Proprietary  ,3,10,13,66,164,230
00749100,TESST COLLEGE OF TECHNOLOGY             ,MD,21227-1063,Proprietary  ,25,126,151,456,1575,2031
00793600,LINCOLN TECHNICAL INSTITUTE             ,MD,21046-1544,Proprietary  ,61,95,156,662,973,1635
00817500,HOWARD COMMUNITY COLLEGE                ,MD,21044-3197,Public       ,138,331,469,4536,5778,10314
00826300,AWARD BEAUTY SCHOOL                     ,MD,21740-5624,Proprietary  ,8,78,86,64,446,510
00830800,CECIL COLLEGE                           ,MD,21901-1999,Public       ,14,111,125,1302,1716,3018
00907906,EVEREST COLLEGE- EVEREST INSTITUTE      ,MD,20910-3737,Proprietary  ,7,33,40,237,747,984
01001400,GARRETT COMMUNITY COLLEGE               ,MD,21541-1265,Public       ,10,15,25,947,382,1329
01031900,FORTIS INSTITUTE                        ,MD,21204-2538,Proprietary  ,60,287,347,706,2991,3697
01041000,TESST COLLEGE OF TECHNOLOGY             ,MD,21286-2201,Proprietary  ,12,72,84,220,708,928
01164400,UNIV OF MARYLAND UNIVERSITY COLLEGE     ,MD,20783-8078,Public       ,136,3900,4036,3307,45861,49168
01164402,U OF MD UNIVERSITY COLLEGE - EUROPE     ,MD,20832-0000,Public       ,8,83,91,339,991,1330
01164404,U OF MD UNIVERSITY COLLEGE - ASIA       ,MD,31207-0000,Public       ,2,92,94,114,1226,1340
02073900,WOR-WIC COMMUNITY COLLEGE               ,MD,21804-0000,Public       ,71,210,281,1715,2976,4691
02083600,TESST COLLEGE OF TECHNOLOGY             ,MD,20705-2698,Proprietary  ,20,84,104,246,728,974
02127900,SOJOURNER DOUGLASS COLLEGE              ,MD,21205-0000,Private      ,4,52,56,258,2709,2967
02155100,MARYLAND COLLEGE OF ART AND DESIGN      ,MD,20902-0000,Private      ,4,7,11,170,215,385
02269700,"COLORLAB ACADEMY OF HAIR, THE           ",MD,21014-3639,Proprietary  ,5,8,13,54,98,152
02331000,MARYLAND BEAUTY ACADEMY OF ESSEX        ,MD,21221-0000,Proprietary  ,8,38,46,117,306,423
02333000,HAIR ACADEMY                            ,MD,20784-0000,Proprietary  ,23,88,111,190,685,875
02343800,MONTGOMERY BEAUTY SCHOOL                ,MD,20901-0000,Proprietary  ,3,31,34,101,306,407
02494700,BALTIMORE STUDIO OF HAIR DESIGN         ,MD,21201-0000,Proprietary  ,4,24,28,116,380,496
02495000,ROBERT PAUL ACAD COSMTGY ARTS & SCI     ,MD,21093-0000,Proprietary  ,3,4,7,65,88,153
02495100,MARYLAND BEAUTY ACADEMY                 ,MD,21136-0000,Proprietary  ,2,5,7,31,91,122
02545400,NORTH AMERICAN TRADE SCHOOLS            ,MD,21244-0069,Proprietary  ,26,199,225,266,1419,1685
02573800,"L' ACADEMIE DE CUISINE, INC.            ",MD,20877-0000,Proprietary  ,3,33,36,95,312,407
02578400,MARYLAND UNIVERSITY OF INTEGRATIVE HEALT,MD,20723-6010,Private      ,1,97,98,34,892,926
03027200,BLADES SCHOOL OF HAIR DESIGN            ,MD,20619-0226,Proprietary  ,7,13,20,43,142,185
03064900,AARON'S ACADEMY OF BEAUTY               ,MD,20602-2715,Proprietary  ,2,9,11,57,134,191
03097200,AESTHETICS INSTITUTE OF COSMETOLOGY     ,MD,20877-1305,Proprietary  ,3,14,17,44,149,193
03100700,CARROLL COMMUNITY COLLEGE               ,MD,21157-6913,Public       ,51,94,145,1480,1677,3157
03148300,AMERICAN BEAUTY ACADEMY                 ,MD,20902-1911,Proprietary  ,44,123,167,360,909,1269
03296300,BALTIMORE SCHOOL OF MASSAGE             ,MD,21090-2261,Proprietary  ,24,126,150,195,753,948
03327300,NEW CREATIONS ACADEMY OF HAIR DSN       ,MD,20746-0000,Proprietary  ,5,15,20,55,178,233
03455500,NATIONAL LABOR COLLEGE                  ,MD,20903-1790,Private      ,0,0,0,5,51,56
03493300,ALL-STATE CAREER SCHOOL                 ,MD,21224-6658,Proprietary  ,63,308,371,550,2473,3023
03667300,FAITH THEOLOGICAL SEMINARY              ,MD,21212-2624,Private      ,0,11,11,5,180,185
03822400,MAPLE SPRINGS BAPTIST BIBLE COLLEGE & SE,MD,20743-5711,Private      ,0,9,9,7,68,75
03937300,YESHIVA COLLEGE OF THE NATION'S CAPITAL ,MD,20902-1700,Private      ,0,0,0,15,36,51
03965500,HAIR EXPRESSIONS ACADEMY                ,MD,20852-1729,Proprietary  ,8,38,46,165,285,450
04121600,FILA ACADEMY (THE)                      ,MD,21061-1634,Proprietary  ,0,0,0,14,35,49
04139700,FREDERICK SCHOOL OF COSMETOLOGY         ,MD,21701-0000,Proprietary  ,2,6,8,42,87,129
04141600,OMEGA STUDIOS' SCHOOL OF APPLIED RECORDI,MD,20852-1731,Proprietary  ,9,15,24,100,202,302
04151800,TEMPLE (THE): A PAUL MITCHELL PARTNER SC,MD,21701-5409,Proprietary  ,20,27,47,163,221,384
04167602,FINGER LAKES SCHOOL OF MASSAGE (THE)    ,MD,21701-3030,Proprietary  ,2,20,22,23,134,157
04168900,HOLISTIC MASSAGE TRAINING INSTITUTE     ,MD,21218-2407,Proprietary  ,0,12,12,30,185,215
04171501,COSMOPOLITAN BEAUTY & TECH SCHOOL -     ,MD,20143-3370,Proprietary  ,3,9,12,24,77,101
04188400,BAIS HAMEDRASH AND MESIVTA OF BALTIMORE ,MD,21209-1613,Private      ,5,1,6,44,16,60
04204000,ASPEN BEAUTY ACADEMY - LAUREL           ,MD,20724-2013,Proprietary  ,4,14,18,47,158,205
04209600,INSTITUTE OF HEALTH SCIENCES            ,MD,21031-1408,Proprietary  ,1,15,16,32,247,279
04211700,HARMON'S BEAUTY SCHOOL                  ,MD,20785-2135,Proprietary  ,1,10,11,29,88,117
00211400,AMERICAN INTERNATIONAL COLLEGE          ,MA,01109-3189,Private      ,26,128,154,2247,3357,5604
00211500,AMHERST COLLEGE                         ,MA,01002-5000,Private      ,27,7,34,4735,394,5129
00211600,ANDOVER NEWTON THEOLOGICAL SCHOOL       ,MA,02459-0000,Private      ,0,4,4,3,200,203
00211700,ANNA MARIA COLLEGE                      ,MA,01612-1198,Private      ,17,35,52,1858,832,2690
00211800,ASSUMPTION COLLEGE                      ,MA,01615-1294,Private      ,47,40,87,4752,1012,5764
00212000,MERRIMACK COLLEGE                       ,MA,01845-5800,Private      ,66,17,83,6803,707,7510
00212100,BABSON COLLEGE                          ,MA,02457-0310,Private      ,24,38,62,2988,680,3668
00212200,BAY PATH COLLEGE                        ,MA,01106-2212,Private      ,11,183,194,1018,2975,3993
00212300,BECKER COLLEGE-WORCESTER                ,MA,01615-0071,Private      ,30,38,68,2918,1262,4180
00212400,BENTLEY UNIVERSITY                      ,MA,02452-4705,Private      ,37,17,54,6367,819,7186
00212600,BERKLEE COLLEGE OF MUSIC                ,MA,02215-3693,Private      ,57,95,152,4802,2068,6870
00212800,BOSTON COLLEGE                          ,MA,02467-3800,Private      ,115,82,197,16685,5626,22311
00212900,BOSTON CONSERVATORY OF MUSIC            ,MA,02215-9830,Private      ,14,5,19,1137,381,1518
00213000,BOSTON UNIVERSITY                       ,MA,02215-1789,Private      ,310,376,686,38994,17531,56525
00213300,BRANDEIS UNIVERSITY                     ,MA,02453-2700,Private      ,38,31,69,6544,1560,8104
00213900,CLARK UNIVERSITY                        ,MA,01610-1473,Private      ,34,24,58,4805,896,5701
00214000,ELMS COLLEGE                            ,MA,01013-2839,Private      ,7,21,28,1454,1232,2686
00214100,COLLEGE OF THE HOLY CROSS               ,MA,01610-2395,Private      ,29,9,38,5018,189,5207
00214300,CURRY COLLEGE                           ,MA,02186-2395,Private      ,42,40,82,5435,1612,7047
00214400,DEAN COLLEGE                            ,MA,02038-1994,Private      ,24,5,29,1978,348,2326
00214500,EASTERN NAZARENE COLLEGE                ,MA,02170-2999,Private      ,7,28,35,914,772,1686
00214507,EASTERN NAZARENE COLLEGE - OLD COLONY CA,MA,02170-3831,Private      ,0,4,4,47,369,416
00214600,EMERSON COLLEGE                         ,MA,02116-4624,Private      ,71,19,90,7953,1555,9508
00214700,EMMANUEL COLLEGE                        ,MA,02115-5798,Private      ,44,13,57,5041,519,5560
00214800,ENDICOTT COLLEGE                        ,MA,01915-2098,Private      ,35,58,93,5131,1099,6230
00214900,EPISCOPAL DIVINITY SCHOOL               ,MA,02138-0000,Private      ,0,1,1,0,75,75
00215000,FISHER COLLEGE                          ,MA,02116-1500,Private      ,30,119,149,1698,1757,3455
00215100,BENJAMIN FRANKLIN INSTITUTE OF TECH     ,MA,02116-6296,Public       ,11,31,42,603,509,1112
00215300,GORDON COLLEGE                          ,MA,01984-1899,Private      ,18,9,27,2373,245,2618
00215400,HELLENIC COLLEGE                        ,MA,02445-7496,Private      ,0,2,2,64,118,182
00215500,HARVARD UNIVERSITY                      ,MA,02138-3800,Private      ,31,33,64,4412,1080,5492
00215501,AMRCN REPERTORY THTR INST ADV THTR      ,MA,02138-0000,Private      ,0,0,0,6,113,119
00215502,HARVARD BUSINESS SCHOOL                 ,MA,02163-0000,Private      ,10,26,36,251,1668,1919
00215503,HARVARD EXTENSION SCHOOL                ,MA,02138-0000,Private      ,6,128,134,164,1898,2062
00215504,HARVARD SCH OF DENTAL MEDICINE          ,MA,02115-0000,Private      ,0,0,0,29,208,237
00215505,HARVARD UNIV GRAD SCH DESIGN            ,MA,02138-0000,Private      ,2,9,11,24,1055,1079
00215506,HARVARD DIVINITY SCHOOL                 ,MA,02138-0000,Private      ,0,3,3,19,588,607
00215507,HARVARD UNIV GRAD SCH ED                ,MA,02138-0000,Private      ,0,18,18,7,1257,1264
00215508,HARVARD UNIV GRAD S OF ARTS & SCIEN     ,MA,02138-0000,Private      ,4,15,19,63,835,898
00215509,HARVARD KENNEDY SCHOOL                  ,MA,02138-0000,Private      ,0,13,13,13,1235,1248
00215510,HARVARD LAW SCHOOL                      ,MA,02138-0000,Private      ,5,13,18,129,3204,3333
00215511,HARVARD UNIV MEDICAL SCHOOL             ,MA,02115-0000,Private      ,7,8,15,203,1106,1309
00215512,HARVARD UNIV SCH PUBLIC HEALTH          ,MA,02115-0000,Private      ,1,16,17,42,1125,1167
00215513,HARVARD UNIVERSITY-HARVARD COLLEGE      ,MA,02138-0000,Private      ,151,61,212,19217,1458,20675
00215700,HEBREW COLLEGE                          ,MA,02459-2237,Private      ,0,6,6,2,110,112
00215800,LASELL COLLEGE                          ,MA,02466-2716,Private      ,27,43,70,3180,602,3782
00216000,LESLEY UNIVERSITY                       ,MA,02138-2790,Private      ,33,136,169,3026,3502,6528
00216100,UMASS LOWELL                            ,MA,01854-3089,Public       ,158,274,432,15611,7362,22973
00216400,NEW ENGLAND COLLEGE OF OPTOMETRY        ,MA,02115-1129,Private      ,1,3,4,14,445,459
00216500,MASS. COLLEGE OF PHARMACY  & HEALTH SCIE,MA,02115-5804,Private      ,49,60,109,5862,4537,10399
00216700,BERKSHIRE COMMUNITY COLLEGE             ,MA,01201-5786,Public       ,27,42,69,1006,1534,2540
00216800,CAPE COD COMMUNITY COLLEGE              ,MA,02668-1599,Public       ,51,140,191,1635,2606,4241
00216900,GREENFIELD COMMUNITY COLLEGE            ,MA,01301-9739,Public       ,30,81,111,932,1694,2626
00217000,HOLYOKE COMMUNITY COLLEGE               ,MA,01040-1099,Public       ,74,184,258,4069,5056,9125
00217100,MASSACHUSETTS BAY COMMUNITY COLLEGE     ,MA,02181-0000,Public       ,58,107,165,2440,3148,5588
00217200,MOUNT WACHUSETT COMMUNITY COLLEGE       ,MA,01440-1000,Public       ,51,164,215,2179,3638,5817
00217300,NORTH SHORE COMMUNITY COLLEGE           ,MA,01923-4093,Public       ,79,179,258,3638,5067,8705
00217400,NORTHERN ESSEX COMMUNITY COLLEGE        ,MA,01830-2399,Public       ,92,238,330,3738,4815,8553
00217500,QUINSIGAMOND COMMUNITY COLLEGE          ,MA,01606-2092,Public       ,113,279,392,4688,6984,11672
00217600,BRISTOL COMMUNITY COLLEGE               ,MA,02720-7399,Public       ,110,257,367,4932,6593,11525
00217700,MASSASOIT COMMUNITY COLLEGE             ,MA,02302-3996,Public       ,79,173,252,4012,5132,9144
00217800,MASSACHUSETTS INST OF TECHNOLOGY        ,MA,02139-4307,Private      ,88,123,211,12816,3225,16041
00218000,MASSACHUSETTS COLLEGE OF ART AND DESIGN ,MA,02115-5803,Public       ,22,30,52,2614,929,3543
00218100,MASSACHUSETTS MARITIME ACADEMY          ,MA,02532-3400,Public       ,17,7,24,1691,192,1883
00218300,BRIDGEWATER STATE UNIVERSITY            ,MA,02325-0001,Public       ,142,111,253,12473,4385,16858
00218400,FITCHBURG STATE UNIVERSITY              ,MA,01420-2697,Public       ,59,50,109,6758,2005,8763
00218500,FRAMINGHAM STATE COLLEGE                ,MA,01702-2471,Public       ,72,41,113,7541,1902,9443
00218700,MASSACHUSETTS CLG OF LIBERAL ARTS       ,MA,01247-4100,Public       ,23,14,37,2632,603,3235
00218800,SALEM STATE UNIVERSITY                  ,MA,01970-5353,Public       ,153,121,274,9681,4732,14413
00218900,WESTFIELD STATE UNIVERSITY              ,MA,01086-1630,Public       ,65,43,108,8537,2246,10783
00219000,WORCESTER STATE COLLEGE                 ,MA,01602-2597,Public       ,60,59,119,6875,2937,9812
00219200,MOUNT HOLYOKE COLLEGE                   ,MA,01075-1492,Private      ,18,3,21,2531,357,2888
00219300,MOUNT IDA COLLEGE                       ,MA,02459-3323,Private      ,13,14,27,1921,471,2392
00219400,NEW ENGLAND CONSERVATORY OF MUSIC       ,MA,02115-5018,Private      ,5,3,8,748,600,1348
00219700,NICHOLS COLLEGE                         ,MA,01571-6346,Private      ,17,18,35,2362,462,2824
00219900,NORTHEASTERN UNIVERSITY                 ,MA,02115-5000,Private      ,258,425,683,35152,13801,48953
00220100,PINE MANOR COLLEGE                      ,MA,02167-0000,Private      ,5,2,7,437,163,600
00220200,BLESSED JOHN XXIII NATIONAL SEMINARY    ,MA,02493-0000,Private      ,0,0,0,0,3,3
00220500,QUINCY COLLEGE                          ,MA,02169-4324,Public       ,56,193,249,2137,4746,6883
00220600,REGIS COLLEGE                           ,MA,02193-0000,Private      ,27,36,63,2228,1084,3312
00220800,SIMMONS COLLEGE                         ,MA,02115-5898,Private      ,34,242,276,3254,5428,8682
00220900,SMITH COLLEGE                           ,MA,01063-2936,Private      ,26,10,36,3763,530,4293
00220901,"SMITH COLLEGE, SCH FOR SOCIAL WORK      ",MA,01063-0000,Private      ,0,16,16,12,536,548
00221000,UNIV OF MASSACHUSETTS-DARTMOUTH         ,MA,02747-2300,Public       ,113,85,198,12472,4115,16587
00221100,SPRINGFIELD COLLEGE                     ,MA,01109-3797,Private      ,43,161,204,4062,4683,8745
00221400,ST JOHN'S SEMINARY                      ,MA,02135-8839,Private      ,2,6,8,10,49,59
00221700,STONEHILL COLLEGE                       ,MA,02357-6110,Private      ,35,5,40,5910,221,6131
00221800,SUFFOLK UNIVERSITY                      ,MA,02108-2770,Private      ,58,50,108,8577,4427,13004
00221900,TUFTS UNIVERSITY                        ,MA,02155-5808,Private      ,66,39,105,11469,2411,13880
00221901,TUFTS UNIV SCH OF DENTAL MEDICINE       ,MA,02111-0000,Private      ,1,9,10,37,911,948
00221902,TUFTS UNIVERSITY - CUMMINGS SCHOOL OF VE,MA,01536-0000,Private      ,0,2,2,36,489,525
00221904,TUFTS UNIV SCHOOL OF MEDICINE           ,MA,02111-0000,Private      ,1,15,16,109,2261,2370
00222100,UNIV OF MASSACHUSETTS-AMHERST           ,MA,01003-0000,Public       ,325,242,567,41295,8348,49643
00222200,UNIV OF MASSACHUSETTS-BOSTON            ,MA,02125-3393,Public       ,173,348,521,13918,12406,26324
00222400,WELLESLEY COLLEGE                       ,MA,02481-8203,Private      ,19,4,23,3579,227,3806
00222500,WENTWORTH INSTITUTE OF TECHNOLOGY       ,MA,02115-5998,Private      ,56,31,87,6552,1179,7731
00222600,WESTERN NEW ENGLAND UNIVERSITY          ,MA,01119-2654,Private      ,39,41,80,6383,1836,8219
00222700,WHEATON COLLEGE                         ,MA,02766-2322,Private      ,19,0,19,2764,113,2877
00222800,WHEELOCK COLLEGE                        ,MA,02215-4176,Private      ,12,12,24,1675,855,2530
00222900,WILLIAMS COLLEGE                        ,MA,01267-2600,Private      ,22,4,26,3753,116,3869
00223300,WORCESTER POLYTECHNIC INSTITUTE         ,MA,01609-2280,Private      ,47,26,73,8586,762,9348
00267104,BARD COLLEGE - LONGY SCHOOL OF MUSIC    ,MA,02138-3599,Private      ,1,1,2,45,150,195
00396500,BAY STATE COLLEGE                       ,MA,02116-2901,Proprietary  ,10,57,67,1218,1537,2755
00396600,BOSTON ARCHITECTURAL COLLEGE            ,MA,02115-2795,Private      ,9,13,22,298,779,1077
00466100,HAMPSHIRE COLLEGE                       ,MA,01002-3359,Private      ,20,4,24,2557,242,2799
00466600,SALTER COLLEGE                          ,MA,01583-1700,Proprietary  ,76,355,431,572,2914,3486
00466700,SCHOOL OF MUSEUM OF FINE ARTS           ,MA,02115-5534,Private      ,1,3,4,549,314,863
00466900,UPPER CAPE COD REGIONAL VOC TECH        ,MA,02532-3310,Public       ,1,13,14,39,134,173
00527900,GREATER LOWELL REGNL VOC TECH SCH       ,MA,01879-0000,Public       ,0,4,4,26,131,157
00551900,DIMAN REGIONAL VOC TECH INST            ,MA,02723-3519,Public       ,1,6,7,38,188,226
00552300,BLUE HILLS REGIONAL VOC TECH            ,MA,02021-1398,Public       ,0,2,2,40,178,218
00555700,MCCANN TECHNICAL SCHOOL                 ,MA,01247-0000,Public       ,0,1,1,34,75,109
00613600,NATIONAL AVIATION ACADEMY - NEW ENGLAND ,MA,01730-2620,Proprietary  ,14,32,46,132,281,413
00632200,BROCKTON HOSPITAL SCH OF NURSING        ,MA,02302-0000,Private      ,2,10,12,155,605,760
00632400,LABOURE COLLEGE                         ,MA,02124-0000,Private      ,3,24,27,211,1150,1361
00633100,LAWRENCE MEM HOSPITAL SCH OF NRSNG      ,MA,02155-1643,Private      ,1,4,5,54,373,427
00635200,BAYSTATE MEDICAL CENTER                 ,MA,01199-0001,Private      ,0,3,3,46,117,163
00687300,MARIAN COURT COLLEGE                    ,MA,01907-2896,Private      ,2,8,10,128,126,254
00748100,GIBBS COLLEGE                           ,MA,02116-2904,Proprietary  ,0,0,0,8,26,34
00748400,NEWBURY COLLEGE                         ,MA,02445-5796,Private      ,17,7,24,1976,324,2300
00748600,THE NEW ENGLAND INSTITUTE OF ART        ,MA,02445-7295,Proprietary  ,12,18,30,830,472,1302
00748800,KAPLAN CAREER INSTITUTE                 ,MA,02129-1644,Proprietary  ,0,0,0,1,12,13
00807800,SPRINGFIELD TECHNICAL COMMUNITY CLG     ,MA,01105-0000,Public       ,69,182,251,3920,5819,9739
00891600,NEW ENGLAND SCHOOL OF LAW               ,MA,02116-0000,Private      ,1,7,8,25,1510,1535
00964500,BARD COLLEGE AT SIMON'S ROCK            ,MA,01230-9702,Private      ,5,0,5,411,9,420
00974700,GORDON-CONWELL THEOLOGICAL SEMINARY     ,MA,01982-0000,Private      ,0,15,15,11,555,566
00975600,UNIVERSITY OF MASS MEDICAL CENTER       ,MA,01655-0000,Public       ,0,9,9,64,892,956
00982809,EVEREST INSTITUTE - CHELSEA             ,MA,02150-2333,Proprietary  ,1,2,3,81,241,322
00987700,HENRI'S SCHOOL OF HAIR DESIGN           ,MA,01420-5675,Proprietary  ,2,1,3,29,55,84
00989900,LOWELL ACADEMY HAIRSTYLING INST         ,MA,01852-1909,Proprietary  ,5,11,16,55,111,166
00993600,MIDDLESEX COMMUNITY COLLEGE             ,MA,01730-1197,Public       ,41,114,155,1962,2101,4063
00993602,"MIDDLESEX COMMUNITY COLLEGE, LOWELL     ",MA,01852-0000,Public       ,82,197,279,3361,3824,7185
01121000,BUNKER HILL COMMUNITY COLLEGE           ,MA,02129-2991,Public       ,117,271,388,7232,12213,19445
01151000,EVEREST INSTITUTE                       ,MA,02135-7638,Proprietary  ,0,0,0,41,113,154
01193000,ROXBURY COMMUNITY COLLEGE               ,MA,02120-3400,Public       ,46,148,194,1029,3449,4478
01204200,MANSFIELD BEAUTY SCHOOLS                ,MA,02169-5061,Proprietary  ,2,9,11,24,86,110
01206800,MANSFIELD BEAUTY SCHOOL                 ,MA,01103-1410,Proprietary  ,0,4,4,21,74,95
01218700,BLACKSTONE VALLEY VOCATIONAL REGIONAL SC,MA,01568-1499,Public       ,0,2,2,13,66,79
01238600,SOUTHEASTERN TECHNICAL INSTITUTE        ,MA,02375-1780,Public       ,0,4,4,61,230,291
01246108,LINCOLN TECHNICAL INSTITUTE - BROCKTON  ,MA,02401-1818,Proprietary  ,15,49,64,166,479,645
01246114,LINCOLN TECHNICAL INSTITUTE - LOWELL    ,MA,01852-5119,Proprietary  ,18,50,68,193,435,628
01246115,LINCOLN TECHNICAL INSTITUTE - SOMERVILLE,MA,02145-1102,Proprietary  ,19,53,72,156,434,590
01288100,MONTACHUSETT REG VOC TECH SCH           ,MA,01420-4649,Public       ,0,3,3,35,110,145
01294800,ROB ROY ACADEMY                         ,MA,02721-5330,Proprietary  ,6,17,23,44,93,137
02063000,MONTSERRAT COLLEGE OF ART               ,MA,01915-0000,Private      ,7,1,8,694,75,769
02079400,EMPIRE BEAUTY SCHOOL                    ,MA,01702-5232,Proprietary  ,87,238,325,806,1886,2692
02092100,MASSACHUSETTS SCHOOL OF BARBERING       ,MA,02169-5058,Proprietary  ,1,19,20,30,148,178
02122000,NEW ENGLAND HAIR ACADEMY                ,MA,02148-0000,Proprietary  ,9,30,39,72,175,247
02137000,ROB ROY ACADEMY                         ,MA,02780-0000,Proprietary  ,3,4,7,25,37,62
02137200,MASS GEN HOSP DIETETIC INTERNSHIP       ,MA,02114-0000,Private      ,0,1,1,5,40,45
02163500,NEW ENGLAND SCHOOL OF PHOTOGRAPHY       ,MA,02215-0000,Proprietary  ,0,4,4,78,99,177
02163600,MASS SCH OF PROFESSIONAL PSYCHOLOGY     ,MA,02132-0000,Private      ,1,9,10,34,895,929
02169900,ASSABET VALLEY REGIONAL VOC SCHOOL      ,MA,01752-0000,Public       ,0,2,2,18,121,139
02181600,ROB ROY ACADEMY                         ,MA,01609-0000,Proprietary  ,11,18,29,77,158,235
02182900,CAMBRIDGE COLLEGE                       ,MA,02138-5304,Private      ,57,152,209,451,3131,3582
02197900,NORTH BENNET STREET SCHOOL              ,MA,02113-0000,Private      ,1,1,2,49,164,213
02215100,HALLMARK INSTITUTE OF PHOTOGRAPHY       ,MA,01376-0000,Proprietary  ,3,3,6,127,142,269
02219501,MILDRED ELLEY - PITTSFIELD              ,MA,01201-5300,Proprietary  ,1,1,2,23,85,108
02220400,CATHERINE HINDS INST OF ESTHETICS       ,MA,01801-0000,Proprietary  ,7,28,35,79,230,309
02231600,MGH INSTITUTE OF HEALTH PROFESSION      ,MA,02129-0000,Private      ,3,48,51,100,1677,1777
02274300,CONWAY SCHOOL OF LANDSCAPE DESIGN       ,MA,01341-0179,Private      ,0,0,0,2,30,32
02325700,LABARON HAIRDRESSING ACADEMY            ,MA,02740-0000,Proprietary  ,3,8,11,23,45,68
02325800,LABARON HAIRDRESSING ACAD-BROCKTON      ,MA,02301-0000,Proprietary  ,1,3,4,15,44,59
02337400,BANCROFT SCHOOL OF MASSAGE THERAPY      ,MA,01604-4614,Proprietary  ,2,4,6,24,87,111
02338200,BAY STATE SCHOOL OF TECHNOLOGY          ,MA,02021-0000,Proprietary  ,2,19,21,51,209,260
02339400,ROB ROY ACADEMY                         ,MA,02746-0000,Proprietary  ,0,2,2,13,35,48
02491700,CORTIVA INSTITUTE -  BOSTON             ,MA,02472-2577,Proprietary  ,0,11,11,30,96,126
02523900,ELIZABETH GRADY SCHOOL OF ESTHETICS     ,MA,02155-0000,Proprietary  ,3,24,27,65,210,275
02579800,NEW ENGLAND SCHOOL OF ACUPUNCTURE       ,MA,02458-0000,Private      ,0,4,4,2,164,166
02616704,LE CORDON BLEU COLLEGE OF CULINARY ARTS ,MA,02142-1221,Proprietary  ,3,13,16,171,261,432
03066700,AILANO SCHOOL OF COSMETOLOGY            ,MA,02303-4740,Proprietary  ,1,3,4,23,67,90
03104000,SHAWSHEEN ADULT TECHNICAL INSTITUTE     ,MA,01821-5499,Public       ,0,0,0,18,80,98
03115200,MOTORING TECHNICAL TRAINING INST        ,MA,02771-5933,Proprietary  ,23,48,71,205,353,558
03120800,KAY HARVEY HAIRDRESSING ACADEMY         ,MA,01089-2701,Proprietary  ,0,6,6,21,61,82
03130500,URBAN COLLEGE OF BOSTON                 ,MA,02111-1093,Private      ,6,92,98,70,945,1015
03194300,BOSTON GRAD SCH OF PSYCHOANALYSIS       ,MA,02446-4602,Private      ,0,3,3,2,82,84
03205400,JOLIE HAIR & BEAUTY ACADEMY             ,MA,01056-2769,Proprietary  ,3,23,26,43,157,200
03235300,MASSACHUSETTS SCHOOL OF LAW             ,MA,01810-1094,Private      ,1,14,15,3,501,504
03240300,TONI & GUY HAIRDRESSING ACADEMY         ,MA,01605-2213,Proprietary  ,6,10,16,89,120,209
03240301,TONI & GUY HAIRDRESSING ACADEMY - BRAINT,MA,02184-2807,Proprietary  ,7,5,12,98,85,183
03248300,BOSTON BAPTIST COLLEGE                  ,MA,02136-4030,Private      ,0,2,2,85,71,156
03316400,FUNERAL INSTITUTE OF THE NORTHEAST      ,MA,02062-4766,Proprietary  ,0,4,4,32,109,141
03504300,NATL GRAD SCH OF QUALITY SYSTM MGMT     ,MA,02540-0000,Private      ,0,13,13,1,107,108
03570500,NORTHPOINT BIBLE COLLEGE                ,MA,01835-0000,Private      ,5,4,9,221,180,401
03763300,MEDICAL PROFESSIONAL INSTITUTE          ,MA,02148-8143,Proprietary  ,2,24,26,48,405,453
03859300,E.I.N.E.                                ,MA,01876-4709,Proprietary  ,1,12,13,8,71,79
03927303,MARINELLO SCHOOL OF BEAUTY - NORTHAMPTON,MA,01060-3947,Proprietary  ,6,13,19,48,102,150
03946300,FRANKLIN W. OLIN COLLEGE OF ENGINEERING ,MA,02492-1200,Private      ,2,1,3,628,28,656
03965300,NEW ENGLAND COLLEGE OF FINANCE          ,MA,02110-1605,Proprietary  ,7,85,92,105,1022,1127
04116900,DIGRIGOLI SCHOOL OF COSMETOLOGY         ,MA,01089-4623,Proprietary  ,2,6,8,71,95,166
04122000,TRI COUNTY REGIONAL VOCATIONAL TECHNICAL,MA,02038-0000,Public       ,0,2,2,25,87,112
04128000,MILLENNIUM TRAINING INSTITUTE           ,MA,01801-6386,Proprietary  ,1,16,17,4,170,174
04128900,CENTRAL MASS SCHOOL OF MASSAGE AND THERA,MA,01562-1712,Proprietary  ,0,0,0,7,15,22
04143200,HULT INTERNATIONAL BUSINESS SCHOOL      ,MA,02141-1805,Private      ,1,2,3,104,283,387
04153200,SOUTHERN WORCESTER COUNTY REGIONAL VOC S,MA,01507-1331,Public       ,0,0,0,16,55,71
04193100,ALEXANDER ACADEMY                       ,MA,01420-0000,Proprietary  ,2,9,11,23,87,110
04229200,JUPITER BEAUTY ACADEMY                  ,MA,02122-2834,Proprietary  ,1,6,7,14,45,59
00401200,HEBREW UNIVERSITY OF JERUSALEM (THE)    ,FC,00000-0000,Public       ,0,2,2,26,96,122
00403000,UNIVERSITY OF CAMBRIDGE                 ,FC,00000-0000,Public       ,0,0,0,16,96,112
00503400,AMERICAN UNIVERSITY OF CAIRO            ,FC,00000-0000,Private      ,0,3,3,47,119,166
00667100,KATHOLIEKE UNIVERSITEIT LEUVEN          ,FC,00000-0000,Private      ,0,0,0,0,42,42
00669000,UNIVERSITY OF COPENHAGEN                ,FC,00000-0000,Public       ,0,0,0,2,50,52
00669100,UNIVERSITY OF CAMBRIDGE - PEMBROKE      ,FC,00000-0000,Public       ,0,0,0,0,10,10
00669200,UNIVERSITY OF LEEDS                     ,FC,00000-0000,Public       ,0,1,1,29,120,149
00669300,UNIV OF LONDON-LONDON SCHOOL ECON       ,FC,00000-0000,Public       ,2,3,5,16,437,453
00669400,UNIVERSITY OF LONDON - SCHOOL OF ORIENTA,FC,00000-0000,Public       ,2,2,4,16,191,207
00669500,UNIV OF LONDON-UNIVERSITY COLLEGE       ,FC,00000-0000,Public       ,0,3,3,53,461,514
00669600,UNIV OF LONDON-SCH ADVANCED STUDY       ,FC,00000-0000,Public       ,0,1,1,0,16,16
00669700,"QUEEN MARY, UNIVERSITY OF LONDON        ",FC,00000-0000,Public       ,0,1,1,49,170,219
00669900,UNIVERSITY OF SUSSEX                    ,FC,00000-0000,Public       ,0,0,0,20,77,97
00670000,"UNIVERSITY OF YORK, THE                 ",FC,00000-0000,Public       ,0,3,3,26,170,196
00670400,UNIVERSITY COLLEGE CORK                 ,FC,00000-0000,Public       ,1,2,3,28,82,110
00671300,UPPSALA UNIVERSITY                      ,FC,00000-0000,Public       ,0,1,1,5,43,48
00671500,UNIVERSITY OF GENEVA                    ,FC,00000-0000,Public       ,0,1,1,1,104,105
00683900,UNIVERSITY OF EDINBURGH                 ,FC,00000-0000,Public       ,4,7,11,281,778,1059
00684200,UNIVERSITY OF DUBLIN TRINITY COLLEG     ,FC,00000-0000,Public       ,3,3,6,70,240,310
00685000,UNIVERSITY OF CAMBRIDGE - DOWNING C     ,FC,00000-0000,Public       ,0,0,0,1,1,2
00763200,UNIVERSITY OF BRISTOL                   ,FC,00000-0000,Public       ,0,1,1,26,102,128
00768100,COLLEGE OF EUROPE                       ,FC,00000-0000,Private      ,0,0,0,0,8,8
00770500,ROYAL COLLEGE OF SURGEONS IN IRELAN     ,FC,00000-0000,Private      ,0,0,0,10,59,69
00788100,AMERICAN UNIVERSITY OF PARIS            ,FC,00000-0000,Private      ,3,5,8,560,320,880
00837100,AMERICAN UNIVERSITY OF BEIRUT           ,FC,00000-0000,Private      ,6,1,7,87,72,159
00837300,TEL-AVIV UNIVERSITY                     ,FC,00000-0000,Public       ,0,2,2,33,140,173
00837600,VRIJE UNIVERSITEIT AMSTERDAM            ,FC,00000-0000,Public       ,1,0,1,6,40,46
00837700,UNIVERSITEIT VAN AMSTERDAM(UNIVERSI     ,FC,00000-0000,Public       ,1,0,1,16,154,170
00838000,UNIVERSITY OF WARWICK                   ,FC,00000-0000,Public       ,0,1,1,10,65,75
00838300,UNIVERSITY OF GLASGOW                   ,FC,00000-0000,Public       ,1,3,4,95,423,518
00839300,UNIVERSITY OF OSLO                      ,FC,00000-0000,Public       ,0,0,0,10,30,40
00839400,UNIVERSITY OF OXFORD                    ,FC,00000-0000,Public       ,1,3,4,37,357,394
00839800,UNIVERSITY OF SHEFFIELD (THE)           ,FC,00000-0000,Public       ,0,0,0,12,92,104
00839900,UNIVERSITY OF SOUTHAMPTON               ,FC,00000-0000,Public       ,0,1,1,16,80,96
00845200,ABERYSTWYTH UNIVERSITY                  ,FC,00000-0000,Public       ,0,1,1,29,68,97
00845800,LOUGHBOROUGH UNIVERSITY                 ,FC,00000-0000,Public       ,0,1,1,4,16,20
00846000,UNIVERSITY OF NEWCASTLE UPON TYNE       ,FC,00000-0000,Public       ,0,2,2,27,99,126
00846100,UNIVERSITY OF SAINT ANDREWS             ,FC,00000-0000,Private      ,3,6,9,375,193,568
00850500,UNIVERSITY OF MELBOURNE                 ,FC,00000-0000,Public       ,3,15,18,23,200,223
00858600,SWANSEA UNIVERSITY                      ,FC,00000-0000,Public       ,1,0,1,16,57,73
00858700,UNIVERSITY OF DURHAM                    ,FC,00000-0000,Public       ,0,1,1,37,237,274
00866500,UNIVERSITY OF KENT AT CANTERBURY (THE)  ,FC,00000-0000,Public       ,0,0,0,47,178,225
00867000,UNIVERSITY OF NEW SOUTH WALES           ,FC,00000-0000,Public       ,1,3,4,23,98,121
00868700,UNIVERSITY OF ESSEX                     ,FC,00000-0000,Public       ,1,2,3,39,167,206
00869300,CITY UNIVERSITY                         ,FC,00000-0000,Public       ,0,2,2,32,210,242
00890800,THE UNIVERSITY OF BIRMINGHAM            ,FC,00000-0000,Public       ,0,2,2,28,145,173
00891000,UNIVERSITY OF HULL                      ,FC,00000-0000,Public       ,0,1,1,4,15,19
00892000,UNIVERSITY OF NOTTINGHAM                ,FC,00000-0000,Public       ,0,1,1,29,106,135
00900600,UNIVERSITY OF SALFORD (THE)             ,FC,00000-0000,Public       ,0,0,0,11,22,33
00908400,"UNIV OF LONDON, BIRKBECK                ",FC,00000-0000,Public       ,0,1,1,12,117,129
00908500,UNIV OF LONDON KING'S COLLEGE           ,FC,00000-0000,Public       ,0,2,2,130,503,633
00908600,UNIVERSITY OF LONDON - ROYAL HOLLOWAY   ,FC,00000-0000,Public       ,1,1,2,39,93,132
00914300,BAR-ILAN UNIVERSITY                     ,FC,00000-0000,Private      ,0,1,1,15,25,40
00924900,UNIVERSITY OF LIVERPOOL                 ,FC,00000-0000,Public       ,0,2,2,21,113,134
00936800,UNIVERSITY OF ABERDEEN                  ,FC,00000-0000,Public       ,0,0,0,51,158,209
00942300,ROYAL COLLEGE OF ART                    ,FC,00000-0000,Public       ,0,1,1,9,59,68
00942800,TECHNION-ISRAEL INST OF TECHLGY         ,FC,00000-0000,Public       ,0,0,0,5,74,79
00944200,UNIVERSITY OF EXETER                    ,FC,00000-0000,Public       ,0,1,1,26,108,134
00944400,UNIVERSITY OF LANCASTER                 ,FC,00000-0000,Public       ,0,0,0,12,45,57
00963400,UNIVERSITY OF OXFORD ST CATHERINE'S     ,FC,00000-0000,Public       ,0,0,0,1,7,8
00980800,UNIVERSITY OF STRATHCLYDE               ,FC,00000-0000,Public       ,0,0,0,15,50,65
00986000,UNIVERSITY OF SURREY                    ,FC,00000-0000,Public       ,0,1,1,14,52,66
00988800,KAROLINSKA INSTITUTET                   ,FC,00000-0000,Public       ,0,0,0,1,15,16
00990600,PONTIFICAL NORTH AMERICAN COLLEGE       ,FC,00000-0000,Private      ,0,0,0,1,4,5
00992700,UNIVERSITY OF CAMBRIDGE - FITZWILLI     ,FC,00000-0000,Public       ,0,0,0,0,9,9
01006700,LUND UNIVERSITY                         ,FC,00000-0000,Public       ,0,1,1,12,95,107
01008400,UNIVERSITY OF CAPE TOWN                 ,FC,00000-0000,Public       ,3,5,8,18,84,102
01008700,UNIVERSITY OF OXFORD ST PETER'S COL     ,FC,00000-0000,Public       ,0,0,0,0,7,7
01008800,UNIVERSITY OF OXFORD - CORPUS CHRIS     ,FC,00000-0000,Public       ,0,0,0,1,2,3
01008900,CENTRAL SCHOOL OF SPEECH AND DRAMA      ,FC,00000-0000,Private      ,0,0,0,24,69,93
01009000,UNIVERSITY OF OXFORD - BALLIOL COLL     ,FC,00000-0000,Public       ,0,0,0,3,9,12
01014300,UNIVERSITY OF READING                   ,FC,00000-0000,Public       ,0,0,0,10,61,71
01015700,CARDIFF UNIVERSITY                      ,FC,00000-0000,Public       ,0,1,1,31,80,111
01015900,PONTIFICIA UNIVERSITA GREGORIANA        ,FC,00000-0000,Private      ,0,0,0,2,5,7
01016000,CG JUNG INST                            ,FC,00000-0000,Private      ,0,0,0,0,3,3
01018800,UNIVERSITY COLLEGE DUBLIN               ,FC,00000-0000,Public       ,2,2,4,73,301,374
01019000,UNIVERSITY OF CAMBRIDGE CHURCHILL C     ,FC,00000-0000,Public       ,0,1,1,1,3,4
01022800,UNIVERSITY OF STIRLING                  ,FC,00000-0000,Public       ,0,0,0,34,54,88
01033200,UNIVERSITY OF CAMBRIDGE - CLARE COL     ,FC,00000-0000,Public       ,0,0,0,1,7,8
01045600,UNIVERSITY OF HAIFA                     ,FC,00000-0000,Public       ,0,0,0,7,55,62
01047200,INST EUROPEEN OPEEN D'ADMINISTRATIO     ,FC,00000-0000,Private      ,0,2,2,0,71,71
01049300,CRANFIELD UNIVERSITY                    ,FC,00000-0000,Public       ,0,1,1,0,20,20
01052000,TRINITY LABAN CONSERVATOIRE OF MUSIC AND,FC,00000-0000,Public       ,0,1,1,3,17,20
01052500,UNIVERSITY OF HERTFORDSHIRE             ,FC,00000-0000,Public       ,0,1,1,35,36,71
01057400,LONDON INTRNTL FILM SCHOOL              ,FC,00000-0000,Private      ,0,1,1,11,30,41
01058800,AUSTRALIAN NATIONAL UNIVERSITY          ,FC,00000-0000,Public       ,1,0,1,13,48,61
01058900,BANGOR UNIVERSITY                       ,FC,00000-0000,Public       ,1,1,2,23,28,51
01059400,"RICHMOND, THE AMERICAN INT UNI IN LONDON",FC,00000-0000,Private      ,1,1,2,424,87,511
01059900,INST D'ETUDES POLITIQUES DE PARIS       ,FC,00000-0000,Public       ,0,1,1,11,132,143
01068100,MACQUARIE UNIVERSITY                    ,FC,00000-0000,Public       ,1,4,5,8,36,44
01069200,UNIVERSITY OF QUEENSLAND (THE)          ,FC,00000-0000,Public       ,1,19,20,12,464,476
01078900,UNIVERSITY OF OXFORD - WORCESTER CO     ,FC,00000-0000,Public       ,0,0,0,0,3,3
01079700,"NATIONAL UNIVERSITY OF IRELAND, MAY     ",FC,00000-0000,Public       ,0,0,0,16,17,33
01081600,KINGSTON UNIVERSITY                     ,FC,00000-0000,Public       ,0,3,3,63,242,305
01083800,UNIVERSITITY OF BERGEN (UOB)            ,FC,00000-0000,Public       ,0,0,0,3,9,12
01086400,UNIV OF DUNDEE                          ,FC,00000-0000,Public       ,0,1,1,7,44,51
01086600,UNIVERSITY OF OXFORD - MAGDALEN COLLEGE ,FC,00000-0000,Public       ,0,0,0,1,11,12
01086700,UNIVERSITY OF OXFORD ST JOHN'S COLL     ,FC,00000-0000,Public       ,0,0,0,1,5,6
01091400,MONASH UNIVERSITY                       ,FC,00000-0000,Public       ,3,2,5,10,45,55
01091500,UNIV OF EAST ANGLIA                     ,FC,00000-0000,Public       ,0,0,0,24,108,132
01094200,UNIVERSITY OF OXFORD - ST HUGH'S CO     ,FC,00000-0000,Public       ,0,0,0,0,10,10
01097700,UNIVERSIDAD CENTRAL DEL ESTE            ,FC,00000-0000,Private      ,2,1,3,39,148,187
01098000,SOMERVILLE COLLEGE                      ,FC,00000-0000,Public       ,0,0,0,1,4,5
01099900,UNIV OF OXFORD - WADHAM COLLEGE         ,FC,00000-0000,Public       ,0,0,0,0,3,3
01104400,PONTIFICIA UNIVERSITA SAN TOMMASO       ,FC,00000-0000,Private      ,0,0,0,0,2,2
01105300,UNIVERSITY OF OXFORD - ST HILDA'S C     ,FC,00000-0000,Public       ,0,0,0,1,4,5
01105400,UNIVERSITY OF OXFORD - ST ANNE'S CO     ,FC,00000-0000,Public       ,0,0,0,1,9,10
01105500,UNIV OF OXFORD - LADY MARGARET HALL     ,FC,00000-0000,Public       ,0,0,0,0,7,7
01105600,UNIVERSITY OF OXFORD - UNIVERSITY C     ,FC,00000-0000,Public       ,0,0,0,18,61,79
01105700,UNIVERSITY OF OXFORD - TRINITY COLL     ,FC,00000-0000,Public       ,0,0,0,2,6,8
01105800,UNIVERSITY OF OXFORD-ST EDMUND HALL     ,FC,00000-0000,Public       ,0,0,0,1,9,10
01105900,UNIVERSITY OF OXFORD ST ANTONY'S CO     ,FC,00000-0000,Public       ,0,0,0,0,25,25
01106000,UNIVERSITY OF OXFORD - QUEEN'S COLL     ,FC,00000-0000,Public       ,0,0,0,0,7,7
01106100,UNIVERSITY OF OXFORD - PEMBROKE COL     ,FC,00000-0000,Public       ,0,0,0,1,10,11
01106200,UNIVERSITY OF OXFORD - ORIEL COLLEG     ,FC,00000-0000,Public       ,0,0,0,0,9,9
01106300,UNIVERSITY OF OXFORD - NUFFIELD COL     ,FC,00000-0000,Public       ,0,0,0,0,5,5
01106400,UNIVERSITY OF OXFORD - NEW COLLEGE      ,FC,00000-0000,Public       ,0,0,0,3,7,10
01106500,UNIVERSITY OF OXFORD MERTON COLLEGE     ,FC,00000-0000,Public       ,0,0,0,1,8,9
01106600,UNIVERSITY OF OXFORD - LINCOLN COLL     ,FC,00000-0000,Public       ,0,0,0,0,9,9
01106700,UNIVERSITY OF OXFORD - KEBLE COLLEG     ,FC,00000-0000,Public       ,0,0,0,1,6,7
01106800,UNIVERSITY OF OXFORD - JESUS COLLEG     ,FC,00000-0000,Public       ,0,1,1,1,6,7
01106900,UNIVERSITY OF OXFORD - HERTFORD COL     ,FC,00000-0000,Public       ,0,1,1,0,3,3
01107000,UNIVERSITY OF OXFORD EXETER COLLEGE     ,FC,00000-0000,Public       ,0,0,0,1,7,8
01107100,UNIV OF OXFORD - CHRIST CHURCH          ,FC,00000-0000,Public       ,0,0,0,0,13,13
01107200,UNIVERSITY OF OXFORD - BRASENOSE CO     ,FC,00000-0000,Public       ,0,0,0,0,7,7
01109100,FLINDERS UNIVERSITY OF S AUSTRALIA      ,FC,00000-0000,Public       ,0,0,0,2,29,31
01109400,UNIVERSITY OF WESTERN AUSTRALIA (THE)   ,FC,00000-0000,Public       ,0,2,2,3,27,30
01121400,UNIVERSITY OF THE WITWATERSRAND         ,FC,00000-0000,Public       ,0,5,5,4,26,30
01122600,AARHUS UNIVERSITY                       ,FC,00000-0000,Public       ,0,1,1,3,27,30
01156700,"IMPERIAL COLLEGE OF SCIENCE, TECHNOLOGY ",FC,00000-0000,Public       ,1,1,2,28,79,107
01167900,UNIVERSITY OF BATH                      ,FC,00000-0000,Public       ,0,0,0,20,34,54
01168300,FRANKLIN COLLEGE  SWITZERLAND           ,FC,00000-0000,Private      ,2,0,2,316,22,338
01175800,UNIV OF CAMBRIDGE - PETERHOUSE          ,FC,00000-0000,Public       ,0,0,0,0,3,3
01176400,ROYAL ACADEMY OF MUSIC                  ,FC,00000-0000,Public       ,1,0,1,15,19,34
01176500,GOLDSMITHS' COLLEGE-UNIV OF LONDON      ,FC,00000-0000,Public       ,0,1,1,58,194,252
01176600,UNIV OF LONDON - INST OF EDUC           ,FC,00000-0000,Public       ,0,1,1,0,49,49
01178000,BRUNEL UNIVERSITY                       ,FC,00000-0000,Public       ,1,0,1,16,53,69
01183800,UNIVERSITY OF OXFORD - MANSFIELD CO     ,FC,00000-0000,Public       ,0,0,0,0,4,4
01207500,UNIVERSITY CAMBRIDGE - TRINITY COLL     ,FC,00000-0000,Public       ,1,0,1,2,6,8
01207800,VICTORIA UNIV OF WELLINGTON             ,FC,00000-0000,Public       ,0,4,4,15,40,55
01209600,ECOLE HÔTELIERE DE LAUSANNE             ,FC,00000-0000,Private      ,0,0,0,8,12,20
01210100,UNIVERSITY OF CAMBRIDGE - GIRTON CO     ,FC,00000-0000,Public       ,0,0,0,0,10,10
01213600,VICTORIA UNIV OF MANCHESTER (THE)       ,FC,00000-0000,Public       ,0,1,1,41,157,198
01219800,UNIVERSITY OF BRADFORD                  ,FC,00000-0000,Public       ,0,1,1,4,28,32
01220100,UNIVERSITY OF OXFORD - REGENT'S PAR     ,FC,00000-0000,Public       ,0,0,0,3,3,6
01220600,JAMES COOK UNIVERSITY                   ,FC,00000-0000,Public       ,1,4,5,15,54,69
01221500,BIRMINGHAM CITY UNIVERSITY              ,FC,00000-0000,Public       ,0,0,0,12,31,43
01222300,JAGIELLONIAN UNIVERSITY COLLEGIUM M     ,FC,00000-0000,Public       ,0,1,1,5,26,31
01222500,UNIVERSITY OF SZEGED FACULTY OF MEDICINE,FC,00000-0000,Public       ,0,0,0,2,8,10
01225800,ASTON UNIVERSITY                        ,FC,00000-0000,Public       ,0,0,0,2,21,23
01227500,UNIVERSITY OF OXFORD - WOLFSON COLL     ,FC,00000-0000,Public       ,0,0,0,0,20,20
01230200,GONVILLE & CAIUS COLLEGE                ,FC,00000-0000,Public       ,0,0,0,0,1,1
01233500,ROYAL COLLEGE OF MUSIC                  ,FC,00000-0000,Public       ,1,0,1,11,22,33
01234100,UNIVERSITY OF WALES - ST DAVID'S UN     ,FC,00000-0000,Public       ,1,1,2,4,17,21
01242100,UNIV OF AUCKLAND                        ,FC,00000-0000,Public       ,1,12,13,26,98,124
01254000,UNIVERSIDAD DE NAVARRA                  ,FC,00000-0000,Private      ,0,2,2,14,29,43
01276500,UNIVERSITY OF OXFORD - LINACRE COLL     ,FC,00000-0000,Public       ,0,0,0,0,6,6
01276600,"NATIONAL UNIVERSITY IRELAND, GALWAY     ",FC,00000-0000,Public       ,0,1,1,31,116,147
01280200,PONTIFICIA UNIV CATOLICA MAD Y MAES     ,FC,00000-0000,Private      ,4,6,10,152,130,282
01281100,INST TECNOLOGICO DE SANTO DOMINGO       ,FC,00000-0000,Private      ,5,2,7,46,66,112
01283900,UNIVERSITY OF CAMBRIDGE - SAINT JOH     ,FC,00000-0000,Public       ,0,0,0,1,10,11
01297800,UNIVERSITY OF HUDDERSFIELD (THE)        ,FC,00000-0000,Public       ,0,0,0,15,22,37
01315300,MASSEY UNIVERSITY                       ,FC,00000-0000,Public       ,1,6,7,8,58,66
02052400,DARWIN COLLEGE                          ,FC,00000-0000,Public       ,0,0,0,0,12,12
02082400,UNIVERSITY OF CAMBRIDGE - QUEEN'S C     ,FC,00000-0000,Public       ,0,0,0,1,9,10
02083400,UNIVERSITY OF CAMBRIDGE - WOLFSON C     ,FC,00000-0000,Public       ,0,0,0,1,16,17
02087400,UNIVERSITY OF CAMBRIDGE - NEWNHAM C     ,FC,00000-0000,Public       ,0,0,0,1,8,9
02087900,OXFORD BROOKES UNIVERSITY               ,FC,00000-0000,Public       ,0,2,2,32,91,123
02094100,BEN-GURION UNIV                         ,FC,00000-0000,Public       ,1,1,2,3,111,114
02094400,UNIV OF CAMBRIDGE - ST EDMUND'S HOU     ,FC,00000-0000,Public       ,0,0,0,0,12,12
02095500,LONDON BUS SCHOOL                       ,FC,00000-0000,Public       ,1,0,1,2,113,115
02101900,ROEHAMPTON UNIVERSITY                   ,FC,00000-0000,Public       ,0,2,2,38,112,150
02108600,LONDON ACADEMY OF MUSIC & DRAMATIC      ,FC,00000-0000,Private      ,0,1,1,37,54,91
02115900,UNIVERSITY OF PORTSMOUTH                ,FC,00000-0000,Public       ,0,0,0,17,16,33
02116700,UNIVERSITY OF CAMBRIDGE - LUCY CAVE     ,FC,00000-0000,Public       ,0,0,0,0,7,7
02120000,UNIV OF LONDON - COURTALD INST OF A     ,FC,00000-0000,Public       ,0,1,1,2,30,32
02133400,UNIVERSITY OF CAMBRIDGE - SIDNEY SU     ,FC,00000-0000,Public       ,0,0,0,2,9,11
02142000,UNIVERSITY OF CAMBRIDGE - HOMERTON      ,FC,00000-0000,Public       ,0,0,0,0,11,11
02149700,UNIVERSITY OF WINCHESTER (THE)          ,FC,00000-0000,Public       ,0,0,0,24,18,42
02156800,UNIV OF OTAGO                           ,FC,00000-0000,Public       ,0,5,5,12,50,62
02162300,"IESE BUSINESS SCH, UNIV OF NAVARRA      ",FC,00000-0000,Private      ,0,1,1,5,75,80
02167400,UNIVERSITY OF CAMBRIDGE - CORPUS CH     ,FC,00000-0000,Public       ,0,0,0,0,4,4
02177700,KING'S COLLEGE- UNIV OF CAMBRIDGE       ,FC,00000-0000,Public       ,0,0,0,12,26,38
02180500,MIDDLESEX UNIVERSITY                    ,FC,00000-0000,Public       ,0,3,3,55,109,164
02181000,UNIVERSITY OF SOUTH AUSTRALIA           ,FC,00000-0000,Public       ,0,0,0,6,7,13
02183500,UNIV OF OXFORD - WYCLIFFE HALL          ,FC,00000-0000,Public       ,0,0,0,3,11,14
02186000,UNIVERSITY OF CAMBRIDGE - MAGDALENE     ,FC,00000-0000,Public       ,0,0,0,2,6,8
02186100,UNIVERSITY OF CAMBRIDGE - EMMANUEL      ,FC,00000-0000,Public       ,0,0,0,0,5,5
02189600,UNIVERSITY OF GRONINGEN                 ,FC,00000-0000,Public       ,0,0,0,1,13,14
02194800,UNIVERSITY OF THE WEST OF ENGLAND -     ,FC,00000-0000,Public       ,0,0,0,8,14,22
02195100,UNIV OF WESTMINSTER                     ,FC,00000-0000,Public       ,2,4,6,63,141,204
02196700,GUILDHALL SCHOOL OF MUSIC & DRAMA       ,FC,00000-0000,Public       ,0,0,0,15,18,33
02207300,UNIVERSITY OF CAMBRIDGE - CHRIST'S      ,FC,00000-0000,Public       ,0,0,0,1,6,7
02207400,CHINESE UNIVERSITY OF HONG KONG (THE)   ,FC,00000-0000,Public       ,0,0,0,17,37,54
02209500,UNIVERSITEIT UTRECHT                    ,FC,00000-0000,Public       ,0,0,0,13,59,72
02210000,UNIV OF LONDON - LONDON SCHOOL OF H     ,FC,00000-0000,Public       ,0,1,1,0,108,108
02225300,UNIVERSITY OF CANTERBURY                ,FC,00000-0000,Public       ,0,1,1,10,30,40
02229100,UNIVERSITY OF LEICESTER                 ,FC,00000-0000,Public       ,0,4,4,14,140,154
02229600,SACKLER SCHOOL OF MEDICINE              ,FC,00000-0000,Public       ,0,0,0,0,150,150
02232100,UNIVERSITY OF CAMBRIDGE                 ,FC,00000-0000,Public       ,0,0,0,2,38,40
02233300,"ST GEORGE'S UNIVERSITY, SCHOOL OF MEDICI",FC,00000-0000,Proprietary  ,3,30,33,24,3939,3963
02235300,LONDON METROPOLITAN UNIVERSITY          ,FC,00000-0000,Public       ,1,0,1,33,102,135
02244400,AMERICAN UNIV OF THE CARIBBEAN          ,FC,00000-0000,Proprietary  ,2,87,89,13,1758,1771
02266600,UNIVERSITY OF LONDON - SAINT GEORGE     ,FC,00000-0000,Public       ,0,0,0,3,53,56
02271700,UNIVERSITY OF CAMBRIDGE - CLARE HAL     ,FC,00000-0000,Public       ,0,0,0,1,4,5
02271900,UNIVERSITY OF OXFORD - BLACKFRIARS      ,FC,00000-0000,Public       ,0,0,0,1,2,3
02272200,UNIVERSITY OF CAMBRIDGE - MURRAY EDWARDS,FC,00000-0000,Public       ,0,0,0,1,2,3
02273600,QUEEN'S UNIV OF BELFAST (THE)           ,FC,00000-0000,Public       ,0,0,0,8,83,91
02273900,HERIOT WATT UNIVERSITY                  ,FC,00000-0000,Public       ,0,2,2,13,40,53
02276700,NYENRODE BUSINESS UNIVERSITEIT          ,FC,00000-0000,Private      ,0,0,0,0,6,6
02293400,ECOLE DES HAUTES ETUDES COMERCIALS      ,FC,00000-0000,Public       ,0,1,1,0,31,31
02296300,UNIVERSITY OF CAMBRIDGE - JESUS COL     ,FC,00000-0000,Public       ,0,0,0,0,12,12
02310500,DE MONTFORT UNIVERSITY                  ,FC,00000-0000,Public       ,0,1,1,4,14,18
02320500,ROYAL NORTHERN COLLEGE OF MUSIC         ,FC,00000-0000,Public       ,0,0,0,2,12,14
02335100,UNIV OF CAMBRIDGE - TRINITY HALL        ,FC,00000-0000,Public       ,0,0,0,2,10,12
02338900,UNIVERSITY  FOR THE CREATIVE ARTS       ,FC,00000-0000,Public       ,1,0,1,10,10,20
02351800,UNIVERSIDAD IBEROAMERICANA (UNIBE       ,FC,00000-0000,Private      ,1,7,8,105,404,509
02352100,UNIVERSITY OF PLYMOUTH                  ,FC,00000-0000,Public       ,0,2,2,11,25,36
02493000,ESCUELA SUPERIOR ADMINISTRACION Y D     ,FC,00000-0000,Private      ,0,0,0,1,35,36
02496700,NATIONAL FILM & TV SCHOOL               ,FC,00000-0000,Public       ,0,0,0,3,12,15
02545700,GLASGOW SCHOOL OF ART                   ,FC,00000-0000,Public       ,0,0,0,8,29,37
02561600,SOUTHAMPTON SOLENT UNIVERSITY           ,FC,00000-0000,Public       ,0,0,0,10,9,19
02579600,MURDOCH UNIVERSITY                      ,FC,00000-0000,Public       ,1,4,5,3,40,43
02588000,UNIVERSITY OF ULSTER                    ,FC,00000-0000,Public       ,0,1,1,8,25,33
02591800,CURTIN UNIVERSITY OF TECHNOLOGY         ,FC,00000-0000,Public       ,0,0,0,1,14,15
02611700,DUBLIN CITY UNIVERSITY                  ,FC,00000-0000,Public       ,0,0,0,16,43,59
02623200,UNIVERSITY OF NEWCASTLE (THE)           ,FC,00000-0000,Public       ,0,0,0,5,14,19
03012700,UNIVERSITY OF BUCKINGHAM                ,FC,00000-0000,Private      ,0,1,1,6,14,20
03029400,KEELE UNIVERSITY                        ,FC,00000-0000,Public       ,0,0,0,15,17,32
03029500,NORTHUMBRIA UNIVERSITY                  ,FC,00000-0000,Public       ,0,1,1,10,33,43
03033300,MANCHESTER METROPOLITAN UNIV            ,FC,00000-0000,Public       ,1,0,1,45,54,99
03045000,UNIVERSITY OF EAST LONDON               ,FC,00000-0000,Public       ,1,0,1,42,81,123
03050100,STUDIO ART CENTERS INTERNATIONAL        ,FC,00000-0000,Private      ,0,2,2,16,60,76
03066800,PONTIFICIO ATENEO DELLA SANTA CROCE     ,FC,00000-0000,Private      ,0,0,0,0,1,1
03067200,UNIVERSITY OF SYDNEY                    ,FC,00000-0000,Public       ,1,12,13,33,221,254
03073800,UNIV OF DEBRECEN MED & HEALTH SCI       ,FC,00000-0000,Public       ,0,0,0,8,24,32
03078700,UNIVERSITA COMMERCIALE L BOCCONI        ,FC,00000-0000,Private      ,0,0,0,2,27,29
03080300,SHEFFIELD HALLAM UNIVERSITY             ,FC,00000-0000,Public       ,0,0,0,2,9,11
03084300,UNIVERSITY OF LIMERICK                  ,FC,00000-0000,Public       ,0,2,2,26,72,98
03088700,ROYAL SCOTTISH ACAD MUSIC & DRAMA       ,FC,00000-0000,Public       ,0,0,0,25,34,59
03091400,UNIVERSITY OF WOLLONGONG                ,FC,00000-0000,Public       ,0,1,1,4,18,22
03091500,UNIVERSITY OF CANBERRA                  ,FC,00000-0000,Public       ,0,0,0,4,6,10
03091700,POZNAN UNIVERSITY OF MEDICAL SCIENCES   ,FC,00000-0000,Public       ,0,2,2,6,53,59
03092500,NOTTINGHAM TRENT UNIVERSITY             ,FC,00000-0000,Public       ,0,0,0,10,31,41
03095000,RMIT UNIVERSITY                         ,FC,00000-0000,Public       ,1,3,4,11,47,58
03095400,BOND UNIVERSITY                         ,FC,00000-0000,Private      ,1,1,2,18,65,83
03095900,ESSEC BUSINESS SCHOOL                   ,FC,00000-0000,Private      ,0,0,0,1,15,16
03096100,LA TROBE UNIVERSITY                     ,FC,00000-0000,Public       ,3,2,5,11,31,42
03096900,DEAKIN UNIVERSITY                       ,FC,00000-0000,Public       ,0,0,0,4,8,12
03097100,UNIVERSITY OF WESTERN SYDNEY            ,FC,00000-0000,Public       ,0,0,0,1,4,5
03097300,VICTORIA UNIVERSITY OF TECHNOLOGY       ,FC,00000-0000,Public       ,0,0,0,5,11,16
03097500,CENTRAL QUEENSLAND UNIVERSITY           ,FC,00000-0000,Public       ,0,0,0,0,7,7
03100000,UNIVERSITY OF ADELAIDE (THE)            ,FC,00000-0000,Public       ,0,0,0,3,23,26
03101600,ASIAN INSTITUTE OF MANAGEMENT           ,FC,00000-0000,Private      ,0,0,0,2,16,18
03102500,AMERICAN UNIVERSITY OF ROME             ,FC,00000-0000,Private      ,2,5,7,163,84,247
03102800,ROBERT GORDON UNIVERSITY (THE)          ,FC,00000-0000,Public       ,0,3,3,4,46,50
03104800,GRIFFITH UNIVERSITY                     ,FC,00000-0000,Public       ,0,2,2,15,46,61
03136300,AUSTRALIAN CATHOLIC UNIVERSITY          ,FC,00000-0000,Public       ,0,0,0,3,10,13
03140300,EDITH COWAN UNIVERSITY                  ,FC,00000-0000,Public       ,0,0,0,1,1,2
03140400,NORTHERN TERRITORY UNIVERSITY           ,FC,00000-0000,Public       ,0,0,0,0,2,2
03140500,QUEENSLAND UNIVERSITY OF TECHNOLOGY     ,FC,00000-0000,Public       ,0,0,0,3,16,19
03140600,SOUTHERN CROSS UNIVERSITY               ,FC,00000-0000,Public       ,0,0,0,1,12,13
03140700,SWINBURNE UNIVERSITY OF TECHNOLOGY      ,FC,00000-0000,Public       ,0,0,0,2,12,14
03150400,"UNIVERSITY OF TECHNOLOGY, SYDNEY        ",FC,00000-0000,Public       ,1,4,5,5,39,44
03287300,LIVERPOOL INSTITUTE FOR PERFORMING ARTS ,FC,00000-0000,Public       ,0,1,1,17,3,20
03300300,"2ND SCHOOL OF MEDICINE, CHARLES UNI     ",FC,00000-0000,Public       ,1,1,2,6,19,25
03300400,"FIRST FACULTY OF MEDICINE, CHARLES UNIV.",FC,00000-0000,Public       ,0,0,0,2,27,29
03329300,JOHN CABOT UNIVERSITY                   ,FC,00000-0000,Private      ,0,2,2,190,40,230
03333300,MEDICAL UNIVERSITY SCHOOL OF LUBLIN     ,FC,00000-0000,Public       ,0,11,11,6,174,180
03334300,UNIVERSIDAD NORDESTANA                  ,FC,00000-0000,Private      ,0,1,1,16,48,64
03335300,MEDICAL UNIVERSITY OF SILESIA           ,FC,00000-0000,Public       ,1,2,3,4,64,68
03342300,GLASGOW CALEDONIAN UNIVERSITY           ,FC,00000-0000,Public       ,0,1,1,7,32,39
03349400,"QUEEN MARGARET UNIVERSITY, EDINBURGH    ",FC,00000-0000,Public       ,0,0,0,3,22,25
03350300,BOURNEMOUTH UNIVERSITY                  ,FC,00000-0000,Public       ,0,0,0,11,33,44
03352300,LONDON SOUTH BANK UNIVERSITY            ,FC,00000-0000,Private      ,2,0,2,18,47,65
03364300,"FACULTY OF MEDICINE, PALACKY UNIVER     ",FC,00000-0000,Public       ,0,0,0,1,2,3
03365400,AUCKLAND INSTITUTE OF TECHNOLOGY        ,FC,00000-0000,Public       ,0,0,0,4,2,6
03378300,"THE 3RD FACULTY OF MEDICINE, CHARLE     ",FC,00000-0000,Public       ,0,0,0,0,1,1
03418400,NAPIER UNIVERSITY                       ,FC,00000-0000,Public       ,0,0,0,16,66,82
03435300,ANGLIA  RUSKIN UNIVERSITY               ,FC,00000-0000,Private      ,1,0,1,22,43,65
03460300,INTERNATIONALES THEOLOGISCHES INSTI     ,FC,00000-0000,Private      ,0,0,0,2,16,18
03473300,UNIVERSITY OF THE ARTS LONDON           ,FC,00000-0000,Public       ,2,2,4,173,195,368
03478300,ROYAL WELSH COLLEGE OF MUSIC AND DRAMA  ,FC,00000-0000,Public       ,0,0,0,22,21,43
03492300,UNIVERSITY OF OXFORD - GREEN TEMPLETON C,FC,00000-0000,Public       ,0,0,0,1,22,23
03492400,UNIV OF CAMBRIDGE-ST CATHERINE'S CG     ,FC,00000-0000,Public       ,0,0,0,2,4,6
03494400,UNIV OF CAMBRIDGE-SELWYN COLLEGE        ,FC,00000-0000,Public       ,0,0,0,1,4,5
03494600,UNIV OF OXFORD-HARRIS MANCHESTER        ,FC,00000-0000,Public       ,0,0,0,3,5,8
03501400,LEEDS METROPOLITAN UNIVERSITY           ,FC,00000-0000,Public       ,0,0,0,14,47,61
03507300,UNIVERSITY OF SUNDERLAND                ,FC,00000-0000,Public       ,0,1,1,9,10,19
03515300,UNIVERSITY OF CENTRAL LANCASHIRE        ,FC,00000-0000,Public       ,0,0,0,15,26,41
03517300,UNIVERSITY OF BRIGHTON                  ,FC,00000-0000,Public       ,0,0,0,21,34,55
03518300,EUROPEAN GRADUATE SCHOOL (EGS)          ,FC,00000-0000,Private      ,0,16,16,0,113,113
03527300,SOFIA UNIVERSITY ST. KLIMENT OHRIDSKI   ,FC,00000-0000,Public       ,0,0,0,4,10,14
03533300,BATH SPA UNIVERSITY                     ,FC,00000-0000,Public       ,0,0,0,11,18,29
03547300,UNIVERSITY OF SOUTH WALES               ,FC,00000-0000,Public       ,0,0,0,2,11,13
03547303,"UNIVERSITY OF SOUTH WALES - NEWPORT, CAE",FC,00000-0000,Public       ,0,0,0,2,10,12
03580300,LIVERPOOL JOHN MOORES UNIVERSITY        ,FC,00000-0000,Public       ,0,0,0,5,11,16
03589400,ARTS INSTITUTE AT BOURNEMOUTH (THE)     ,FC,00000-0000,Public       ,0,0,0,21,18,39
03590300,AVONDALE COLLEGE LIMITED                ,FC,00000-0000,Private      ,0,0,0,1,2,3
03594300,GROUP ESC GRENOBLE GRAD SCH OF BUS.     ,FC,00000-0000,Private      ,0,1,1,1,35,36
03597300,JAGIELLONIAN UNIVERSITY                 ,FC,00000-0000,Public       ,0,0,0,8,24,32
03601300,UNIVERSITAT JAUME I DE CASTELLO (UJI)   ,FC,00000-0000,Public       ,0,0,0,0,2,2
03619300,UNIVERSITY OF GREENWICH                 ,FC,00000-0000,Public       ,0,1,1,36,64,100
03653400,UNIVERSIDAD DE IBEROAMERICA - UNIBE     ,FC,00000-0000,Private      ,0,1,1,3,23,26
03674300,UNIVERSITY OF ABERTAY DUNDEE            ,FC,00000-0000,Public       ,0,0,0,3,3,6
03684400,UNIVERSITY OF LINCOLN                   ,FC,00000-0000,Public       ,0,0,0,8,25,33
03684500,MEDICAL UNIVERSITY OF GDANSK            ,FC,00000-0000,Public       ,0,0,0,1,11,12
03694300,UNIVERSITY OF CHICHESTER                ,FC,00000-0000,Public       ,0,1,1,5,4,9
03727400,UNIVERSITY OF WAIKATO (THE)             ,FC,00000-0000,Public       ,0,0,0,5,7,12
03728300,UNIVERSITY OF DERBY                     ,FC,00000-0000,Public       ,0,0,0,1,10,11
03738300,LONDON SCHOOL OF THEOLOGY               ,FC,00000-0000,Private      ,0,0,0,2,8,10
03741300,ALRA (ACADEMY OF LIVE AND RECORDED ARTS),FC,00000-0000,Private      ,0,0,0,8,10,18
03770300,NAZARENE THEOLOGICAL COLLEGE            ,FC,00000-0000,Private      ,0,1,1,0,4,4
03780300,SABA UNIVERSITY SCHOOL OF MEDICINE      ,FC,00000-0000,Proprietary  ,1,25,26,4,432,436
03784300,MEDICAL UNIVERSITY OF BIALYSTOK         ,FC,00000-0000,Public       ,0,0,0,3,4,7
03794400,ANGLO EUROPEAN COLLEGE OF CHIROPRACTIC  ,FC,00000-0000,Private      ,0,1,1,1,1,2
03807300,ROSE BRUFORD COLLEGE                    ,FC,00000-0000,Public       ,0,1,1,1,15,16
03816400,AMERICAN GRAD SCH OF INTERNTL REL & DIPL,FC,00000-0000,Private      ,0,2,2,7,64,71
03818300,LEIPZIG GRADUATE SCHOOL OF MANAGEMENT   ,FC,00000-0000,Private      ,0,2,2,1,12,13
03824300,"ROYAL VETERINARY COLLEGE (THE), UNIVERSI",FC,00000-0000,Public       ,0,1,1,2,109,111
03829300,INTERNATIONAL CHRISTIAN COLLEGE         ,FC,00000-0000,Private      ,0,0,0,1,1,2
03850500,MEDICAL UNIVERSITY OF LODZ              ,FC,00000-0000,Public       ,0,0,0,3,6,9
03859400,UNIVERSITY COLLEGE FALMOUTH             ,FC,00000-0000,Public       ,0,0,0,20,11,31
03873300,COPENHAGEN BUSINESS SCHOOL              ,FC,00000-0000,Public       ,0,0,0,3,28,31
03880300,UNIVERSITY OF GLOUCESTERSHIRE (THE)     ,FC,00000-0000,Public       ,0,0,0,5,12,17
03897400,INTERNATIONAL SPACE UNIVERSITY          ,FC,00000-0000,Private      ,0,1,1,2,9,11
03900300,MEDICAL UNIVERSITY OF THE AMERICAS      ,FC,00000-0000,Proprietary  ,0,55,55,0,55,55
03945300,UNIVERSITY OF WEST LONDON               ,FC,00000-0000,Public       ,0,0,0,1,1,2
03974300,"ST. GEORGE'S UNIVERSITY, SCHOOL OF VETER",FC,00000-0000,Proprietary  ,0,3,3,4,678,682
04015300,FRANKFURT SCHOOL OF FINANCE & MANAGEMENT,FC,00000-0000,Private      ,0,0,0,1,9,10
04021400,"AMERICAN COLLEGE, DUBLIN LIMITED (THE)  ",FC,00000-0000,Private      ,0,1,1,29,51,80
04021500,CENTRAL EUROPEAN UNIVERSITY             ,FC,00000-0000,Private      ,0,1,1,1,91,92
04032300,YORK ST JOHN UNIVERSITY                 ,FC,00000-0000,Public       ,0,0,0,8,8,16
04046300,HK UNIVERSITY OF SCI & TECH (HKUST)     ,FC,00000-0000,Public       ,0,1,1,8,21,29
04070300,"RAPHAEL RECANATI INTERNATIONAL SCHOOL, T",FC,00000-0000,Private      ,3,1,4,90,73,163
04076300,NEWCASTLE COLLEGE                       ,FC,00000-0000,Public       ,0,0,0,4,5,9
04085400,NEW ZEALAND COLLEGE OF CHIROPRACTIC     ,FC,00000-0000,Private      ,0,1,1,0,4,4
04113300,LEBANESE AMERICAN UNIVERSITY            ,FC,00000-0000,Private      ,5,0,5,63,30,93
04115900,LIVERPOOL HOPE UNIVERSITY               ,FC,00000-0000,Public       ,0,1,1,6,10,16
04116300,EDHEC BUSINESS SCHOOL                   ,FC,00000-0000,Private      ,0,0,0,1,27,28
04128600,UNIVERSITY OF WORCESTER                 ,FC,00000-0000,Public       ,0,0,0,6,5,11
04128700,HERTIE SCHOOL OF GOVERNANCE             ,FC,00000-0000,Private      ,0,0,0,2,34,36
04134200,LONDON CONTEMPORARY DANCE SCHOOL        ,FC,00000-0000,Private      ,0,0,0,6,5,11
04139100,UNIVERSITA DEGLI STUDI DI SCIENZE GASTRO,FC,00000-0000,Private      ,0,1,1,2,24,26
04143700,ST MARY'S UNIVERSITY COLLEGE TWICKENHAM ,FC,00000-0000,Public       ,0,1,1,10,28,38
04168200,EUROPEAN UNIVERSITY AT ST. PETERSBURG   ,FC,00000-0000,Private      ,0,0,0,4,32,36
04176500,ESMT EUROPEAN SCHOOL OF MANAGEMENT AND T,FC,00000-0000,Private      ,0,0,0,1,18,19
04180700,"HEYTHROP COLLEGE, UNIVERSITY OF LONDON  ",FC,00000-0000,Public       ,0,0,0,2,1,3
04218800,REGENT'S UNIVERSITY LONDON              ,FC,00000-0000,Private      ,0,0,0,3,6,9
04219400,UNIVERSIDAD TORCUATO DI TELLA           ,FC,00000-0000,Private      ,0,1,1,2,13,15
04244500,NORWICH UNIVERSITY OF THE ARTS          ,FC,00000-0000,Public       ,1,0,1,1,0,1
00380600,ALDERSON BROADDUS UNIVERSITY            ,WV,26416-1051,Private      ,7,12,19,1862,461,2323
00380700,MOUNTAIN STATE UNIVERSITY               ,WV,25801-5624,Private      ,0,4,4,99,235,334
00380800,BETHANY COLLEGE                         ,WV,26032-0417,Private      ,15,4,19,1241,167,1408
00380900,BLUEFIELD STATE COLLEGE                 ,WV,24701-2198,Public       ,17,50,67,1370,1901,3271
00381000,CONCORD UNIVERSITY                      ,WV,24712-0000,Public       ,25,46,71,2594,1533,4127
00381100,DAVIS & ELKINS COLLEGE                  ,WV,26241-3996,Private      ,8,24,32,1108,357,1465
00381200,FAIRMONT STATE UNIVERSITY               ,WV,26554-2470,Public       ,48,87,135,4753,3176,7929
00381300,GLENVILLE STATE COLLEGE                 ,WV,26351-1292,Public       ,13,20,33,1600,634,2234
00381500,MARSHALL UNIVERSITY                     ,WV,25755-3300,Public       ,83,184,267,10512,7974,18486
00381600,SOUTHERN WV COMMUNITY COLLEGE           ,WV,25637-2900,Public       ,15,68,83,1359,1650,3009
00381800,UNIVERSITY OF CHARLESTON                ,WV,25304-1099,Private      ,25,55,80,2091,2235,4326
00381900,OHIO VALLEY COLLEGE                     ,WV,26105-8000,Private      ,1,7,8,532,177,709
00382000,SALEM INTERNATIONAL UNIVERSITY          ,WV,26426-0500,Proprietary  ,12,118,130,322,762,1084
00382200,SHEPHERD UNIVERSITY                     ,WV,25443-5000,Public       ,41,43,84,4408,1740,6148
00382300,WEST LIBERTY UNIVERSITY                 ,WV,26074-0295,Public       ,20,20,40,2915,1108,4023
00382600,WEST VIRGINIA STATE UNIVERSITY          ,WV,25112-0000,Public       ,45,72,117,2665,2270,4935
00382700,WEST VIRGINIA UNIVERSITY                ,WV,26506-6201,Public       ,199,219,418,26351,10400,36751
00382711,WEST VIRGINIA UNIVERSITY - POTOMAC STATE,WV,26726-3000,Public       ,25,26,51,1845,733,2578
00382721,WEST VIRGINIA UNIV INST OF TECH         ,WV,25136-2436,Public       ,16,24,40,1552,736,2288
00382800,WEST VIRGINIA UNIV AT PARKERSBURG       ,WV,26101-9577,Public       ,23,109,132,1705,2769,4474
00383000,WEST VIRGINIA WESLEYAN COLLEGE          ,WV,26201-2600,Private      ,11,3,14,2192,327,2519
00383100,WHEELING JESUIT UNIVERSITY              ,WV,26003-6243,Private      ,3,18,21,1352,998,2350
00500700,WEST VIRGINIA JUNIOR COLLEGE            ,WV,26505-5596,Proprietary  ,8,62,70,348,688,1036
00500800,MOUNTAIN STATE COLLEGE                  ,WV,26101-3993,Proprietary  ,3,35,38,66,412,478
00754400,APPALACHIAN BIBLE COLLEGE               ,WV,25818-1353,Private      ,1,0,1,248,100,348
00757800,HUNTINGTON SCHOOL OF BEAUTY CULTURE     ,WV,25705-2030,Proprietary  ,0,0,0,42,68,110
00760000,INTERNATIONAL BEAUTY SCHOOL             ,WV,25401-3231,Proprietary  ,2,25,27,34,133,167
00835500,JAMES RUMSEY TECHNICAL INSTITUTE        ,WV,25403-0259,Public       ,1,21,22,157,402,559
00895900,CLARKSBURG BEAUTY ACADEMY               ,WV,26301-2903,Proprietary  ,8,18,26,59,146,205
00904700,HUNTINGTON JUNIOR COLLEGE               ,WV,25701-2004,Proprietary  ,14,116,130,239,1278,1517
00905400,WEST VIRGINIA NORTHERN CMTY COLLEGE     ,WV,26003-0000,Public       ,23,83,106,1098,1876,2974
01014000,MINERAL COUNTY VOCATIONAL TECH CTR      ,WV,26726-0000,Public       ,0,2,2,30,88,118
01035600,EVEREST INSTITUTE                       ,WV,25313-1304,Proprietary  ,0,0,0,62,236,298
01057300,WEST VIRGINIA JUNIOR COLLEGE            ,WV,25322-0000,Proprietary  ,10,27,37,230,506,736
01057302,WEST VIRGINIA JUNIOR COLLEGE            ,WV,26330-0000,Proprietary  ,15,22,37,210,325,535
01086100,WEST VIRGINIA BUSINESS COLLEGE          ,WV,26301-0000,Proprietary  ,1,21,22,37,218,255
01124500,WEST VIRGINIA SCH OSTEOPATHIC MED       ,WV,24901-1128,Public       ,0,5,5,19,921,940
01174900,WOOD COUNTY SCH OF PRAC NURSING         ,WV,26101-6424,Public       ,0,4,4,34,140,174
01235900,B M SPURR SCHOOL OF PRAC NURSING        ,WV,26038-1660,Private      ,0,1,1,20,43,63
01257300,WEST VIRGINIA UNIV-HOSP-RAD TECH        ,WV,26506-8062,Private      ,0,6,6,173,163,336
01274300,BENJAMIN FRANKLIN CAREER&TECH           ,WV,25064-0000,Public       ,3,13,16,100,250,350
01290400,MONONGALIA CNTY TECH ED CTR             ,WV,26501-6841,Public       ,1,5,6,84,175,259
01290500,ACADEMY OF CAREERS AND TECHNOLOGY       ,WV,25801-0000,Public       ,4,19,23,157,491,648
02057400,ROANE-JACKSON TECHNICAL CENTER          ,WV,25252-0000,Public       ,0,3,3,37,68,105
02068000,UNITED TECHNICAL CENTER                 ,WV,26301-0000,Public       ,1,17,18,44,164,208
02073400,CARVER CAREER TECH ED CTR               ,WV,25306-6397,Public       ,4,11,15,254,519,773
02145100,SCOTT COLLEGE OF COSMETOLOGY            ,WV,26003-0000,Proprietary  ,2,8,10,75,107,182
02178200,CHARLESTON SCHOOL OF BEAUTY CULTURE     ,WV,25301-0000,Proprietary  ,4,22,26,116,262,378
02218200,GARNET CAREER CENTER                    ,WV,25301-0000,Public       ,1,31,32,127,509,636
02275300,CABELL COUNTY CAREER TECHNOLOGY CTR     ,WV,25705-0000,Public       ,2,18,20,128,398,526
02524500,RALPH R WILLIS VOCATIONAL CENTER        ,WV,25601-0000,Public       ,2,5,7,42,106,148
02534800,FRED W EBERLE TECHNICAL CENTER          ,WV,26201-0000,Public       ,1,5,6,78,123,201
02535500,MERCER COUNTY TECH EDUC CNTR            ,WV,24740-0000,Public       ,1,18,19,102,376,478
02579900,NORTH CENTRAL OPPORTUNITIES INDUSTRIALIZ,WV,26554-2936,Private      ,2,12,14,39,128,167
02609400,VALLEY COLLEGE                          ,WV,25404-5711,Proprietary  ,10,58,68,68,409,477
03052000,MEREDITH MANOR EQUESTRIAN CENTRE        ,WV,26184-9707,Proprietary  ,7,5,12,252,141,393
03076500,FAYETTE INSTITUTE OF TECHNOLOGY         ,WV,25901-2174,Public       ,3,9,12,32,102,134
03084200,VALLEY COLLEGE                          ,WV,24740-3141,Proprietary  ,5,39,44,62,251,313
03084400,VALLEY COLLEGE                          ,WV,25801-2643,Proprietary  ,14,78,92,107,608,715
03098300,PUTNAM CAREER & TECHNICAL CENTER        ,WV,25070-0000,Public       ,0,2,2,79,135,214
03102100,MORGANTOWN BEAUTY COLLEGE               ,WV,26505-5430,Proprietary  ,2,16,18,98,124,222
03123200,STANLEY TECHNICAL INSTITUTE             ,WV,26505-3751,Private      ,0,0,0,21,37,58
03327500,SOUTH BRANCH VOCATIONAL TECH CENTER     ,WV,26847-1698,Public       ,0,0,0,11,5,16
03734300,JOHN D. ROCKEFELLER IV CAREER CENTER    ,WV,26047-9424,Public       ,0,2,2,11,37,48
03819300,AMERICAN PUBLIC UNIVERSITY SYSTEM       ,WV,25414-1621,Proprietary  ,205,6983,7188,2727,73439,76166
03957300,BLUE RIDGE COMMUNITY AND TECHNICAL COLLE,WV,25401-3244,Public       ,32,98,130,1136,2468,3604
03960300,NEW RIVER COMMUNITY AND TECHNICAL COLLEG,WV,25801-2636,Public       ,22,114,136,1223,2626,3849
04028300,MOUNTAIN STATE SCHOOL OF MASSAGE        ,WV,25304-2025,Proprietary  ,3,7,10,22,92,114
04038500,PIERPONT COMMUNITY & TECHNICAL COLLEGE  ,WV,26554-2451,Public       ,30,68,98,1653,1854,3507
04038600,BRIDGEVALLEY COMMUNITY AND TECHNICAL COL,WV,25303-2735,Public       ,22,76,98,857,2030,2887
04038601,BRIDGEVALLEY COMMUNITY AND TECHNICAL COL,WV,25136-2435,Public       ,2,12,14,473,417,890
04041400,MOUNTWEST COMMUNITY AND TECHNICAL COLLEG,WV,25755-3300,Public       ,19,82,101,1138,2260,3398
04119000,EASTERN WEST VIRGINIA COMMUNITY & TECHNI,WV,26836-0000,Public       ,4,34,38,272,716,988
04139900,FUTURE GENERATIONS GRADUATE SCHOOL      ,WV,26807-0000,Private      ,0,0,0,0,5,5
04212400,MINGO EXTENDED LEARNING CENTER          ,WV,25670-9797,Public       ,1,1,2,4,19,23
04234800,RANDOLPH TECHNICAL CENTER               ,WV,26241-9527,Public       ,0,1,1,2,34,36
00106100,ALASKA PACIFIC UNIVERSITY               ,AK,99508-4672,Private      ,5,55,60,507,930,1437
00106300,UNIVERSITY OF ALASKA FAIRBANKS          ,AK,99775-7500,Public       ,79,243,322,3769,4595,8364
00106500,UNIVERSITY OF ALASKA SOUTHEAST          ,AK,99801-8680,Public       ,11,81,92,925,1564,2489
00884300,ALASKA BIBLE COLLEGE                    ,AK,99588-0000,Private      ,0,1,1,36,38,74
01146200,UNIVERSITY OF ALASKA ANCHORAGE          ,AK,99514-1608,Public       ,152,476,628,7151,9534,16685
02541000,ALASKA CAREER COLLEGE                   ,AK,99507-1033,Proprietary  ,33,131,164,322,1149,1471
02576900,CHARTER COLLEGE                         ,AK,99508-0000,Proprietary  ,146,597,743,1042,4409,5451
03160300,AVTEC - ALASKA'S INSTITUTE OF TECHNOLOGY,AK,99664-0889,Public       ,9,17,26,273,415,688
03461300,ILISAGVIK COLLEGE                       ,AK,99723-0749,Public       ,4,7,11,41,74,115
04138600,ALASKA CHRISTIAN COLLEGE                ,AK,99669-9755,Private      ,0,17,17,40,118,158
00108500,UNIV ARKANSAS MONTICELLO                ,AR,71656-0000,Public       ,48,76,124,2623,2400,5023
00108600,UNIV OF ARKANSAS AT PINE BLUFF          ,AR,71601-2790,Public       ,61,61,122,3351,1932,5283
00108700,ARKANSAS BAPTIST COLLEGE                ,AR,72202-6099,Private      ,79,61,140,1079,1329,2408
00108800,LYON COLLEGE                            ,AR,72501-3699,Private      ,4,7,11,1264,193,1457
00108900,ARKANSAS TECH UNIVERSITY                ,AR,72801-2222,Public       ,107,221,328,7452,6212,13664
00109000,ARKANSAS STATE UNIVERSITY               ,AR,72467-0000,Public       ,127,531,658,10042,11698,21740
00109100,ARKANSAS STATE UNIVERSITY - BEEBE       ,AR,72012-1000,Public       ,27,102,129,2514,3221,5735
00109200,UNIVERSITY OF CENTRAL ARKANSAS          ,AR,72035-0001,Public       ,94,155,249,10729,5494,16223
00109300,CENTRAL BAPTIST COLLEGE                 ,AR,72034-6470,Private      ,4,19,23,739,719,1458
00109400,UNIVERSITY OF THE OZARKS                ,AR,72830-2880,Private      ,11,7,18,756,174,930
00109500,CROWLEYS RIDGE COLLEGE                  ,AR,72450-9775,Private      ,3,10,13,228,206,434
00109700,HARDING UNIVERSITY                      ,AR,72149-0001,Private      ,24,66,90,4255,2006,6261
00109800,HENDERSON STATE UNIVERSITY              ,AR,71999-0001,Public       ,41,55,96,3995,2044,6039
00109900,HENDRIX COLLEGE                         ,AR,72032-3080,Private      ,22,13,35,2186,328,2514
00110000,JOHN BROWN UNIVERSITY                   ,AR,72761-2747,Private      ,13,63,76,1663,1487,3150
00110100,UNIV ARKANSAS LITTLE ROCK               ,AR,72204-1099,Public       ,83,298,381,5888,10975,16863
00110200,OUACHITA BAPTIST UNIVERSITY             ,AR,71998-0001,Private      ,16,11,27,1958,261,2219
00110300,PHILANDER SMITH COLLEGE                 ,AR,72202-3718,Private      ,12,38,50,1039,976,2015
00110400,PHILLIPS COUNTY COMMUNITY COLLEGE       ,AR,72342-0000,Public       ,21,61,82,526,826,1352
00110500,SHORTER COLLEGE                         ,AR,72114-4885,Private      ,6,55,61,151,1068,1219
00110600,WILLIAMS BAPTIST COLLEGE                ,AR,72476-4661,Private      ,3,7,10,657,195,852
00110700,SOUTHERN ARKANSAS UNIVERSITY            ,AR,71754-0000,Public       ,46,81,127,3290,2097,5387
00110800,UNIV ARKANSAS FAYETTEVILLE              ,AR,72701-0000,Public       ,213,231,444,19096,7935,27031
00110900,UNIVERSITY OF ARKANSAS FOR MEDICAL SCIEN,AR,72205-7102,Public       ,6,49,55,727,3449,4176
00111000,UNIVERSITY OF ARKANSAS-FORT SMITH       ,AR,72904-7397,Public       ,58,104,162,4632,4302,8934
00524500,U OF A COMM COLLEGE AT MORRILTON        ,AR,72110-9601,Public       ,23,57,80,1307,2030,3337
00570700,SEARK COLLEGE                           ,AR,71603-0000,Public       ,37,99,136,798,2024,2822
00573200,UNIV AR COMMUNITY COLLEGE AT HOPE       ,AR,71801-0000,Public       ,17,58,75,680,1229,1909
00704400,CROWLEYS RIDGE TECHNICAL INSTITUTE      ,AR,72336-0000,Public       ,9,21,30,164,377,541
00732967,ITT TECHNICAL INSTITUTE                 ,AR,72204-7739,Proprietary  ,9,69,78,260,1066,1326
00773800,SOUTHERN ARKANSAS UNIVERSITY TECH       ,AR,71701-1900,Public       ,12,43,55,609,949,1558
00792100,PAUL MITCHELL THE SCHOOL ARKANSAS       ,AR,72701-0000,Proprietary  ,5,15,20,111,197,308
00997600,COLLEGE OF THE OUACHITAS                ,AR,72104-0816,Public       ,21,51,72,503,1294,1797
01074100,MELLIE'S BEAUTY COLLEGE                 ,AR,72901-3833,Proprietary  ,3,20,23,78,228,306
01210500,NATIONAL PARK COMMUNITY COLLEGE         ,AR,71913-9174,Public       ,27,94,121,1165,2678,3843
01226000,EAST ARKANSAS COMMUNITY COLLEGE         ,AR,72335-2204,Public       ,19,56,75,525,824,1349
01226100,NORTH ARKANSAS COLLEGE                  ,AR,72601-5508,Public       ,17,51,68,1053,1814,2867
01286000,ARKANSAS NORTHEASTERN COLLEGE           ,AR,72316-1109,Public       ,30,105,135,817,1359,2176
02052200,BLACK RIVER TECHNICAL COLLEGE           ,AR,72455-0000,Public       ,15,59,74,820,1967,2787
02073500,UNIVERSITY OF ARKANSAS COMMUNITY COLLEGE,AR,72503-0000,Public       ,17,56,73,659,1169,1828
02073700,NORTHWEST TECHNICAL INSTITUTE           ,AR,72765-0000,Public       ,7,25,32,310,609,919
02074600,SOUTH ARKANSAS COMMUNITY COLLEGE        ,AR,71731-0000,Public       ,9,70,79,737,1993,2730
02075300,PULASKI TECHNICAL COLLEGE               ,AR,72118-0000,Public       ,90,307,397,4342,12861,17203
02087000,OZARKA COLLEGE                          ,AR,72556-0000,Public       ,18,58,76,461,1271,1732
02111100,RICH MOUNTAIN COMMUNITY COLLEGE         ,AR,71953-0000,Public       ,8,51,59,303,562,865
02202400,PROFESSIONAL COSMETOLOGY EDUC CTR       ,AR,71730-5828,Proprietary  ,3,5,8,42,117,159
02220900,COSSATOT COMMUNITY COLLEGE              ,AR,71832-0000,Public       ,21,49,70,557,1058,1615
02272400,EASTERN COLLEGE OF HEALTH VOCATIONS     ,AR,72205-3535,Proprietary  ,13,59,72,228,814,1042
02284200,NEW TYLER BARBER COLLEGE INC            ,AR,72114-0000,Proprietary  ,2,14,16,70,215,285
02287400,MARSHA KAY BEAUTY COLLEGE               ,AR,72653-0000,Proprietary  ,0,0,0,7,20,27
02330800,JEFFERSON SCHOOL OF NURSING             ,AR,71603-0000,Private      ,5,4,9,89,252,341
02339800,SOUTHERN INSTITUTE OF COSMETOLOGY       ,AR,72301-0000,Proprietary  ,3,5,8,23,59,82
02341700,CAREER ACADEMY OF HAIR DESIGN           ,AR,72764-4304,Proprietary  ,2,8,10,38,120,158
02341701,CAREER ACADEMY OF HAIR DESIGN - ROGERS  ,AR,72756-2102,Proprietary  ,6,7,13,53,145,198
02341702,CAREER ACADEMY OF HAIR DESIGN - SILOAM  ,AR,72761-4217,Proprietary  ,2,4,6,23,55,78
02341703,CAREER ACADEMY OF HAIR DESIGN - FAYETTEV,AR,72701-7731,Proprietary  ,1,9,10,36,83,119
02348200,MID-SOUTH COMMUNITY COLLEGE             ,AR,72301-0000,Public       ,30,107,137,844,1768,2612
02363500,ARTHUR'S BEAUTY COLLEGE                 ,AR,72901-0000,Proprietary  ,3,27,30,64,248,312
02525800,LEE'S SCHOOL OF COSMETOLOGY             ,AR,72114-0000,Proprietary  ,1,4,5,43,141,184
02538500,ARTHUR'S BEAUTY COLLEGE                 ,AR,72076-0000,Proprietary  ,6,29,35,77,269,346
02569600,SEARCY BEAUTY COLLEGE                   ,AR,72143-0000,Proprietary  ,3,11,14,31,142,173
03005100,ARKANSAS BEAUTY SCHOOL                  ,AR,72209-5116,Proprietary  ,2,18,20,90,270,360
03007100,HOT SPRINGS BEAUTY COLLEGE              ,AR,71901-5432,Proprietary  ,1,14,15,39,156,195
03007600,ARKANSAS BEAUTY SCHOOL-CONWAY           ,AR,72032-4354,Proprietary  ,2,7,9,70,152,222
03023400,ARKANSAS COLLEGE OF BARBERING           ,AR,72114-5615,Proprietary  ,6,33,39,117,387,504
03063300,NORTHWEST ARKANSAS COMMUNITY COLLEG     ,AR,72712-5190,Public       ,87,170,257,3861,5803,9664
03065100,ABC BEAUTY COLLEGE                      ,AR,71923-4206,Proprietary  ,0,9,9,27,81,108
03066302,BRYAN UNIVERSITY - ROGERS               ,AR,72756-1825,Proprietary  ,8,35,43,67,338,405
03105200,BAPTIST HEALTH SCHOOLS LITTLE ROCK      ,AR,72210-2820,Private      ,7,29,36,588,1892,2480
03115102,HERITAGE COLLEGE - LITTLE ROCK          ,AR,72227-5544,Proprietary  ,31,102,133,270,1061,1331
03124900,IMAGINE -  PAUL MITCHELL PARTNER SCHOOL ,AR,72117-2516,Proprietary  ,12,41,53,251,472,723
03214300,VELVATEX COLLEGE OF BEAUTY CULTURE      ,AR,72202-5452,Proprietary  ,1,3,4,24,87,111
03254300,MARGARET'S HAIR ACADEMY                 ,AR,71655-4905,Proprietary  ,0,15,15,29,111,140
03519400,"LYNNDALE FUNDAMENTALS OF BEAUTY SCHOOL, ",AR,71730-4804,Proprietary  ,0,0,0,3,8,11
03855300,ECCLESIA COLLEGE                        ,AR,72762-8159,Private      ,17,14,31,218,165,383
03912300,CROSSETT SCHOOL OF COSMETOLOGY          ,AR,71635-0000,Proprietary  ,0,3,3,25,45,70
03997300,ARKANSAS BEAUTY COLLEGE                 ,AR,72801-3741,Proprietary  ,0,10,10,39,93,132
04183100,WASHINGTON BARBER COLLEGE               ,AR,72209-3820,Proprietary  ,1,16,17,56,222,278
04183400,SALON PROFESSIONAL ACADEMY (THE)        ,AR,72116-7310,Proprietary  ,1,11,12,63,171,234
04203400,ARKANSAS STATE UNIVERSITY - NEWPORT     ,AR,72112-9073,Public       ,10,68,78,1036,1921,2957
04220000,DESIGNER BARBER & STYLIST SCHOOL        ,AR,72903-3753,Proprietary  ,3,6,9,39,112,151
04241800,ACADEMY OF PROFESSIONAL COSMETOLOGY     ,AR,72756-2028,Proprietary  ,4,8,12,14,49,63
00133900,CORBAN UNIVERSITY                       ,OR,97301-9392,Private      ,34,27,61,2109,884,2993
00318600,BLUE MOUNTAIN COMMUNITY COLLEGE         ,OR,97801-0000,Public       ,41,114,155,1295,1911,3206
00318800,CENTRAL OREGON COMMUNITY COLLEGE        ,OR,97701-5998,Public       ,114,321,435,3224,6429,9653
00318900,CLATSOP COMMUNITY COLLEGE               ,OR,97103-3698,Public       ,19,61,80,549,1084,1633
00319100,CONCORDIA UNIVERSITY                    ,OR,97211-6099,Private      ,40,1045,1085,2287,11609,13896
00319300,EASTERN OREGON UNIVERSITY               ,OR,97850-2899,Public       ,71,116,187,2947,3342,6289
00319400,GEORGE FOX UNIVERSITY                   ,OR,97132-2697,Private      ,56,80,136,4316,2577,6893
00319600,LANE COMMUNITY COLLEGE                  ,OR,97405-0640,Public       ,212,586,798,6801,11612,18413
00319700,LEWIS & CLARK COLLEGE                   ,OR,97219-7899,Private      ,69,78,147,5804,3286,9090
00319800,LINFIELD COLLEGE                        ,OR,97128-6894,Private      ,46,52,98,3740,1250,4990
00319801,LINFIELD COLLEGE - PORTLAND CAMPUS      ,OR,97210-0000,Private      ,16,52,68,776,1267,2043
00319900,MARYLHURST UNIVERSITY                   ,OR,97036-7036,Private      ,4,86,90,141,1671,1812
00320300,MOUNT ANGEL SEMINARY                    ,OR,97373-9700,Private      ,0,1,1,10,25,35
00320400,MOUNT HOOD COMMUNITY COLLEGE            ,OR,97030-3300,Public       ,190,489,679,5575,9711,15286
00320600,MULTNOMAH UNIVERSITY                    ,OR,97220-5898,Private      ,5,40,45,495,989,1484
00320700,PACIFIC NORTHWEST COLLEGE OF ART        ,OR,97209-3023,Private      ,15,30,45,761,871,1632
00320800,NORTHWEST CHRISTIAN UNIVERSITY          ,OR,97401-3727,Private      ,14,47,61,814,977,1791
00320900,WESTERN OREGON UNIVERSITY               ,OR,97361-1394,Public       ,132,102,234,7971,3598,11569
00321000,OREGON STATE UNIVERSITY                 ,OR,97331-8507,Public       ,446,702,1148,28236,16860,45096
00321100,OREGON INSTITUTE OF TECHNOLOGY          ,OR,97601-8801,Public       ,48,112,160,3163,2926,6089
00321200,PACIFIC UNIVERSITY                      ,OR,97116-1797,Private      ,63,66,129,4269,3444,7713
00321300,PORTLAND COMMUNITY COLLEGE              ,OR,97219-7198,Public       ,601,2071,2672,16417,37765,54182
00321311,PORTLAND COMMUNITY COLLEGE - TILLAMOOK B,OR,97141-2599,Public       ,0,0,0,169,257,426
00321600,PORTLAND STATE UNIVERSITY               ,OR,97207-0000,Public       ,360,824,1184,18477,26374,44851
00321700,REED COLLEGE                            ,OR,97202-8199,Private      ,43,42,85,3498,897,4395
00321800,CHEMEKETA COMMUNITY COLLEGE             ,OR,97309-1500,Public       ,210,625,835,7070,13065,20135
00321900,SOUTHERN OREGON UNIVERSITY              ,OR,97520-5010,Public       ,98,159,257,6038,4028,10066
00322000,SOUTHWESTERN OREGON COMMUNITY CLG       ,OR,97420-2956,Public       ,43,114,157,1705,1825,3530
00322100,TREASURE VALLEY COMMUNITY COLLEGE       ,OR,97914-3423,Public       ,51,144,195,1673,2456,4129
00322200,UMPQUA COMMUNITY COLLEGE                ,OR,97470-0226,Public       ,35,151,186,1284,2592,3876
00322300,UNIVERSITY OF OREGON                    ,OR,97403-1226,Public       ,383,324,707,27336,11128,38464
00322400,UNIVERSITY OF PORTLAND                  ,OR,97203-5798,Private      ,146,115,261,11865,3655,15520
00322500,WARNER PACIFIC COLLEGE                  ,OR,97215-4099,Private      ,24,103,127,1272,1993,3265
00322700,WILLAMETTE UNIVERSITY                   ,OR,97301-3930,Private      ,55,33,88,5239,1521,6760
00487800,CLACKAMAS COMMUNITY COLLEGE             ,OR,97045-7998,Public       ,146,367,513,4317,6555,10872
00488200,OREGON HEALTH & SCIENCE UNIVERSITY      ,OR,97239-0000,Public       ,25,121,146,1226,4830,6056
00693800,LINN BENTON COMMUNITY COLLEGE           ,OR,97321-3774,Public       ,124,253,377,4033,5471,9504
00717800,WESTERN SEMINARY                        ,OR,97215-0000,Private      ,0,31,31,33,696,729
00723402,HEALD COLLEGE - PORTLAND                ,OR,97205-3432,Proprietary  ,12,63,75,333,1257,1590
00732969,ITT TECHNICAL INSTITUTE                 ,OR,97220-6819,Proprietary  ,33,183,216,552,2423,2975
00737101,MARINELLO SCHOOL OF BEAUTY - PORTLAND   ,OR,97212-3732,Proprietary  ,0,0,0,81,148,229
00781900,ART INSTITUTE OF PORTLAND (THE)         ,OR,97209-2911,Proprietary  ,47,98,145,1699,2040,3739
00888700,CONCORDE CAREER INSTITUTE               ,OR,97232-2242,Proprietary  ,33,112,145,460,1392,1852
00907900,EVEREST COLLEGE                         ,OR,97204-2296,Proprietary  ,15,69,84,281,1023,1304
00958100,SPRINGFIELD COLLEGE OF BEAUTY           ,OR,97477-5474,Proprietary  ,4,6,10,68,163,231
01012200,PHAGANS' MEDFORD BEAUTY SCHOOL          ,OR,97504-5297,Proprietary  ,3,19,22,82,250,332
01018200,ROGUE COMMUNITY COLLEGE                 ,OR,97527-0000,Public       ,125,420,545,2977,7060,10037
01050700,ACADEMY OF HAIR DESIGN                  ,OR,97301-3526,Proprietary  ,5,18,23,80,244,324
01230900,UNIVERSITY OF WESTERN STATES            ,OR,97230-3099,Private      ,10,44,54,127,885,1012
01234700,PHAGANS CENTRAL OREGON BEAUTY CLG       ,OR,97701-5175,Proprietary  ,12,17,29,117,266,383
01234800,PHAGANS BEAUTY COLLEGE                  ,OR,97333-4716,Proprietary  ,4,13,17,66,154,220
01235000,PHAGANS SCHOOL OF HAIR DESIGN           ,OR,97086-7721,Proprietary  ,12,24,36,120,224,344
01235100,PHAGANS SCHOOL OF BEAUTY                ,OR,97301-4732,Proprietary  ,7,17,24,89,266,355
01300800,PHAGANS TIGARD BEAUTY SCHOOL            ,OR,97223-0000,Proprietary  ,2,8,10,22,70,92
02101000,NORTHWEST COLLEGE OF HAIR DESIGN        ,OR,97086-7702,Proprietary  ,23,51,74,292,710,1002
02101002,NORTHWEST COLLEGE                       ,OR,97007-3954,Proprietary  ,2,8,10,41,97,138
02104900,SUMNER COLLEGE                          ,OR,97219-4063,Proprietary  ,4,45,49,123,589,712
02106100,COLLEGE OF COSMETOLOGY                  ,OR,97601-0000,Proprietary  ,5,13,18,61,136,197
02154400,BEAU MONDE CLG OF HAIR DESIGN           ,OR,97205-0000,Proprietary  ,12,27,39,144,332,476
02154401,BEAU MONDE COLLEGE OF HAIR DESIGN - BEAU,OR,97232-1315,Proprietary  ,9,23,32,24,75,99
02159700,NEW HOPE CHRISTIAN COLLEGE              ,OR,97405-1194,Private      ,9,14,23,287,294,581
02201900,PHAGANS' SCHOOL OF HAIR DESIGN          ,OR,97232-0000,Proprietary  ,12,32,44,167,479,646
02239203,ANTHEM COLLEGE - BEAVERTON              ,OR,97005-0000,Proprietary  ,0,0,0,133,333,466
02311000,PAUL MITCHELL THE SCHOOL                ,OR,97205-3724,Proprietary  ,17,36,53,258,403,661
02330100,PIONEER PACIFIC COLLEGE                 ,OR,97070-0000,Proprietary  ,27,87,114,383,1143,1526
02330102,PIONEER PACIFIC COLLEGE                 ,OR,97403-0000,Proprietary  ,15,87,102,276,1108,1384
02337900,COLLEGE OF HAIR DESIGN CAREERS          ,OR,97301-0000,Proprietary  ,0,14,14,77,232,309
02344100,ROSEBURG BEAUTY COLLEGE                 ,OR,97470-0000,Proprietary  ,1,10,11,53,167,220
02534000,NATIONAL COLLEGE OF NATURAL MEDICINE    ,OR,97201-0000,Private      ,3,29,32,101,1125,1226
02578800,NORTHWEST NANNIES INSTITUTE             ,OR,97035-0000,Proprietary  ,4,0,4,32,18,50
02603700,OREGON COL OF ORIENTAL MEDICINE         ,OR,97216-0000,Private      ,0,13,13,50,525,575
02617506,EVEREST COLLEGE - EVEREST INSTITUTE     ,OR,97223-6581,Proprietary  ,23,58,81,162,462,624
03007300,OREGON COLLEGE OF ART & CRAFT           ,OR,97225-6399,Private      ,6,20,26,360,582,942
03022600,LE CORDON BLEU COLLEGE OF CULINARY ARTS ,OR,97205-2793,Proprietary  ,37,123,160,846,1725,2571
03042500,CARRINGTON COLLEGE                      ,OR,97232-1302,Proprietary  ,33,138,171,271,1025,1296
03074400,PHAGANS NEWPORT ACAD CSMTLGY CAREER     ,OR,97365-4963,Proprietary  ,1,3,4,27,74,101
03074500,EAST-WEST COLLEGE OF THE HEALING ARTS   ,OR,97232-2765,Proprietary  ,4,38,42,113,550,663
03185300,PHAGANS GRANTS PASS COLLEGE OF BTY      ,OR,97527-0000,Proprietary  ,6,14,20,57,133,190
03428300,KLAMATH COMMUNITY COLLEGE               ,OR,97603-7121,Public       ,37,115,152,715,1652,2367
03642300,INSTITUTE OF TECHNOLOGY                 ,OR,97305-1373,Proprietary  ,18,66,84,214,778,992
03668300,BIRTHINGWAY COLLEGE OF MIDWIFERY        ,OR,97266-4042,Private      ,2,15,17,47,301,348
03783400,ABDILL CAREER COLLEGE                   ,OR,97504-7137,Proprietary  ,6,32,38,100,425,525
04146500,PORTLAND ACTORS CONSERVATORY            ,OR,97201-2557,Private      ,3,11,14,68,171,239
04151900,COLUMBIA GORGE COMMUNITY COLLEGE        ,OR,97058-3434,Public       ,22,55,77,614,1016,1630
04167400,SAGE SCHOOL OF MASSAGE & HEALING ARTS   ,OR,97701-4082,Proprietary  ,2,10,12,36,192,228
04171400,AVEDA INSTITUTE PORTLAND                ,OR,97209-3144,Proprietary  ,23,58,81,414,655,1069
04194400,AMERICAN COLLEGE OF HEALTHCARE SCIENCES ,OR,97239-3719,Proprietary  ,11,123,134,206,1616,1822
04194900,TILLAMOOK BAY COMMUNITY COLLEGE         ,OR,97141-2807,Public       ,10,26,36,198,424,622
00137400,ALBERTUS MAGNUS COLLEGE                 ,CT,06511-1189,Private      ,16,106,122,1161,2204,3365
00137800,CENTRAL CONNECTICUT STATE UNIV          ,CT,06050-2490,Public       ,140,164,304,12239,5875,18114
00137900,CONNECTICUT COLLEGE                     ,CT,06320-4196,Private      ,22,8,30,3471,231,3702
00138000,WESTERN CONNECTICUT STATE UNIV          ,CT,06810-6826,Public       ,101,67,168,6295,2221,8516
00138500,FAIRFIELD UNIVERSITY                    ,CT,06430-0000,Private      ,57,54,111,7953,1261,9214
00138700,HARTFORD SEMINARY                       ,CT,06105-0000,Private      ,1,2,3,24,121,145
00138900,HOLY APOSTLES COLLEGE & SEMINARY        ,CT,06416-2027,Private      ,0,6,6,18,91,109
00139200,MANCHESTER COMMUNITY COLLEGE            ,CT,06045-1046,Public       ,90,193,283,4395,4705,9100
00139300,MITCHELL COLLEGE                        ,CT,06320-4498,Private      ,16,9,25,1071,329,1400
00139700,UNIVERSITY OF NEW HAVEN                 ,CT,06516-1999,Private      ,108,99,207,10120,2560,12680
00139800,NORTHWESTERN CT COMMUNITY COLLEGE       ,CT,06098-1747,Public       ,10,24,34,667,839,1506
00139900,NORWALK COMMUNITY TECHNICAL COLLEGE     ,CT,06854-1655,Public       ,70,149,219,2836,3526,6362
00140100,POST UNIVERSITY                         ,CT,06723-3240,Proprietary  ,156,1701,1857,2243,14828,17071
00140200,QUINNIPIAC UNIVERSITY                   ,CT,06518-1908,Private      ,126,93,219,17878,3315,21193
00140201,QUINNIPIAC UNIVERSITY SCHOOL OF LAW     ,CT,06518-0000,Private      ,0,0,0,91,654,745
00140300,SACRED HEART UNIVERSITY                 ,CT,06825-1000,Private      ,70,146,216,9131,3581,12712
00140600,SOUTHERN CONNECTICUT STATE UNIV         ,CT,06515-1355,Public       ,128,148,276,10276,6197,16473
00140900,UNIVERSITY OF SAINT JOSEPH              ,CT,06117-2791,Private      ,15,101,116,1131,2296,3427
00141400,TRINITY COLLEGE                         ,CT,06106-3100,Private      ,36,11,47,3597,434,4031
00141600,UNIVERSITY OF BRIDGEPORT                ,CT,06601-5650,Private      ,54,128,182,3917,3926,7843
00141700,UNIVERSITY OF CONNECTICUT-STORRS        ,CT,06269-2151,Public       ,298,171,469,33391,6581,39972
00141702,UNIV CONN STAMFORD                      ,CT,06901-0000,Public       ,18,24,42,1142,792,1934
00141703,UNIV OF CONNECTICUT - TORINGTON         ,CT,06790-0000,Public       ,7,3,10,289,157,446
00141706,UNIV OF CONNECTICUT SCH LAW             ,CT,06105-0000,Public       ,2,8,10,65,966,1031
00141707,UNIV OF CT - SCH OF SOCIAL WORK         ,CT,06117-0000,Public       ,2,12,14,168,722,890
00141708,UNIVERSITY OF CONNECTICUT - SCHOOL OF ME,CT,06030-1920,Public       ,1,11,12,177,668,845
00141709,UNIVERSITY OF CONNECTICUT - SCHOOL OF DE,CT,06030-1920,Public       ,10,10,20,331,372,703
00142200,UNIVERSITY OF HARTFORD                  ,CT,06117-1599,Private      ,123,85,208,10398,2615,13013
00142400,WESLEYAN UNIVERSITY                     ,CT,06459-3208,Private      ,39,9,48,5243,355,5598
00142500,EASTERN CONNECTICUT STATE UNIV          ,CT,06226-2295,Public       ,76,56,132,7194,1731,8925
00142600,YALE UNIVERSITY                         ,CT,06520-8288,Private      ,139,89,228,19384,8482,27866
00280301,RENSSELAER POLYTECHNIC INSTITUTE-RENSSEL,CT,06120-2991,Private      ,1,0,1,18,40,58
00451300,HOUSATONIC COMMUNITY COLLEGE            ,CT,06604-4704,Public       ,55,157,212,3201,4876,8077
00618100,BRIDGEPORT HOSP SCHL OF NURSING         ,CT,06610-2896,Private      ,2,24,26,200,748,948
00619100,ST. VINCENT'S COLLEGE                   ,CT,06606-9966,Private      ,8,27,35,337,1056,1393
00698200,NAUGATUCK VALLEY COMM-TECH COLG         ,CT,06708-3089,Public       ,110,166,276,3761,4725,8486
00730000,ELI WHITNEY TECHNICAL HIGH SCHOOL       ,CT,06514-0000,Public       ,1,9,10,23,86,109
00730300,LINCOLN TECHNICAL INSTITUTE             ,CT,06051-0000,Proprietary  ,48,147,195,581,1297,1878
00730306,LINCOLN TECHNICAL INSTITUTE - EAST WINDS,CT,06088-9631,Proprietary  ,52,58,110,1069,652,1721
00730500,PORTER AND CHESTER INSTITUTE OF BRANFORD,CT,06405-4022,Proprietary  ,24,50,74,276,505,781
00731100,WINDHAM TECHNICAL HIGH SCHOOL           ,CT,06226-2100,Public       ,0,0,0,7,14,21
00745900,PAIER COLLEGE OF ART                    ,CT,06514-3902,Proprietary  ,3,1,4,119,70,189
00763500,CAPITAL COMMUNITY COLLEGE               ,CT,06103-1207,Public       ,53,154,207,2041,4830,6871
00803700,GATEWAY COMMUNITY-TECHNICAL COLLEGE     ,CT,06511-0000,Public       ,118,237,355,4254,6775,11029
00803800,MIDDLESEX COMMUNITY CLG                 ,CT,06457-4889,Public       ,41,81,122,1514,2051,3565
00887300,PAUL MITCHELL THE SCHOOL                ,CT,06810-6716,Proprietary  ,5,8,13,108,109,217
00887400,MARINELLO SCHOOL OF BEAUTY              ,CT,06450-4836,Proprietary  ,10,24,34,59,138,197
00887401,MARINELLO SCHOOL OF BEAUTY - HAMDEN     ,CT,06514-4132,Proprietary  ,3,14,17,30,112,142
00887402,MARINELLO SCHOOL OF BEAUTY - FAIRFIELD  ,CT,06825-4847,Proprietary  ,11,45,56,80,252,332
00887403,MARINELLO SCHOOL OF BEAUTY - WILLIMANTIC,CT,06226-1940,Proprietary  ,4,16,20,33,99,132
00927700,E C GOODWIN TECHNICAL HIGH SCHOOL       ,CT,06053-0000,Public       ,0,4,4,33,77,110
00940700,LINCOLN COLLEGE OF NEW ENGLAND          ,CT,06489-1057,Proprietary  ,19,53,72,584,778,1362
00976400,TUNXIS COMMUNITY COLLEGE                ,CT,06032-3187,Public       ,66,107,173,2428,2601,5029
00976500,THREE RIVERS COMMUNITY COLLEGE          ,CT,06360-6598,Public       ,65,171,236,2195,3504,5699
00982200,ALBERT I PRINCE TECHNICAL HIGH SCHOOL   ,CT,06106-3799,Public       ,0,2,2,32,99,131
01041700,MARINELLO SCHOOL OF BEAUTY              ,CT,06108-2220,Proprietary  ,32,70,102,140,298,438
01053000,QUINEBAUG VALLEY COMMUNITY COLLEGE      ,CT,06239-1440,Public       ,18,49,67,989,1491,2480
01077900,PORTER AND CHESTER INSTITUTE-ALLCAMPUSES,CT,06615-7158,Proprietary  ,155,416,571,1819,3687,5506
01115000,ASNUNTUCK COMMUNITY COLLEGE             ,CT,06082-3800,Public       ,31,60,91,749,1040,1789
01149600,BULLARD HAVENS VOC TECH SCHOOL          ,CT,06610-3499,Public       ,1,8,9,42,166,208
01169700,VINAL REGIONAL VOC TECH SCHOOL          ,CT,06457-4918,Public       ,0,0,0,6,39,45
01184300,NORWICH TECHNICAL HIGH SCHOOL           ,CT,06360-7097,Public       ,0,1,1,10,65,75
01242500,STONE ACADEMY                           ,CT,06516-4049,Proprietary  ,29,162,191,244,1076,1320
01242503,STONE ACADEMY -WATERBURY                ,CT,06705-3823,Proprietary  ,2,10,12,49,131,180
01242504,STONE ACADEMY -  EAST HARTFORD          ,CT,06118-0000,Proprietary  ,4,7,11,77,346,423
01287700,SANFORD-BROWN COLLEGE                   ,CT,06855-1436,Proprietary  ,0,0,0,20,35,55
01291300,LEON INSTITUTE OF HAIR DESIGN           ,CT,06604-4226,Proprietary  ,0,0,0,0,4,4
02074000,BRANFORD HALL CAREER INSTITUTE          ,CT,06405-0000,Proprietary  ,152,606,758,1086,4023,5109
02106600,AMERICAN INSTITUTE                      ,CT,06110-1922,Proprietary  ,28,72,100,139,558,697
02112300,RIDLEY LOWELL BUSINESS & TECH INST      ,CT,06320-0000,Proprietary  ,24,105,129,189,790,979
02112700,NORTH HAVEN ACADEMY                     ,CT,06473-3108,Proprietary  ,5,6,11,138,126,264
02148700,CONNECTICUT INST OF HAIR DESIGN         ,CT,06716-0000,Proprietary  ,2,10,12,19,55,74
02202500,NEW ENGLAND TRACTOR TRAILER SCH         ,CT,06071-2036,Proprietary  ,49,346,395,160,1515,1675
02244900,GOODWIN COLLEGE                         ,CT,06118-9980,Private      ,54,346,400,1355,5725,7080
02245300,HOWELL CHENEY TECHNICAL HIGH SCHOOL     ,CT,06040-0000,Public       ,3,2,5,16,28,44
02265900,WINDHAM COMMUNITY MEM HOSP-RAD TECH     ,CT,06226-0000,Private      ,0,0,0,14,41,55
02296100,YALE-NEW HAVEN HOSP DIETETIC INTERN     ,CT,06510-8900,Private      ,0,3,3,28,53,81
02300000,W F KAYNOR TECHNICAL HIGH SCHOOL        ,CT,06708-0000,Public       ,0,4,4,25,76,101
02316600,CONNECTICUT CTR FOR MASSAGE THERAPY     ,CT,06111-3975,Proprietary  ,9,38,47,85,238,323
02316601,CONNECTICUT CENTER FOR MASSAGE THERAPY -,CT,06880-4619,Proprietary  ,2,31,33,41,162,203
02316603,CONNECTICUT CENTER FOR MASSAGE THERAPY -,CT,06340-4619,Proprietary  ,5,20,25,41,119,160
02565000,PLATT TECHNICAL HIGH SCHOOL             ,CT,06460-2105,Public       ,4,7,11,12,36,48
03079400,LYME ACADEMY COLLEGE OF FINE ARTS       ,CT,06371-2333,Private      ,0,0,0,101,37,138
03094800,INDUSTRIAL MANAGEMENT & TRAINING        ,CT,06706-1211,Proprietary  ,6,15,21,50,142,192
03234300,CHARTER OAK STATE COLLEGE               ,CT,06053-2150,Public       ,8,159,167,172,2471,2643
03316300,LINCOLN TECHNICAL INSTITUTE - HARTFORD  ,CT,06105-3630,Proprietary  ,16,45,61,493,579,1072
03927300,MARINELLO SCHOOL OF BEAUTY              ,CT,06357-2447,Proprietary  ,2,15,17,27,93,120
03927301,MARINELLO SCHOOL OF BEAUTY  - TORRINGTON,CT,06790-5425,Proprietary  ,4,5,9,36,52,88
03927302,MARINELLO SCHOOL OF BEAUTY  -  ENFIELD  ,CT,06082-2946,Proprietary  ,0,0,0,14,28,42
04104300,ACADEMY DI CAPELLI - SCHOOL OF COSMETOLO,CT,06492-0000,Proprietary  ,7,16,23,82,124,206
04128800,BRANFORD ACADEMY OF HAIR & COSMETOLOGY  ,CT,06405-0000,Proprietary  ,1,8,9,18,76,94
04145400,OXFORD ACADEMY OF HAIR DESIGN           ,CT,06483-2911,Proprietary  ,3,13,16,59,76,135
04148400,EUROPEAN ACADEMY OF COSMETOLOGY AND HAIR,CT,06437-0000,Proprietary  ,0,4,4,24,22,46
04152400,INTERNATIONAL INSTITUTE OF COSMETOLOGY  ,CT,06109-0000,Proprietary  ,10,15,25,118,131,249
04219200,ACE COSMETOLOGY & BARBERING TRAINING CEN,CT,06716-0000,Proprietary  ,1,14,15,16,48,64
04224200,BELLE ACADEMY OF COSMETOLOGY            ,CT,06704-0135,Proprietary  ,3,6,9,29,84,113
04230900,RICCI'S ACADEMY OF COSMETOLOGY          ,CT,06470-0000,Proprietary  ,3,6,9,52,57,109
00146600,BARRY UNIVERSITY                        ,FL,33161-6695,Private      ,116,276,392,6050,9434,15484
00146601,BARRY UNIVERSITY - ORLANDO              ,FL,32807-3673,Private      ,17,64,81,468,2140,2608
00146700,BETHUNE COOKMAN UNIVERSITY              ,FL,32114-3099,Private      ,245,98,343,8425,2554,10979
00146800,ST THOMAS UNIVERSITY                    ,FL,33054-0000,Private      ,44,247,291,1823,3341,5164
00146900,FLORIDA INSTITUTE OF TECHNOLOGY         ,FL,32901-6988,Private      ,121,769,890,5454,9471,14925
00147000,EASTERN FLORIDA STATE COLLEGE           ,FL,32922-6503,Public       ,221,515,736,6699,11033,17732
00147100,COLLEGE OF CENTRAL FLORIDA              ,FL,34474-4415,Public       ,133,348,481,4918,8288,13206
00147200,CHIPOLA  COLLEGE                        ,FL,32446-2053,Public       ,25,60,85,1144,1474,2618
00147300,CLEARWATER CHRISTIAN COLLEGE            ,FL,33759-0000,Private      ,8,16,24,733,258,991
00147500,DAYTONA STATE COLLEGE                   ,FL,32114-2800,Public       ,302,770,1072,8664,13941,22605
00147700,EDISON STATE COLLEGE                    ,FL,33906-6210,Public       ,232,323,555,9111,10601,19712
00147800,EDWARD WATERS COLLEGE                   ,FL,32209-6199,Private      ,43,62,105,1497,1254,2751
00147900,EMBRY-RIDDLE AERONAUTICAL UNIV          ,FL,32114-3900,Private      ,126,946,1072,8053,11135,19188
00148000,FLORIDA A & M UNIVERSITY                ,FL,32307-3100,Public       ,650,268,918,16465,8928,25393
00148100,FLORIDA ATLANTIC UNIVERSITY             ,FL,33431-6498,Public       ,1302,638,1940,29931,19742,49673
00148101,FLORIDA ATLANTIC UNIVERSITY/DAVIE       ,FL,33314-0000,Public       ,111,187,298,3301,5883,9184
00148103,FLORIDA ATLANTIC UNIV-JUPITER/PSL       ,FL,33458-0000,Public       ,58,47,105,1576,1559,3135
00148200,FLORIDA COLLEGE                         ,FL,33617-5578,Private      ,7,6,13,601,133,734
00148400,FLORIDA STATE COLLEGE AT JACKSONVILLE   ,FL,32202-4030,Public       ,557,1577,2134,14808,29796,44604
00148500,FLORIDA KEYS COMMUNITY COLLEGE          ,FL,33040-4397,Public       ,9,33,42,732,846,1578
00148600,FLORIDA MEMORIAL UNIVERSITY             ,FL,33054-6199,Private      ,99,74,173,3079,1720,4799
00148700,ECKERD COLLEGE                          ,FL,33711-4744,Private      ,32,53,85,3527,1181,4708
00148800,FLORIDA SOUTHERN COLLEGE                ,FL,33801-5698,Private      ,67,80,147,4567,1683,6250
00148900,FLORIDA STATE UNIVERSITY                ,FL,32306-2430,Public       ,2152,612,2764,56356,20703,77059
00149000,GULF COAST STATE COLLEGE                ,FL,32401-1058,Public       ,65,226,291,2857,5602,8459
00149300,INDIAN RIVER STATE COLLEGE              ,FL,34981-5596,Public       ,235,533,768,7871,11709,19580
00149500,JACKSONVILLE UNIVERSITY                 ,FL,32211-3394,Private      ,108,288,396,4257,5008,9265
00149700,JONES COLLEGE                           ,FL,32205-5395,Private      ,5,49,54,149,1056,1205
00149900,EVEREST UNIVERSITY                      ,FL,32810-5601,Proprietary  ,23,236,259,728,4685,5413
00149901,EVEREST UNIVERSITY - ORLANDO SOUTH      ,FL,32819-7666,Proprietary  ,229,2316,2545,2529,29890,32419
00149902,EVEREST UNIVERSITY - MELBOURNE          ,FL,32905-6609,Proprietary  ,8,101,109,182,1238,1420
00149904,EVEREST UNIVERSITY - TAMPA              ,FL,33614-5801,Proprietary  ,23,222,245,520,3850,4370
00149905,EVEREST UNIVERSITY - BRANDON            ,FL,33619-1354,Proprietary  ,24,246,270,477,5394,5871
00149906,EVEREST UNIVERSITY - ORANGE PARK        ,FL,32073-1111,Proprietary  ,10,104,114,164,1149,1313
00149907,EVEREST UNIVERSITY - LARGO              ,FL,33770-2556,Proprietary  ,8,78,86,129,916,1045
00149908,EVEREST UNIVERSITY - LAKELAND           ,FL,33801-3801,Proprietary  ,10,110,120,242,1229,1471
00149909,EVEREST UNIVERSITY - JACKSONVILLE       ,FL,32256-0000,Proprietary  ,15,121,136,336,1996,2332
00149910,EVEREST UNIVERSITY - POMPANO            ,FL,33062-2522,Proprietary  ,15,126,141,259,2960,3219
00149913,EVEREST INSTITUTE - MIAMI               ,FL,33169-4759,Proprietary  ,0,0,0,197,687,884
00149914,EVEREST INSTITUTE - KENDALL             ,FL,33186-1410,Proprietary  ,0,0,0,138,455,593
00150000,BROWARD COLLEGE- DOWNTOWN CTR           ,FL,33301-2298,Public       ,480,1094,1574,10787,18535,29322
00150001,BROWARD COLLEGE - A. HUGH ADAMS CENTRAL ,FL,33314-1604,Public       ,279,523,802,11454,13855,25309
00150002,BROWARD COLLEGE - NORTH CAMPUS          ,FL,33066-1697,Public       ,189,483,672,7228,11481,18709
00150003,BROWARD  COLLEGE - JUDSON A. SAMUELS SOU,FL,33024-7225,Public       ,186,400,586,8061,10949,19010
00150100,FLORIDA GATEWAY COLLEGE                 ,FL,32025-2007,Public       ,47,106,153,1339,2849,4188
00150200,LAKE SUMTER COMMUNITY COLLEGE           ,FL,34788-8751,Public       ,82,138,220,2889,3308,6197
00150400,"STATE COLLEGE OF FLORIDA, MANATEE-SARASO",FL,34207-3596,Public       ,136,281,417,5757,8019,13776
00150500,LYNN UNIVERSITY                         ,FL,33431-5598,Private      ,52,58,110,3132,1428,4560
00150600,MIAMI DADE COLLEGE ADMINISTRATION ONLY  ,FL,33176-3393,Public       ,18,44,62,690,1036,1726
00150601,MIAMI DADE COLLEGE - NORTH CAMPUS       ,FL,33167-3495,Public       ,527,838,1365,16011,18980,34991
00150602,MIAMI DADE COLLEGE - KENDALL CAMPUS     ,FL,33176-3393,Public       ,659,856,1515,22167,18308,40475
00150603,MIAMI DADE COLLEGE - WOLFSON CAMPUS     ,FL,33132-2297,Public       ,472,686,1158,13381,13762,27143
00150604,MIAMI DADE COLLEGE - MEDICAL CAMPUS     ,FL,33127-4693,Public       ,135,340,475,4194,8182,12376
00150605,MIAMI DADE COLLEGE - HOMESTEAD CAMPUS   ,FL,33030-6009,Public       ,88,206,294,3623,4610,8233
00150606,MIAMI DADE COLLEGE -INTERAMERICAN CAMPUS,FL,33135-0000,Public       ,176,449,625,4981,8211,13192
00150607,MIAMI DADE COLLEGE - HIALEAH CAMPUS     ,FL,33012-2918,Public       ,242,284,526,5134,5482,10616
00150800,NORTH FLORIDA COMMUNITY COLLEGE         ,FL,32340-1699,Public       ,26,41,67,609,1029,1638
00150900,NOVA SOUTHEASTERN UNIVERSITY            ,FL,33314-7796,Private      ,217,877,1094,7949,30845,38794
00151000,NORTHWEST FLORIDA STATE COLLEGE         ,FL,32578-1295,Public       ,72,286,358,2425,5439,7864
00151200,PALM BEACH COMMUNITY COLLEGE            ,FL,33461-4796,Public       ,528,796,1324,16770,18288,35058
00151300,PENSACOLA STATE COLLEGE                 ,FL,32504-8998,Public       ,176,541,717,5307,10125,15432
00151400,POLK STATE COLLEGE                      ,FL,33881-4256,Public       ,165,382,547,5911,9618,15529
00151500,ROLLINS COLLEGE                         ,FL,32789-4499,Private      ,76,58,134,3729,1643,5372
00151900,SANTA FE COLLEGE                        ,FL,32606-6200,Public       ,331,391,722,10896,10465,21361
00152000,SEMINOLE STATE COLLEGE OF FLORIDA       ,FL,32773-6199,Public       ,334,664,998,10998,15772,26770
00152100,SOUTHEASTERN UNIVERSITY                 ,FL,33801-6099,Private      ,98,133,231,4637,2430,7067
00152200,SOUTH FLORIDA COMMUNITY COLLEGE         ,FL,33825-9399,Public       ,46,106,152,1554,2245,3799
00152300,SAINT JOHNS RIVER STATE COLLEGE         ,FL,32177-3897,Public       ,100,195,295,3243,5123,8366
00152600,SAINT LEO UNIVERSITY                    ,FL,33574-6665,Private      ,123,1089,1212,4782,19251,24033
00152800,ST. PETERSBURG COLLEGE                  ,FL,33760-3768,Public       ,306,1138,1444,11802,27602,39404
00153100,STETSON UNIVERSITY                      ,FL,32723-3761,Private      ,171,37,208,7313,1144,8457
00153101,STETSON UNIVERSITY - COLLEGE OF LAW     ,FL,33707-3299,Private      ,2,20,22,124,1718,1842
00153300,TALLAHASSEE COMMUNITY COLLEGE           ,FL,32304-2895,Public       ,359,393,752,11684,10339,22023
00153500,UNIVERSITY OF FLORIDA                   ,FL,32611-3150,Public       ,1792,673,2465,50749,23684,74433
00153600,UNIVERSITY OF MIAMI                     ,FL,33146-6531,Private      ,416,245,661,23760,7376,31136
00153601,UNIV OF MIAMI SCHOOL OF LAW             ,FL,33124-0000,Private      ,6,19,25,208,2018,2226
00153602,UNIV OF MIAMI-SCH OF MEDICINE           ,FL,33136-0000,Private      ,46,52,98,1126,2123,3249
00153700,UNIVERSITY OF SOUTH FLORIDA             ,FL,33620-6960,Public       ,1616,755,2371,46396,28544,74940
00153701,UNIV OF SOUTH FLORIDA-ST PETERSBURG     ,FL,33701-0000,Public       ,201,125,326,5393,4645,10038
00153702,UNIV OF SOUTH FLORIDA-SARASOTA          ,FL,34243-2025,Public       ,30,58,88,1403,2251,3654
00153705,UNIV OF SOUTH FLORIDA                   ,FL,33803-0000,Public       ,28,51,79,1399,1415,2814
00153706,UNIV OF SOUTH FLORIDA- MEDICINE         ,FL,33612-0000,Public       ,64,58,122,1936,2605,4541
00153800,UNIVERSITY OF TAMPA                     ,FL,33606-1490,Private      ,268,140,408,15030,4341,19371
00154000,WEBBER INTERNATIONAL UNIVERSITY         ,FL,33827-0096,Private      ,19,25,44,1534,468,2002
00173308,NATIONAL-LOUIS UNIVERSITY               ,FL,33609-0000,Private      ,0,9,9,21,128,149
00177201,TRINITY INTERNATIONAL UNIVERSITY - SOUTH,FL,33324-4611,Private      ,3,44,47,84,580,664
00349503,JOHNSON UNIVERSITY - FLORIDA            ,FL,34744-5301,Private      ,0,0,0,164,85,249
00395400,UNIV OF CENTRAL FLORIDA                 ,FL,32816-0001,Public       ,3045,1020,4065,74062,36924,110986
00395500,UNIVERSITY OF WEST FLORIDA              ,FL,32514-5750,Public       ,259,428,687,10913,9572,20485
00407215,NORTHWOOD UNIVERSITY                    ,FL,33409-0000,Private      ,11,29,40,847,607,1454
00491005,KAPLAN COLLEGE JACKSONVILLE             ,FL,32216-3216,Proprietary  ,12,241,253,232,3250,3482
00558500,LIVELY TECHNICAL CENTER                 ,FL,32304-0000,Public       ,20,80,100,758,2367,3125
00558600,LINDSEY HOPKINS TECHNICAL ED CENTER     ,FL,33127-4692,Public       ,18,133,151,389,1309,1698
00559400,D G ERWIN TECHNICAL CENTER              ,FL,33610-8255,Public       ,42,136,178,771,2387,3158
00560500,PINELLAS TECH ED CTR-CLEARWATER         ,FL,33760-2194,Public       ,24,114,138,435,1726,2161
00560700,SARASOTA COUNTY TECHNICAL INSTITUTE     ,FL,34233-0000,Public       ,13,49,62,370,1038,1408
00560800,MAYNARD A. TRAVISS CAREER CENTER        ,FL,33803-9709,Public       ,17,61,78,438,1365,1803
00561200,MANATEE TECHNICAL INSTITUTE             ,FL,34210-0000,Public       ,26,82,108,623,1592,2215
00561201,MANATEE TECHNICAL INSTITUTE-EAST        ,FL,34211-0000,Public       ,7,28,35,354,902,1256
00675000,VALENCIA COMMUNITY COLLEGE              ,FL,32802-3028,Public       ,1664,1462,3126,35799,32762,68561
00732910,ITT TECHNICAL INSTITUTE                 ,FL,33634-7515,Proprietary  ,120,597,717,1183,5037,6220
00732947,ITT TECHNICAL INSTITUTE                 ,FL,32746-1607,Proprietary  ,21,230,251,570,2953,3523
00736206,MEDTECH COLLEGE - MEDTECH INSTITUTE - OR,FL,32826-4906,Proprietary  ,13,93,106,259,1295,1554
00752500,SUWANNEE-HAMILTON AREA VOC TECH CTR     ,FL,32060-0000,Public       ,4,18,22,90,327,417
00752600,WASHINGTON HOLMES TECHNICAL CENTER      ,FL,32428-1699,Public       ,4,34,38,223,533,756
00755800,LEE COUNTY HIGH TECH CENTER CENTRAL     ,FL,33916-2299,Public       ,21,52,73,529,1259,1788
00787000,HILLSBOROUGH COMMUNITY COLLEGE          ,FL,33606-3572,Public       ,415,1015,1430,17353,25763,43116
00789300,FLAGLER COLLEGE                         ,FL,32085-1027,Private      ,83,17,100,5420,1044,6464
00789301,FLAGLER COLLEGE - TALLAHASSEE COMMUNITY ,FL,32304-2895,Private      ,13,30,43,577,1022,1599
00807500,ST JOHN VIANNEY COLLEGE SEMINARY        ,FL,33165-3244,Private      ,0,3,3,44,32,76
00822300,ST VINCENT DE PAUL REGIONL SEMINARY     ,FL,33436-0000,Private      ,0,2,2,0,18,18
00841700,STENOTYPE INST OF JACKSONVILLE          ,FL,32207-0000,Proprietary  ,1,17,18,43,346,389
00869410,RASMUSSEN COLLEGE - OCALA               ,FL,34471-7051,Proprietary  ,50,716,766,866,7563,8429
00869411,RASMUSSEN COLLEGE - NEW PORT RICHEY     ,FL,34690-4554,Proprietary  ,8,82,90,237,1358,1595
00869413,RASMUSSEN COLLEGE - FORT MYERS          ,FL,33905-7805,Proprietary  ,12,96,108,407,1767,2174
00869420,RASMUSSEN COLLEGE - TAMPA               ,FL,33610-9558,Proprietary  ,9,88,97,271,1408,1679
00869422,RASMUSSEN COLLEGE - PASCO               ,FL,33558-0000,Proprietary  ,4,35,39,88,528,616
00884800,WARNER UNIVERSITY                       ,FL,33859-8725,Private      ,31,37,68,1128,1039,2167
00884900,PALM BEACH ATLANTIC UNIVERSITY          ,FL,33401-6505,Private      ,63,107,170,4230,3160,7390
00887800,MIAMI INTERNATIONAL UNIV ART&DESIGN     ,FL,33132-1418,Proprietary  ,89,152,241,2728,2639,5367
00910400,TONI & GUY HAIRDRESSING ACADEMY         ,FL,32256-3810,Proprietary  ,6,9,15,30,70,100
00963500,FLORIDA INTERNATIONAL UNIVERSITY        ,FL,33199-0001,Public       ,1889,1133,3022,46272,36243,82515
00984100,UNIVERSITY OF NORTH FLORIDA             ,FL,32224-2645,Public       ,791,386,1177,17983,11472,29455
00990200,SHERIDAN TECHNICAL CENTER               ,FL,33021-3399,Public       ,55,216,271,904,2880,3784
01016100,"LORAINE'S ACADEMY, INC                  ",FL,33710-0000,Proprietary  ,7,37,44,60,343,403
01019500,ART INSTITUTE OF FT LAUDERDALE          ,FL,33316-3000,Proprietary  ,62,127,189,1820,2114,3934
01065200,PASCO-HERNANDO COMMUNITY CLG            ,FL,34654-5199,Public       ,188,407,595,6299,8844,15143
01072401,CARLOS ALBIZU UNIVERSITY                ,FL,33172-0000,Private      ,5,46,51,149,1275,1424
01082600,TOM P. HANEY TECHNICAL CENTER           ,FL,32405-5099,Public       ,21,88,109,350,1330,1680
01112700,GOODING INST OF NUR ANES BAY MED CT     ,FL,32401-0000,Proprietary  ,0,2,2,27,157,184
01226300,ATLANTIC TECHNICAL CENTER               ,FL,33063-3902,Public       ,32,112,144,717,1832,2549
01246117,LINCOLN COLLEGE OF TECHNOLOGY - WEST PAL,FL,33407-3105,Proprietary  ,42,88,130,569,1024,1593
01254400,FIRST COAST TECHNICAL COLLEGE           ,FL,32084-1921,Public       ,32,101,133,454,1276,1730
01257400,RINGLING SCHOOL OF ART AND DESIGN       ,FL,34234-5895,Private      ,30,22,52,2039,477,2516
01303904,SOUTH UNIVERSITY - WEST PALM BEACH CAMPU,FL,33409-5149,Proprietary  ,32,203,235,683,2630,3313
01323400,LORENZO WALKER INST OF TECHNOLOGY       ,FL,34104-4405,Public       ,13,27,40,424,870,1294
02089600,CONCORDE CAREER INSTITUTE               ,FL,32211-0000,Proprietary  ,24,122,146,365,1914,2279
02113609,AMERICAN INTERCONTINENTAL UNIV - WESTON ,FL,33326-3233,Proprietary  ,2,28,30,50,326,376
02115300,PINELLAS TECHNICAL EDUCATION CENTERS - S,FL,33711-0000,Public       ,37,154,191,571,2495,3066
02116006,SANFORD-BROWN INSTITUTE - FT. LAUDERDALE,FL,33309-1906,Proprietary  ,22,68,90,250,790,1040
02148200,FASHION FOCUS HAIR ACADEMY              ,FL,34231-0000,Proprietary  ,1,12,13,43,127,170
02148300,MANHATTAN BEAUTY SCHOOL                 ,FL,33611-0000,Proprietary  ,8,25,33,97,302,399
02149900,PAUL MITCHELL THE SCHOOL-JACKSONVILLE   ,FL,32205-0000,Proprietary  ,15,41,56,158,411,569
02151900,KEISER  UNIVERSITY                      ,FL,33309-0000,Private      ,463,2417,2880,5770,23917,29687
02159600,BAPTIST COLLEGE OF FLORIDA (THE)        ,FL,32440-0000,Private      ,4,12,16,290,336,626
02172700,CONCORDE CAREER INSTITUTE               ,FL,33607-0000,Proprietary  ,14,70,84,228,1014,1242
02188900,HOBE SOUND BIBLE COLLEGE                ,FL,33475-0000,Private      ,1,5,6,97,122,219
02200100,BRADENTON BEAUTY & BARBER ACADEMY       ,FL,34209-0000,Proprietary  ,4,22,26,45,187,232
02215900,ATI CAREER TRAINING CENTER              ,FL,33309-1785,Proprietary  ,4,13,17,40,181,221
02218700,FLORIDA TECHNICAL COLLEGE               ,FL,32826-2707,Proprietary  ,142,566,708,1453,4907,6360
02218707,FLORIDA TECHNICAL COLLEGE - LAKELAND    ,FL,33813-2101,Proprietary  ,11,33,44,254,680,934
02218709,FLORIDA TECHNICAL COLLEGE - DELAND      ,FL,32720-7415,Proprietary  ,29,188,217,271,1389,1660
02218710,FLORIDA TECHNICAL COLLEGE -KISSIMMEE    ,FL,34741-0000,Proprietary  ,0,0,0,1,0,1
02228300,LAKE TECHNICAL CENTER                   ,FL,32726-0000,Public       ,27,102,129,579,1617,2196
02245500,FORTIS COLLEGE                          ,FL,32789-4679,Proprietary  ,8,41,49,100,693,793
02257900,INTERNATIONAL ACADEMY                   ,FL,32119-3541,Proprietary  ,3,35,38,90,323,413
02275100,CONCORDE CAREER INSTITUTE               ,FL,33025-0000,Proprietary  ,23,60,83,195,675,870
02278800,SOUTHWEST FLORIDA COLLEGE               ,FL,33907-0000,Proprietary  ,67,193,260,917,2490,3407
02278801,SOUTHWEST FLORIDA COLLEGE - TAMPA       ,FL,33619-1344,Proprietary  ,26,75,101,548,1257,1805
02278802,SOUTHWEST FLORIDA COLLEGE - INSTITUTUE O,FL,33928-9469,Proprietary  ,4,10,14,65,168,233
02278803,SOUTHWEST FLORIDA COLLEGE - PORT CHARLOT,FL,33953-3100,Proprietary  ,9,50,59,229,813,1042
02279600,CORTIVA INSTITUTE - FLORIDA             ,FL,33781-0000,Proprietary  ,27,57,84,142,371,513
02283800,BEAUTY SCHOOLS OF AMERICA               ,FL,33012-3322,Proprietary  ,57,431,488,548,2866,3414
02286502,ITT TECHNICAL INSTITUTE                 ,FL,32244-6630,Proprietary  ,0,0,0,0,2,2
02287100,LA BELLE BEAUTY SCHOOL                  ,FL,33012-3224,Proprietary  ,6,46,52,43,239,282
02293200,ATI CAREER TRAINING CENTER              ,FL,33309-5916,Proprietary  ,1,2,3,6,36,42
02293201,ATI CAREER TRAINING CENTER - MIAMI      ,FL,33122-1707,Proprietary  ,2,9,11,43,147,190
02293202,ATI CAREER TAINING CENTER - ATI COLLEGE ,FL,87109-2016,Proprietary  ,2,11,13,45,123,168
02293600,ADVANCED TECHNICAL CENTERS              ,FL,33266-1597,Private      ,1,19,20,53,137,190
02297000,CHARLOTTE TECHNICAL CENTER              ,FL,33948-0000,Public       ,2,16,18,207,483,690
02300900,WITHLACOOCHEE TECHNICAL INSTITUTE       ,FL,34450-0000,Public       ,8,19,27,241,712,953
02305700,FORTIS COLLEGE                          ,FL,33619-1283,Proprietary  ,0,0,0,4,11,15
02305800,FLORIDA CAREER COLLEGE                  ,FL,33012-7028,Proprietary  ,132,764,896,1436,7467,8903
02305810,FLORIDA CAREER COLLEGE - CLEARWATER     ,FL,33759-3924,Proprietary  ,0,18,18,93,366,459
02307400,GEORGE STONE AREA VOCATIONAL TECHNICAL  ,FL,32526-0000,Public       ,28,121,149,380,1516,1896
02314100,SCHILLER INTERNATIONAL UNIVERSITY       ,FL,33770-0000,Proprietary  ,2,23,25,77,331,408
02316200,MIAMI LAKES TECHNICAL EDUCATION CTR     ,FL,33014-0000,Public       ,52,141,193,487,1499,1986
02321200,ORANGE TECH EDUC CTR- WESTSIDE TECH     ,FL,34787-0000,Public       ,24,47,71,332,785,1117
02325100,KEY COLLEGE                             ,FL,33004-3046,Proprietary  ,1,5,6,13,106,119
02326303,MEDVANCE INSTITUTE - WEST PALM          ,FL,33461-2171,Proprietary  ,0,0,0,94,309,403
02326306,MEDVANCE INSTITUTE - MIAMI              ,FL,33173-3431,Proprietary  ,0,1,1,24,103,127
02326800,MERIDIAN COLLEGE                        ,FL,34240-8478,Proprietary  ,4,37,41,71,343,414
02326900,SUNSTATE ACADEMY OF HAIR DESIGN         ,FL,33907-1415,Proprietary  ,11,69,80,190,587,777
02329900,FLORIDA INSTITUTE OF ULTRASOUND         ,FL,32514-0000,Proprietary  ,4,28,32,113,438,551
02338400,FT PIERCE BEAUTY ACADEMY                ,FL,34982-0000,Proprietary  ,9,48,57,88,387,475
02346200,WYOTECH                                 ,FL,32174-1010,Proprietary  ,11,56,67,262,655,917
02362100,FULL SAIL UNIVERSITY                    ,FL,32792-0000,Proprietary  ,896,2501,3397,15560,27564,43124
02499000,ACADEMY OF COSMETOLOGY                  ,FL,32953-3311,Proprietary  ,8,35,43,74,266,340
02501500,"O*TEC, MID-FLORIDA TECH                 ",FL,32809-0000,Public       ,42,182,224,549,1836,2385
02502700,UEI (UNITED EDUCATION INSTITUTE)        ,FL,32207-5627,Proprietary  ,0,0,0,25,66,91
02504600,WINTER PARK TECH                        ,FL,32789-0000,Public       ,10,59,69,176,643,819
02508900,TALMUDIC COLLEGE OF FLORIDA             ,FL,33139-0000,Private      ,2,1,3,26,15,41
02511700,RIDGE TECHNICAL CENTER                  ,FL,33881-0000,Public       ,16,61,77,359,1159,1518
02513200,ORLANDO TECHNICAL CENTER                ,FL,32801-0000,Public       ,27,110,137,535,1686,2221
02515400,CITY COLLEGE                            ,FL,33309-3073,Private      ,33,201,234,571,2534,3105
02517100,SARASOTA SCHOOL OF MASSAGE THERAPY      ,FL,34243-6130,Proprietary  ,2,20,22,50,209,259
02524000,SUNSTATE ACADEMY OF HAIR DESIGN         ,FL,34624-0000,Proprietary  ,6,35,41,86,275,361
02524002,SUNSTATE ACADEMY - JONES TECHNICAL INSTI,FL,32256-0367,Proprietary  ,15,36,51,46,125,171
02524200,ROBERT MORGAN EDUCATIONAL CENTER        ,FL,33177-0000,Public       ,42,95,137,515,1064,1579
02531803,PAUL MITCHELL THE SCHOOL - ORLANDO      ,FL,32765-6444,Proprietary  ,27,36,63,215,297,512
02531805,PAUL MITCHELL THE SCHOOL -TAMPA         ,FL,33613-0000,Proprietary  ,16,43,59,210,398,608
02547600,FLORIDA NATIONAL COLLEGE                ,FL,33012-0000,Proprietary  ,38,199,237,508,1740,2248
02547601,FLORIDA NATIONAL UNIVERSITY - SOUTH CAMP,FL,33175-2478,Proprietary  ,52,176,228,777,1736,2513
02547602,FLORIDA NATIONAL UNIVERSITY - TRAINING A,FL,33012-4108,Proprietary  ,7,29,36,163,420,583
02554200,RADFORD LOCKLIN TECH CENTER             ,FL,32570-0000,Public       ,7,15,22,128,423,551
02573200,LA BELLE BEAUTY ACADEMY                 ,FL,33135-0000,Proprietary  ,5,53,58,105,381,486
02597100,HERITAGE INSTITUTE                      ,FL,33912-7132,Proprietary  ,52,125,177,489,1183,1672
02598200,SOUTHERN CAREER COLLEGE                 ,FL,32225-9828,Proprietary  ,9,23,32,78,440,518
02601600,HENRY W BREWSTER TECHNICAL CENTER       ,FL,33602-0000,Public       ,4,22,26,171,735,906
02612700,"SALON PROFESSIONAL ACADEMY - MELBOURNE, ",FL,32904-3919,Proprietary  ,7,33,40,66,223,289
02616400,SANFORD-BROWN INSTITUTE                 ,FL,32256-3520,Proprietary  ,20,79,99,217,923,1140
02616401,SANFORD-BROWN INSTITUTE - TAMPA         ,FL,33610-8304,Proprietary  ,0,0,0,85,314,399
02616705,LE CORDON BLEU COLLEGE OF CULINARY ARTS ,FL,33025-3929,Proprietary  ,10,45,55,444,654,1098
03003600,MCFATTER TECHNICAL CENTER               ,FL,33317-7499,Public       ,31,99,130,680,1571,2251
03008600,FLORIDA COLLEGE OF NATURAL HEALTH       ,FL,33064-1342,Proprietary  ,31,114,145,236,847,1083
03010608,VIRGINIA COLLEGE - PENSACOLA            ,FL,32501-5650,Proprietary  ,9,56,65,183,932,1115
03010612,VIRGINIA COLLEGE - GOLF ACADEMY OF AMERI,FL,32701-0000,Proprietary  ,0,3,3,35,88,123
03010618,VIRGINIA COLLEGE - JACKSONVILLE         ,FL,32207-5167,Proprietary  ,7,34,41,177,942,1119
03012300,ASM BEAUTY WORLD ACADEMY                ,FL,33021-0000,Proprietary  ,6,33,39,34,183,217
03018500,BENE'S INTERNATIONAL SCHOOL OF BEAUTY   ,FL,34652-1636,Proprietary  ,22,84,106,152,549,701
03026508,REMINGTON COLLEGE - TAMPA               ,FL,33619-1177,Private      ,6,25,31,141,655,796
03028200,TRINITY COLLEGE OF FLORIDA              ,FL,34655-4401,Private      ,1,10,11,190,239,429
03031400,INTERNATIONAL ACADEMY OF DESIGN AND TECH,FL,33634-6313,Proprietary  ,69,321,390,999,3549,4548
03031402,INTERNATIONAL ACADEMY OF DESIGN AND TECH,FL,32809-4613,Proprietary  ,2,14,16,322,626,948
03031403,IADT - ORLANDO CULINARY ACADEMY         ,FL,32819-0000,Proprietary  ,10,27,37,216,394,610
03035800,HERITAGE INSTITUTE                      ,FL,32216-0948,Proprietary  ,18,69,87,136,750,886
03035900,NATIONAL AVIATION ACADEMY               ,FL,33760-3931,Proprietary  ,34,96,130,444,963,1407
03037500,HODGES UNIVERSITY                       ,FL,34119-7932,Private      ,47,273,320,833,3638,4471
03054200,FORTIS COLLEGE                          ,FL,33144-2373,Proprietary  ,0,0,0,34,108,142
03071600,COLLEGE OF BUSINESS & TECHNOLOGY        ,FL,33176-0000,Proprietary  ,26,172,198,389,1470,1859
03076402,BRYMAN SCHOOL OF ARIZONA (THE) - ANTHEM ,FL,32803-3509,Proprietary  ,0,0,0,128,429,557
03078003,OHIO CENTER FOR BROADCASTING - MIAMI MED,FL,33130-3042,Proprietary  ,4,13,17,55,167,222
03079800,GEORGE T BAKER AVIATION                 ,FL,33142-5687,Public       ,23,39,62,451,583,1034
03079900,CITY COLLEGE                            ,FL,32714-3129,Private      ,6,54,60,137,698,835
03087601,ITT TECHNICAL INSTITUTE                 ,FL,33126-1823,Proprietary  ,0,0,0,0,2,2
03089200,NOUVELLE INSTITUTE                      ,FL,33125-4141,Proprietary  ,6,83,89,29,466,495
03096300,FORTIS INSTITUTE                        ,FL,33860-0000,Proprietary  ,0,3,3,33,161,194
03099600,MERCY HOSPITAL SCHOOL OF PRACTICAL NSG  ,FL,33133-4237,Proprietary  ,6,17,23,28,112,140
03100800,TAYLOR TECHNICAL INSTITUTE              ,FL,32348-0894,Public       ,0,6,6,63,180,243
03101900,TRINITY BAPTIST COLLEGE                 ,FL,32221-1398,Private      ,9,15,24,414,320,734
03103900,MARION COUNTY COMMUNITY TECH & ADUL     ,FL,34474-3172,Public       ,19,49,68,470,1624,2094
03108500,EVERGLADES UNIVERSITY                   ,FL,33431-0000,Private      ,21,182,203,275,2030,2305
03108600,COM-PU-MED VOCATIONAL CAREERS           ,FL,33012-4861,Proprietary  ,9,83,92,62,338,400
03113400,ACADEMY OF HEALING ARTS                 ,FL,33463-2113,Proprietary  ,2,17,19,41,146,187
03114700,PRAXIS INSTITUTE                        ,FL,33135-2657,Proprietary  ,11,77,88,44,346,390
03115500,ADVENTIST UNIVERSITY OF HEALTH SCIENCES ,FL,32803-1237,Private      ,46,123,169,1472,2886,4358
03123900,SOUTHEASTERN COLLEGE                    ,FL,33413-0000,Proprietary  ,33,144,177,385,1719,2104
03125600,MIAMI AD SCHOOL                         ,FL,33139-5203,Proprietary  ,2,20,22,83,386,469
03127900,TECHNICAL EDUCATION CTR OSCEOLA         ,FL,34744-4459,Public       ,27,105,132,467,1337,1804
03158300,LEE COUNTY HIGH TECH CENTER NORTH       ,FL,33993-2479,Public       ,8,35,43,197,521,718
03171300,UNIVERSITY OF ST. AUGUSTINE FOR HEALTH S,FL,32084-4215,Proprietary  ,7,157,164,142,2141,2283
03224300,NEW PROFESSIONS TECHNICAL INSTITUTE     ,FL,33134-1640,Proprietary  ,28,141,169,121,697,818
03230300,CHOICE HIGH SCHOOL AND TECHNICAL CENTER ,FL,32547-1299,Public       ,11,43,54,145,650,795
03238300,FLORIDA COLLEGE OF INTEGRATIVE MED      ,FL,32809-5721,Proprietary  ,4,21,25,136,457,593
03255300,FLORIDA GULF COAST UNIVERSITY           ,FL,33965-6565,Public       ,750,215,965,21792,6872,28664
03256300,YESHIVA GEDOLAH RABBINICAL COLLEGE      ,FL,33139-4708,Private      ,3,0,3,29,8,37
03264300,SOUTH FLORIDA BIBLE COLLEGE AND THEOLOGI,FL,33441-5768,Private      ,0,8,8,21,179,200
03346300,ACAD FOR PRAC NURSING & HEALTH OCCP     ,FL,33417-4574,Private      ,16,79,95,250,1177,1427
03348400,PROFESSIONAL TRAINING CENTERS           ,FL,33184-0000,Proprietary  ,16,72,88,200,898,1098
03373300,BEACON COLLEGE                          ,FL,34748-5224,Private      ,6,8,14,230,158,388
03374300,FLORIDA COASTAL SCHOOL OF LAW           ,FL,32256-0000,Proprietary  ,1,41,42,79,2279,2358
03382300,BRADFORD-UNION AREA CAREERTECHNICAL CENT,FL,32091-2434,Public       ,4,22,26,85,381,466
03390300,LINCOLN TECHNICAL INSTITUTE             ,FL,32730-2351,Proprietary  ,4,24,28,105,394,499
03411400,INTERNATIONAL TRAINING CAREERS          ,FL,33155-1462,Private      ,3,96,99,50,404,454
03414500,ACUPUNCTURE AND MASSAGE COLLEGE         ,FL,33176-1509,Proprietary  ,3,30,33,90,346,436
03425400,CENTRAL FLORIDA INSTITUTE               ,FL,34684-4436,Proprietary  ,0,0,0,40,129,169
03429600,ATLANTIC INST OF ORIENTAL MEDICINE      ,FL,33316-0000,Private      ,3,37,40,39,241,280
03429700,EAST WEST COLLG OF NATURAL MEDICINE     ,FL,34236-4959,Proprietary  ,0,10,10,27,241,268
03433400,NEW CONCEPT MASSAGE AND BEAUTY SCHO     ,FL,33135-0000,Proprietary  ,1,23,24,24,131,155
03434300,FORTIS COLLEGE                          ,FL,32073-2999,Proprietary  ,16,58,74,147,598,745
03480301,FORTIS COLLEGE - FORTIS INSTITUTE       ,FL,33313-7261,Proprietary  ,0,5,5,37,245,282
03480302,FORTIS COLLEGE - FORTIS INSTITUTE       ,FL,34952-0000,Proprietary  ,8,60,68,127,687,814
03491400,AMERICAN ADVANCED TECHNICIANS INST      ,FL,33014-4430,Proprietary  ,8,31,39,57,222,279
03549300,ULTIMATE MEDICAL ACADEMY                ,FL,33756-4917,Proprietary  ,407,4185,4592,2407,25097,27504
03553300,SOUTHEASTERN COLLEGE                    ,FL,32216-0000,Proprietary  ,9,41,50,329,1441,1770
03557300,NORTH FLORIDA COSMETOLOGY INSTITUTE     ,FL,32312-0000,Proprietary  ,6,40,46,161,452,613
03564300,"INTERNATIONAL SCHOOL OF HEALTH, BEAUTY &",FL,33311-1141,Proprietary  ,0,0,0,25,68,93
03570400,ENGLISH CENTER (THE)                    ,FL,33133-2703,Public       ,4,14,18,31,242,273
03611400,FLORIDA BARBER ACADEMY                  ,FL,33441-0000,Proprietary  ,4,54,58,58,392,450
03618300,FLORIDA INSTITUTE OF ANIMAL ARTS        ,FL,32792-0000,Proprietary  ,22,36,58,180,273,453
03627400,JACKSONVILLE BEAUTY INSTITUTE           ,FL,32208-1885,Proprietary  ,10,58,68,106,433,539
03627600,FLORIDA EDUCATION INSTITUTE             ,FL,33144-5036,Proprietary  ,15,66,81,86,458,544
03661400,SOUTH FLORIDA INSTITUTE OF TECHNOLO     ,FL,33135-0000,Proprietary  ,27,250,277,239,1442,1681
03691400,AVE MARIA SCHOOL OF LAW                 ,FL,34119-1376,Private      ,4,8,12,90,583,673
03696400,SABER                                   ,FL,33134-1604,Private      ,9,55,64,84,761,845
03698308,WEST COAST UNIVERSITY - MIAMI           ,FL,33178-2431,Proprietary  ,5,10,15,19,39,58
03706300,AMERICAN INSTITUTE                      ,FL,33319-0000,Proprietary  ,11,45,56,83,307,390
03757300,ADVANCE SCIENCE INSTITUTE               ,FL,33012-0000,Proprietary  ,2,9,11,39,89,128
03801400,BEAUTY INSTITUTE (THE)                  ,FL,33409-2972,Proprietary  ,1,12,13,53,162,215
03801401,BEAUTY INSTITUTE (THE) - MARGATE        ,FL,33068-5704,Proprietary  ,3,3,6,25,62,87
03816300,ARTISTIC NAILS & BEAUTY ACADEMY         ,FL,33605-5919,Proprietary  ,17,72,89,167,561,728
03823300,FLORIDA ACADEMY OF HEALTH & BEAUTY      ,FL,33311-0000,Proprietary  ,1,11,12,15,62,77
03832300,DADE MEDICAL COLLEGE                    ,FL,33126-5534,Proprietary  ,65,294,359,1126,4340,5466
03842500,CAMBRIDGE INSTITUTE OF ALLIED HEALTH    ,FL,32750-0000,Proprietary  ,4,27,31,38,294,332
03856300,UNIVERSAL BEAUTY SCHOOL                 ,FL,33174-4406,Proprietary  ,6,29,35,26,169,195
03856500,FLORIDA SCHOOL OF TRADITIONAL MIDWIFERY ,FL,32601-5507,Private      ,0,3,3,22,170,192
03875300,MCI INSTITUTE OF TECHNOLOGY             ,FL,33409-4937,Proprietary  ,12,82,94,101,429,530
03888300,DRAGON RISES COLLEGE OF ORIENTAL MEDICIN,FL,32601-5089,Private      ,0,0,0,6,66,72
03903500,SOUTHERN TECHNICAL COLLEGE              ,FL,32809-0000,Proprietary  ,56,311,367,416,2603,3019
03907301,PAUL MITCHELL THE SCHOOL FT MYERS       ,FL,33907-0000,Proprietary  ,5,14,19,120,222,342
03911300,TOTAL INTERNATIONAL CAREER INSTITUTE    ,FL,33012-0000,Proprietary  ,0,0,0,10,38,48
03939300,WOLFORD COLLEGE                         ,FL,34108-1931,Proprietary  ,1,5,6,31,327,358
03939400,CENTURA INSTITUTE                       ,FL,32807-3566,Proprietary  ,11,43,54,94,423,517
03939600,DAYTONA COLLEGE                         ,FL,32174-8445,Proprietary  ,7,74,81,149,558,707
03941300,AVE MARIA UNIVERSITY                    ,FL,34142-9505,Private      ,19,6,25,1536,219,1755
03957400,NEW COLLEGE OF FLORIDA                  ,FL,34243-2109,Public       ,41,18,59,2067,488,2555
03985300,COMMERCIAL DIVING ACADEMY               ,FL,32208-0000,Proprietary  ,45,130,175,425,1151,1576
03986300,AVIATOR COLLEGE OF AERONAUTICAL SCIENCE ,FL,34946-9022,Proprietary  ,7,17,24,93,265,358
04016500,AMERICAN INSTITUTE OF BEAUTY            ,FL,33773-0000,Proprietary  ,5,48,53,69,372,441
04029300,TRENDSETTERS OF FLORIDA SCHOOL OF BEAUTY,FL,32205-4737,Proprietary  ,4,22,26,39,195,234
04038302,ATA COLLEGE-ATA CAREER EDUCATION        ,FL,34606-4300,Proprietary  ,7,42,49,133,541,674
04039300,SULLIVAN AND COGLIANO TRAINING CENTERS  ,FL,33014-6427,Proprietary  ,15,279,294,89,1421,1510
04083400,CAMBRIDGE INSTITUTE OF ALLIED HEALTH & T,FL,33484-6543,Proprietary  ,6,39,45,94,464,558
04105400,PENSACOLA SCHOOL OF MASSAGE THERAPY & HE,FL,32504-7337,Proprietary  ,4,38,42,68,392,460
04106300,PALM BEACH ACADEMY OF HEALTH & BEAUTY   ,FL,33403-2130,Proprietary  ,5,41,46,75,449,524
04116400,FUTURE-TECH INSTITUTE                   ,FL,33135-4142,Proprietary  ,4,43,47,49,261,310
04116600,TAYLOR COLLEGE                          ,FL,34420-8714,Proprietary  ,1,25,26,102,706,808
04119400,AVEDA INSTITUTE - SAINT PETERSBURG      ,FL,33701-4242,Proprietary  ,63,81,144,512,880,1392
04120400,HI-TECH SCHOOL OF COSMETOLOGY           ,FL,33174-0000,Proprietary  ,6,14,20,103,154,257
04126900,ACADEMY OF CAREER TRAINING              ,FL,34741-4644,Proprietary  ,11,35,46,161,517,678
04127400,DIGITAL MEDIA ARTS COLLEGE              ,FL,33431-5919,Proprietary  ,11,12,23,354,237,591
04128400,MANAGEMENT RESOURCES INSTITUTE          ,FL,33126-5473,Proprietary  ,6,184,190,64,1084,1148
04129900,FLORIDA SCHOOL OF MASSAGE               ,FL,32608-5419,Proprietary  ,8,30,38,78,318,396
04130400,SHEAR EXCELLENCE INTERNATIONAL HAIR ACAD,FL,33614-2783,Proprietary  ,4,25,29,46,197,243
04133500,ACADEMY FOR FIVE ELEMENT ACUPUNCTURE    ,FL,32601-6811,Private      ,0,9,9,17,158,175
04133900,FUTURA CAREER INSTITUTE                 ,FL,33012-3325,Proprietary  ,6,32,38,29,178,207
04134800,AVEDA INSTITUTE - TALLAHASSEE           ,FL,32304-3186,Proprietary  ,54,82,136,458,774,1232
04135000,COZMO THE SCHOOL                        ,FL,34135-4810,Proprietary  ,3,12,15,19,105,124
04135900,ALLIED HEALTH INSTITUTE                 ,FL,33068-0000,Proprietary  ,6,90,96,75,974,1049
04140800,NORTH FLORIDA ACADEMY                   ,FL,32065-7758,Proprietary  ,0,13,13,31,102,133
04143100,PROFESSIONAL HANDS INSTITUTE            ,FL,33135-1939,Proprietary  ,0,35,35,10,99,109
04145900,CELEBRITY SCHOOL OF BEAUTY              ,FL,33144-4153,Proprietary  ,6,26,32,92,270,362
04146200,WALTON CAREER DEVELOPMENT CENTER        ,FL,32433-1557,Public       ,7,21,28,61,252,313
04146300,MARCHMAN TECHNICAL EDUCATION CENTER     ,FL,34653-1211,Public       ,11,30,41,222,434,656
04148500,MEDICAL INSTITUTE OF PALM BEACH         ,FL,33463-3276,Proprietary  ,3,20,23,99,235,334
04150800,IMMOKALEE TECHNICAL CENTER              ,FL,34142-3146,Public       ,9,6,15,224,219,443
04151500,AMERICAN ACADEMY OF COSMETOLOGY         ,FL,32065-8026,Proprietary  ,6,27,33,67,225,292
04156300,UNIVERSITY OF FORT LAUDERDALE           ,FL,33313-5809,Private      ,2,7,9,68,147,215
04156400,AVIATION INSTITUTE OF MAINTENANCE       ,FL,32803-6487,Proprietary  ,19,86,105,264,606,870
04157100,AEROSIM FLIGHT ACADEMY                  ,FL,32773-9683,Proprietary  ,13,29,42,167,311,478
04158300,FLAGLER TECHNICAL INSTITUTE             ,FL,32137-4714,Public       ,4,21,25,109,330,439
04162000,JOSE MARIA VARGAS UNIVERSITY            ,FL,33025-4534,Proprietary  ,1,7,8,17,99,116
04162500,HOLLYWOOD INSTITUTE OF BEAUTY CAREERS   ,FL,33023-6720,Proprietary  ,33,170,203,209,1065,1274
04163000,SALON PROFESSIONAL ACADEMY (THE)        ,FL,33624-6321,Proprietary  ,13,24,37,114,236,350
04163100,SALON PROFESSIONAL ACADEMY (THE)        ,FL,32607-1672,Proprietary  ,5,10,15,107,245,352
04163200,SALON PROFESSIONAL ACADEMY (THE)        ,FL,32162-9311,Proprietary  ,6,36,42,75,220,295
04164500,EUREKA INSTITUTE OF HEALTH AND BEAUTY   ,FL,33174-4205,Proprietary  ,3,23,26,27,105,132
04164600,D. A. DORSEY EDUCATIONAL CENTER         ,FL,33147-6304,Public       ,2,16,18,72,273,345
04167300,SALON PROFESSIONAL ACADEMY (THE)        ,FL,33904-4824,Proprietary  ,2,4,6,41,110,151
04170300,BEAUTY ACADEMY OF SOUTH FLORIDA         ,FL,33012-3221,Proprietary  ,4,43,47,40,259,299
04172300,ETERNITY COSMETOLOGY SCHOOL             ,FL,33415-5719,Proprietary  ,6,42,48,54,267,321
04176800,PROGRESSIVE TRAINING CENTERS            ,FL,33060-9238,Proprietary  ,0,0,0,10,41,51
04176900,AMERICAN HEALTH INSTITUTE               ,FL,34654-3743,Proprietary  ,7,14,21,45,181,226
04182500,MILLENNIA ATLANTIC UNIVERSITY           ,FL,33178-2369,Proprietary  ,0,7,7,24,68,92
04188300,FLORIDA ACADEMY                         ,FL,33966-1155,Proprietary  ,6,61,67,136,446,582
04192100,AMERICAN MEDICAL ACADEMY                ,FL,33186-4830,Proprietary  ,16,22,38,189,355,544
04194000,"SCHOOL DISTRICT OF INDIAN RIVER COUNTY, ",FL,32960-3527,Public       ,8,19,27,10,30,40
04194200,APARICIO-LEVY TECHNICAL CENTER          ,FL,33610-9666,Public       ,2,9,11,28,111,139
04195100,AMBIANCE BEAUTY & BARBER ACADEMY        ,FL,32935-8771,Proprietary  ,2,22,24,23,166,189
04197600,"FLORIDA INSTITUTE OF RECORDING, SOUND AN",FL,32804-3309,Proprietary  ,8,29,37,252,410,662
04204600,BEAUTY AND HEALTH INSTITUTE             ,FL,33626-2610,Proprietary  ,3,28,31,88,341,429
04206300,FLORIDA VOCATIONAL INSTITUTE            ,FL,33155-3762,Proprietary  ,3,54,57,51,291,342
04207900,SAE INSTITUTE OF TECHNOLOGY - MIAMI     ,FL,33160-4307,Proprietary  ,14,33,47,180,325,505
04209500,SHEAR FINESSE HAIRSTYLING ACADEMY       ,FL,32208-5005,Proprietary  ,3,15,18,29,106,135
04210800,ULTRASOUND MEDICAL INSTITUTE            ,FL,33462-4221,Proprietary  ,2,1,3,31,45,76
04212600,COSMIX SCHOOL OF MAKEUP ARTISTRY        ,FL,33306-1640,Proprietary  ,6,22,28,121,220,341
04213200,KAIZEN BEAUTY ACADEMY                   ,FL,33024-6609,Proprietary  ,2,6,8,26,58,84
04214500,PRESTIGE HEALTH & BEAUTY SCIENCES ACADEM,FL,33160-4102,Proprietary  ,0,9,9,19,78,97
04216600,AZURE COLLEGE                           ,FL,33169-5345,Proprietary  ,6,55,61,127,1068,1195
04216900,SAN IGNACIO COLLEGE                     ,FL,33178-2350,Proprietary  ,0,4,4,8,18,26
04217800,BOCA BEAUTY ACADEMY                     ,FL,33434-4178,Proprietary  ,6,44,50,80,298,378
04220200,MORE TECH INSTITUTE                     ,FL,33012-2165,Proprietary  ,3,17,20,18,80,98
04221200,BLY'S SCHOOL OF COSMETOLOGY             ,FL,32601-4021,Proprietary  ,1,13,14,51,217,268
04222100,ANTON AESTHETICS ACADEMY                ,FL,33416-4629,Proprietary  ,0,0,0,14,55,69
04223400,INTERAMERICAN TECHNICAL INSTITUTE       ,FL,00174-2950,Proprietary  ,4,39,43,18,149,167
04225000,PARISIAN SPA INSTITUTE                  ,FL,32204-4127,Proprietary  ,4,37,41,40,227,267
04225200,YECHANLAZ INSTITUTO VOCACIONAL          ,FL,33144-4817,Proprietary  ,2,13,15,10,103,113
04225800,FRED D. LEAREY TECHNICAL CENTER         ,FL,33614-1892,Public       ,10,16,26,51,162,213
04227500,MERRYFIELD SCHOOL OF PET GROOMING       ,FL,33334-4925,Proprietary  ,0,15,15,14,77,91
04228900,BEAUTY ANATOMY INSTITUTE OF COSMETOLOGY ,FL,33069-4313,Proprietary  ,0,10,10,24,87,111
04229700,FIRST COAST BARBER ACADEMY              ,FL,32210-8054,Proprietary  ,1,11,12,28,129,157
04233200,UNILATINA INTERNATIONAL COLLEGE         ,FL,33025-3943,Proprietary  ,0,3,3,1,12,13
04233400,LEE PROFESSIONAL INSTITUTE              ,FL,33916-9320,Proprietary  ,2,16,18,37,165,202
04233900,ATLANTIS UNIVERSITY                     ,FL,33132-1417,Proprietary  ,4,13,17,26,57,83
04234500,BURNETT INTERNATIONAL COLLEGE           ,FL,33426-6591,Proprietary  ,0,14,14,9,102,111
04238400,FLORIDA INTERNATIONAL TRAINING INSTITUTE,FL,33172-1507,Proprietary  ,5,31,36,7,51,58
04242000,LATIN BEAUTY ACADEMY                    ,FL,33415-6104,Proprietary  ,1,13,14,1,13,14
04243600,INTERNATIONAL HAIR AND BARBER ACADEMY   ,FL,33433-3443,Proprietary  ,4,9,13,4,9,13
00160500,CHAMINADE UNIV OF HONOLULU              ,HI,96816-1578,Private      ,35,136,171,2319,2449,4768
00160600,BRIGHAM YOUNG UNIV-HAWAII CAMPUS        ,HI,96762-1294,Private      ,70,47,117,2207,1078,3285
00161000,UNIVERSITY OF HAWAII AT MANOA           ,HI,96822-2399,Public       ,214,219,433,15264,9883,25147
00161100,UNIVERSITY OF HAWAII AT HILO            ,HI,96720-4091,Public       ,44,57,101,4106,3084,7190
00161200,HONOLULU COMMUNITY COLLEGE              ,HI,96817-4598,Public       ,49,104,153,2601,3214,5815
00161300,KAPIOLANI COMMUNITY COLLEGE             ,HI,96816-4421,Public       ,94,132,226,3912,4084,7996
00161400,KAUAI COMMUNITY COLLEGE                 ,HI,96766-9591,Public       ,13,32,45,708,839,1547
00161500,UNIVERSITY OF HAWAII MAUI COLLEGE       ,HI,96732-1644,Public       ,34,75,109,1849,2876,4725
00454900,LEEWARD COMMUNITY COLLEGE               ,HI,96782-3393,Public       ,66,139,205,3357,3992,7349
00525800,HAWAII COMMUNITY COLLEGE                ,HI,96720-4075,Public       ,33,49,82,1821,2636,4457
00723401,HEALD COLLEGE - HONOLULU                ,HI,96814-0000,Proprietary  ,63,177,240,1001,2166,3167
00727900,HAWAII PACIFIC UNIVERSITY               ,HI,96813-2882,Private      ,74,180,254,5053,3994,9047
01122000,WINDWARD COMMUNITY COLLEGE              ,HI,96744-0000,Public       ,24,55,79,1176,1713,2889
02100300,MED-ASSIST SCHOOL OF HAWAII             ,HI,96813-0000,Proprietary  ,1,26,27,139,307,446
02107800,UNIVERSITY OF HAWAII - WEST OAHU        ,HI,96707-0000,Public       ,36,49,85,2320,2720,5040
02139500,HAWAII INSTITUTE OF HAIR DESIGN         ,HI,96817-5195,Proprietary  ,7,19,26,92,203,295
03017800,TRAVEL INSTITUTE OF THE PACIFIC         ,HI,96814-1946,Proprietary  ,2,17,19,63,230,293
03072500,WORLD MEDICINE INSTITUTE                ,HI,96826-0000,Private      ,1,5,6,50,174,224
03735300,INST OF CLINICAL ACUPUNCTURE & ORIENT MD,HI,96813-2307,Proprietary  ,0,7,7,13,110,123
03999400,TRADITIONAL CHINESE MEDICAL COLLEGE OF H,HI,96743-8324,Private      ,0,0,0,7,37,44
04165200,MAUNA LOA HELICOPTERS                   ,HI,96740-2650,Proprietary  ,0,4,4,23,75,98
04175100,PAUL MITCHELL THE SCHOOL HONOLULU       ,HI,96816-2433,Proprietary  ,4,18,22,150,246,396
04182200,HAWAII MEDICAL INSTITUTE                ,HI,96814-3518,Proprietary  ,24,68,92,329,783,1112
00161600,BOISE STATE UNIVERSITY                  ,ID,83725-1000,Public       ,196,329,525,14580,12173,26753
00161700,"COLLEGE OF IDAHO, THE                   ",ID,83605-4432,Private      ,25,24,49,1997,631,2628
00161900,COLLEGE OF SOUTHERN IDAHO               ,ID,83301-0000,Public       ,70,163,233,3359,3966,7325
00162000,IDAHO STATE UNIVERSITY                  ,ID,83209-5377,Public       ,118,194,312,6675,8414,15089
00162100,LEWIS-CLARK STATE COLLEGE               ,ID,83501-2698,Public       ,58,67,125,2731,2618,5349
00162300,NORTH IDAHO COLLEGE                     ,ID,83814-2199,Public       ,63,152,215,3119,4484,7603
00162400,NORTHWEST NAZARENE UNIVERSITY           ,ID,83686-5897,Private      ,15,71,86,1840,1705,3545
00162500,BRIGHAM YOUNG UNIVERSITY-IDAHO          ,ID,83460-1650,Private      ,864,572,1436,16087,13611,29698
00162600,UNIVERSITY OF IDAHO                     ,ID,83844-4291,Public       ,104,92,196,10469,4740,15209
00732915,ITT TECHNICAL INSTITUTE                 ,ID,83713-1529,Proprietary  ,41,274,315,508,2079,2587
00987300,MR JUAN'S CLG OF HAIR DESIGN            ,ID,83301-4154,Proprietary  ,3,14,17,30,95,125
01113300,EASTERN IDAHO TECHNICAL COLLEGE         ,ID,83404-5788,Public       ,13,35,48,437,1213,1650
02218000,CARRINGTON COLLEGE                      ,ID,83704-0000,Proprietary  ,35,210,245,557,1897,2454
02234500,BOISE BIBLE COLLEGE                     ,ID,83714-1220,Private      ,2,4,6,227,143,370
02275800,MR LEONS SCHOOL OF HAIR DESIGN          ,ID,83843-8384,Proprietary  ,3,10,13,19,58,77
02275801,MR. LEON'S SCHOOL OF HAIR DESIGN        ,ID,83501-1910,Proprietary  ,1,0,1,8,27,35
02314000,SCHOOL OF HAIRSTYLING (THE)             ,ID,83202-0000,Proprietary  ,3,5,8,16,61,77
02319800,TONI&GUY HAIRDRESSING ACADEMY           ,ID,83814-2822,Proprietary  ,4,19,23,76,156,232
02319801,TONI&GUY HAIRDRESSING ACADEMY - BOISE   ,ID,83705-2636,Proprietary  ,7,16,23,109,177,286
02349200,HEADMASTERS SCHOOL OF HAIR DESIGN       ,ID,83501-0000,Proprietary  ,2,4,6,35,67,102
02559500,RAZZLE DAZZLE CLG OF HAIR DESIGN        ,ID,83686-5104,Proprietary  ,6,19,25,84,182,266
02607100,PAUL MITCHELL THE SCHOOL BOISE          ,ID,83709-1662,Proprietary  ,14,23,37,190,288,478
03098700,ACADEMY OF COURT REPORTING              ,ID,83704-8320,Proprietary  ,10,57,67,115,445,560
03832400,COSMETOLOGY SCHOOL OF ARTS & SCIENCES   ,ID,83318-1327,Proprietary  ,0,8,8,13,79,92
04051323,ART INSTITUTE OF PHOENIX (THE) - BROWN M,ID,83709-2746,Proprietary  ,3,12,15,59,223,282
04134300,EVANS HAIRSTYLING COLLEGE               ,ID,83440-5277,Proprietary  ,2,3,5,58,59,117
04144500,HAIR ACDMY PAUL MITCHELL PARTNER SCHOOL ,ID,83440-2600,Proprietary  ,7,5,12,102,131,233
04150600,D & L ACADEMY OF HAIR DESIGN            ,ID,83301-6229,Proprietary  ,1,6,7,18,73,91
04155200,OLIVER FINLEY ACADEMY OF COSMETOLOGY    ,ID,83704-8011,Proprietary  ,18,33,51,180,295,475
04163800,MASTER EDUCATORS BEAUTY SCHOOL          ,ID,83301-4118,Proprietary  ,0,7,7,43,68,111
04168600,COLLEGE OF MASSAGE THERAPY              ,ID,83221-1758,Proprietary  ,2,4,6,33,57,90
04176700,D'SHAW INSTITUTE OF COSMETOLOGY         ,ID,83704-4406,Proprietary  ,2,4,6,57,108,165
04194800,VELVET TOUCH ACADEMY OF COSMETOLOGY     ,ID,83687-5020,Proprietary  ,3,10,13,47,118,165
04203200,BOISE BARBER COLLEGE                    ,ID,83704-5919,Proprietary  ,2,13,15,29,139,168
04203500,AUSTIN KADE ACADEMY                     ,ID,83404-5540,Proprietary  ,15,36,51,90,331,421
04207200,ACADEMY DI FIRENZE                      ,ID,83338-2329,Proprietary  ,0,3,3,10,36,46
04211800,COLLEGE OF WESTERN IDAHO                ,ID,83687-5505,Public       ,115,277,392,5097,8760,13857
00149912,EVEREST UNIVERSITY - EVEREST COLLEGE - K,MO,64114-3246,Proprietary  ,15,118,133,104,652,756
00163200,AQUINAS INSTITUTE OF THEOLOGY           ,MO,63108-3323,Private      ,1,4,5,8,86,94
00244900,AVILA UNIVERSITY                        ,MO,64145-1698,Private      ,15,64,79,1572,1927,3499
00245000,CALVARY BIBLE COLLEGE                   ,MO,64147-1341,Private      ,4,8,12,192,245,437
00245300,CENTRAL METHODIST UNIVERSITY            ,MO,65248-1198,Private      ,29,103,132,2138,2547,4685
00245400,UNIVERSITY OF CENTRAL MISSOURI          ,MO,64093-5178,Public       ,86,214,300,9584,5436,15020
00245600,COLUMBIA COLLEGE                        ,MO,65216-4581,Private      ,99,1443,1542,3434,23415,26849
00245700,CONCORDIA SEMINARY                      ,MO,63105-3199,Private      ,0,10,10,4,445,449
00245800,COTTEY COLLEGE                          ,MO,64772-2790,Private      ,1,4,5,358,80,438
00245900,CROWDER COLLEGE                         ,MO,64850-9165,Public       ,99,155,254,2993,3486,6479
00246000,CULVER STOCKTON COLLEGE                 ,MO,63435-1299,Private      ,11,6,17,1464,243,1707
00246100,DRURY UNIVERSITY                        ,MO,65802-3791,Private      ,50,213,263,2674,4083,6757
00246200,EDEN THEOLOGICAL SEMINARY               ,MO,63119-0000,Private      ,0,4,4,2,153,155
00246300,EVANGEL UNIVERSITY                      ,MO,65802-2125,Private      ,24,39,63,2340,1192,3532
00246302,EVANGEL UNIVERSITY - ASSEMBLIES OF GOD T,MO,65802-2131,Private      ,0,0,0,192,179,371
00246400,FONTBONNE UNIVERSITY                    ,MO,63105-3098,Private      ,9,67,76,1342,2343,3685
00246600,HARRIS-STOWE STATE COLLEGE              ,MO,63103-2199,Public       ,37,76,113,1498,2133,3631
00246700,CONCEPTION SEMINARY COLLEGE             ,MO,64433-0502,Private      ,2,2,4,67,18,85
00246800,JEFFERSON COLLEGE                       ,MO,63050-2441,Public       ,60,156,216,3011,3283,6294
00247100,ST LOUIS COMMUNITY COLLEGE              ,MO,63102-0000,Public       ,299,772,1071,12159,17711,29870
00247300,KANSAS CITY ART INSTITUTE               ,MO,64111-1874,Private      ,16,21,37,1291,455,1746
00247400,KANSAS CITY UNIV OF MED AND BIOSCIENCES ,MO,64106-0000,Private      ,3,13,16,112,1289,1401
00247600,KENRICK-GLENNON SEMINARY                ,MO,63119-4330,Private      ,0,1,1,29,14,43
00247700,A.T. STILL UNIV OF HEALTH SCIENCES      ,MO,63501-0000,Private      ,0,89,89,32,3082,3114
00247900,LINCOLN UNIVERSITY                      ,MO,65101-3500,Public       ,51,66,117,2697,1943,4640
00248000,LINDENWOOD UNIVERSITY                   ,MO,63301-1695,Private      ,74,542,616,7384,8238,15622
00248200,MARYVILLE UNIVERSITY                    ,MO,63141-7299,Private      ,28,257,285,2855,5487,8342
00248400,METROPOLITAN COMMUNITY COLLEGE          ,MO,64111-2408,Public       ,214,654,868,10152,15149,25301
00248500,MIDWESTERN BAPTIST THEOL SEMINARY       ,MO,64118-4697,Private      ,2,18,20,128,505,633
00248600,MINERAL AREA COLLEGE                    ,MO,63601-1000,Public       ,32,96,128,2173,2762,4935
00248800,MISSOURI SOUTHERN STATE UNIVERSITY      ,MO,64801-1595,Public       ,66,120,186,4692,3982,8674
00248900,MISSOURI VALLEY COLLEGE                 ,MO,65340-3197,Private      ,16,21,37,1808,523,2331
00249000,MISSOURI WESTERN STATE UNIVERSITY       ,MO,64507-2294,Public       ,49,68,117,4832,2868,7700
00249100,MOBERLY AREA COMMUNITY COLLEGE          ,MO,65270-1304,Public       ,82,132,214,3431,3477,6908
00249400,NAZARENE THEOLOGICAL SEMINARY           ,MO,64131-1246,Private      ,0,10,10,9,194,203
00249500,TRUMAN STATE UNIVERSITY                 ,MO,63501-4221,Public       ,53,22,75,6055,646,6701
00249600,NORTHWEST MISSOURI STATE UNIV           ,MO,64468-6001,Public       ,44,56,100,6619,1545,8164
00249800,PARK UNIVERSITY                         ,MO,64152-3795,Private      ,24,713,737,1634,10116,11750
00249900,ROCKHURST UNIVERSITY                    ,MO,64110-2561,Private      ,25,39,64,2477,1423,3900
00250000,COLLEGE OF THE OZARKS                   ,MO,65726-2502,Private      ,32,3,35,3732,425,4157
00250100,SOUTHEAST MISSOURI STATE UNIV           ,MO,63701-4799,Public       ,101,155,256,9551,4804,14355
00250200,SOUTHWEST BAPTIST UNIVERSITY            ,MO,65613-2597,Private      ,20,68,88,2197,1821,4018
00250300,MISSOURI STATE UNIVERSITY               ,MO,65897-0094,Public       ,205,282,487,17722,9478,27200
00250400,ST LOUIS COLLEGE OF PHARMACY            ,MO,63110-1088,Private      ,5,7,12,835,846,1681
00250600,SAINT LOUIS UNIVERSITY                  ,MO,63103-2097,Private      ,90,200,290,10737,8102,18839
00250900,SAINT PAUL SCHOOL OF THEOLOGY           ,MO,64127-2499,Private      ,0,5,5,2,127,129
00251200,STEPHENS COLLEGE                        ,MO,65215-0001,Private      ,10,14,24,1085,685,1770
00251400,NORTH CENTRAL MISSOURI COLLEGE          ,MO,64683-1824,Public       ,31,33,64,1013,936,1949
00251600,UNIVERSITY OF MISSOURI - COLUMBIA       ,MO,65211-1600,Public       ,273,287,560,29114,9597,38711
00251700,MISSOURI UNIVERSITY OF SCIENCE & TECHNOL,MO,65409-0250,Public       ,49,58,107,6716,1628,8344
00251800,UNIVERSITY OF MISSOURI-KANSAS CITY      ,MO,64110-2497,Public       ,94,263,357,8664,10485,19149
00251900,UNIVERSITY OF MISSOURI-ST LOUIS         ,MO,63121-4499,Public       ,93,330,423,7703,11571,19274
00252000,WASHINGTON UNIVERSITY                   ,MO,63130-4899,Private      ,96,117,213,16361,5879,22240
00252001,WASHINGTON UNIV-SCHOOL OF MEDICINE      ,MO,63110-0000,Private      ,3,7,10,210,1553,1763
00252100,WEBSTER UNIVERSITY                      ,MO,63119-3194,Private      ,27,540,567,3815,13163,16978
00252200,WENTWORTH MILITARY ACADEMY              ,MO,64067-1799,Private      ,5,10,15,354,236,590
00252300,WESTMINSTER COLLEGE                     ,MO,65251-1299,Private      ,5,5,10,1194,201,1395
00252400,WILLIAM JEWELL COLLEGE                  ,MO,64068-1896,Private      ,12,26,38,1347,331,1678
00252500,WILLIAM WOODS UNIVERSITY                ,MO,65251-2388,Private      ,7,151,158,1111,1536,2647
00405704,NATIONAL AMERICAN UNIVERSITY            ,MO,64057-1791,Proprietary  ,5,35,40,67,672,739
00441300,MERCY HOSPITAL SPRINGFIELD SCHOOL OF RAD,MO,65804-2263,Private      ,0,0,0,121,262,383
00470300,LOGAN COLLEGE OF CHIROPRACTIC           ,MO,63006-0000,Private      ,1,24,25,51,957,1008
00470700,COVENANT THEOLOGICAL SEMINARY           ,MO,63141-8697,Private      ,0,4,4,6,459,465
00471100,STATE TECHNICAL COLLEGE OF MISSOURI     ,MO,65051-9607,Public       ,48,12,60,1592,630,2222
00471300,THREE RIVERS COMMUNITY COLLEGE          ,MO,63901-2393,Public       ,53,163,216,2332,3940,6272
00528800,KIRKSVILLE AREA TECHNICAL CENTER        ,MO,63501-0000,Public       ,3,1,4,47,95,142
00528900,WAYNESVILLE CAREER CENTER               ,MO,65583-2131,Public       ,3,6,9,96,164,260
00542400,SOUTH CENTRAL CAREER CENTER             ,MO,65775-3052,Public       ,3,4,7,61,188,249
00542600,SIKESTON CAREER AND TECHNOLOGY CTR      ,MO,63801-0000,Public       ,1,12,13,117,305,422
00542900,ROLLA TECHNICAL INSTITUTE               ,MO,65401-3601,Public       ,4,16,20,292,408,700
00543000,POPLAR BLUFF TECHNICAL CAREER CNTR      ,MO,63901-0000,Public       ,1,9,10,66,255,321
00543800,SALINE COUNTY CAREER CENTER             ,MO,65340-0000,Public       ,1,0,1,16,64,80
00544500,TRUMAN MEDICAL CENTER SCHOOL OF NURSE AN,MO,64108-2677,Private      ,2,17,19,92,238,330
00553100,GRAND RIVER TECHNICAL SCHOOL            ,MO,64601-1299,Public       ,0,5,5,81,71,152
00553200,CAPE GIRARDEAU CAREER & TECHNOLOGY CENTE,MO,63703-7511,Public       ,6,34,40,363,697,1060
00638900,BARNES JEWISH COLLEGE OF NURSING AND ALL,MO,63110-1091,Private      ,7,26,33,637,1310,1947
00639200,RESEARCH COLLEGE OF NURSING             ,MO,64132-1199,Proprietary  ,0,19,19,150,416,566
00639201,RESEARCH MEDICAL CENTER - COLLEGE OF NUR,MO,64132-1199,Proprietary  ,1,7,8,65,225,290
00639202,RESEARCH MED CTR SCHL OF RAD TECH       ,MO,64132-0000,Proprietary  ,0,0,0,18,95,113
00666600,LUTHERAN  SCHOOL OF NURSING             ,MO,63118-3909,Proprietary  ,1,14,15,117,514,631
00732923,ITT TECHNICAL INSTITUTE                 ,MO,63045-1122,Proprietary  ,78,434,512,777,3844,4621
00754000,MISSOURI BAPTIST UNIVERSITY             ,MO,63141-8698,Private      ,25,121,146,1992,2808,4800
00808000,STATE FAIR COMMUNITY COLLEGE            ,MO,65301-0000,Public       ,91,273,364,2810,3875,6685
00826900,HILLYARD TECHNICAL CENTER               ,MO,64506-0000,Public       ,4,18,22,185,342,527
00855200,STEVENS INSTITUTE OF BUSINESS & ARTS    ,MO,63103-0000,Proprietary  ,3,14,17,122,289,411
00860600,TRI-COUNTY TECHNICAL SCHOOL             ,MO,65026-0000,Public       ,0,0,0,5,16,21
00886200,EAST CENTRAL COLLEGE                    ,MO,63084-0529,Public       ,56,106,162,2228,2529,4757
00908900,HANNIBAL-LAGRANGE COLLEGE               ,MO,63401-1999,Private      ,6,27,33,882,631,1513
00952000,NATIONAL ACADEMY OF BEAUTY ARTS         ,MO,63128-1307,Proprietary  ,10,22,32,114,321,435
00959000,INDEPENDENCE COLLEGE OF COSMETOLOGY     ,MO,64055-1105,Proprietary  ,2,8,10,55,132,187
00960700,HOUSE OF HEAVILIN BEAUTY COLLEGE        ,MO,64110-2826,Proprietary  ,2,14,16,42,163,205
00978200,SAINT LUKE'S COLLEGE OF HEALTH SCIENCES ,MO,64114-3237,Private      ,1,18,19,279,638,917
00979500,MISSOURI COLLEGE                        ,MO,63144-2901,Proprietary  ,21,93,114,287,767,1054
01014814,COLORADO TECHNL UNIV NORTH KANSAS CITY  ,MO,64116-3614,Proprietary  ,0,0,0,40,211,251
01027900,HICKEY COLLEGE                          ,MO,63146-0000,Proprietary  ,29,30,59,613,467,1080
01040500,PINNACLE CAREER INSTITUTE               ,MO,64131-3367,Proprietary  ,26,256,282,187,1809,1996
01040501,PINNACLE CAREER INSTITUTE - NORTH KANSAS,MO,64153-1151,Proprietary  ,3,29,32,84,421,505
01050303,WICHITA TECHNICAL INSTITUTE - WTI JOPLIN,MO,64801-2970,Proprietary  ,6,35,41,54,401,455
01102600,WARRENSBURG AREA VOC TECH SCH           ,MO,64093-0000,Public       ,0,3,3,53,119,172
01173500,PIKE/LINCOLN TECHNICAL CENTER           ,MO,63344-0000,Public       ,0,2,2,36,69,105
01250000,RANKEN TECHNICAL COLLEGE                ,MO,63113-2811,Private      ,40,99,139,1695,2312,4007
01258000,ST LOUIS CHRISTIAN COLLEGE              ,MO,63033-6499,Private      ,2,9,11,149,212,361
01320800,BAPTIST BIBLE COLLEGE                   ,MO,65803-3498,Private      ,3,13,16,309,288,597
02056100,FOUR RIVERS CAREER CENTER               ,MO,63090-0000,Public       ,0,1,1,23,78,101
02068200,COX HEALTH - COX COLLEGE                ,MO,65802-0000,Private      ,9,44,53,435,1338,1773
02119200,COURT REPORTING INSTITUTE OF ST LOUIS   ,MO,63105-3329,Proprietary  ,0,36,36,43,413,456
02119204,COURT REPORTING INSTITUTE OF DALLAS - CO,MO,63105-3329,Proprietary  ,1,20,21,24,270,294
02121100,MIDWEST INSTITUTE                       ,MO,63122-0000,Proprietary  ,9,27,36,81,204,285
02124500,FRANKLIN TECHNOLOGY CENTER              ,MO,64801-0000,Public       ,1,13,14,114,482,596
02142200,LEX LA RAY TECHNICAL CENTER             ,MO,64067-0000,Public       ,1,2,3,32,89,121
02154900,MISSOURI SCH OF BARB & HAIR             ,MO,63031-0000,Proprietary  ,1,11,12,20,104,124
02164200,FOREST INSTITUTE OF PROFESSIONAL PSYCHOL,MO,65807-1445,Private      ,1,4,5,13,307,320
02165900,CHILLICOTHE BEAUTY ACADEMY              ,MO,64601-0000,Proprietary  ,0,1,1,9,26,35
02180200,METRO BUSINESS COLLEGE                  ,MO,63701-0000,Proprietary  ,7,56,63,136,760,896
02188000,NORTHWEST TECHNICAL SCHOOL              ,MO,64468-0000,Public       ,0,0,0,48,39,87
02188100,NORTHLAND CAREER CENTER                 ,MO,64079-8333,Public       ,0,1,1,24,72,96
02202700,OZARK CHRISTIAN COLLEGE                 ,MO,64801-0000,Private      ,9,2,11,745,248,993
02203400,NEVADA REGIONAL TECHNICAL CENTER        ,MO,64772-0000,Public       ,1,5,6,53,85,138
02205200,SANFORD-BROWN COLLEGE                   ,MO,63026-7305,Proprietary  ,1,10,11,31,151,182
02205203,SANFORD BROWN COLLEGE-ST. PETERS        ,MO,63376-5950,Proprietary  ,0,0,0,16,60,76
02214500,SALEM COLLEGE OF HAIRSTYLING            ,MO,65401-0000,Proprietary  ,4,4,8,26,54,80
02239200,ANTHEM COLLEGE                          ,MO,63043-0000,Proprietary  ,0,2,2,61,230,291
02239202,ANTHEM COLLEGE - METRO SOUTH            ,MO,63026-0000,Proprietary  ,0,0,0,86,240,326
02250600,EVEREST COLLEGE                         ,MO,65807-2446,Proprietary  ,4,71,75,143,770,913
02263106,ANTHEM COLLEGE - ANTHEM COLLEGE - KANSAS,MO,64114-3232,Proprietary  ,0,0,0,19,91,110
02263400,LAKE CAREER AND TECHNICAL CENTER        ,MO,65020-0000,Public       ,0,5,5,22,64,86
02266400,CENTRAL CHRISTIAN CLG OF THE BIBLE      ,MO,65270-0000,Private      ,2,8,10,236,171,407
02277500,HOUSE OF HEAVILIN BEAUTY COLLEGE        ,MO,64014-3953,Proprietary  ,7,17,24,62,144,206
02289200,COLUMBIA AREA CAREER CENTER             ,MO,65203-0000,Public       ,8,19,27,187,517,704
02295700,MISSOURI BEAUTY ACADEMY                 ,MO,63640-1827,Proprietary  ,2,11,13,50,116,166
02300105,EVEREST COLLEGE - EARTH CITY            ,MO,63045-1100,Proprietary  ,0,11,11,94,362,456
02304000,MISSOURI TECH                           ,MO,63303-3887,Proprietary  ,1,12,13,94,244,338
02309100,AMERICAN COLLEGE OF HAIR DESIGN         ,MO,65301-2144,Proprietary  ,2,6,8,26,73,99
02313000,CASS CAREER CENTER                      ,MO,64701-0000,Public       ,1,0,1,15,92,107
02340500,ST LOUIS COLLEGE OF HEALTH CAREERS      ,MO,63110-0000,Proprietary  ,14,84,98,359,1346,1705
02342100,CAREER & TECHNOLOGY CTR AT FT OSAGE     ,MO,64058-0000,Public       ,0,4,4,19,69,88
02361600,CONCORDE CAREER COLLEGE                 ,MO,64111-0000,Proprietary  ,41,163,204,413,1780,2193
02497500,CLINTON TECHNICAL SCHOOL                ,MO,64735-2966,Public       ,1,2,3,23,120,143
02520800,MERRELL UNIV OF BTY ARTS & SCIENCES     ,MO,65109-0000,Proprietary  ,7,13,20,101,209,310
02530600,SAINT CHARLES COMMUNITY COLLEGE         ,MO,63376-0975,Public       ,102,171,273,4696,3489,8185
02543800,PARIS II EDUCATIONAL CENTER (THE)       ,MO,64118-0000,Proprietary  ,4,14,18,50,157,207
02564700,ELAINE STEVEN BEAUTY COLLEGE            ,MO,63136-0000,Proprietary  ,11,31,42,115,331,446
02564702,ELAINE STEVEN BEAUTY COLLEGE - ADVANCE B,MO,63401-2269,Proprietary  ,0,1,1,14,18,32
02568500,GRABBER SCHOOL OF HAIR DESIGN           ,MO,63011-0000,Proprietary  ,17,16,33,142,172,314
02599700,VATTEROTT COLLEGE                       ,MO,63134-2900,Proprietary  ,57,247,304,507,2147,2654
02599701,VATTEROTT COLLEGE - KANSAS CITY         ,MO,64117-0000,Proprietary  ,22,163,185,217,1365,1582
02599702,VATTEROTT COLLEGE - SPRINGFIELD LOCATION,MO,65807-5340,Proprietary  ,21,114,135,190,1045,1235
02599703,VATTEROTT COLLEGE - JOPLIN              ,MO,64801-5033,Proprietary  ,10,76,86,112,744,856
02599705,VATTEROTT COLLEGE - SUNSET HILLS        ,MO,63127-1516,Proprietary  ,15,112,127,165,945,1110
02599712,VATTEROTT COLLEGE - O'FALLON            ,MO,63366-2748,Proprietary  ,16,91,107,171,702,873
02599714,VATTEROTT COLLEGE - EX'TREME INSTITUTE B,MO,63102-2115,Proprietary  ,14,63,77,352,861,1213
02608000,NEOSHO BEAUTY COLLEGE                   ,MO,64850-1525,Proprietary  ,1,5,6,21,42,63
02609202,VATTEROTT COLLEGE-ST JOSEPH             ,MO,64501-2911,Proprietary  ,5,60,65,79,439,518
02609203,VATTEROTT COLLEGE - L'ECOLE CULINAIRE   ,MO,63124-1103,Proprietary  ,14,65,79,144,561,705
02609206,VATTEROTT COLLEGE - L'ECOLE CULINAIRE   ,MO,64112-2110,Proprietary  ,11,83,94,91,496,587
02611004,HERITAGE COLLEGE-KANSAS CITY            ,MO,64131-4203,Proprietary  ,14,89,103,234,916,1150
03042400,LEBANON TECHNOLOGY & CAREER CENTER      ,MO,65536-3296,Public       ,0,0,0,46,49,95
03066300,BRYAN CAREER COLLEGE                    ,MO,65806-2507,Proprietary  ,7,103,110,96,821,917
03066303,BRYAN COLLEGE - COLUMBIA                ,MO,65201-8248,Proprietary  ,5,30,35,106,415,521
03068600,SPECIAL SCHOOL DISTRICT OF ST. LOUIS CO.,MO,63127-1324,Public       ,9,52,61,64,507,571
03070200,CENTRAL COLLEGE OF COSMETOLOGY          ,MO,65583-0000,Proprietary  ,1,15,16,39,110,149
03070900,SE MO HOSP CLG NURSING & HEALTH SCI     ,MO,63703-4507,Private      ,2,10,12,194,514,708
03072800,DALLAS COUNTY CAREER CENTER             ,MO,65685-9152,Public       ,0,0,0,0,1,1
03077200,COSMETOLOGY CONCEPTS INSTITUTE          ,MO,65202-1972,Proprietary  ,4,8,12,69,158,227
03083000,OZARKS TECHNICAL COMMUNITY COLLEGE      ,MO,65802-3601,Public       ,187,531,718,8634,12587,21221
03092600,MESSENGER COLLEGE                       ,MO,64804-0000,Private      ,7,12,19,128,104,232
03097600,ST LOUIS HAIR ACADEMY                   ,MO,63107-1737,Proprietary  ,2,9,11,59,162,221
03101000,NEW DIMENSION SCHOOL OF HAIR DESIGN     ,MO,64801-5017,Proprietary  ,2,9,11,27,103,130
03106000,MISSOURI STATE UNIVERSITY - WEST PLAINS ,MO,65775-2715,Public       ,35,51,86,1399,1487,2886
03110900,HOUSE OF HEAVILIN BEAUTY COLLEGE        ,MO,64083-9195,Proprietary  ,5,2,7,29,42,71
03174300,HERNDON CAREER CENTER                   ,MO,64138-2695,Public       ,0,0,0,7,6,13
03519300,MISSOURI COLLEGE OF COSMETOLOGY NORTH   ,MO,65803-0000,Proprietary  ,1,18,19,87,220,307
03579300,TEXAS COUNTY TECHNICAL INSTITUTE        ,MO,65483-2700,Private      ,1,10,11,39,263,302
03616300,AVIATION INSTITUTE OF MAINTENANCE       ,MO,64129-1811,Proprietary  ,11,70,81,79,424,503
03878300,PROFESSIONAL MASSAGE TRAINING CENTER    ,MO,65803-2939,Proprietary  ,2,9,11,28,148,176
03916300,ECLIPS SCHOOL OF COSMETOLOGY AND BARBERI,MO,63703-5809,Proprietary  ,1,25,26,63,240,303
03924300,HAIR ACADEMY 110 (THE)                  ,MO,63501-2915,Proprietary  ,1,2,3,9,26,35
03970400,WELLSPRING SCHOOL OF ALLIED HEALTH      ,MO,64114-3313,Proprietary  ,13,49,62,78,334,412
04037500,ACADEMY OF HAIR DESIGN                  ,MO,65804-2303,Proprietary  ,6,37,43,94,355,449
04051329,ART INSTITUTE OF PHOENIX (THE) - BROWN M,MO,63026-2564,Proprietary  ,0,5,5,116,226,342
04118700,AMERICAN COLLEGE OF TECHNOLOGY          ,MO,64506-2006,Proprietary  ,2,25,27,33,688,721
04119100,CITY VISION COLLEGE                     ,MO,64141-3188,Private      ,1,14,15,20,156,176
04122300,GRANTHAM UNIVERSITY                     ,MO,64153-2262,Proprietary  ,59,1151,1210,745,15155,15900
04130300,VICTORY TRADE SCHOOL                    ,MO,65803-2754,Private      ,0,0,0,15,63,78
04130600,"CENTER FOR HEALING ARTS (THE), LLC      ",MO,63143-2103,Proprietary  ,2,13,15,32,197,229
04133300,TREND SETTERS SCHOOL OF COSMETOLOGY     ,MO,63702-7607,Proprietary  ,2,13,15,54,122,176
04145200,TRANSFORMED BARBER AND COSMETOLOGY ACADE,MO,64137-1207,Proprietary  ,2,18,20,57,235,292
04145700,THE SYSTEM A PAUL MITCHELL PARTNER SCHL ,MO,65807-5969,Proprietary  ,5,26,31,115,219,334
04146100,URSHAN GRADUATE SCHOOL OF THEOLOGY      ,MO,63031-7526,Private      ,1,1,2,40,50,90
04152200,CARTHAGE R-9 SCHOOL DISTRICT/CARTHAGE TE,MO,64836-1332,Public       ,0,1,1,16,66,82
04170600,SALON PROFESSIONAL ACADEMY (THE)        ,MO,63301-1021,Proprietary  ,7,14,21,57,133,190
04170700,PAUL MITCHELL THE SCHOOL ST LOUIS       ,MO,63108-1554,Proprietary  ,16,26,42,237,328,565
04173900,COSMETOLOGY COLLEGE OF FRANKLIN COUNTY  ,MO,63077-3448,Proprietary  ,0,3,3,17,39,56
04174000,SKIN INSTITUTE                          ,MO,63128-1307,Proprietary  ,4,14,18,40,116,156
04174800,AMERICAN TRADE SCHOOL                   ,MO,63074-1807,Proprietary  ,3,11,14,45,183,228
04179000,"SALON PROFESSIONAL ACADEMY, THE         ",MO,65616-7216,Proprietary  ,0,2,2,17,67,84
04184400,SEYMOUR BEAUTY ACADEMY                  ,MO,65746-8743,Proprietary  ,2,1,3,12,42,54
04187000,DONNA'S ACADEMY OF HAIR DESIGN          ,MO,64089-9042,Proprietary  ,3,4,7,27,28,55
04212100,ACADEMY OF SALON PROFESSIONALS          ,MO,65301-6910,Proprietary  ,1,5,6,26,85,111
04218400,CITY POINTE BEAUTY ACADEMY              ,MO,64870-2502,Proprietary  ,2,10,12,57,78,135
00314600,WESTERN OKLAHOMA STATE COLLEGE          ,OK,73521-1397,Public       ,31,82,113,630,1035,1665
00314700,BACONE COLLEGE                          ,OK,74403-1597,Private      ,13,33,46,1182,780,1962
00314900,SOUTHERN NAZARENE UNIVERSITY            ,OK,73008-2694,Private      ,17,133,150,1267,2272,3539
00315000,CAMERON UNIVERSITY                      ,OK,73505-6377,Public       ,40,163,203,2353,4393,6746
00315100,OKLAHOMA WESLEYAN UNIVERSITY            ,OK,74006-6299,Private      ,11,153,164,1102,1523,2625
00315200,UNIV OF CENTRAL OKLAHOMA                ,OK,73034-5209,Public       ,208,250,458,10711,8562,19273
00315300,CONNORS STATE COLLEGE                   ,OK,74469-2204,Public       ,36,84,120,1354,1755,3109
00315400,EAST CENTRAL UNIVERSITY                 ,OK,74820-6999,Public       ,62,102,164,2999,2737,5736
00315500,EASTERN OKLAHOMA STATE COLLEGE          ,OK,74578-4999,Public       ,24,64,88,924,1286,2210
00315600,REDLANDS COMMUNITY COLLEGE              ,OK,73036-5304,Public       ,24,53,77,845,1132,1977
00315700,LANGSTON UNIVERSITY                     ,OK,73050-0000,Public       ,65,87,152,3278,2307,5585
00315800,MURRAY STATE COLLEGE                    ,OK,73460-3137,Public       ,30,85,115,1304,1729,3033
00316000,NORTHEASTERN OKLAHOMA A & M COLLEGE     ,OK,74354-6497,Public       ,56,59,115,1943,1405,3348
00316100,NORTHEASTERN STATE UNIVERSITY           ,OK,74464-2399,Public       ,77,223,300,5464,6548,12012
00316200,NORTHERN OKLAHOMA COLLEGE               ,OK,74653-0310,Public       ,59,97,156,2008,2031,4039
00316300,NORTHWESTERN OKLAHOMA STATE UNIV        ,OK,73717-2799,Public       ,27,39,66,1552,1065,2617
00316400,OKLAHOMA BAPTIST UNIVERSITY             ,OK,74801-2590,Private      ,36,21,57,3085,585,3670
00316500,OKLAHOMA CHRISTIAN UNIVERSITY           ,OK,73131-0000,Private      ,21,46,67,2604,1135,3739
00316600,OKLAHOMA CITY UNIVERSITY                ,OK,73106-1493,Private      ,39,86,125,2839,3030,5869
00316700,UNIV OF SCIENCE & ARTS OF OKLAHOMA      ,OK,73018-5322,Public       ,11,12,23,837,494,1331
00316800,ROGERS STATE UNIVERSITY                 ,OK,74017-3252,Public       ,49,102,151,2853,3155,6008
00317000,OKLAHOMA STATE UNIVERSITY               ,OK,74078-1026,Public       ,299,242,541,20828,9203,30031
00317200,OKLAHOMA STATE UNIVERSITY-OKMULGEE      ,OK,74447-3901,Public       ,46,78,124,2086,2246,4332
00317400,OKLAHOMA PANHANDLE STATE UNIVERSITY     ,OK,73939-0000,Public       ,16,18,34,963,480,1443
00317600,CARL ALBERT STATE COLLEGE               ,OK,74953-5208,Public       ,31,87,118,1408,1940,3348
00317800,SEMINOLE STATE COLLEGE                  ,OK,74818-0351,Public       ,36,74,110,1037,1293,2330
00317900,SOUTHEASTERN OKLAHOMA STATE UNIV        ,OK,74701-0609,Public       ,45,107,152,2633,2828,5461
00318000,SOUTHWESTERN CHRISTIAN UNIVERSITY       ,OK,73008-2335,Private      ,10,40,50,505,728,1233
00318100,SOUTHWESTERN OKLAHOMA STATE UNIV        ,OK,73096-3098,Public       ,56,88,144,3485,2262,5747
00318101,SOUTHWESTERN OK STATE UNIV AT SAYRE     ,OK,73662-0000,Public       ,5,22,27,148,209,357
00318300,ST GREGORY'S UNIVERSITY                 ,OK,74804-2499,Private      ,3,32,35,548,453,1001
00318308,SAINT GREGORY'S UNIVERSITY - IPD TULSA  ,OK,74135-2499,Private      ,3,14,17,56,260,316
00318400,UNIVERSITY OF OKLAHOMA                  ,OK,73019-4078,Public       ,297,390,687,19827,11298,31125
00318401,UNIVERSITY OF OKLAHOMA-HLTH SCI CTR     ,OK,73190-0000,Public       ,9,90,99,893,3733,4626
00318500,UNIVERSITY OF TULSA                     ,OK,74104-3189,Private      ,57,59,116,4126,2265,6391
00398500,ORAL ROBERTS UNIVERSITY                 ,OK,74171-0001,Private      ,46,105,151,3175,2202,5377
00531100,TULSA COUNTY AREA VOC TECH SCHOOL       ,OK,74145-0000,Public       ,24,91,115,720,1983,2703
00531200,RED RIVER TECHNOLOGY CENTER             ,OK,73533-2700,Public       ,2,5,7,49,187,236
00533900,METRO TECHNOLOGY CENTERS SCH DIST22     ,OK,73111-0000,Public       ,10,90,100,294,1297,1591
00533903,METRO TECHNOLOGY CENTERS SCH DIST22     ,OK,73129-0000,Public       ,2,55,57,161,849,1010
00694200,MID-AMERICA CHRISTIAN UNIVERSITY        ,OK,73170-4504,Private      ,18,231,249,604,3442,4046
00767800,SPARTAN COLLEGE OF AERONAUTICS AND TECHN,OK,74115-5800,Proprietary  ,40,66,106,915,868,1783
00791100,VIRGILS BEAUTY COLLEGE                  ,OK,74401-6802,Proprietary  ,1,12,13,24,76,100
00834300,AUTRY TECHNOLOGY CENTER                 ,OK,73703-2598,Public       ,2,15,17,121,306,427
00861900,TRI COUNTY TECHNOLOGY CENTER            ,OK,74006-6029,Public       ,1,9,10,41,148,189
00918500,ROSE STATE COLLEGE                      ,OK,73110-2799,Public       ,92,345,437,3151,5752,8903
00920400,KIAMICHI TECHNOLOGY CENTER              ,OK,74578-0548,Public       ,13,82,95,346,1042,1388
00961800,TULSA WELDING SCHOOL                    ,OK,74104-0000,Proprietary  ,326,578,904,2114,2924,5038
00964700,"OKLAHOMA STATE UNIV, OKLA CITY          ",OK,73107-6159,Public       ,103,363,466,3550,7450,11000
00970800,EVES COLLEGE OF HAIRSTYLING             ,OK,73501-0000,Proprietary  ,2,17,19,39,163,202
00976300,TULSA COMMUNITY COLLEGE                 ,OK,74135-6198,Public       ,195,694,889,8719,13563,22282
00996300,CADDO KIOWA VOC TECH CENTER             ,OK,73038-0000,Public       ,4,32,36,80,324,404
00996400,CENTRAL OKLAHOMA AREA VOC TECH SCH      ,OK,74030-9613,Public       ,6,31,37,107,357,464
00996500,CANADIAN VALLEY TECHNOLOGY CENTER       ,OK,73036-9117,Public       ,5,25,30,116,376,492
00996800,GORDON COOPER TECHNOLOGY CENTER         ,OK,74804-9913,Public       ,7,24,31,128,476,604
01005300,INDIAN CAPITAL TECHNOLGY CENTER #4      ,OK,74403-9907,Public       ,16,50,66,282,715,997
01026600,HILLSDALE FREE WILL BAPTIST COLLEGE     ,OK,73153-0000,Private      ,3,12,15,223,115,338
01034200,SOUTHERN OKLAHOMA TECHNOLOGY CENTER     ,OK,73401-2100,Public       ,7,9,16,96,330,426
01039100,OKLAHOMA CITY COMMUNITY COLLEGE         ,OK,73159-4444,Public       ,223,657,880,5818,10368,16186
01050304,WTI TULSA CAMPUS                        ,OK,74112-3140,Proprietary  ,10,41,51,42,334,376
01071700,GREAT PLAINS TECHNOLOGY CENTER SCHOOL DI,OK,73505-8399,Public       ,11,44,55,211,766,977
01076200,WESTERN OK AREA VOC TECH SCH DIST12     ,OK,73624-1469,Public       ,3,6,9,53,135,188
01120600,PIONEER TECHNOLOGY CENTER               ,OK,74601-1106,Public       ,0,21,21,42,207,249
01128200,OKLAHOMA STATE UNV CLG OSTEOPTHC MD     ,OK,74107-0000,Public       ,7,15,22,170,820,990
01153700,MID-AMERICA TECHNOLOGY CENTER           ,OK,73095-0210,Public       ,0,3,3,30,135,165
01227200,MOORE-NORMAN TECHNOLOGY CENTER          ,OK,73069-8399,Public       ,9,45,54,305,1028,1333
02052700,NORTHEAST TECHNOLOGY CENTER             ,OK,74361-0487,Public       ,8,16,24,192,527,719
02060800,MERIDIAN TECHNOLOGY CENTER              ,OK,74074-0000,Public       ,4,10,14,191,345,536
02126500,ENID BEAUTY COLLEGE                     ,OK,73701-0000,Proprietary  ,5,4,9,30,60,90
02184400,SAND SPRINGS BEAUTY COLLEGE             ,OK,74063-0000,Proprietary  ,1,11,12,35,115,150
02197300,HOLLYWOOD COSMETOLOGY CENTER            ,OK,73189-0000,Proprietary  ,1,9,10,27,97,124
02222700,FRANCIS TUTTLE TECHNOLOGY CENTER        ,OK,73142-0000,Public       ,22,146,168,442,1868,2310
02238500,CENTRAL STATE BEAUTY ACADEMY            ,OK,73162-6007,Proprietary  ,9,37,46,96,381,477
02250900,E OK COUNTY AREA VO-TECH                ,OK,73020-0000,Public       ,0,4,4,54,97,151
02256200,"BROKEN ARROW BEAUTY COLLEGE, INC        ",OK,74012-0000,Proprietary  ,10,33,43,98,267,365
02282100,HIGH PLAINS AREA VOC-TECH               ,OK,73801-0000,Public       ,0,3,3,29,95,124
02306800,PLATT COLLEGE                           ,OK,74145-0000,Proprietary  ,27,158,185,316,1487,1803
02306811,PLATT COLLEGE - LAWTON                  ,OK,73501-3808,Proprietary  ,7,54,61,99,499,598
02510300,BEAUTY TECHNICAL COLLEGE                ,OK,74465-0000,Proprietary  ,0,4,4,24,56,80
02531200,WOODWARD BEAUTY COLLEGE                 ,OK,73801-0000,Proprietary  ,1,4,5,13,44,57
02554300,AMERICAN BEAUTY INSTITUTE               ,OK,74501-0000,Proprietary  ,0,0,0,10,26,36
02556500,YUKON BEAUTY COLLEGE                    ,OK,73099-4108,Proprietary  ,3,8,11,12,47,59
02560200,PHILLIPS THEOLOGICAL SEMINARY -         ,OK,74116-5612,Private      ,0,5,5,3,116,119
02581100,CLAREMORE BEAUTY COLLEGE                ,OK,74017-7034,Proprietary  ,1,8,9,15,48,63
02581200,CC'S COSMETOLOGY COLLEGE                ,OK,74129-0000,Proprietary  ,4,24,28,79,243,322
02591101,CAREER POINT INSTITUTE                  ,OK,74146-0000,Proprietary  ,2,27,29,80,393,473
02596501,ATI-CAREER TRAINING CENTER - OKLAHOMA CI,OK,73107-2442,Proprietary  ,0,4,4,9,108,117
02596502,ATI- CAREER TRAINING CENTER - OKLAHOMA C,OK,76101-2740,Proprietary  ,1,7,8,17,155,172
02597400,PONTOTOC TECHNOLOGY CENTER SCHOOL       ,OK,74820-8621,Public       ,1,7,8,64,193,257
02599706,VATTEROTT COLLEGE - TULSA               ,OK,74146-2205,Proprietary  ,4,50,54,79,462,541
02600000,NORTHWEST TECHNOLOG CTR SCH DIST 10     ,OK,73717-9600,Public       ,0,7,7,24,57,81
02600500,WES WATKINS TECHNOLOGY CENTER           ,OK,74883-9660,Public       ,2,4,6,33,141,174
02609205,VATTEROTT COLLEGE - OKLAHOMA CITY       ,OK,73127-2103,Proprietary  ,7,145,152,89,937,1026
03008700,SOUTHWEST TECHNOLOGY CENTER             ,OK,73521-1527,Public       ,2,17,19,60,196,256
03024700,STILLWATER BEAUTY ACADEMY               ,OK,74075-3467,Proprietary  ,1,5,6,35,74,109
03030700,OKLAHOMA SCHOOL OF PHOTOGRAPHY          ,OK,73160-3320,Proprietary  ,2,8,10,33,126,159
03030800,AMERICAN BROADCASTING SCHOOL            ,OK,73115-3334,Proprietary  ,2,31,33,37,286,323
03051100,CHISHOLM TRAIL TECHNOLOGY CENTER        ,OK,73764-6335,Public       ,1,6,7,17,77,94
03078500,TECH INST OF COSMETOLOGY ARTS & SCI     ,OK,74120-3610,Proprietary  ,1,8,9,32,114,146
03103800,SOUTHERN SCHOOL OF BEAUTY               ,OK,74701-5008,Proprietary  ,2,7,9,29,83,112
03109800,PONCA CITY BEAUTY COLLEGE               ,OK,74601-4201,Proprietary  ,1,5,6,14,47,61
03109801,BARTLESVILLE BEAUTY COLLEGE             ,OK,74003-2835,Proprietary  ,0,6,6,13,47,60
03115100,HERITAGE COLLEGE                        ,OK,73119-0000,Proprietary  ,29,150,179,279,1256,1535
03124901,IMAGINE -  PAUL MITCHELL PARTNER SCHOOL ,OK,73072-4831,Proprietary  ,8,18,26,132,255,387
03126200,GREEN COUNTRY AREA VOC TECH SCHOOL      ,OK,74447-1217,Public       ,7,21,28,63,214,277
03198400,MID-DEL AREA VOCATIONAL & TECH SCH      ,OK,73110-4825,Public       ,1,15,16,60,228,288
03329400,PRYOR BEAUTY COLLEGE                    ,OK,74361-0000,Proprietary  ,1,8,9,7,53,60
03329401,PRYOR BEAUTY COLLEGE - GROVE BEAUTY COLL,OK,74345-0009,Proprietary  ,0,3,3,6,34,40
03329402,PRYOR BEAUTY COLLEGE - NORTH EAST OKLAHO,OK,74338-0000,Proprietary  ,0,0,0,4,4,8
03367400,COMMUNITY CARE COLLEGE                  ,OK,74145-6420,Proprietary  ,68,280,348,592,2314,2906
03453400,SHAWNEE BEAUTY COLLEGE                  ,OK,74801-7014,Proprietary  ,1,8,9,9,69,78
03676300,FAMILY OF FAITH COLLEGE                 ,OK,74802-1805,Private      ,0,1,1,16,41,57
03831300,INSTITUTE OF HAIR DESIGN                ,OK,74804-0000,Proprietary  ,0,3,3,7,45,52
03928300,CENTRAL STATE MASSAGE ACADEMY           ,OK,73162-6007,Proprietary  ,4,15,19,29,160,189
04051324,ART INSTITUTE OF PHOENIX (THE) - BROWN M,OK,74146-5234,Proprietary  ,4,23,27,96,411,507
04060300,AMERICAN INSTITUTE OF MEDICAL TECHNOLOGY,OK,74146-5201,Proprietary  ,2,17,19,110,335,445
04133600,CUTTER'S EDGE SCHOOL OF COSMETOLOGY     ,OK,74023-2905,Proprietary  ,1,2,3,14,28,42
04144400,ACADEMY OF HAIR DESIGN (THE)            ,OK,73120-6808,Proprietary  ,4,20,24,61,220,281
04184300,PAUL MITCHELL THE SCHOOL ARDMORE        ,OK,73401-3912,Proprietary  ,2,9,11,27,82,109
04213600,RIVER VALLEY COSMETOLOGY INSTITUTE      ,OK,74953-5260,Proprietary  ,1,10,11,25,93,118
04224700,JB'S HAIR DESIGN AND BARBER COLLEGE     ,OK,73139-1602,Proprietary  ,4,34,38,44,196,240
04224900,COLLEGE OF THE MUSCOGEE NATION          ,OK,74447-0917,Public       ,9,17,26,140,226,366
04225100,COMANCHE NATION COLLEGE                 ,OK,73501-7434,Public       ,2,2,4,3,5,8
04240500,PAUL MITCHELL THE SCHOOL TULSA          ,OK,74134-1410,Proprietary  ,11,25,36,41,92,133
00163700,BETHANY THEOLOGICAL SEMINARY            ,IN,47374-0000,Private      ,0,0,0,3,65,68
00178400,ANCILLA COLLEGE-FINANCIAL AID OFFC      ,IN,46513-0001,Private      ,3,15,18,493,415,908
00178500,ANDERSON UNIVERSITY                     ,IN,46012-3495,Private      ,13,61,74,2748,1323,4071
00178600,BALL STATE UNIVERSITY                   ,IN,47306-0880,Public       ,206,296,502,24047,9446,33493
00178700,BETHEL COLLEGE INC                      ,IN,46545-5591,Private      ,14,72,86,1676,1546,3222
00178800,BUTLER UNIVERSITY                       ,IN,46208-3487,Private      ,59,78,137,9099,2566,11665
00178900,CHRISTIAN THEOLOGICAL SEMINARY          ,IN,46208-0000,Private      ,1,6,7,21,303,324
00179200,DEPAUW UNIVERSITY                       ,IN,46135-0037,Private      ,26,4,30,3473,210,3683
00179300,EARLHAM COLLEGE                         ,IN,47374-4095,Private      ,19,4,23,1587,184,1771
00179301,EARLHAM SCHOOL OF RELIGION              ,IN,47374-0000,Private      ,0,1,1,14,40,54
00179500,UNIVERSITY OF EVANSVILLE                ,IN,47722-0002,Private      ,32,32,64,3559,1003,4562
00179800,FRANKLIN COLLEGE OF INDIANA             ,IN,46131-2623,Private      ,21,13,34,2079,394,2473
00179900,GOSHEN COLLEGE                          ,IN,46526-4794,Private      ,6,16,22,943,595,1538
00180000,GRACE COLLEGE & THEO SEMINARY           ,IN,46590-1224,Private      ,13,34,47,2268,740,3008
00180100,HANOVER COLLEGE                         ,IN,47243-0108,Private      ,8,6,14,2328,153,2481
00180300,HUNTINGTON UNIVERSITY                   ,IN,46750-1299,Private      ,7,16,23,1402,576,1978
00180400,UNIVERSITY OF INDIANAPOLIS              ,IN,46227-3697,Private      ,76,193,269,7118,5854,12972
00180500,INDIANA INSTITUTE OF TECHNOLOGY         ,IN,46803-1297,Private      ,75,727,802,2912,9034,11946
00180700,INDIANA STATE UNIVERSITY                ,IN,47809-2501,Public       ,175,275,450,15612,8223,23835
00180800,UNIVERSITY OF SOUTHERN INDIANA          ,IN,47712-3596,Public       ,91,101,192,9216,4273,13489
00180900,INDIANA UNIVERSITY-BLOOMINGTON          ,IN,47405-7000,Public       ,312,325,637,36842,12388,49230
00181100,INDIANA UNIV-EAST                       ,IN,47374-1289,Public       ,23,78,101,2258,3211,5469
00181300,INDIANA UNIV-PURDUE UNIV INDPLS         ,IN,46202-5145,Public       ,242,638,880,25255,25332,50587
00181301,INDIANA UNIVERSITY - PURDUE UNIVERSITY I,IN,47203-1769,Public       ,30,84,114,2328,2362,4690
00181400,INDIANA UNIV KOKOMO                     ,IN,46902-3557,Public       ,34,73,107,2747,3016,5763
00181500,INDIANA UNIV-NORTHWEST                  ,IN,46408-1197,Public       ,54,182,236,4648,6087,10735
00181600,INDIANA UNIVERSITY - SOUTH BEND         ,IN,46615-0000,Public       ,68,138,206,5493,5893,11386
00181700,INDIANA UNIVERSITY-SOUTHEAST            ,IN,47150-6405,Public       ,59,150,209,4801,4470,9271
00182000,MANCHESTER UNIVERSITY                   ,IN,46962-1276,Private      ,19,5,24,2539,567,3106
00182100,MARIAN UNIVERSITY                       ,IN,46222-1997,Private      ,33,127,160,2644,3653,6297
00182200,INDIANA WESLEYAN UNIVERSITY             ,IN,46953-4974,Private      ,59,1318,1377,4606,18085,22691
00182300,ASSOCIATED MENNONITE BIBLICAL SEM       ,IN,46517-1999,Private      ,0,0,0,5,101,106
00182400,OAKLAND CITY UNIVERSITY                 ,IN,47660-1099,Private      ,5,57,62,581,761,1342
00182500,PURDUE UNIVERSITY                       ,IN,47907-2050,Public       ,248,238,486,35475,8678,44153
00182600,PURDUE UNIV NORTH CENTRAL CAMPUS        ,IN,46391-9542,Public       ,36,81,117,3315,2614,5929
00182700,PURDUE UNIV CALUMET                     ,IN,46323-2094,Public       ,87,279,366,5974,7303,13277
00182800,INDIANA UNIV-PURDUE UNIV FORT WAYNE     ,IN,46805-1499,Public       ,86,186,272,10439,8142,18581
00183000,ROSE HULMAN INSTITUTE OF TECHNOLOGY     ,IN,47803-3999,Private      ,19,11,30,3683,236,3919
00183200,UNIVERSITY OF SAINT FRANCIS             ,IN,46808-3994,Private      ,23,80,103,2545,2373,4918
00183300,ST JOSEPH'S COLLEGE                     ,IN,47978-0000,Private      ,7,6,13,1552,275,1827
00183400,CALUMET COLLEGE OF SAINT JOSEPH         ,IN,46394-2195,Private      ,6,41,47,654,901,1555
00183500,SAINT MARY-OF-THE-WOODS COLLEGE         ,IN,47876-0067,Private      ,4,56,60,451,1192,1643
00183600,ST MARY'S COLLEGE                       ,IN,46556-5007,Private      ,13,7,20,1988,113,2101
00183800,TAYLOR UNIVERSITY                       ,IN,46989-1001,Private      ,21,11,32,2519,344,2863
00183900,TRINE UNIVERSITY                        ,IN,46703-1764,Private      ,17,41,58,3144,1199,4343
00184000,UNIVERSITY OF NOTRE DAME                ,IN,46556-5602,Private      ,94,63,157,13381,3313,16694
00184200,VALPARAISO UNIVERSITY                   ,IN,46383-6493,Private      ,65,66,131,6121,2254,8375
00184300,VINCENNES UNIVERSITY                    ,IN,47591-1523,Public       ,115,305,420,7809,5459,13268
00184400,WABASH COLLEGE                          ,IN,47933-0352,Private      ,10,4,14,1499,98,1597
00457900,INTERNATIONAL BUSINESS COLLEGE          ,IN,46804-0000,Proprietary  ,10,17,27,726,455,1181
00457901,INTERNATIONAL BUSINESS COLLEGE          ,IN,46256-0000,Proprietary  ,13,31,44,741,647,1388
00625700,SAINT ELIZABETH SCHOOL OF NURSING       ,IN,47904-2198,Private      ,2,8,10,217,486,703
00638510,CHAMBERLAIN COLLEGE OF NURSING - INDIANA,IN,46240-2158,Proprietary  ,3,93,96,185,1545,1730
00726300,HOLY CROSS COLLEGE                      ,IN,46556-0308,Private      ,4,7,11,767,152,919
00727600,SAINT MEINRAD SCHOOL OF THEOLOGY        ,IN,47577-1002,Private      ,0,5,5,4,102,106
00732900,ITT TECHNICAL INSTITUTE                 ,IN,46268-1119,Proprietary  ,465,2743,3208,4151,21858,26009
00732933,ITT TECHNICAL INSTITUTE                 ,IN,46635-1512,Proprietary  ,13,75,88,359,1287,1646
00732962,ITT TECHNICAL INSTITUTE                 ,IN,47630-7430,Proprietary  ,68,509,577,820,4599,5419
00732968,ITT TECHNICAL INSTITUTE                 ,IN,46410-0000,Proprietary  ,10,81,91,294,1055,1349
00732993,ITT TECHNICAL INSTITUTE                 ,IN,46825-2393,Proprietary  ,80,298,378,969,3513,4482
00736200,MEDTECH COLLEGE                         ,IN,46250-3970,Proprietary  ,18,120,138,375,2273,2648
00736202,MEDTECH COLLEGE - GREENWOOD             ,IN,46143-6478,Proprietary  ,6,52,58,184,1005,1189
00736204,MEDTECH COLLEGE - FORT WAYNE            ,IN,46804-2209,Proprietary  ,9,83,92,270,1238,1508
00793800,LINCOLN COLLEGE OF TECHNOLOGY           ,IN,46202-0000,Proprietary  ,125,132,257,1940,1338,3278
00931306,DAYMAR COLLEGE - ROCKPORT               ,IN,47635-1506,Proprietary  ,0,0,0,5,19,24
00951500,J MICHAEL HARROLD BEAUTY ACADEMY        ,IN,47807-3390,Proprietary  ,5,15,20,75,203,278
00961200,"APEX SCHOOL OF BEAUTY CULTURE, INC      ",IN,46016-0000,Proprietary  ,2,1,3,25,80,105
00961300,MERRILLVILLE BEAUTY COLLEGE             ,IN,46410-3401,Proprietary  ,3,31,34,69,265,334
00967300,RUDAE'S SCHOOL OF BEAUTY CULTURE        ,IN,46825-5444,Proprietary  ,17,24,41,174,294,468
00977700,KAPLAN COLLEGE                          ,IN,46278-1736,Proprietary  ,0,0,0,66,365,431
00977702,KAPLAN COLLEGE - TEMPORARY FACILITY EXPA,IN,46268-4111,Proprietary  ,0,0,0,2,8,10
00991700,IVY TECH COMMUNITY COLLEGE OF INDIANA   ,IN,46208-1763,Public       ,1206,4752,5958,46054,100256,146310
01015100,VINCENNES BEAUTY COLLEGE                ,IN,47591-1297,Proprietary  ,7,5,12,110,130,240
01040900,LAFAYETTE BEAUTY ACADEMY                ,IN,47901-1149,Proprietary  ,6,22,28,101,242,343
01048900,NATIONAL COLLEGE                        ,IN,46250-1930,Proprietary  ,2,24,26,53,514,567
01048910,NATIONAL COLLEGE - SOUTH BEND           ,IN,46617-3123,Proprietary  ,3,38,41,89,534,623
01048911,NATIONAL COLLEGE - FORT WAYNE           ,IN,46826-4905,Proprietary  ,1,14,15,56,346,402
01061800,MID-AMERICA CLG FUNERAL SERVICE         ,IN,47130-9990,Private      ,3,9,12,62,147,209
01150500,CREATIVE HAIR STYLING ACADEMY           ,IN,46322-1554,Proprietary  ,13,43,56,128,287,415
02084800,RAVENSCROFT BEAUTY COLLEGE              ,IN,46815-0000,Proprietary  ,17,28,45,139,321,460
02087600,CONCORDIA THEOLOGICAL SEMINARY          ,IN,46825-0000,Private      ,0,7,7,13,223,236
02100402,EVEREST INSTITUTE - EVEREST COLLEGE     ,IN,46410-7064,Proprietary  ,2,25,27,279,1122,1401
02140800,MARTIN UNIVERSITY                       ,IN,46218-0000,Private      ,8,50,58,199,1366,1565
02158400,HARRISON COLLEGE                        ,IN,46204-2611,Proprietary  ,57,351,408,721,4121,4842
02158401,HARRISON COLLEGE - COLUMBUS             ,IN,47203-1843,Proprietary  ,6,64,70,174,742,916
02158402,HARRISON COLLEGE - LAFAYETTE            ,IN,47905-4859,Proprietary  ,12,68,80,208,788,996
02158405,HARRISON COLLEGE - TERRE HAUTE          ,IN,47802-0000,Proprietary  ,13,81,94,155,844,999
02158407,HARRISON COLLEGE - ANDERSON             ,IN,46013-0000,Proprietary  ,6,78,84,152,803,955
02158409,HARRISON COLLEGE - EVANSVILLE           ,IN,47715-3901,Proprietary  ,12,55,67,200,670,870
02158410,HARRISON COLLEGE - EAST                 ,IN,46239-8903,Proprietary  ,16,100,116,309,1469,1778
02158412,HARRISON COLLEGE - FORT WAYNE           ,IN,46825-0000,Proprietary  ,6,63,69,162,834,996
02158413,HARRISON COLLEGE - NORTHWEST            ,IN,46278-0000,Proprietary  ,12,23,35,239,546,785
02158415,HARRISON COLLEGE - MUNCIE               ,IN,47303-0000,Proprietary  ,4,19,23,114,289,403
02158416,HARRISON COLLEGE - ELKHART              ,IN,46516-0000,Proprietary  ,4,35,39,74,404,478
02158800,DON ROBERTS BEAUTY SCHOOLS              ,IN,46383-0000,Proprietary  ,1,4,5,38,99,137
02164300,DON ROBERTS SCHOOL OF HAIR DESIGN       ,IN,46375-9999,Proprietary  ,2,14,16,30,97,127
02180108,ROSS MEDICAL EDUCATION CENTER -         ,IN,46530-4479,Proprietary  ,5,15,20,48,222,270
02201800,KAPLAN COLLEGE                          ,IN,46324-3347,Proprietary  ,25,93,118,252,974,1226
02201806,KAPLAN COLLEGE - SOUTHEAST INDIANAPOLIS ,IN,46227-1493,Proprietary  ,39,203,242,437,2011,2448
02241700,PJ'S COLLEGE OF COSMETOLOGY             ,IN,47129-0000,Proprietary  ,4,18,22,61,208,269
02245505,FORTIS COLLEGE - INDIANAPOLIS CAMPUS    ,IN,46268-0000,Proprietary  ,4,40,44,85,617,702
02302700,J EVERETT LIGHT CAREER CENTER           ,IN,46240-0000,Public       ,0,0,0,70,387,457
02304800,PJ'S COLLEGE OF COSMETOLOGY             ,IN,47374-0000,Proprietary  ,1,11,12,49,136,185
02308900,MASTER'S OF COSMETOLOGY COLLEGE         ,IN,46809-0000,Proprietary  ,3,7,10,147,215,362
02339600,ROGER'S ACADEMY OF HAIR DESIGN          ,IN,47712-0000,Proprietary  ,6,27,33,87,232,319
02351300,KNOX BEAUTY COLLEGE                     ,IN,46534-0000,Proprietary  ,1,3,4,18,46,64
02490500,HAIR FASHIONS BY KAYE BEAUTY CLG        ,IN,46250-0000,Proprietary  ,2,34,36,111,411,522
02490800,HAIR FASHIONS BY KAYE BEAUTY CLG        ,IN,46060-0000,Proprietary  ,5,7,12,60,95,155
02607000,HAIR ARTS ACADEMY                       ,IN,47404-2419,Proprietary  ,5,14,19,74,156,230
02615800,COLLEGE OF COURT REPORTING              ,IN,46342-5969,Proprietary  ,2,21,23,32,345,377
03100600,MARION COMM TUCKER AREA VOC SCHOOL      ,IN,46952-3831,Public       ,0,0,0,40,134,174
03176300,AVIATION INSTITUTE OF MAINTENANCE       ,IN,46241-1445,Proprietary  ,11,54,65,141,445,586
03456700,CROSSROADS BIBLE COLLEGE                ,IN,46219-4912,Private      ,1,23,24,71,471,542
03538300,ALEXANDRIA SCH OF SCIENTIFIC THERAP     ,IN,46001-0287,Proprietary  ,0,3,3,22,95,117
04038700,IDEAL BEAUTY ACADEMY                    ,IN,47130-4215,Proprietary  ,1,5,6,24,103,127
04051304,ART INSTITUTE OF PHOENIX (THE) - ART  IN,IN,46268-1170,Proprietary  ,26,88,114,1229,1312,2541
04051311,ART INSTITUTE OF PHOENIX (THE) - BROWN M,IN,46410-5608,Proprietary  ,6,58,64,214,853,1067
04051312,ART INSTITUTE OF PHOENIX (THE) - BROWN M,IN,46360-7362,Proprietary  ,0,8,8,68,284,352
04051318,ART INSTITUTE OF PHOENIX (THE) - BROWN M,IN,46204-1017,Proprietary  ,18,143,161,346,1900,2246
04051321,ART INSTITUTE OF PHOENIX (THE) - BROWN M,IN,46635-1176,Proprietary  ,6,54,60,170,754,924
04051322,ART INSTITUTE OF PHOENIX (THE) - BROWN M,IN,46805-0000,Proprietary  ,14,55,69,252,925,1177
04100300,SUCCESS SCHOOLS                         ,IN,46410-5310,Proprietary  ,8,24,32,103,296,399
04121000,TECHSKILLS - INDIANAPOLIS               ,IN,46240-4302,Proprietary  ,18,135,153,161,884,1045
04130900,HONORS BEAUTY COLLEGE                   ,IN,46256-3317,Proprietary  ,3,29,32,115,374,489
04155900,AVEDA FREDRIC'S INSTITUTE               ,IN,46250-4746,Proprietary  ,8,25,33,198,320,518
04166700,REM SPA INC                             ,IN,46013-3136,Proprietary  ,1,20,21,64,187,251
04171700,AVANT GARD THE SCHOOL                   ,IN,46214-6500,Proprietary  ,2,7,9,34,98,132
04172700,SALON PROFESSIONAL ACADEMY (THE)        ,IN,47715-7822,Proprietary  ,9,23,32,150,231,381
04184000,PAUL MITCHELL THE SCHOOL INDIANAPOLIS   ,IN,46227-6252,Proprietary  ,12,35,47,208,407,615
04186600,SALON PROFESSIONAL ACADEMY (THE)        ,IN,46901-6248,Proprietary  ,7,22,29,96,188,284
04205500,LIL LOU'S BARBER COLLEGE                ,IN,46409-2645,Proprietary  ,5,36,41,49,245,294
04230300,EXCEL ACADEMIES OF COSMETOLOGY - MERRILL,IN,46410-5540,Proprietary  ,3,7,10,57,87,144
00190100,ALLEN COUNTY COMMUNITY COLLEGE          ,KS,66749-1607,Public       ,43,80,123,1132,1525,2657
00190200,COWLEY COUNTY COMMUNITY COLLEGE & AREA V,KS,67005-2662,Public       ,39,132,171,1698,2516,4214
00190300,BAKER UNIVERSITY                        ,KS,66006-0065,Private      ,11,185,196,1447,2294,3741
00190400,BETHANY COLLEGE                         ,KS,67456-1897,Private      ,11,4,15,986,151,1137
00190500,BETHEL COLLEGE                          ,KS,67117-8061,Private      ,8,10,18,802,186,988
00190600,BUTLER COUNTY COMMUNITY COLLEGE         ,KS,67042-3280,Public       ,115,295,410,4580,5515,10095
00190700,CENTRAL BAPTIST THEOLOGY SEMINARY       ,KS,66226-3513,Private      ,0,2,2,1,70,71
00190800,CENTRAL CHRISTIAN COLLEGE OF KANSAS     ,KS,67460-5799,Private      ,8,187,195,464,1121,1585
00190900,CLOUD COUNTY COMMUNITY COLLEGE          ,KS,66901-1002,Public       ,21,72,93,797,1134,1931
00191000,COFFEYVILLE COMMUNITY COLLEGE           ,KS,67337-5064,Public       ,51,29,80,1045,573,1618
00191100,COLBY COMMUNITY COLLEGE                 ,KS,67701-4099,Public       ,11,36,47,709,531,1240
00191300,DODGE CITY COMMUNITY COLLEGE            ,KS,67801-2399,Public       ,23,42,65,1043,800,1843
00191400,DONNELLY COLLEGE                        ,KS,66102-4298,Private      ,12,55,67,402,718,1120
00191500,FORT HAYS STATE UNIVERSITY              ,KS,67601-4099,Public       ,52,289,341,4751,7273,12024
00191600,FORT SCOTT COMMUNITY COLLEGE            ,KS,66701-3199,Public       ,36,36,72,1259,981,2240
00191700,BARCLAY COLLEGE                         ,KS,67059-0288,Private      ,6,7,13,166,147,313
00191800,FRIENDS UNIVERSITY                      ,KS,67213-3397,Private      ,16,124,140,1396,2255,3651
00191900,GARDEN CITY COMMUNITY COLLEGE           ,KS,67846-6398,Public       ,69,62,131,1185,751,1936
00192000,HESSTON COLLEGE                         ,KS,67062-2093,Private      ,5,5,10,474,175,649
00192100,HIGHLAND COMMUNITY COLLEGE              ,KS,66035-4062,Public       ,37,60,97,1379,1467,2846
00192300,HUTCHINSON COMMUNITY COLLEGE            ,KS,67501-5894,Public       ,89,172,261,2379,2869,5248
00192400,INDEPENDENCE COMMUNITY COLLEGE          ,KS,67301-0708,Public       ,32,21,53,721,438,1159
00192500,KANSAS CITY KANSAS COMMUNITY CLG        ,KS,66112-9978,Public       ,71,276,347,2325,5382,7707
00192600,PITTSBURG STATE UNIVERSITY              ,KS,66762-7500,Public       ,64,97,161,5717,3073,8790
00192700,EMPORIA STATE UNIVERSITY                ,KS,66801-5415,Public       ,46,114,160,3726,3053,6779
00192800,KANSAS STATE UNIVERSITY                 ,KS,66506-1104,Public       ,174,220,394,17679,7531,25210
00192900,KANSAS WESLEYAN UNIVERSITY              ,KS,67401-6196,Private      ,16,14,30,979,381,1360
00193000,LABETTE COMMUNITY COLLEGE               ,KS,67357-4299,Public       ,14,47,61,676,916,1592
00193100,MANHATTAN CHRISTIAN COLLEGE             ,KS,66502-4081,Private      ,1,5,6,334,130,464
00193300,MCPHERSON COLLEGE                       ,KS,67460-3899,Private      ,6,6,12,837,223,1060
00193600,NEOSHO COUNTY COMMUNITY COLLEGE         ,KS,66720-2699,Public       ,12,62,74,850,1239,2089
00193700,OTTAWA UNIVERSITY                       ,KS,66067-3399,Private      ,22,224,246,1126,2849,3975
00193800,PRATT COMMUNITY COLLEGE                 ,KS,67124-8432,Public       ,6,47,53,691,839,1530
00193900,NEWMAN UNIVERSITY                       ,KS,67213-2084,Private      ,18,76,94,1467,1804,3271
00194000,SOUTHWESTERN COLLEGE                    ,KS,67156-2499,Private      ,9,110,119,845,1435,2280
00194300,UNIVERSITY OF ST MARY                   ,KS,66048-5023,Private      ,8,47,55,764,1014,1778
00194500,STERLING COLLEGE                        ,KS,67579-1533,Private      ,9,8,17,982,194,1176
00194600,TABOR COLLEGE                           ,KS,67063-1799,Private      ,6,14,20,886,312,1198
00194800,UNIVERSITY OF KANSAS                    ,KS,66045-7535,Public       ,223,298,521,19677,10825,30502
00194900,WASHBURN UNIVERSITY                     ,KS,66621-1110,Public       ,51,122,173,3805,4203,8008
00194901,WASHBURN INSTITUTE OF TECHNOLOGY        ,KS,66604-2199,Public       ,9,50,59,463,1087,1550
00195000,WICHITA STATE UNIVERSITY                ,KS,67208-0000,Public       ,115,339,454,8927,8860,17787
00460800,BARTON COUNTY COMMUNITY COLLEGE         ,KS,67530-9283,Public       ,29,214,243,1050,2802,3852
00526400,FLINT HILLS TECHNICAL COLLEGE           ,KS,66801-5999,Public       ,6,6,12,347,494,841
00526500,NORTH CENTRAL KANSAS TECH COLG          ,KS,67420-0000,Public       ,4,13,17,422,379,801
00526700,NORTHWEST KANSAS TECHNICAL SCHOOL       ,KS,67735-3441,Public       ,2,4,6,323,115,438
00549800,WICHITA AREA TECHNICAL COLLEGE          ,KS,67211-2099,Public       ,62,213,275,967,3299,4266
00549900,SALINA AREA TECHNICAL COLLEGE           ,KS,67401-8195,Public       ,0,16,16,214,302,516
00550000,MANHATTAN AREA TECHNICAL COLLEGE        ,KS,66503-2499,Public       ,7,40,47,454,831,1285
00675500,BROWN MACKIE COLLEGE (THE)              ,KS,67401-7307,Proprietary  ,29,175,204,478,2001,2479
00703200,MID AMERICA NAZARENE UNIVERSITY         ,KS,66062-1899,Private      ,12,86,98,1095,1458,2553
00822800,SEWARD CO COMM CO/AREA TECHNICAL SCHOOL ,KS,67905-0000,Public       ,12,31,43,595,509,1104
00824400,JOHNSON COUNTY COMMUNITY COLLEGE        ,KS,66210-1299,Public       ,145,389,534,6454,8316,14770
00833200,MARINELLO SCHOOL OF BEAUTY              ,KS,66502-6082,Proprietary  ,1,20,21,46,119,165
00833201,MARINELLO SCHOOL OF BEAUTY - LAWRENCE   ,KS,66046-2743,Proprietary  ,5,8,13,43,96,139
00869423,RASMUSSEN COLLEGE - OVERLAND PARK       ,KS,66210-2786,Proprietary  ,5,25,30,26,231,257
00869424,RASMUSSEN COLLEGE - TOPEKA              ,KS,66606-2339,Proprietary  ,2,56,58,75,470,545
01025600,BENEDICTINE COLLEGE                     ,KS,66002-1499,Private      ,13,6,19,2549,203,2752
01043800,HASKELL INDIAN NATIONS UNIVERSITY       ,KS,66046-4800,Public       ,24,18,42,1139,750,1889
01050300,WICHITA TECHNICAL INSTITUTE             ,KS,67213-1927,Proprietary  ,14,112,126,229,1143,1372
01050302,WICHITA TECHNICAL INSTITUTE - WTI TOPEKA,KS,66609-1217,Proprietary  ,3,49,52,76,445,521
01050305,WICHITA TECHNICAL INSTITUTE - EAST CAMPU,KS,67208-4243,Proprietary  ,4,37,41,95,418,513
02090700,CLEVELAND CHIROPRACTIC COLLEGE          ,KS,66210-1613,Private      ,1,13,14,55,551,606
02134800,OLD TOWN BARBER AND BEAUTY COLLEGE      ,KS,67211-0000,Proprietary  ,4,20,24,48,185,233
02168900,KANSAS CITY COLLEGE & BIBLE SCHOOL      ,KS,66204-1975,Private      ,0,7,7,4,35,39
02257700,HAYS ACADEMY OF HAIR DESIGN             ,KS,67601-3685,Proprietary  ,4,7,11,69,73,142
02257702,HAYS ACADEMY OF HAIR DESIGN -           ,KS,67401-0000,Proprietary  ,5,5,10,41,80,121
02340700,LABARON HAIRDRESSING ACADEMY            ,KS,66204-0000,Proprietary  ,1,6,7,16,49,65
02590900,WRIGHT CAREER COLLEGE                   ,KS,66212-0000,Private      ,39,285,324,403,3309,3712
02599709,VATTEROTT COLLEGE - WICHITA             ,KS,67226-1304,Proprietary  ,2,56,58,98,581,679
02603100,XENON INTERNATIONAL ACADEMY             ,KS,67203-5428,Proprietary  ,4,23,27,147,294,441
02606300,PAUL MITCHELL THE SCHOOL WICHITA        ,KS,67226-2803,Proprietary  ,8,18,26,153,231,384
02611005,HERITAGE COLLEGE - WICHITA              ,KS,67210-1879,Proprietary  ,26,95,121,206,780,986
02613000,PINNACLE CAREER INSTITUTE               ,KS,66046-2703,Proprietary  ,6,33,39,72,334,406
03031300,XENON INTERNATIONAL ACADEMY IV          ,KS,66061-3765,Proprietary  ,0,0,0,15,35,50
03066200,BRYAN COLLEGE                           ,KS,66604-2496,Proprietary  ,4,32,36,51,284,335
03450300,MARINELLO SCHOOL OF BEAUTY              ,KS,66611-1101,Proprietary  ,8,30,38,52,176,228
03450301,MARINELLO SCHOOL OF BEAUTY - WICHITA    ,KS,67207-5148,Proprietary  ,2,18,20,46,172,218
03450302,MARINELLO SCHOOL OF BEAUTY - OVERLAND PA,KS,66212-5451,Proprietary  ,6,26,32,94,248,342
03529300,SIDNEY'S HAIRDRESSING COLLEGE           ,KS,67501-7094,Proprietary  ,2,6,8,27,42,69
04132900,Z HAIR ACADEMY                          ,KS,66046-4040,Proprietary  ,4,10,14,77,96,173
04162700,ERIC FISHER ACADEMY                     ,KS,67212-3376,Proprietary  ,10,32,42,189,256,445
04175700,ACADEMY OF AESTHETIC ARTS               ,KS,66203-3502,Proprietary  ,0,0,0,10,39,49
04179600,ENTOURAGE INSTITUTE OF BEAUTY AND ESTHET,KS,66215-3803,Proprietary  ,4,13,17,46,147,193
04205300,MITSU SATO HAIR ACADEMY                 ,KS,66212-1457,Proprietary  ,1,5,6,17,56,73
04209300,PAUL MITCHELL THE SCHOOL - OVERLAND PARK,KS,66212-4050,Proprietary  ,5,17,22,149,194,343
00203300,UNIVERSITY OF MAINE-PRESQUE ISLE        ,ME,04769-2888,Public       ,9,19,28,863,588,1451
00203600,BATES COLLEGE                           ,ME,04240-6028,Private      ,18,4,22,3060,132,3192
00203800,BOWDOIN COLLEGE                         ,ME,04011-8451,Private      ,20,2,22,3930,125,4055
00203900,COLBY COLLEGE                           ,ME,04901-8841,Private      ,27,9,36,3005,109,3114
00204000,UNIVERSITY OF MAINE-FARMINGTON          ,ME,04938-1990,Public       ,9,13,22,2511,588,3099
00204100,UNIVERSITY OF MAINE-FORT KENT           ,ME,04743-1292,Public       ,11,31,42,746,646,1392
00204300,HUSSON UNIVERSITY                       ,ME,04401-2999,Private      ,19,52,71,3060,1695,4755
00204400,MAINE MARITIME ACADEMY                  ,ME,04420-0001,Public       ,6,2,8,1308,184,1492
00205000,UNIVERSITY OF NEW ENGLAND               ,ME,04005-9599,Private      ,26,164,190,4778,5343,10121
00205100,SAINT JOSEPH'S COLLEGE                  ,ME,04084-5236,Private      ,4,114,118,1771,1716,3487
00205200,THOMAS COLLEGE                          ,ME,04901-5097,Private      ,7,10,17,1161,348,1509
00205300,UNIVERSITY OF MAINE                     ,ME,04469-0001,Public       ,102,64,166,14032,3034,17066
00205400,UNIVERSITY OF SOUTHERN MAINE            ,ME,04104-0000,Public       ,55,130,185,6460,5709,12169
00205500,UNIVERSITY OF MAINE-MACHIAS             ,ME,04654-1397,Public       ,2,15,17,555,404,959
00458615,KAPLAN UNIVERSITY - PORTLAND            ,ME,04106-2415,Proprietary  ,9,83,92,154,1122,1276
00458616,KAPLAN UNIVERSITY - LEWISTON            ,ME,04240-0000,Proprietary  ,10,111,121,117,1084,1201
00458617,KAPLAN UNIVERSITY - AUGUSTA             ,ME,04330-8038,Proprietary  ,14,100,114,159,1102,1261
00520400,BEAL COLLEGE                            ,ME,04401-6896,Proprietary  ,6,48,54,276,766,1042
00527600,CENTRAL MAINE COMMUNITY COLLEGE         ,ME,04210-6498,Public       ,29,65,94,1716,2262,3978
00527700,EASTERN MAINE COMMUNITY COLLEGE         ,ME,04401-4280,Public       ,31,65,96,1892,1983,3875
00552500,SOUTHERN MAINE COMMUNITY  COLLEGE       ,ME,04106-1698,Public       ,67,127,194,4014,4434,8448
00576000,NORTHERN MAINE COMMUNITY COLLEGE        ,ME,04769-2016,Public       ,12,18,30,506,602,1108
00630500,CENTRAL MAINE MEDICAL CENTER COLLEGE OF ,ME,04243-9986,Private      ,0,6,6,119,367,486
00676000,UNIVERSITY OF MAINE-AUGUSTA             ,ME,04330-9410,Public       ,21,113,134,1751,5263,7014
00685800,UNITY COLLEGE                           ,ME,04988-9502,Private      ,9,3,12,1014,125,1139
00903800,MR BERNARD'S SCH HAIR FASHION INC       ,ME,04243-1163,Proprietary  ,1,0,1,55,125,180
00923100,WASHINGTON COUNTY COMMUNITY COLLEGE     ,ME,04619-9704,Public       ,5,16,21,290,276,566
00945900,EMPIRE BEAUTY SCHOOL                    ,ME,04101-3348,Proprietary  ,59,222,281,701,1680,2381
00982600,KENNEBEC VALLEY  COMMUNITY  COLLEGE     ,ME,04937-1367,Public       ,19,87,106,994,1996,2990
01138500,COLLEGE OF THE ATLANTIC                 ,ME,04609-1105,Private      ,7,2,9,661,102,763
01167300,MAINE COLLEGE OF ART                    ,ME,04101-3987,Private      ,7,9,16,774,255,1029
02104400,SPA TECH INSTITUTE                      ,ME,04093-0000,Proprietary  ,19,75,94,206,555,761
02347100,NEW ENGLAND SCHOOL OF COMMUNICATIONS    ,ME,04401-0000,Private      ,0,4,4,434,122,556
02361300,LANDING SCHOOL OF BOATBUILDING & DESIGN ,ME,04046-1490,Private      ,1,0,1,37,55,92
03122900,YORK COUNTY COMMUNITY COLLEGE           ,ME,04090-0529,Public       ,24,41,65,835,1096,1931
03429300,SEACOAST CAREER SCHOOLS                 ,ME,04073-0000,Proprietary  ,22,98,120,118,558,676
03612300,BIRTHWISE MIDWIFERY SCHOOL              ,ME,04009-1110,Proprietary  ,1,3,4,11,86,97
04177400,CAPILO SCHOOL OF HAIR DESIGN            ,ME,04330-0000,Proprietary  ,4,23,27,80,159,239
04185100,NORTHEAST TECHNICAL INSTITUTE           ,ME,04074-0000,Proprietary  ,24,128,152,159,814,973
04188800,INSTITUTE FOR DOCTORAL STUDIES IN THE VI,ME,04102-0000,Private      ,0,9,9,2,73,75
04214100,COSMOTECH SCHOOL OF COSMETOLOGY         ,ME,04092-2878,Proprietary  ,1,4,5,38,61,99
00209300,ST JOHN'S COLLEGE                       ,NM,87505-4599,Private      ,3,10,13,369,190,559
00264900,SANTA FE UNIVERSITY OF ART AND DESIGN   ,NM,87505-7634,Proprietary  ,23,25,48,1309,404,1713
00265000,UNIVERSITY OF THE SOUTHWEST             ,NM,88240-9129,Private      ,8,65,73,347,1208,1555
00265100,EASTERN NEW MEXICO UNIV PORTALES        ,NM,88130-6000,Public       ,52,158,210,3426,3266,6692
00265101,EASTERN NEW MEXICO UNIV-ROSWELL CAM     ,NM,88202-0000,Public       ,48,115,163,1090,1638,2728
00265300,NEW MEXICO HIGHLANDS UNIVERSITY         ,NM,87701-4436,Public       ,34,70,104,2138,2776,4914
00265400,NEW MEXICO INST OF MINING & TECH        ,NM,87801-4796,Public       ,24,15,39,1475,555,2030
00265500,NEW MEXICO JUNIOR COLLEGE               ,NM,88240-9123,Public       ,33,57,90,846,973,1819
00265600,NEW MEXICO MILITARY INSTITUTE           ,NM,88201-5173,Public       ,12,6,18,556,78,634
00265700,NEW MEXICO STATE UNIVERSITY             ,NM,88003-8001,Public       ,183,300,483,12062,8394,20456
00265701,NEW MEXICO STATE UNIV-ALAMOGORDO        ,NM,88311-0000,Public       ,23,73,96,572,1316,1888
00265702,NEW MEXICO STATE UNIV.-DONA ANA CLG     ,NM,88003-0000,Public       ,102,189,291,3549,4651,8200
00265703,NEW MEXICO STATE UNIV-CARLSBAD          ,NM,88220-0000,Public       ,19,47,66,405,673,1078
00265704,NEW MEXICO STATE UNIV-GRANTS            ,NM,87020-0000,Public       ,12,44,56,261,578,839
00266000,SAN JUAN COLLEGE                        ,NM,87402-4699,Public       ,72,272,344,2273,5362,7635
00266300,THE UNIVERSITY OF NEW MEXICO            ,NM,87131-0001,Public       ,352,679,1031,20354,20563,40917
00266400,WESTERN NEW MEXICO UNIVERSITY           ,NM,88061-5417,Public       ,29,83,112,1566,2383,3949
00405701,NATIONAL AMERICAN UNIVERSITY            ,NM,87110-0000,Proprietary  ,6,32,38,123,722,845
00474200,CENTRAL NEW MEXICO COMMUNITY COLLEGE    ,NM,87106-4096,Public       ,350,1100,1450,9806,18187,27993
00474300,CLOVIS COMMUNITY COLLEGE                ,NM,88101-8381,Public       ,28,111,139,763,1817,2580
00996200,LUNA COMMUNITY COLLEGE                  ,NM,87701-0000,Public       ,17,33,50,529,667,1196
01063200,DEWOLFF CLG HAIRSTYLING/COSMETOLOGY     ,NM,87112-4113,Proprietary  ,7,22,29,101,235,336
01300500,OLYMPIAN UNIVERSITY OF COSMETOLOGY      ,NM,88310-5051,Proprietary  ,44,161,205,402,1269,1671
02083900,NORTHERN NEW MEXICO COLLEGE             ,NM,87530-0000,Public       ,21,53,74,559,862,1421
02146400,INSTITUTE OF AMERICAN INDIAN ARTS       ,NM,87508-0000,Public       ,6,19,25,199,356,555
02218808,BROOKLINE COLLEGE - ALBUQUERQUE         ,NM,87105-1649,Proprietary  ,21,80,101,296,824,1120
02278100,SANTA FE COMMUNITY COLLEGE              ,NM,87507-0000,Public       ,43,140,183,1236,2715,3951
02293203,ATI CAREER TRAINING CENTER - ALBUQUERQUE,NM,87109-2016,Proprietary  ,7,15,22,37,169,206
02357600,NAVAJO TECHNICAL COLLEGE                ,NM,87313-0000,Public       ,47,103,150,692,1667,2359
02511000,SOUTHWESTERN INDIAN POLYTECH INST       ,NM,87184-0000,Public       ,19,31,50,407,598,1005
02572003,COMPUTER CAREER CENTER - LAS CRUCES CAMP,NM,88011-8220,Proprietary  ,35,87,122,211,652,863
02622000,SOUTHWEST ACUPUNCTURE COLLEGE           ,NM,87505-0000,Proprietary  ,0,7,7,6,243,249
03076100,SOUTHWESTERN COLLEGE                    ,NM,87507-0000,Private      ,1,9,10,24,295,319
03206300,MESALANDS COMMUNITY COLLEGE             ,NM,88401-3352,Public       ,5,32,37,136,198,334
03430300,UNIVERSAL THERAPEUTIC MASSAGE INSTITUTE ,NM,87107-4403,Proprietary  ,5,26,31,59,208,267
03678300,PIMA MEDICAL INSTITUTE                  ,NM,87110-0000,Proprietary  ,19,60,79,475,985,1460
03944300,MASSAGE THERAPY TRAINING INSTITUTE      ,NM,88007-0000,Proprietary  ,3,11,14,50,129,179
04162400,TONI AND GUY HAIRDRESSING  ACADEMY      ,NM,87110-4404,Proprietary  ,17,24,41,134,287,421
04174500,AVEDA INSTITUTE OF NEW MEXICO (THE)     ,NM,87110-3640,Proprietary  ,18,31,49,177,389,566
04178500,VOGUE COLLEGE OF COSMETOLOGY            ,NM,87505-7636,Proprietary  ,8,13,21,59,141,200
00223400,ADRIAN COLLEGE                          ,MI,49221-2575,Private      ,31,13,44,3205,427,3632
00223500,ALBION COLLEGE                          ,MI,49224-1831,Private      ,11,5,16,2736,180,2916
00223600,ALMA COLLEGE                            ,MI,48801-1599,Private      ,24,8,32,2734,189,2923
00223700,ALPENA COMMUNITY COLLEGE                ,MI,49707-1495,Public       ,25,46,71,1093,1066,2159
00223800,ANDREWS UNIVERSITY                      ,MI,49104-0750,Private      ,20,44,64,1930,1459,3389
00223900,AQUINAS COLLEGE                         ,MI,49506-1799,Private      ,21,30,51,2946,859,3805
00224000,BAY DE NOC COMMUNITY COLLEGE            ,MI,49829-2524,Public       ,18,49,67,1188,1478,2666
00224100,CALVIN COLLEGE                          ,MI,49546-4388,Private      ,33,28,61,4779,604,5383
00224200,CALVIN THEOLOGICAL SEMINARY             ,MI,49546-4387,Private      ,1,9,10,17,181,198
00224300,CENTRAL MICHIGAN UNIVERSITY             ,MI,48859-0001,Public       ,205,488,693,24594,12225,36819
00224600,CLEARY UNIVERSITY                       ,MI,48105-2659,Private      ,6,47,53,268,726,994
00224800,CRANBROOK ACADEMY OF ART                ,MI,48303-0000,Private      ,0,3,3,46,236,282
00224900,DAVENPORT UNIVERSITY                    ,MI,49503-0000,Private      ,75,515,590,4214,11855,16069
00225100,DELTA COLLEGE                           ,MI,48710-0001,Public       ,101,361,462,6466,8249,14715
00225400,MICHIGAN STATE UNIVERSITY COLLEGE OF LAW,MI,48824-1300,Private      ,9,23,32,396,1896,2292
00225900,EASTERN MICHIGAN UNIVERSITY             ,MI,48197-2214,Public       ,212,440,652,19522,14783,34305
00226000,FERRIS STATE UNIVERSITY                 ,MI,49307-2251,Public       ,133,195,328,15958,8457,24415
00226100,CHARLES STEWART MOTT COMMUNITY CLG      ,MI,48503-2089,Public       ,112,520,632,6451,10354,16805
00226200,KETTERING UNIVERSITY                    ,MI,48504-4898,Private      ,25,40,65,2376,591,2967
00226300,GLEN OAKS COMMUNITY COLLEGE             ,MI,49032-9784,Public       ,9,32,41,643,805,1448
00226400,GOGEBIC COMMUNITY COLLEGE               ,MI,49938-1365,Public       ,8,21,29,737,540,1277
00226500,GRACE BIBLE COLLEGE                     ,MI,49509-1998,Private      ,8,114,122,561,903,1464
00226600,CORNERSTONE UNIVERSITY                  ,MI,49525-5897,Private      ,18,140,158,2325,2201,4526
00226700,GRAND RAPIDS COMMUNITY COLLEGE          ,MI,49503-3295,Public       ,196,510,706,12032,11896,23928
00226800,GRAND VALLEY STATE UNIVERSITY           ,MI,49401-9403,Public       ,197,245,442,28134,9313,37447
00226900,GREAT LAKES CHRISTIAN COLLEGE           ,MI,48917-1299,Private      ,3,13,16,202,218,420
00227000,HENRY FORD COMMUNITY COLLEGE            ,MI,48128-1495,Public       ,249,728,977,11216,16437,27653
00227300,HOPE COLLEGE                            ,MI,49423-3607,Private      ,26,12,38,5063,280,5343
00227400,JACKSON COMMUNITY COLLEGE               ,MI,49201-8399,Public       ,92,337,429,3904,4941,8845
00227500,KALAMAZOO COLLEGE                       ,MI,49006-3295,Private      ,24,15,39,2519,381,2900
00227600,KELLOGG COMMUNITY COLLEGE               ,MI,49017-3397,Public       ,52,254,306,3080,5650,8730
00227700,LAKE MICHIGAN COLLEGE                   ,MI,49022-1899,Public       ,31,175,206,2128,3166,5294
00227800,LANSING COMMUNITY COLLEGE               ,MI,48933-1293,Public       ,177,516,693,10368,11657,22025
00227900,LAWRENCE TECHNOLOGICAL UNIVERSITY       ,MI,48075-1058,Private      ,35,60,95,2448,1551,3999
00228200,MADONNA UNIVERSITY                      ,MI,48150-1173,Private      ,13,83,96,1876,3410,5286
00228400,MARYGROVE COLLEGE                       ,MI,48221-2599,Private      ,26,172,198,1386,3533,4919
00228800,ROCHESTER COLLEGE                       ,MI,48307-2764,Private      ,12,36,48,974,930,1904
00229000,MICHIGAN STATE UNIVERSITY               ,MI,48824-1113,Public       ,410,494,904,42352,15813,58165
00229200,MICHIGAN TECHNOLOGICAL UNIV             ,MI,49931-1295,Public       ,35,24,59,6715,1118,7833
00229300,LAKE SUPERIOR STATE UNIVERSITY          ,MI,49783-1691,Public       ,11,35,46,2699,963,3662
00229400,MONROE COUNTY COMMUNITY CLG             ,MI,48161-9746,Public       ,39,108,147,1943,2462,4405
00229500,MONTCALM COMMUNITY COLLEGE              ,MI,48885-9723,Public       ,26,76,102,1031,1542,2573
00229700,MUSKEGON COMMUNITY COLLEGE              ,MI,49442-1432,Public       ,68,195,263,3444,3482,6926
00229900,NORTH CENTRAL MICHIGAN COLLEGE          ,MI,49770-8740,Public       ,26,55,81,1240,1478,2718
00230100,NORTHERN MICHIGAN UNIVERSITY            ,MI,49855-5316,Public       ,48,83,131,8827,2876,11703
00230200,NORTHWESTERN MICHIGAN COLLEGE           ,MI,49686-3061,Public       ,45,98,143,2844,2971,5815
00230301,OAKLAND COMMUNITY COLLEGE - ORCHARD RIDG,MI,48334-4579,Public       ,91,250,341,4279,6250,10529
00230302,OAKLAND COMMUNITY COLLEGE - ROYAL OAK CA,MI,48067-3898,Public       ,107,317,424,5364,9061,14425
00230303,OAKLAND COMMUNITY COLLEGE - SOUTHFIELD C,MI,48075-4793,Public       ,95,355,450,4569,11074,15643
00230304,OAKLAND COMMUNITY COLLEGE - AUBURN HILLS,MI,48323-2845,Public       ,114,279,393,5660,7075,12735
00230305,OAKLAND COMMUNITY COLLEGE - HIGHLAND LAK,MI,48327-4187,Public       ,61,151,212,2981,4165,7146
00230700,OAKLAND UNIVERSITY                      ,MI,48309-4401,Public       ,238,331,569,18316,11528,29844
00230800,OLIVET COLLEGE                          ,MI,49076-9902,Private      ,33,11,44,1695,308,2003
00231000,ST. CLAIR COUNTY COMMUNITY COLLEGE      ,MI,48061-0000,Public       ,49,119,168,2322,2508,4830
00231100,KUYPER COLLEGE                          ,MI,49525-9749,Private      ,2,6,8,392,199,591
00231300,SACRED HEART MAJOR SEMINARY             ,MI,48206-1799,Private      ,1,11,12,44,209,253
00231400,SAGINAW VALLEY STATE UNIV               ,MI,48710-0001,Public       ,101,147,248,10793,4546,15339
00231500,SCHOOLCRAFT COLLEGE                     ,MI,48152-2696,Public       ,174,533,707,7845,11130,18975
00231600,SIENA HEIGHTS UNIVERSITY                ,MI,49221-1796,Private      ,14,97,111,1988,2444,4432
00231700,SOUTHWESTERN MICHIGAN COLLEGE           ,MI,49047-9793,Public       ,32,88,120,2462,1993,4455
00231800,SPRING ARBOR UNIVERSITY                 ,MI,49283-9984,Private      ,23,247,270,2489,3510,5999
00232200,FINLANDIA UNIVERSITY                    ,MI,49930-1882,Private      ,6,6,12,616,242,858
00232300,UNIVERSITY OF DETROIT MERCY             ,MI,48221-3038,Private      ,50,130,180,3719,4314,8033
00232303,UNIV OF DETROIT MERCY - LAW SCHOOL      ,MI,48226-0000,Private      ,0,10,10,67,706,773
00232330,UNIV OF DETROIT MERCY - DENTAL SCHOOL   ,MI,48208-2576,Private      ,6,13,19,189,727,916
00232500,UNIVERSITY OF MICHIGAN - ANN ARBOR      ,MI,48109-1316,Public       ,410,287,697,39029,13406,52435
00232501,UNIVERSITY OF MICHIGAN-MEDICAL SCH      ,MI,48109-0000,Public       ,8,11,19,330,1087,1417
00232503,UNIVERSITY OF MICHIGAN LAW SCHOOL       ,MI,48109-0000,Public       ,3,27,30,138,2358,2496
00232600,UNIVERSITY OF MICHIGAN-DEARBORN         ,MI,48128-2406,Public       ,117,211,328,8377,6607,14984
00232700,UNIVERSITY OF MICHIGAN-FLINT            ,MI,48502-1950,Public       ,82,216,298,5819,7434,13253
00232800,WASHTENAW COMMUNITY COLLEGE             ,MI,48106-0000,Public       ,161,461,622,5979,8648,14627
00232900,WAYNE STATE UNIVERSITY                  ,MI,48202-0000,Public       ,288,730,1018,20637,23066,43703
00232901,WAYNE STATE UNIV SCH OF MEDICINE        ,MI,48201-3359,Public       ,21,52,73,938,2254,3192
00232902,WAYNE STATE UNIVERSITY - LAW SCHOOL     ,MI,48202-3424,Public       ,6,26,32,243,1087,1330
00233000,WESTERN MICHIGAN UNIVERSITY             ,MI,49008-3899,Public       ,224,277,501,23225,11293,34518
00233100,WESTERN THEOLOGICAL SEMINARY            ,MI,49423-0000,Private      ,0,2,2,6,182,188
00384256,CONCORDIA UNIVERSITY - WISCONSIN - ANN A,MI,48105-2750,Private      ,10,19,29,1146,406,1552
00407100,WALSH COLLEGE OF ACCT & BUS ADMN        ,MI,48007-7006,Private      ,16,130,146,406,2747,3153
00407200,NORTHWOOD UNIVERSITY                    ,MI,48640-2398,Private      ,22,86,108,2187,2036,4223
00467300,BAKER COLLEGE - FLINT                   ,MI,48507-5508,Private      ,91,409,500,2913,7145,10058
00467301,BAKER COLLEGE OF CADILLAC               ,MI,49601-0000,Private      ,20,120,140,651,1790,2441
00467302,BAKER COLLEGE OF CLINTON TOWNSHIP       ,MI,48035-0000,Private      ,61,278,339,1732,4699,6431
00467303,BAKER COLLEGE OF MUSKEGON               ,MI,49442-0000,Private      ,48,231,279,2664,3735,6399
00467304,BAKER COLLEGE OF OWOSSO                 ,MI,48867-0000,Private      ,36,97,133,1847,2177,4024
00467305,BAKER COLLEGE OF AUBURN HILLS           ,MI,48326-0000,Private      ,45,184,229,1210,3598,4808
00467306,BAKER COLLEGE OF PORT HURON             ,MI,48060-0000,Private      ,19,68,87,557,1087,1644
00467309,BAKER COLLEGE OF JACKSON                ,MI,49202-0000,Private      ,38,185,223,889,2750,3639
00467311,BAKER COLLEGE-CASS CITY                 ,MI,48726-0000,Private      ,1,30,31,182,375,557
00467313,BAKER COLLEGE - GRADUATE ON-LINE        ,MI,48507-0000,Private      ,18,312,330,547,6369,6916
00467317,BAKER COLLEGE-ALLEN PARK                ,MI,48101-0000,Private      ,55,284,339,1431,4995,6426
00467330,BAKER COLLEGE - CULINARY INSTITUTE OF MI,MI,49440-1246,Private      ,13,22,35,31,48,79
00467343,BAKER COLLEGE - CULINARY INSTITUTE OF MI,MI,48060-0000,Private      ,5,7,12,15,24,39
00467348,BAKER COLLEGE - AUTO DIESEL INSTITUTE OF,MI,48867-0000,Private      ,14,18,32,32,45,77
00469200,DORSEY SCHOOL OF BUSINESS               ,MI,48195-2334,Proprietary  ,11,45,56,84,383,467
00469201,DORSEY SCHOOL OF BUSINESS               ,MI,48184-0000,Proprietary  ,9,52,61,82,386,468
00469202,DORSEY SCHOOL OF BUSINESS               ,MI,48071-0000,Proprietary  ,16,56,72,159,491,650
00469204,DORSEY SCHOOL OF BUSINESS               ,MI,48066-0000,Proprietary  ,30,124,154,289,925,1214
00469205,DORSEY BUSINESS SCHOOL - FARMINGTON HILL,MI,48334-3385,Proprietary  ,7,26,33,63,261,324
00469206,DORSEY BUSINESS SCHOOL - ROSEVILLE CULIN,MI,48066-4555,Proprietary  ,16,55,71,133,479,612
00469207,DORSEY BUSINESS SCHOOL - WATERFORD/PONTI,MI,48341-1037,Proprietary  ,9,58,67,123,474,597
00469208,DORSEY BUSINESS SCHOOL - SAGINAW CAMPUS ,MI,48603-5201,Proprietary  ,15,85,100,122,559,681
00469209,DORSEY SCHOOL OF BUSINESS - LANSING     ,MI,48911-5744,Proprietary  ,11,48,59,92,430,522
00469210,DORSEY SCHOOL OF BUSINESS - DEARBORN    ,MI,48228-3858,Proprietary  ,32,91,123,256,968,1224
00491003,KAPLAN CAREER INSTITUTE - DEARBORN      ,MI,48228-0000,Proprietary  ,0,0,0,61,290,351
00676800,MID MICHIGAN COMMUNITY COLLEGE          ,MI,48625-9447,Public       ,47,107,154,2506,2858,5364
00677100,COLLEGE FOR CREATIVE STUDIES            ,MI,48202-4034,Private      ,20,46,66,2052,1012,3064
00694900,KALAMAZOO VALLEY COMMUNITY COLLEGE      ,MI,49003-4070,Public       ,101,316,417,6141,7212,13353
00717100,KIRTLAND COMMUNITY COLLEGE              ,MI,48653-0000,Public       ,23,80,103,979,1776,2755
00732991,ITT TECHNICAL INSTITUTE                 ,MI,49519-1851,Proprietary  ,53,321,374,703,3073,3776
00761700,CARNEGIE INSTITUTE                      ,MI,48083-1159,Proprietary  ,3,25,28,80,416,496
00795000,WEST SHORE COMMUNITY COLLEGE            ,MI,49454-0000,Public       ,7,24,31,632,920,1552
00817800,EMPIRE BEAUTY SCHOOL                    ,MI,49525-2440,Proprietary  ,81,232,313,834,1824,2658
00890600,MACOMB COMMUNITY COLLEGE                ,MI,48088-3896,Public       ,302,760,1062,14290,16368,30658
00894600,PORT HURON COSMETOLOGY COLLEGE          ,MI,48329-1618,Proprietary  ,1,9,10,28,68,96
00923000,WAYNE COUNTY COMMUNITY CLG-DISTRICT     ,MI,48226-3010,Public       ,291,1309,1600,9366,27146,36512
00982800,EVEREST INSTITUTE                       ,MI,48033-4400,Proprietary  ,19,156,175,293,1568,1861
00982801,EVEREST INSTITUTE- DEARBORN             ,MI,48124-1927,Proprietary  ,20,125,145,321,1187,1508
00982803,EVEREST INSTITUTE - DETROIT             ,MI,48207-4291,Proprietary  ,19,107,126,359,1305,1664
01047000,KALAMAZOO BEAUTY ACADEMY                ,MI,49002-5220,Proprietary  ,2,3,5,38,74,112
01082700,DAVID PRESSLEY PROF SCH OF COSMTLGY     ,MI,48067-3219,Proprietary  ,9,27,36,168,307,475
01109800,FLINT INSTITUTE OF BARBERING            ,MI,48504-4395,Proprietary  ,3,16,19,53,231,284
01229100,WRIGHT BEAUTY ACADEMY                   ,MI,49015-2696,Proprietary  ,0,11,11,32,141,173
01262700,THOMAS M. COOLEY LAW SCHOOL             ,MI,48901-1586,Private      ,0,63,63,26,2642,2668
01321800,M J MURPHY BTY CLG MT PLEASANT          ,MI,48858-2502,Proprietary  ,4,9,13,67,107,174
02060300,MICHIGAN INSTITUTE OF AERONAUTICS       ,MI,48188-2533,Proprietary  ,18,74,92,600,755,1355
02099700,ROSS MEDICAL EDUCATION CENTER           ,MI,48532-0000,Proprietary  ,57,259,316,516,1640,2156
02099701,ROSS MEDICAL EDUCATION CENTER-SAGINAW   ,MI,48603-5227,Proprietary  ,2,11,13,66,185,251
02099702,ROSS MEDICAL EDUCATION CENTER-PORT HURON,MI,48060-1958,Proprietary  ,0,10,10,26,82,108
02099703,ROSS MEDICAL EDUCATION CENTER-ROOSEVELT ,MI,49441-4156,Proprietary  ,0,3,3,11,33,44
02100400,EVEREST INSTITUTE                       ,MI,49525-2301,Proprietary  ,4,19,23,191,783,974
02100401,EVEREST INSTITUTE - KALAMAZOO           ,MI,49009-3307,Proprietary  ,2,15,17,120,432,552
02125600,MICHIGAN COLLEGE OF BEAUTY              ,MI,48083-0000,Proprietary  ,8,38,46,208,394,602
02158600,MR BELA'S SCHOOL OF COSMETOLOGY         ,MI,48092-4637,Proprietary  ,7,16,23,66,166,232
02160303,INTERNATIONAL ACADEMY OF DESIGN AND TECH,MI,48083-2160,Proprietary  ,5,9,14,169,291,460
02180100,ROSS MEDICAL EDUCATION CENTER           ,MI,48092-0000,Proprietary  ,44,145,189,318,1068,1386
02180105,ROSS MEDICAL EDUCATION CENTER-REDFORD   ,MI,48239-1260,Proprietary  ,2,5,7,35,146,181
02198900,MICHIGAN SCHOOL OF PROFESSIONAL PSYCHOLO,MI,48334-4512,Private      ,1,0,1,29,294,323
02209200,TAYLORTOWN SCHOOL OF BEAUTY             ,MI,48180-0000,Proprietary  ,8,55,63,129,359,488
02237800,SPECS HOWARD SCHOOL OF MEDIA ARTS       ,MI,48075-0000,Proprietary  ,31,81,112,704,993,1697
02285700,BAYSHIRE BEAUTY ACADEMY                 ,MI,48708-5614,Proprietary  ,0,14,14,45,174,219
02324500,MICHIGAN COLLEGE OF BEAUTY              ,MI,48161-3901,Proprietary  ,7,17,24,124,217,341
02339700,ROSS MEDICAL EDUCATION CENTER           ,MI,48116-0000,Proprietary  ,61,230,291,346,1350,1696
02339701,ROSS MEDICAL EDUCATION CENTER-ANN ARBOR ,MI,48108-1411,Proprietary  ,2,6,8,36,137,173
02339703,ROSS MEDICAL EDUCATION CENTER - DAVISON ,MI,48423-1751,Proprietary  ,0,2,2,17,76,93
02361500,MICHIGAN BARBER COLLEGE                 ,MI,48204-2244,Private      ,7,53,60,134,586,720
02363800,YESHIVA GEDOLAH OF GREATER DETROIT      ,MI,48237-0000,Private      ,8,0,8,35,9,44
02491000,WEST MI COLG OF BARBERING & BEAUTY      ,MI,49008-0000,Proprietary  ,4,16,20,48,140,188
02531806,PAUL MITCHELL THE SCHOOL -MICHIGAN      ,MI,48313-0000,Proprietary  ,16,20,36,232,310,542
02533600,ROSS MEDICAL EDUCATION CENTER           ,MI,48917-2108,Proprietary  ,33,169,202,297,991,1288
02533601,ROSS MEDICAL EDUCATION CENTER - GRAND RA,MI,49546-2430,Proprietary  ,3,21,24,92,276,368
02588200,DOUGLAS J AVEDA INSTITUTE               ,MI,48823-4351,Proprietary  ,54,79,133,727,821,1548
02588201,DOUGLAS J AVEDA INSTITUTE - ANN ARBOR   ,MI,48104-2211,Proprietary  ,9,12,21,184,201,385
02595700,HILLSDALE BEAUTY COLLEGE                ,MI,49242-0000,Proprietary  ,2,7,9,85,45,130
02618400,MICHIGAN CAREER & TECHNICAL INST        ,MI,49080-9254,Public       ,40,14,54,447,150,597
03005700,DETROIT BUSINESS INST. DOWNRIVER        ,MI,48193-6761,Proprietary  ,2,7,9,38,217,255
03066600,BAY MILLS COMMUNITY COLLEGE             ,MI,49715-9750,Public       ,6,33,39,235,491,726
03075200,TWIN CITY BEAUTY COLLEGE                ,MI,49085-3305,Proprietary  ,11,24,35,141,214,355
03075201,TWIN CITY BEAUTY COLLEGE - TRAVERSE CITY,MI,49686-5119,Proprietary  ,1,0,1,32,56,88
03090000,SHARP'S ACADEMY OF HAIRSTYLING          ,MI,48439-1838,Proprietary  ,2,11,13,22,61,83
03109700,HOUGHTON LAKE INST OF COSMETOLOGY       ,MI,48629-0669,Proprietary  ,1,5,6,27,86,113
03110300,THE SCHOOL OF CREATIVE HAIR DESIGN      ,MI,49036-1139,Proprietary  ,3,20,23,39,100,139
03124000,NORTHWESTERN TECHNOLOGICAL INST         ,MI,48075-2412,Proprietary  ,11,90,101,131,557,688
03284300,MICHIGAN JEWISH INSTITUTE               ,MI,48237-0000,Private      ,80,413,493,1463,1607,3070
03490300,PAUL MITCHELL THE SCHOOL ESCANABA       ,MI,49829-0000,Proprietary  ,3,8,11,63,85,148
03588300,IRENE'S MYOMASSOLOGY INSTITUTE          ,MI,48033-2404,Proprietary  ,6,25,31,107,405,512
03704300,BLUE WATER COLLEGE OF COSMETOLOGY       ,MI,48040-2093,Proprietary  ,2,6,8,23,55,78
03772300,SAGINAW CHIPPEWA TRIBAL COLLEGE         ,MI,48858-0000,Public       ,0,12,12,35,144,179
03815300,IN SESSION-ARTS OF COSMETOLOGY BEAU     ,MI,48609-0000,Proprietary  ,4,15,19,65,158,223
03907300,PAUL MITCHELL THE SCHOOL GREAT LAKES    ,MI,48060-0000,Proprietary  ,6,17,23,82,118,200
03915300,CAREER QUEST LEARNING CENTER            ,MI,48910-4732,Proprietary  ,18,107,125,160,782,942
03915301,CAREER QUEST LEARNING CENTER - JACKSON  ,MI,49201-2475,Proprietary  ,8,94,102,87,591,678
03915302,CAREER QUEST LEARNING CENTER - KALAMAZOO,MI,49002-1711,Proprietary  ,1,6,7,52,236,288
03968300,LAKEWOOD SCHOOL OF THERAPEUTIC MASSAGE  ,MI,48060-0000,Proprietary  ,1,12,13,26,67,93
03976500,ANN ARBOR INSTITUTE OF MASSAGE THERAPY  ,MI,48103-0000,Proprietary  ,6,13,19,67,165,232
04002400,ECUMENICAL THEOLOGICAL SEMINARY         ,MI,48201-3035,Private      ,0,11,11,10,166,176
04006300,NUVO COLLEGE OF COSMETOLOGY             ,MI,49441-3822,Proprietary  ,1,12,13,37,79,116
04014300,P&A SCHOLARS BEAUTY SCHOOL              ,MI,48204-0000,Proprietary  ,15,48,63,229,688,917
04094300,ROBERT B. MILLER COLLEGE (THE)          ,MI,49017-3306,Private      ,2,20,22,108,512,620
04121100,GALLERY COLLEGE OF BEAUTY (THE)         ,MI,48036-3591,Proprietary  ,7,24,31,67,207,274
04136300,FOCUS:  HOPE INFORMATION TECHNOLOGIES CE,MI,48238-2949,Private      ,5,41,46,128,483,611
04138400,SCHOOL OF DESIGNING ARTS                ,MI,49015-2853,Proprietary  ,3,5,8,74,139,213
04140900,INTERNATIONAL COSMETOLOGY ACADEMY       ,MI,49508-1308,Proprietary  ,8,15,23,66,155,221
04141100,FRENCH ACADEMY OF COSMETOLOGY           ,MI,49456-3207,Proprietary  ,7,13,20,51,70,121
04158400,L'ESPRIT ACADEMY                        ,MI,48150-0000,Proprietary  ,7,13,20,129,241,370
04159300,MARKETTI ACADEMY OF COSMETOLOGY         ,MI,48329-3506,Proprietary  ,1,8,9,57,96,153
04163300,COMPASS COLLEGE OF CINEMATIC ARTS       ,MI,49503-4227,Private      ,2,4,6,168,94,262
04164700,KEWEENAW BAY OJIBWA COMMUNITY COLLEGE   ,MI,49908-0000,Public       ,3,11,14,26,98,124
04169300,SCHOLARS COSMETOLOGY UNIVERSITY         ,MI,48108-0000,Proprietary  ,0,0,0,13,53,66
04183300,ABCOTT INSTITUTE                        ,MI,48075-5227,Proprietary  ,6,39,45,57,283,340
04184700,PROTEGE ACADEMY                         ,MI,48823-8660,Proprietary  ,6,14,20,86,186,272
04207000,SCHOOL OF MISSIONARY AVIATION TECHNOLOGY,MI,48846-7412,Private      ,0,2,2,31,42,73
04211200,BRIGHTON INSTITUTE OF COSMETOLOGY       ,MI,48116-8360,Proprietary  ,0,1,1,37,49,86
04222300,MANTHANO CHRISTIAN COLLEGE              ,MI,48185-1919,Private      ,0,0,0,10,53,63
04230200,EXCEL ACADEMIES OF COSMETOLOGY          ,MI,48085-1300,Proprietary  ,3,6,9,33,50,83
04230400,EXCEL ACADEMIES OF COSMETOLOGY          ,MI,48912-4686,Proprietary  ,4,9,13,39,102,141
04230500,EXCEL ACADEMIES OF COSMETOLOGY          ,MI,49512-1781,Proprietary  ,2,2,4,36,40,76
04231800,PRINCESS BEAUTY SCHOOL                  ,MI,48127-2999,Proprietary  ,1,10,11,12,37,49
00233200,ANOKA-RAMSEY CC-CAMBRIDGE/COONRAPID     ,MN,55433-3499,Public       ,87,162,249,4070,5104,9174
00233400,AUGSBURG COLLEGE                        ,MN,55454-1351,Private      ,29,83,112,3320,2510,5830
00233500,RIVERLAND COMMUNITY COLLEGE             ,MN,55912-1473,Public       ,18,68,86,1036,1738,2774
00233600,BEMIDJI STATE UNIVERSITY                ,MN,56601-2699,Public       ,25,83,108,3952,2353,6305
00233700,BETHANY LUTHERAN COLLEGE INC            ,MN,56001-6163,Private      ,1,4,5,666,92,758
00233900,CENTRAL LAKES COLG-BRAINERD/STAPLES     ,MN,56401-3900,Public       ,21,76,97,1370,1905,3275
00234000,CARLETON COLLEGE                        ,MN,55057-4001,Private      ,15,1,16,3498,106,3604
00234100,COLLEGE OF ST BENEDICT                  ,MN,56374-2099,Private      ,10,2,12,2206,84,2290
00234200,ST. CATHERINE UNIVERSITY                ,MN,55105-1789,Private      ,24,149,173,2978,3750,6728
00234300,COLLEGE OF ST SCHOLASTICA               ,MN,55811-4199,Private      ,22,140,162,2596,2750,5346
00234500,UNIVERSITY OF ST THOMAS                 ,MN,55105-1096,Private      ,44,162,206,7021,3726,10747
00234600,CONCORDIA COLLEGE-MOORHEAD              ,MN,56562-0001,Private      ,7,6,13,2883,220,3103
00234700,"CONCORDIA UNIVERSITY, ST PAUL, MN       ",MN,55104-5494,Private      ,27,243,270,1880,4071,5951
00235000,VERMILION COMMUNITY COLLEGE             ,MN,55731-1996,Public       ,3,3,6,492,167,659
00235300,GUSTAVUS ADOLPHUS COLLEGE               ,MN,56082-1498,Private      ,15,1,16,3482,117,3599
00235400,HAMLINE UNIVERSITY                      ,MN,55104-1284,Private      ,22,123,145,3506,2800,6306
00235500,HIBBING COMMUNITY COLLEGE               ,MN,55746-3300,Public       ,17,32,49,658,944,1602
00235600,ITASCA COMMUNITY COLLEGE                ,MN,55744-3397,Public       ,9,26,35,846,640,1486
00235700,LUTHER SEMINARY                         ,MN,55108-0000,Private      ,0,3,3,4,343,347
00235800,MACALESTER COLLEGE                      ,MN,55105-1899,Private      ,14,11,25,3652,223,3875
00236000,"MINNESOTA STATE UNIVERSITY, MANKATO     ",MN,56002-0000,Public       ,74,141,215,12505,4802,17307
00236100,MARTIN LUTHER COLLEGE                   ,MN,56073-3965,Private      ,2,3,5,712,68,780
00236200,MINNEAPOLIS COMM AND TECH COLLEGE       ,MN,55403-1779,Public       ,80,351,431,4326,10385,14711
00236500,MINNEAPOLIS COLLEGE OF ART & DESIGN     ,MN,55404-4343,Private      ,9,14,23,946,534,1480
00236600,CROSSROADS COLLEGE                      ,MN,55902-2382,Private      ,0,9,9,94,93,187
00236700,MINNESOTA STATE UNIVERSITY MOORHEAD     ,MN,56563-0001,Public       ,27,75,102,5058,2662,7720
00236900,NORTH CENTRAL UNIVERSITY                ,MN,55404-1391,Private      ,4,21,25,1274,509,1783
00237000,NORTH HENNEPIN COMMUNITY COLLEGE        ,MN,55445-2299,Public       ,73,244,317,3254,6163,9417
00237100,UNIVERSITY OF NORTHWESTERN- ST PAUL     ,MN,55113-1598,Private      ,20,49,69,2322,947,3269
00237300,ROCHESTER COMMUNITY/TECH COLLEGE        ,MN,55904-4999,Public       ,56,117,173,2856,3999,6855
00237500,SOUTHWEST MINNESOTA STATE UNIVERSITY    ,MN,56258-1598,Public       ,16,33,49,2133,1182,3315
00237700,ST CLOUD STATE UNIVERSITY               ,MN,56301-4498,Public       ,75,139,214,10121,5278,15399
00237900,SAINT JOHNS UNIVERSITY                  ,MN,56321-0000,Private      ,9,5,14,1978,117,2095
00238000,SAINT MARY'S UNIVERSITY                 ,MN,55987-1399,Private      ,13,267,280,1793,3973,5766
00238200,ST OLAF COLLEGE                         ,MN,55057-1098,Private      ,22,3,25,3803,133,3936
00238300,CROWN COLLEGE                           ,MN,55375-9001,Private      ,4,51,55,887,926,1813
00238500,NORTHLAND COMMUNITY & TECHNICAL CLG     ,MN,56701-2598,Public       ,19,57,76,1416,1861,3277
00238600,UNITED THEOLGCL SEMINRY TWIN CITIES     ,MN,55112-0000,Private      ,0,5,5,2,122,124
00238800,"UNIVERSITY OF MINNESOTA, DULUTH         ",MN,55812-2496,Public       ,82,55,137,10491,2439,12930
00238900,"UNIVERSITY OF MINNESOTA, MORRIS         ",MN,56267-2113,Public       ,21,7,28,2333,326,2659
00239100,WILLIAM MITCHELL COLLEGE OF LAW         ,MN,55105-0000,Private      ,1,12,13,4,965,969
00239300,MINNESOTA STATE COLLEGE-SE TECH         ,MN,55987-0409,Public       ,21,45,66,813,1507,2320
00239400,WINONA STATE UNIVERSITY                 ,MN,55987-5838,Public       ,56,63,119,7608,1965,9573
00396900,UNIVERSITY OF MINNESOTA-TWIN CITIES     ,MN,55455-0422,Public       ,301,468,769,35040,17524,52564
00400900,MESABI RANGE CMNTY & TECH COLLEGE       ,MN,55792-0000,Public       ,10,20,30,526,653,1179
00405708,NATIONAL AMERICAN UNIVERSITY            ,MN,55113-0000,Proprietary  ,1,14,15,18,277,295
00405715,NATIONAL AMERICAN UNIVERSITY - BLOOMINGT,MN,55425-5550,Proprietary  ,5,13,18,33,396,429
00406900,UNIVERSITY OF MINNESOTA-CROOKSTON       ,MN,56716-5001,Public       ,11,50,61,1124,1133,2257
00438600,VETERAN'S MEDICAL CTR- SCH RAD TECH     ,MN,55417-2399,Public       ,0,0,0,4,17,21
00464100,DUNWOODY COLLEGE OF TECHNOLOGY          ,MN,55403-1192,Private      ,11,49,60,693,1356,2049
00464200,GLOBE UNIVERSITY                        ,MN,55125-5408,Proprietary  ,63,283,346,981,3206,4187
00464500,MINNEAPOLIS BUSINESS COLLEGE            ,MN,55113-4036,Proprietary  ,0,14,14,294,197,491
00464600,MINNESOTA SCHOOL OF BUSINESS            ,MN,55423-0000,Proprietary  ,27,190,217,862,2808,3670
00525200,RIDGEWATER COLLEGE                      ,MN,56201-2098,Public       ,25,61,86,1944,1895,3839
00526300,MINNESOTA WEST CMNTY & TECH COLG        ,MN,56241-1096,Public       ,18,56,74,858,1418,2276
00553300,"SAINT PAUL COLLEGE, COMMUNITY/TECHNICAL ",MN,55102-1800,Public       ,86,291,377,3878,7911,11789
00553400,SAINT CLOUD TECHNICAL COLLEGE AND COMMUN,MN,56303-1240,Public       ,46,129,175,3122,3071,6193
00553500,PINE TECHNICAL COLLEGE                  ,MN,55063-2198,Public       ,5,34,39,246,856,1102
00553700,SOUTH CENTRAL COLLEGE                   ,MN,56003-0000,Public       ,47,68,115,1766,2180,3946
00554100,MINNESOTA STATE COMMUNITY AND TECHNICAL ,MN,56573-1405,Public       ,37,145,182,2293,3360,5653
00554400,ALEXANDRIA TECHNICAL COLLEGE            ,MN,56308-3799,Public       ,9,27,36,1314,907,2221
00575700,LAKE SUPERIOR COLLEGE                   ,MN,55811-3399,Public       ,41,138,179,2185,3161,5346
00575900,NORTHWEST TECHNICAL COLLEGE - BEMIDJI   ,MN,56601-4907,Public       ,6,47,53,422,944,1366
00677500,RAINY RIVER COMMUNITY COLLEGE           ,MN,56649-2187,Public       ,1,6,7,149,121,270
00735000,ANOKA-HENNEPIN TECHNICAL COLLEGE        ,MN,55303-1590,Public       ,24,108,132,1045,2666,3711
00735100,BROWN COLLEGE                           ,MN,55120-1004,Proprietary  ,7,37,44,169,549,718
00795400,NORMANDALE COMMUNITY COLLEGE            ,MN,55431-4399,Public       ,87,202,289,4959,5779,10738
00826700,NORTHWEST TECHNICAL INSTITUTE           ,MN,55121-5001,Proprietary  ,0,0,0,6,16,22
00869400,RASMUSSEN COLLEGE - ST. CLOUD           ,MN,56301-3713,Proprietary  ,14,112,126,310,1484,1794
00869401,RASMUSSEN COLLEGE - BROOKLYN PARK       ,MN,55445-1512,Proprietary  ,12,82,94,246,1352,1598
00869406,RASMUSSEN COLLEGE - EAGAN               ,MN,55122-1346,Proprietary  ,15,98,113,189,1221,1410
00869407,RASMUSSEN COLLEGE - BLOOMINGTON         ,MN,55435-5444,Proprietary  ,14,115,129,263,1589,1852
00869409,RASMUSSEN COLLEGE - MANKATO             ,MN,56001-8658,Proprietary  ,12,88,100,267,1033,1300
00869412,RASMUSSEN COLLEGE - LAKE ELMO           ,MN,55042-8624,Proprietary  ,17,76,93,161,945,1106
00869416,RASMUSSEN COLLEGE - MOORHEAD            ,MN,56560-4513,Proprietary  ,6,48,54,183,790,973
00869417,RASMUSSEN COLLEGE - BLAINE              ,MN,55014-0000,Proprietary  ,14,96,110,243,1206,1449
00905800,BETHEL UNIVERSITY                       ,MN,55112-6999,Private      ,17,129,146,3299,2478,5777
00960000,COSMETOLOGY CAREERS UNLTD-DULUTH        ,MN,55802-2031,Proprietary  ,4,2,6,23,43,66
00974000,INVER HILLS COMMUNITY COLLEGE           ,MN,55076-3224,Public       ,61,148,209,2621,3945,6566
00983100,MODEL COLLEGE OF HAIR DESIGN            ,MN,56301-4280,Proprietary  ,4,9,13,98,100,198
00989200,"DULUTH BUSINESS UNIV, INC.              ",MN,55807-0000,Proprietary  ,4,23,27,107,378,485
00999200,OAK HILLS CHRISTIAN COLLEGE             ,MN,56601-0000,Private      ,1,1,2,124,78,202
01024800,ART INSTITUTES INTL MINNESOTA           ,MN,55402-3137,Proprietary  ,25,67,92,978,996,1974
01035602,EVEREST INSTITUTE - EAGAN               ,MN,55121-1696,Proprietary  ,0,0,0,41,263,304
01037400,METROPOLITAN STATE UNIVERSITY           ,MN,55106-5000,Public       ,26,267,293,2409,9781,12190
01040200,DAKOTA COUNTY TECHNICAL COLLEGE         ,MN,55068-2999,Public       ,25,91,116,1219,2147,3366
01049000,REGENCY BEAUTY INSTITUTE                ,MN,55428-0000,Proprietary  ,272,691,963,3445,6679,10124
01049100,HENNEPIN TECHNICAL COLLEGE              ,MN,55445-2399,Public       ,43,241,284,2077,6373,8450
01054600,CENTURY COLLEGE                         ,MN,55110-1894,Public       ,93,229,322,5074,7712,12786
01173200,"MAYO CLINIC, COLLEGE OF MEDICINE        ",MN,55905-0000,Private      ,0,3,3,76,433,509
01173201,MAYO SCHOOL OF HEALTH-RELATED SCIEN     ,MN,55905-0000,Private      ,0,6,6,98,259,357
01173206,MAYO GRAD SCHOOL                        ,MN,55901-0000,Private      ,0,1,1,8,56,64
01173207,MAYO MEDICAL SCHOOL                     ,MN,55901-0000,Private      ,1,3,4,33,167,200
01232800,NORTHWESTERN HEALTH SCIENCES UNIV       ,MN,55431-1599,Private      ,2,24,26,95,945,1040
02050300,ACADEMY COLLEGE                         ,MN,55420-1554,Proprietary  ,2,18,20,51,212,263
02097300,HASTINGS BEAUTY SCHOOL                  ,MN,55033-1205,Proprietary  ,2,5,7,19,46,65
02123200,AVEDA INSTITUTE                         ,MN,55414-0000,Proprietary  ,24,53,77,417,557,974
02159800,COSMETOLOGY CAREERS UNLTD - HIBBING     ,MN,55746-0000,Proprietary  ,1,4,5,15,32,47
02160901,PCI ACADEMY - PCI ACADEMY               ,MN,55446-4928,Proprietary  ,4,12,16,36,94,130
02238100,MINNESOTA SCHOOL OF COSMETOLOGY         ,MN,55125-0000,Proprietary  ,11,29,40,166,256,422
02260500,SUMMIT ACAD OPPORTUNITIES IND CTR       ,MN,55405-0000,Private      ,16,122,138,109,780,889
02263102,ANTHEM COLLEGE - ST. LOUIS PARK         ,MN,55416-2467,Proprietary  ,0,0,0,5,28,33
02504200,WALDEN UNIVERSITY                       ,MN,55401-2511,Proprietary  ,27,4979,5006,441,64189,64630
02514100,AMERICAN INDIAN OPPORTUNITIES CTR       ,MN,55404-0000,Private      ,1,29,30,15,218,233
03001200,MCNALLY SMITH COLLEGE OF MUSIC          ,MN,55101-2220,Proprietary  ,6,9,15,610,272,882
03051900,ALFRED ADLER GRADUATE SCHOOL            ,MN,55305-0000,Private      ,0,13,13,0,347,347
03096400,LEECH LAKE TRIBAL COLLEGE               ,MN,56633-0000,Public       ,3,29,32,67,387,454
03129100,FOND DU LAC TRIBAL & COMMUNITY CLG      ,MN,55720-2984,Public       ,18,37,55,500,876,1376
03267300,CAPELLA UNIVERSITY                      ,MN,55402-3389,Proprietary  ,35,3761,3796,429,57161,57590
03833300,AMERICAN ACADEMY OF ACUPUNCTURE AND ORIE,MN,55113-0000,Proprietary  ,0,8,8,3,76,79
03921400,WHITE EARTH TRIBAL AND COMMUNITY COLLEGE,MN,56557-0478,Private      ,0,9,9,16,96,112
04044300,HAZELDEN GRADUATE SCHOOL OF ADDICTION ST,MN,55012-0000,Private      ,0,10,10,0,160,160
04130200,INST. OF PRODUCTION AND RECORDING       ,MN,55401-1315,Proprietary  ,12,19,31,294,311,605
04148800,CENTERPOINT MASSAGE & SHIATSU THERAPY SC,MN,55414-4525,Proprietary  ,1,8,9,41,206,247
04157600,NOVA ACADEMY OF COSMETOLOGY             ,MN,55906-4103,Proprietary  ,4,11,15,40,95,135
04160500,AVALON SCHOOL OF COSMETOLOGY            ,MN,56187-1930,Proprietary  ,1,2,3,16,39,55
04174400,ROCHESTER SCHOOL OF HAIR DESIGN         ,MN,55901-4310,Proprietary  ,1,4,5,26,58,84
04175600,PARK AVENUE SCHOOL OF COSMETOLOGY       ,MN,56470-3361,Proprietary  ,1,14,15,34,147,181
04227800,BETHANY GLOBAL UNIVERSITY               ,MN,55438-2849,Private      ,22,15,37,22,15,37
00239600,ALCORN STATE UNIVERSITY                 ,MS,39096-7500,Public       ,154,159,313,4560,4004,8564
00239700,BELHAVEN UNIVERSITY                     ,MS,39202-1789,Private      ,36,374,410,2132,5959,8091
00239800,BLUE MOUNTAIN COLLEGE                   ,MS,38610-9370,Private      ,7,17,24,626,400,1026
00240100,COAHOMA COMMUNITY COLLEGE               ,MS,38614-9799,Public       ,119,161,280,1723,2085,3808
00240200,COPIAH-LINCOLN COMMUNITY COLLEGE        ,MS,39191-0649,Public       ,112,115,227,2294,2282,4576
00240300,DELTA STATE UNIVERSITY                  ,MS,38733-0000,Public       ,88,101,189,3913,3209,7122
00240400,EAST CENTRAL COMMUNITY COLLEGE          ,MS,39327-0129,Public       ,53,71,124,2150,1894,4044
00240500,EAST MISSISSIPPI COMM COLLEGE           ,MS,39358-0000,Public       ,139,170,309,3725,3435,7160
00240700,HINDS COMMUNITY COLLEGE                 ,MS,39154-9799,Public       ,264,489,753,8626,11005,19631
00240800,HOLMES COMMUNITY COLLEGE                ,MS,39079-0000,Public       ,144,315,459,4564,6123,10687
00240900,ITAWAMBA COMMUNITY COLLEGE              ,MS,38843-1099,Public       ,130,192,322,4477,3815,8292
00241000,JACKSON STATE UNIVERSITY                ,MS,39217-0001,Public       ,253,386,639,9471,11147,20618
00241100,JONES COUNTY JUNIOR COLLEGE             ,MS,39437-3999,Public       ,110,146,256,4268,2720,6988
00241300,MERIDIAN COMMUNITY COLLEGE              ,MS,39307-5890,Public       ,71,123,194,2354,3008,5362
00241400,MILLSAPS COLLEGE                        ,MS,39201-0000,Private      ,29,33,62,1724,811,2535
00241500,MISSISSIPPI COLLEGE                     ,MS,39058-0001,Private      ,56,135,191,3264,3661,6925
00241501,MISSISSIPPI COLLEGE - SCHOOL OF LAW     ,MS,39201-1391,Private      ,2,16,18,130,878,1008
00241600,MISSISSIPPI DELTA CMTY COLLEGE          ,MS,38761-0000,Public       ,101,88,189,2451,2238,4689
00241700,MISSISSIPPI GULF CST CLG-PERKINSTON     ,MS,39573-0000,Public       ,167,355,522,5802,8024,13826
00242200,MISSISSIPPI UNIV FOR WOMEN              ,MS,39701-5818,Public       ,53,80,133,2056,2906,4962
00242300,MISSISSIPPI STATE UNIVERSITY            ,MS,39762-9698,Public       ,379,256,635,18819,8323,27142
00242400,MISSISSIPPI VALLEY STATE UNIVERSITY     ,MS,38941-1400,Public       ,127,97,224,3675,2896,6571
00242600,NORTHEAST MS CMNTY COLLEGE              ,MS,38829-1731,Public       ,70,82,152,3165,2315,5480
00242700,NORTHWEST MISSISSIPPI COMMUNITY CLG     ,MS,38668-1703,Public       ,204,280,484,6640,5806,12446
00243000,PEARL RIVER COMMUNITY COLLEGE           ,MS,39470-2201,Public       ,123,172,295,3693,3559,7252
00243300,RUST COLLEGE                            ,MS,38635-2328,Private      ,35,28,63,1635,802,2437
00243500,SOUTHEASTERN BAPTIST COLLEGE            ,MS,39440-0000,Private      ,0,5,5,28,86,114
00243600,SOUTHWEST MISSISSIPPI CMNTY CLG         ,MS,39666-8099,Public       ,38,62,100,1657,1509,3166
00243900,TOUGALOO COLLEGE                        ,MS,39174-9799,Private      ,33,38,71,1603,901,2504
00244000,UNIVERSITY OF MISSISSIPPI               ,MS,38677-1848,Public       ,312,224,536,18300,7473,25773
00244001,UNIVERSITY OF MISSISSIPPI - MED CTR     ,MS,39216-0000,Public       ,17,74,91,907,2899,3806
00244100,UNIVERSITY OF SOUTHERN MISSISSIPPI      ,MS,39406-0001,Public       ,255,373,628,13688,10681,24369
00244700,WILLIAM CAREY UNIVERSITY                ,MS,39401-5499,Private      ,44,239,283,2261,4937,7198
00489809,MCCANN SCHOOL OF BUSINESS & TECHNOLOGY -,MS,39503-3167,Proprietary  ,0,10,10,40,220,260
01289101,ANTONELLI COLLEGE - JACKSON             ,MS,39232-9514,Proprietary  ,9,148,157,178,1524,1702
01289102,ANTONELLI COLLEGE - HATTIESBURG         ,MS,39401-3056,Proprietary  ,11,60,71,177,852,1029
02074900,CHRIS' BEAUTY COLLEGE                   ,MS,39501-0000,Proprietary  ,3,13,16,68,196,264
02160500,NORTH MISSISSIPPI MED CTR MED TECH      ,MS,38801-0000,Private      ,2,8,10,77,188,265
02235900,ACADEMY OF HAIR DESIGN #4               ,MS,39208-0000,Proprietary  ,7,15,22,70,178,248
02244300,ACADEMY OF HAIR DESIGN #1               ,MS,39204-5008,Proprietary  ,9,15,24,163,391,554
02244305,ACADEMY OF HAIR DESIGN #1-ACADEMY OF HAI,MS,38901-5108,Proprietary  ,1,5,6,38,93,131
02249900,DELTA BEAUTY COLLEGE                    ,MS,38701-0000,Proprietary  ,3,9,12,62,118,180
02251600,ACADEMY OF HAIR DESIGN #6               ,MS,39401-7581,Proprietary  ,3,19,22,116,321,437
02251700,FOSTER'S COSMETOLOGY COLLEGE            ,MS,38663-0000,Proprietary  ,0,6,6,9,55,64
02302800,MISSISSIPPI COLLEGE OF BEAUTY CULT      ,MS,39440-0000,Proprietary  ,2,16,18,49,113,162
02320800,MAGNOLIA COLLEGE OF COSMETOLOGY         ,MS,39206-0000,Proprietary  ,11,27,38,121,402,523
02502100,CREATIONS COLLEGE OF COSMETOLOGY        ,MS,38803-0000,Proprietary  ,2,6,8,32,142,174
02516200,WESLEY BIBLICAL SEMINARY                ,MS,39206-0000,Private      ,0,7,7,12,158,170
02586000,J & J HAIR DESIGN COLLEGE               ,MS,39051-3716,Proprietary  ,2,16,18,40,129,169
03010603,VIRGINIA COLLEGE - JACKSON              ,MS,39206-5602,Proprietary  ,4,33,37,180,891,1071
03010610,VIRGINIA COLLEGE - BILOXI               ,MS,39532-2124,Proprietary  ,8,31,39,139,581,720
03032400,KC'S SCHOOL OF HAIR DESIGN              ,MS,38863-0000,Proprietary  ,1,6,7,44,125,169
03263300,TRAXLER'S SCHOOL OF HAIR                ,MS,39212-2529,Proprietary  ,3,7,10,38,108,146
03294305,BLUE CLIFF COLLEGE - GULFPORT           ,MS,39503-0000,Proprietary  ,4,19,23,111,433,544
03464300,ACADEMY OF HAIR DESIGN                  ,MS,39562-0000,Proprietary  ,1,8,9,19,64,83
03848300,DAY SPA CAREER COLLEGE                  ,MS,39564-0000,Proprietary  ,3,6,9,22,107,129
03963300,HEALING TOUCH CAREER COLLEGE            ,MS,39402-1300,Proprietary  ,4,39,43,85,354,439
04131300,CORINTH ACADEMY OF COSMETOLOGY          ,MS,38834-4813,Proprietary  ,7,15,22,52,184,236
04140200,"MISSISSIPPI INSTITUTE OF AESTHETICS, NAI",MS,39056-5628,Proprietary  ,6,14,20,52,195,247
00252600,CARROLL COLLEGE                         ,MT,59625-0002,Private      ,34,11,45,2464,281,2745
00252700,UNIVERSITY OF GREAT FALLS               ,MT,59405-4996,Private      ,9,21,30,985,698,1683
00252800,MILES COMMUNITY COLLEGE                 ,MT,59301-4799,Public       ,3,14,17,274,218,492
00252900,DAWSON COMMUNITY COLLEGE                ,MT,59330-1405,Public       ,4,8,12,229,148,377
00253000,MONTANA STATE UNIVERSITY - BILLINGS     ,MT,59101-0298,Public       ,42,147,189,3054,3454,6508
00253100,MONTANA TECH OF THE UNIV OF MONTANA     ,MT,59701-8997,Public       ,19,32,51,1693,1541,3234
00253200,MONTANA STATE UNIVERSITY - BOZEMAN      ,MT,59717-4160,Public       ,153,191,344,13687,5172,18859
00253300,MONTANA STATE UNIVERSITY-NORTHERN       ,MT,59501-3148,Public       ,19,18,37,898,858,1756
00253400,ROCKY MOUNTAIN COLLEGE                  ,MT,59102-1796,Private      ,11,13,24,1294,491,1785
00253600,UNIVERSITY OF MONTANA (THE)             ,MT,59812-0001,Public       ,113,228,341,8802,7642,16444
00253700,UNIVERSITY OF MONTANA WESTERN (THE)     ,MT,59725-3598,Public       ,20,12,32,1461,578,2039
00677700,FLATHEAD VALLEY COMMUNITY COLLEGE       ,MT,59901-2699,Public       ,23,78,101,922,1684,2606
00757000,HELENA COLLEGE OF TECHNOLOGY            ,MT,59601-3098,Public       ,15,37,52,558,1134,1692
00790000,BUTTE ACADEMY OF BEAUTY CULTURE         ,MT,59701-9197,Proprietary  ,0,4,4,31,83,114
00931400,GREAT FALLS COLLEGE MONTANA STATE UNIVER,MT,59405-4907,Public       ,16,91,107,751,1782,2533
02143400,SALISH KOOTENAI COLLEGE                 ,MT,59855-0000,Public       ,8,49,57,341,997,1338
02286600,LITTLE BIG HORN COLLEGE                 ,MT,59022-0000,Public       ,4,20,24,106,191,297
02343000,FT PECK COMMUNITY COLLEGE               ,MT,59255-0000,Public       ,7,39,46,93,225,318
02510600,BLACKFEET COMMUNITY COLLEGE             ,MT,59417-0000,Private      ,17,89,106,189,495,684
02517500,FORT BELKNAP COLLEGE                    ,MT,59526-0000,Public       ,9,26,35,57,158,215
02545200,CHIEF DULL KNIFE COLLEGE                ,MT,59043-0098,Public       ,6,32,38,64,169,233
02610900,STONE CHILD COLLEGE                     ,MT,59521-9796,Public       ,8,36,44,82,229,311
02621300,ACADEMY OF COSMETOLOGY                  ,MT,59715-3544,Proprietary  ,1,6,7,50,76,126
03205300,MODERN BEAUTY SCHOOL                    ,MT,59801-8386,Proprietary  ,0,4,4,64,120,184
03763400,"ACADEMY OF NAIL, SKIN & HAIR            ",MT,59101-0000,Proprietary  ,4,16,20,87,198,285
03778300,HEALTH WORKS INSTITUTE                  ,MT,59715-0000,Proprietary  ,3,15,18,43,136,179
04163700,BITTERROOT SCHOOL OF COSMETOLOGY        ,MT,59840-3118,Proprietary  ,0,2,2,18,65,83
04164100,MONTANA ACADEMY OF SALON                ,MT,59405-0000,Proprietary  ,1,13,14,67,132,199
04187700,CREVIER'S SCHOOL OF COSMETOLOGY         ,MT,59901-4402,Proprietary  ,0,19,19,75,158,233
00253900,CHADRON STATE COLLEGE                   ,NE,69337-2690,Public       ,20,72,92,1951,1269,3220
00254000,COLLEGE OF ST MARY                      ,NE,68106-2606,Private      ,9,45,54,587,1246,1833
00254100,CONCORDIA UNIVERSITY                    ,NE,68434-1594,Private      ,9,148,157,1506,1076,2582
00254200,CREIGHTON UNIVERSITY                    ,NE,68178-0001,Private      ,44,109,153,6364,5651,12015
00254400,DOANE COLLEGE                           ,NE,68333-2421,Private      ,16,86,102,1689,1297,2986
00254700,GRACE UNIVERSITY                        ,NE,68108-3629,Private      ,5,31,36,474,412,886
00254800,HASTINGS COLLEGE                        ,NE,68901-7621,Private      ,12,10,22,1567,303,1870
00255100,UNIVERSITY OF NEBRASKA AT KEARNEY       ,NE,68849-0001,Public       ,37,87,124,4729,2437,7166
00255200,MCCOOK COMMUNITY COLLEGE                ,NE,69001-2631,Public       ,3,6,9,256,212,468
00255300,MIDLAND UNIVERSITY                      ,NE,68025-4254,Private      ,18,12,30,1698,412,2110
00255400,UNIVERSITY OF NEBRASKA-OMAHA            ,NE,68182-0001,Public       ,130,286,416,10036,7848,17884
00255500,NEBRASKA WESLEYAN UNIVERSITY            ,NE,68504-2796,Private      ,19,38,57,2015,915,2930
00255700,MID-PLAINS COMM. COLLEGE-ALL CAMPUSES   ,NE,69101-9420,Public       ,12,43,55,547,788,1335
00255900,PERU STATE COLLEGE                      ,NE,68421-0010,Public       ,10,38,48,1267,1116,2383
00256000,WESTERN NEBRASKA COMMUNITY COLLEGE      ,NE,69361-1815,Public       ,14,46,60,762,1032,1794
00256300,UNION COLLEGE                           ,NE,68506-4387,Private      ,11,13,24,911,459,1370
00256500,UNIVERSITY OF NEBRASKA-LINCOLN          ,NE,68588-0419,Public       ,136,166,302,17502,5660,23162
00256596,UNIVERSITY OF NEBRASKA - CURTIS         ,NE,69025-9522,Public       ,6,2,8,275,65,340
00256600,WAYNE STATE COLLEGE                     ,NE,68787-1172,Public       ,28,45,73,3255,1019,4274
00256700,YORK COLLEGE                            ,NE,68467-2699,Private      ,4,6,10,491,141,632
00443600,REGNL WST MEDCL CTR SCHL RAD            ,NE,69361-0000,Private      ,0,0,0,21,32,53
00458608,KAPLAN UNIVERSITY - OMAHA               ,NE,68134-1002,Proprietary  ,24,187,211,200,1791,1991
00458609,KAPLAN UNIVERSITY - LINCOLN             ,NE,68508-2668,Proprietary  ,5,133,138,132,1261,1393
00639900,BRYANLGH COLLEGE OF HEALTH SCIENCES     ,NE,68506-1398,Private      ,7,14,21,480,457,937
00640400,NEBR METHODIST CLG OF NURS ALLD HLTH    ,NE,68114-2852,Private      ,10,44,54,549,1190,1739
00689500,UNIVERSITY OF NEBRASKA-MED CTR          ,NE,68198-4265,Public       ,8,56,64,755,2578,3333
00750100,VATTEROTT COLLEGE                       ,NE,68137-1237,Proprietary  ,4,20,24,96,456,552
00849200,ALEGENT HEALTH SCHOOLS                  ,NE,68114-2767,Private      ,4,11,15,100,299,399
00952300,BAHNER COLLEGE OF HAIRSTYLING           ,NE,68025-3297,Proprietary  ,1,4,5,23,32,55
00961700,CAPITOL BEAUTY SCHOOL                   ,NE,68144-0000,Proprietary  ,18,18,36,168,251,419
00974300,BELLEVUE UNIVERSITY                     ,NE,68005-0000,Private      ,38,683,721,932,9710,10642
00986200,CLARKSON COLLEGE                        ,NE,68131-2739,Private      ,11,50,61,556,1510,2066
01151900,JOSEPH'S COLLEGE OF BEAUTY/ALL CAMPUSES ,NE,68510-2226,Proprietary  ,7,33,40,167,338,505
01166700,NORTHEAST COMMUNITY COLLEGE             ,NE,68702-0000,Public       ,41,67,108,1985,1473,3458
01258600,METROPOLITAN COMMUNITY COLLEGE          ,NE,68103-0000,Public       ,225,968,1193,5650,12557,18207
01297600,NEBRASKA CHRISTIAN COLLEGE              ,NE,68046-4256,Private      ,0,4,4,158,72,230
02079700,COLLEGE OF HAIR DESIGN                  ,NE,68508-0000,Proprietary  ,9,23,32,185,276,461
02099500,CENTRAL COMMUNITY COLLEGE-ALL CAMPUSES  ,NE,68801-7299,Public       ,55,149,204,2064,2606,4670
02099501,CENTRAL COMMUNITY COLLEGE - HASTINGS CAM,NE,68902-7712,Public       ,0,0,0,1,0,1
02099502,CENTRAL COMMUNITY COLLEGE - COLUMBUS CAM,NE,68602-8031,Public       ,0,0,0,0,1,1
02508300,SOUTHEAST COMM. COLLEGE-ALL CAMPUSES    ,NE,68520-0000,Public       ,148,359,507,5019,6286,11305
02550800,NEBRASKA INDIAN COMMUNITY COLLEGE       ,NE,68039-0000,Public       ,6,14,20,40,133,173
02610500,XENON INTERNATIONAL ACADEMY II          ,NE,68127-3522,Proprietary  ,14,27,41,201,338,539
03164300,THE CREATIVE CENTER                     ,NE,68164-2911,Proprietary  ,2,1,3,140,94,234
03279300,MYOTHERAPY INSTITUTE                    ,NE,68516-0000,Proprietary  ,0,5,5,26,42,68
03323300,LITTLE PRIEST TRIBAL COLLEGE            ,NE,68071-0000,Private      ,1,16,17,34,153,187
03821400,UNIVERSAL COLLEGE OF HEALING ARTS       ,NE,68112-1810,Proprietary  ,1,12,13,27,123,150
00256800,UNIVERSITY OF NEVADA RENO               ,NV,89557-0002,Public       ,340,259,599,17690,7844,25534
00256900,UNIVERSITY OF NEVADA-LAS VEGAS          ,NV,89154-1001,Public       ,485,738,1223,23105,19945,43050
00697700,GREAT BASIN COLLEGE                     ,NV,89801-3348,Public       ,37,75,112,766,1469,2235
00732954,ITT TECHNICAL INSTITUTE                 ,NV,89014-6712,Proprietary  ,25,111,136,353,1127,1480
00736700,MARINELLO SCHOOLS OF BEAUTY             ,NV,89110-3563,Proprietary  ,20,86,106,268,656,924
00736701,MARINELLO SCHOOLS OF BEAUTY -           ,NV,89014-2244,Proprietary  ,11,39,50,89,311,400
00737100,MARINELLO SCHOOL OF BEAUTY              ,NV,89502-6530,Proprietary  ,12,45,57,172,341,513
00844103,ANTHEM INSTITUTE - MORRISON UNIVERSITY  ,NV,89521-4826,Proprietary  ,0,0,0,98,533,631
00919200,SIERRA NEVADA COLLEGE                   ,NV,89451-0000,Private      ,13,74,87,583,799,1382
01036200,COLLEGE OF SOUTHERN NEVADA              ,NV,89146-1139,Public       ,554,1726,2280,17854,30557,48411
01036300,WESTERN NEVADA COLLEGE                  ,NV,89703-0000,Public       ,35,136,171,1345,3012,4357
01246110,LINCOLN TECHNICAL INSTITUTE-EUPH INST OF,NV,89117-8803,Proprietary  ,12,51,63,170,373,543
01246111,LINCOLN TECHNICAL INSTITUTE-EUPH INS OFB,NV,89052-4964,Proprietary  ,9,23,32,90,195,285
01246112,LINCOLN TECHNICAL INSTITUTE- EUPH INST O,NV,89131-1036,Proprietary  ,0,0,0,74,147,221
01323200,ACADEMY OF HAIR DESIGN                  ,NV,89146-1617,Proprietary  ,11,59,70,248,584,832
02107700,TRUCKEE MEADOWS COMMUNITY CLG           ,NV,89512-0000,Public       ,201,457,658,5018,8047,13065
02237500,EVEREST COLLEGE                         ,NV,89103-0000,Proprietary  ,36,182,218,859,2256,3115
02338512,GLENDALE CAREER COLLEGE - NEVADA CAREER ,NV,89131-3268,Proprietary  ,1,20,21,71,352,423
02616703,SCOTTSDALE CULINARY INSTITUTE - LE CORDO,NV,89144-7047,Proprietary  ,5,19,24,202,409,611
02621500,CAREER COLLEGE OF NORTHERN NEVADA       ,NV,89434-7905,Proprietary  ,43,101,144,318,981,1299
03030603,UTAH CLG OF MASSAGE THERAPY-NSMT        ,NV,89123-0000,Proprietary  ,18,47,65,190,497,687
03031405,INTERNATIONAL ACADEMY OF DESIGN AND TECH,NV,89074-7750,Proprietary  ,1,8,9,261,459,720
03043200,KAPLAN COLLEGE                          ,NV,89102-8618,Proprietary  ,64,266,330,880,2927,3807
03076404,BRYMAN SCHOOL OF ARIZONA (THE) - ANTHEM ,NV,89102-4514,Proprietary  ,0,0,0,136,384,520
03088200,CARSON CITY BEAUTY ACADEMY              ,NV,89706-0000,Proprietary  ,0,0,0,26,103,129
03787300,EXPERTISE SCHOOL OF BEAUTY              ,NV,89106-2516,Private      ,4,39,43,121,407,528
03838500,NORTHWEST HEALTH CAREERS                ,NV,89128-0255,Proprietary  ,17,107,124,295,866,1161
03975300,INSTITUTE OF PROFESSIONAL CAREERS       ,NV,89119-7825,Proprietary  ,2,37,39,96,515,611
04051303,ART INSTITUTE OF PHOENIX (THE) - ART INS,NV,89074-7737,Proprietary  ,13,24,37,413,447,860
04065300,ROSEMAN UNIVERSITY OF HEALTH SCIENCES   ,NV,89014-2333,Private      ,4,25,29,361,2062,2423
04114300,NEVADA STATE COLLEGE                    ,NV,89002-9455,Public       ,61,156,217,2490,4441,6931
04142601,TOURO UNIVERSITY - NEVADA               ,NV,89014-8800,Private      ,6,28,34,128,928,1056
04144800,INTERNATIONAL ACADEMY OF STYLE          ,NV,89509-3450,Proprietary  ,2,23,25,107,209,316
04147600,AVEDA INSTITUTE LAS VEGAS               ,NV,89119-6103,Proprietary  ,12,67,79,212,554,766
04171000,ADVANCED TRAINING INSTITUTE             ,NV,89115-7504,Proprietary  ,20,149,169,267,1013,1280
04180500,ADVANCED BEAUTY SCHOOL OF COSMETOLOGY   ,NV,89103-5864,Proprietary  ,1,20,21,1,20,21
04186300,PAUL MITCHELL THE SCHOOL LAS VEGAS      ,NV,89123-8014,Proprietary  ,23,46,69,373,571,944
04190300,AMERICAN INSTITUTE OF MEDICAL SONOGRAPHY,NV,89146-6597,Proprietary  ,5,50,55,149,604,753
04191100,DESTINATION ACADEMY FOR SPA AND SALON PR,NV,89147-8397,Proprietary  ,0,0,0,8,16,24
04203100,PAUL MITCHELL THE SCHOOL RENO           ,NV,89501-3356,Proprietary  ,10,27,37,176,254,430
04226200,HEALTHCARE PREPARATORY INSTITUTE        ,NV,89130-2580,Proprietary  ,7,42,49,159,559,718
00257200,COLBY-SAWYER COLLEGE                    ,NH,03257-4648,Private      ,17,3,20,2651,146,2797
00257300,DARTMOUTH COLLEGE                       ,NH,03755-3529,Private      ,80,30,110,10619,1896,12515
00257500,FRANKLIN PIERCE UNIVERSITY              ,NH,03461-0060,Private      ,24,74,98,3366,1282,4648
00257900,NEW ENGLAND COLLEGE                     ,NH,03242-3293,Private      ,41,234,275,2539,2288,4827
00258000,SOUTHERN NEW HAMPSHIRE UNIVERSITY       ,NH,03106-1045,Private      ,456,5933,6389,9684,60005,69689
00258100,NHTI  - CONCORD'S COMMUNITY COLLEGE     ,NH,03301-7412,Public       ,65,107,172,2975,2313,5288
00258200,MANCHESTER COMMUNITY COLLEGE            ,NH,03102-8518,Public       ,48,110,158,1632,2128,3760
00258300,GREAT BAY COMMUNITY COLLEGE             ,NH,03801-0000,Public       ,32,70,102,1168,1446,2614
00258600,RIVIER UNIVERSITY                       ,NH,03060-5086,Private      ,9,48,57,1454,1275,2729
00258700,SAINT ANSELM COLLEGE                    ,NH,03102-1310,Private      ,22,6,28,3898,211,4109
00258900,UNIVERSITY OF NEW HAMPSHIRE             ,NH,03824-2511,Public       ,135,97,232,21771,3812,25583
00258903,UNIVERSITY OF NEW HAMPSHIRE - SCHOOL OF ,NH,03301-4115,Public       ,0,0,0,28,366,394
00259000,KEENE STATE COLLEGE                     ,NH,03431-0000,Public       ,44,17,61,7963,805,8768
00259100,PLYMOUTH STATE UNIVERSITY               ,NH,03264-1595,Public       ,50,60,110,6469,1571,8040
00301004,ANTIOCH UNIVERSITY                      ,NH,03431-0000,Private      ,0,12,12,13,816,829
00472900,HESSER COLLEGE                          ,NH,03103-7230,Proprietary  ,8,110,118,295,1331,1626
00472901,HESSER COLLEGE - NASHUA CAMPUS          ,NH,03063-1286,Proprietary  ,1,1,2,82,319,401
00472904,HESSER COLLEGE - PORTSMOUTH CAMPUS      ,NH,03801-3245,Proprietary  ,0,0,0,12,33,45
00472905,HESSER COLLEGE - SALEM CAMPUS           ,NH,03079-2842,Proprietary  ,0,1,1,101,352,453
00472906,HESSER COLLEGE - CONCORD CAMPUS         ,NH,03301-3415,Proprietary  ,0,0,0,12,29,41
00473100,DANIEL WEBSTER COLLEGE                  ,NH,03063-1300,Proprietary  ,11,29,40,765,373,1138
00529100,WHITE MOUNTAINS COMMUNITY COLLEGE       ,NH,03570-3799,Public       ,8,37,45,365,548,913
00702500,LEBANON COLLEGE                         ,NH,03766-0000,Private      ,0,0,0,31,73,104
00755500,LAKES REGION COMMUNITY COLLEGE          ,NH,03246-1326,Public       ,11,30,41,712,818,1530
00756000,RIVER VALLEY COMMUNITY COLLEGE          ,NH,03743-9707,Public       ,19,42,61,389,868,1257
00864500,EMPIRE BEAUTY SCHOOL                    ,NH,03220-0000,Proprietary  ,17,33,50,130,171,301
00923600,NASHUA COMMUNITY COLLEGE                ,NH,03063-2052,Public       ,41,60,101,1305,1198,2503
01318900,CONTINENTAL ACADEMIE OF HAIR DESIGN     ,NH,03051-3754,Proprietary  ,1,3,4,68,45,113
02140400,ST JOSEPH SCH OF PRAC NRSG              ,NH,03060-0000,Private      ,3,19,22,53,251,304
02174800,MICHAEL'S SCHOOL OF HAIR DESIGN & ESTHET,NH,03110-0000,Proprietary  ,6,15,21,119,113,232
02179600,EMPIRE BEAUTY SCHOOL                    ,NH,03878-0000,Proprietary  ,11,36,47,96,164,260
02211600,PORTSMOUTH BTY SCH OF HAIR DESIGN       ,NH,03801-4084,Proprietary  ,4,3,7,38,43,81
02223300,NORTHEAST CATHOLIC COLLEGE              ,NH,03278-4012,Private      ,0,0,0,51,2,53
02245400,KEENE BEAUTY ACADEMY                    ,NH,03431-0000,Proprietary  ,2,5,7,47,52,99
02247000,NEW ENGLAND SCHOOL OF HAIR DESIGN       ,NH,03784-0000,Proprietary  ,2,6,8,32,51,83
03043100,THOMAS MORE COLLEGE OF LIBERAL ARTS     ,NH,03054-4818,Private      ,0,0,0,109,24,133
03101300,GRANITE STATE COLLEGE                   ,NH,03301-6400,Public       ,19,163,182,511,2611,3122
03182300,NEW HAMPSHIRE INSTITUTE OF ART          ,NH,03104-4858,Private      ,5,13,18,654,228,882
03437300,UPPER VALLEY TEACHER TRANING PROGRAM    ,NH,03766-1358,Private      ,0,2,2,2,40,42
03729300,NH INSTITUTE FOR THERAPEUTIC ARTS       ,NH,03051-4906,Proprietary  ,0,1,1,9,51,60
04162200,LAIRD INSTITUTE OF SPA THERAPY          ,NH,03102-5263,Proprietary  ,4,13,17,24,93,117
00267000,BAPTIST BIBLE COLG OF PENNSYLVANIA      ,PA,18411-1297,Private      ,10,23,33,599,529,1128
00322800,BRYN ATHYN COLLEGE OF THE NEW CHURCH    ,PA,19009-0717,Private      ,5,3,8,293,49,342
00322900,ALBRIGHT COLLEGE                        ,PA,19612-5234,Private      ,44,55,99,4818,1347,6165
00323000,ALLEGHENY COLLEGE                       ,PA,16335-3902,Private      ,25,5,30,3537,138,3675
00323100,COMM CLG OF ALLEGHENY-ALLEGHENY CMP     ,PA,15212-0000,Public       ,83,299,382,3405,6637,10042
00323101,"COMM CLG OF ALLEGHENY, BOYCE CAMPUS     ",PA,15146-0000,Public       ,48,140,188,1677,2659,4336
00323102,"COMM CLG OF ALLEGHENY, NORTH CAMPUS     ",PA,15237-0000,Public       ,43,153,196,2001,2670,4671
00323103,"COMM CLG OF ALLEGHENY, SOUTH CAMPUS     ",PA,15122-0000,Public       ,47,129,176,1810,2440,4250
00323300,ALVERNIA UNIVERSITY                     ,PA,19607-1799,Private      ,16,68,84,2571,1844,4415
00323500,ARCADIA UNIVERSITY                      ,PA,19038-3295,Private      ,58,56,114,6712,2100,8812
00323700,BRYN MAWR COLLEGE                       ,PA,19010-2899,Private      ,10,12,22,1828,549,2377
00323800,BUCKNELL UNIVERSITY                     ,PA,17837-2122,Private      ,40,3,43,5504,241,5745
00323900,BUCKS COUNTY COMMUNITY COLLEGE          ,PA,18940-1320,Public       ,106,196,302,4331,4210,8541
00324000,BUTLER COUNTY COMMUNITY COLLEGE         ,PA,16001-0000,Public       ,35,82,117,2118,1913,4031
00324100,CABRINI COLLEGE                         ,PA,19087-3698,Private      ,19,68,87,2047,965,3012
00324200,CARNEGIE MELLON UNIVERSITY              ,PA,15213-3890,Private      ,83,29,112,13534,1837,15371
00324201,CARNEGIE MELLON UNIV- THE HEINZ COLLEGE ,PA,15213-0000,Private      ,3,5,8,159,650,809
00324202,CARNEGIE MELLON- TEPPER SCHOOL OF BUSINE,PA,15213-0000,Private      ,2,4,6,253,531,784
00324300,CEDAR CREST COLLEGE                     ,PA,18104-6196,Private      ,11,51,62,1147,1502,2649
00324400,CHATHAM UNIVERSITY                      ,PA,15232-2826,Private      ,11,50,61,759,1895,2654
00324500,CHESTNUT HILL COLLEGE                   ,PA,19118-2693,Private      ,23,76,99,1812,2408,4220
00324700,MISERICORDIA  UNIVERSITY                ,PA,18612-1008,Private      ,14,36,50,2767,1521,4288
00324900,COMMUNITY COLLEGE OF PHILADELPHIA       ,PA,19130-3991,Public       ,279,1001,1280,13608,24838,38446
00325100,CURTIS INSTITUTE OF MUSIC               ,PA,19103-6187,Private      ,6,2,8,288,162,450
00325200,DELAWARE VALLEY COLLEGE                 ,PA,18901-2697,Private      ,28,19,47,2497,475,2972
00325300,DICKINSON COLLEGE                       ,PA,17013-2896,Private      ,20,5,25,3602,172,3774
00325600,DREXEL UNIVERSITY                       ,PA,19104-2875,Private      ,266,720,986,34439,19315,53754
00325800,DUQUESNE UNIVERSITY                     ,PA,15282-0001,Private      ,41,74,115,8141,3881,12022
00325900,EASTERN UNIVERSITY                      ,PA,19087-3696,Private      ,26,103,129,2376,2783,5159
00326200,ELIZABETHTOWN COLLEGE                   ,PA,17022-2298,Private      ,28,29,57,3046,767,3813
00326300,EVANGELICAL SCHOOL OF THEOLOGY          ,PA,17067-0000,Private      ,0,2,2,0,94,94
00326500,FRANKLIN & MARSHALL COLLEGE             ,PA,17604-0000,Private      ,28,7,35,3685,234,3919
00326600,GANNON UNIVERSITY                       ,PA,16541-0001,Private      ,26,30,56,3907,1477,5384
00326700,GENEVA COLLEGE                          ,PA,15010-3599,Private      ,13,47,60,1879,905,2784
00326800,GETTYSBURG COLLEGE                      ,PA,17325-1486,Private      ,41,5,46,4078,195,4273
00326900,GROVE CITY COLLEGE                      ,PA,16127-2104,Private      ,5,2,7,1881,64,1945
00327000,GWYNEDD-MERCY COLLEGE                   ,PA,19437-0901,Private      ,10,91,101,1560,1856,3416
00327200,HARCUM COLLEGE                          ,PA,19010-3476,Private      ,8,30,38,996,2007,3003
00327300,HARRISBURG AREA COMMUNITY COLLEGE       ,PA,17110-2999,Public       ,217,760,977,10118,16012,26130
00327400,HAVERFORD COLLEGE                       ,PA,19041-1392,Private      ,7,4,11,2183,90,2273
00327500,HOLY FAMILY UNIVERSITY                  ,PA,19114-2094,Private      ,16,57,73,2024,1988,4012
00327600,IMMACULATA UNIVERSITY                   ,PA,19345-0647,Private      ,16,51,67,1820,1636,3456
00327700,INDIANA UNIVERSITY OF PENNSYLVANIA      ,PA,15705-1097,Public       ,140,107,247,15041,3988,19029
00327900,JUNIATA COLLEGE                         ,PA,16652-2196,Private      ,18,2,20,2548,114,2662
00328000,KEYSTONE COLLEGE                        ,PA,18440-0200,Private      ,14,38,52,1675,732,2407
00328200,KINGS COLLEGE                           ,PA,18711-0801,Private      ,32,17,49,3271,605,3876
00328300,LACKAWANNA COLLEGE                      ,PA,18509-9961,Private      ,32,67,99,1897,1268,3165
00328400,LAFAYETTE COLLEGE                       ,PA,18042-1768,Private      ,29,2,31,5072,173,5245
00328500,LANCASTER BIBLE COLLEGE                 ,PA,17601-5036,Private      ,7,78,85,869,1231,2100
00328600,LANCASTER THEOLOGICAL SEMINARY          ,PA,17603-0000,Private      ,1,1,2,1,130,131
00328700,LASALLE UNIVERSITY                      ,PA,19141-1199,Private      ,53,133,186,6779,4564,11343
00328800,LEBANON VALLEY COLLEGE                  ,PA,17003-1400,Private      ,29,9,38,3108,297,3405
00328900,LEHIGH UNIVERSITY                       ,PA,18015-1588,Private      ,44,28,72,8824,1036,9860
00329000,LINCOLN UNIVERSITY                      ,PA,19352-0999,Public       ,43,26,69,3264,1227,4491
00329100,LUTHERAN THEOLOG SEMINARY-GETTYSBRG     ,PA,17325-0000,Private      ,0,1,1,1,88,89
00329200,LUTHERAN THEOLOGICAL SEMINARY           ,PA,19119-0000,Private      ,0,8,8,2,204,206
00329300,LYCOMING COLLEGE                        ,PA,17701-5192,Private      ,12,6,18,2001,181,2182
00329400,MANOR COLLEGE                           ,PA,19046-3399,Private      ,11,16,27,757,624,1381
00329600,MARYWOOD UNIVERSITY                     ,PA,18509-1598,Private      ,19,32,51,2935,1563,4498
00329700,MERCYHURST UNIVERSITY                   ,PA,16546-0001,Private      ,24,43,67,3882,1740,5622
00329800,MESSIAH COLLEGE                         ,PA,17027-0000,Private      ,13,16,29,3452,601,4053
00330000,MOORE COLLEGE OF ART & DESIGN           ,PA,19103-1179,Private      ,4,25,29,753,422,1175
00330100,MORAVIAN COLLEGE                        ,PA,18018-6650,Private      ,15,15,30,2243,525,2768
00330101,MORAVIAN THEOLOGICAL SEMINARY           ,PA,18018-0000,Private      ,0,3,3,13,80,93
00330200,MOUNT ALOYSIUS COLLEGE                  ,PA,16630-1999,Private      ,8,20,28,1426,935,2361
00330300,CARLOW UNIVERSITY                       ,PA,15213-3165,Private      ,11,45,56,1266,2187,3453
00330400,MUHLENBERG COLLEGE                      ,PA,18104-5586,Private      ,17,16,33,3819,468,4287
00330600,VALLEY FORGE CHRISTIAN COLLEGE          ,PA,19460-2399,Private      ,8,13,21,820,340,1160
00330900,PEIRCE COLLEGE                          ,PA,19102-4699,Private      ,18,148,166,588,2998,3586
00331100,SALUS UNIVERSITY                        ,PA,19027-1598,Private      ,0,8,8,18,1168,1186
00331300,WIDENER UNIVERSITY                      ,PA,19013-5792,Private      ,35,92,127,5198,2895,8093
00331302,WIDENER UNIV SCH OF LAW- HARRISBURG     ,PA,17106-9381,Private      ,2,5,7,30,531,561
00331500,BLOOMSBURG UNIVERSITY OF PA             ,PA,17815-1301,Public       ,163,62,225,13470,2329,15799
00331600,CALIFORNIA UNIV OF PENNSYLVANIA         ,PA,15419-1394,Public       ,67,142,209,6295,4693,10988
00331700,CHEYNEY UNIVERSITY OF PENNSYLVANIA      ,PA,19319-0200,Public       ,21,23,44,1940,951,2891
00331800,CLARION UNIVERSITY OF PENNSYLVANIA      ,PA,16214-1232,Public       ,39,89,128,4846,2468,7314
00332000,EAST STROUDSBURG UNIVERSITY             ,PA,18301-2999,Public       ,124,81,205,8297,2249,10546
00332100,EDINBORO UNIVERSITY OF PENNSYLVANIA     ,PA,16444-0001,Public       ,44,89,133,5936,3175,9111
00332200,KUTZTOWN UNIVERSITY OF PENNSYLVANIA     ,PA,19530-9339,Public       ,100,60,160,11695,2371,14066
00332300,LOCK HAVEN UNIV OF PENNSYLVANIA         ,PA,17745-2439,Public       ,48,46,94,5644,1516,7160
00332400,MANSFIELD UNIVERSITY                    ,PA,16933-1123,Public       ,38,22,60,3158,850,4008
00332500,MILLERSVILLE UNIVERSITY OF PA           ,PA,17551-1800,Public       ,65,58,123,9088,2692,11780
00332600,SHIPPENSBURG UNIVERSITY                 ,PA,17257-2299,Public       ,70,53,123,9182,1913,11095
00332700,SLIPPERY ROCK UNIVERSITY                ,PA,16057-1326,Public       ,59,95,154,8931,2492,11423
00332800,WEST CHESTER UNIVERSITY                 ,PA,19383-0001,Public       ,246,129,375,18685,5467,24152
00332900,PENNSYLVANIA STATE UNIVERSITY (THE)     ,PA,16802-1503,Public       ,1113,1222,2335,76694,30802,107496
00335000,UNIVERSITY OF THE ARTS (THE)            ,PA,19102-9493,Private      ,31,27,58,3015,748,3763
00335100,CAIRN UNIVERSITY                        ,PA,19047-2942,Private      ,7,12,19,807,476,1283
00335200,PHILADELPHIA CLG OSTEOPATHIC MED        ,PA,19131-0000,Private      ,0,23,23,45,3483,3528
00335300,UNIVERSITY OF THE SCIENCES IN PHILADELPH,PA,19104-4495,Private      ,23,35,58,3516,1634,5150
00335400,PHILADELPHIA UNIVERSITY                 ,PA,19144-5497,Private      ,38,82,120,4744,2665,7409
00335600,PITTSBURGH THEOLOGICAL SEMINARY         ,PA,15206-0000,Private      ,0,6,6,3,185,188
00335700,POINT PARK UNIVERSITY                   ,PA,15222-1912,Private      ,32,73,105,3793,2460,6253
00335800,REFORMED PRESBYTERIAN THEOL SEMINAR     ,PA,15208-0000,Private      ,0,0,0,4,22,26
00335900,ROBERT MORRIS UNIVERSITY                ,PA,15108-1189,Private      ,50,83,133,5490,2364,7854
00336000,ROSEMONT COLLEGE                        ,PA,19010-1699,Private      ,14,28,42,699,709,1408
00336200,SETON HILL UNIVERSITY                   ,PA,15601-1599,Private      ,19,21,40,2278,928,3206
00336400,ST. CHARLES BORROMEO SEMINARY           ,PA,19096-0000,Private      ,0,1,1,29,29,58
00336600,SAINT FRANCIS UNIVERSITY                ,PA,15940-0600,Private      ,18,24,42,2147,830,2977
00336700,SAINT JOSEPH'S UNIVERSITY               ,PA,19131-1395,Private      ,59,242,301,8269,4202,12471
00336800,ST VINCENT COLLEGE                      ,PA,15650-2690,Private      ,14,11,25,2089,304,2393
00336900,SUSQUEHANNA UNIVERSITY                  ,PA,17870-1001,Private      ,34,1,35,3744,144,3888
00337000,SWARTHMORE COLLEGE                      ,PA,19081-1397,Private      ,25,4,29,3307,106,3413
00337100,TEMPLE UNIVERSITY                       ,PA,19122-6003,Private      ,367,442,809,37865,20958,58823
00337600,THIEL COLLEGE                           ,PA,16125-2181,Private      ,14,2,16,1895,164,2059
00337800,UNIVERSITY OF PENNSYLVANIA              ,PA,19104-6216,Private      ,177,247,424,23628,13108,36736
00337900,UNIVERSITY OF PITTSBURGH                ,PA,15260-0000,Public       ,233,237,470,32288,10504,42792
00337906,UNIVERSITY OF PITTSBURGH - SCHOOL OF MED,PA,15261-0001,Public       ,3,6,9,226,983,1209
00337907,UNIVERSITY OF PITTSBURGH - SCHOOL OF DEN,PA,15261-2523,Public       ,1,3,4,104,374,478
00338400,UNIVERSITY OF SCRANTON                  ,PA,18510-4622,Private      ,58,81,139,8299,1688,9987
00338500,URSINUS COLLEGE                         ,PA,19426-1000,Private      ,20,4,24,2631,112,2743
00338600,VALLEY FORGE MILITARY COLLEGE           ,PA,19087-3695,Private      ,4,4,8,638,98,736
00338800,VILLANOVA UNIVERSITY                    ,PA,19085-1699,Private      ,64,170,234,12847,3401,16248
00338801,VILLANOVA UNIV SCH OF LAW               ,PA,19085-0000,Private      ,2,12,14,43,934,977
00338900,WASHINGTON & JEFFERSON COLLEGE          ,PA,15301-4801,Private      ,17,3,20,2864,112,2976
00339100,WAYNESBURG UNIVERSITY                   ,PA,15370-1222,Private      ,7,27,34,1959,743,2702
00339200,WESTMINSTER COLLEGE                     ,PA,16172-0002,Private      ,6,8,14,1931,222,2153
00339300,WESTMINSTER THEOLOGICAL SEMINARY        ,PA,19038-0000,Private      ,0,5,5,3,301,304
00339400,WILKES UNIVERSITY                       ,PA,18766-0998,Private      ,22,158,180,3499,1575,5074
00339500,PENNSYLVANIA COLLEGE OF TECHNOLOGY      ,PA,17701-5779,Public       ,22,52,74,5322,2368,7690
00339600,WILSON COLLEGE                          ,PA,17201-1285,Private      ,7,24,31,573,474,1047
00339900,YORK COLLEGE OF PENNSYLVANIA            ,PA,17405-7199,Private      ,70,46,116,8626,1396,10022
00398600,DESALES UNIVERSITY                      ,PA,18034-9568,Private      ,20,56,76,2901,1616,4517
00398700,LA ROCHE COLLEGE                        ,PA,15237-5898,Private      ,11,10,21,1211,589,1800
00398800,NEUMANN UNIVERSITY                      ,PA,19014-1298,Private      ,31,81,112,3168,1567,4735
00405800,GRATZ COLLEGE                           ,PA,19027-3097,Private      ,1,15,16,4,118,122
00445200,MONTGOMERY COUNTY COMMUNITY COLLEGE     ,PA,19422-6300,Public       ,126,331,457,5678,6332,12010
00488900,CAMBRIA-ROWE BUSINESS COLLEGE           ,PA,15902-2494,Proprietary  ,4,16,20,107,193,300
00488901,CAMBRIA ROWE BUSINESS COLLEGE - INDIANA ,PA,15701-2804,Proprietary  ,4,11,15,69,134,203
00489000,CENTRAL PENN COLLEGE                    ,PA,17093-0309,Proprietary  ,13,110,123,1089,1714,2803
00489300,DU BOIS BUSINESS COLLEGE                ,PA,15801-2401,Proprietary  ,5,10,15,143,269,412
00489400,ERIE BUSINESS CENTER                    ,PA,16501-1305,Proprietary  ,0,0,0,63,263,326
00489401,ERIE BUSINESS CENTER - NEW CASTLE CAMPUS,PA,16101-3950,Proprietary  ,0,0,0,28,107,135
00489800,MCCANN SCHOOL OF BUSINESS & TECHNOL     ,PA,17901-1335,Proprietary  ,133,616,749,1661,6047,7708
00489807,MCCANN SCHOOL OF BUSINESS & TECHNOLOGY -,PA,17013-3180,Proprietary  ,0,7,7,50,114,164
00489900,MERCY HOSP SCH OF NURSING               ,PA,15219-5166,Private      ,1,6,7,173,241,414
00490200,PENN COMMERCIAL BUSINESS/TECHNICAL SCHL ,PA,15301-2871,Proprietary  ,20,51,71,262,495,757
00491000,KAPLAN CAREER INSTITUTE                 ,PA,17111-3571,Proprietary  ,22,61,83,207,754,961
00491001,THOMPSON INSTITUTE-PHILADEPHIA CAMPUS   ,PA,19104-3386,Proprietary  ,40,130,170,357,867,1224
00500701,WEST VIRGINIA CAREER INSTITUTE          ,PA,15456-0000,Proprietary  ,1,4,5,63,100,163
00531000,PITTSBURGH INST OF AERONAUTICS          ,PA,15236-0000,Private      ,18,32,50,408,355,763
00533000,FAYETTE CNTY AREA VOC TECH PRC NRSG     ,PA,15401-0000,Public       ,2,18,20,54,136,190
00533500,CENTRAL PENN INST OF SCI & TECH PNP     ,PA,16823-0000,Public       ,5,11,16,155,262,417
00536500,YORK CO AREA VOC-TECH SCH-PRAC NSG      ,PA,17402-0000,Public       ,2,18,20,83,417,500
00653400,CITIZENS SCHOOL OF NURSING              ,PA,15068-6591,Private      ,0,2,2,107,188,295
00653700,CONEMAUGH VLY MEM HOSP SCH NRSNG        ,PA,15905-4398,Proprietary  ,0,0,0,140,144,284
00653704,CONEMAUGH VLY MEM HOSP SCH RAD TECH     ,PA,15905-0000,Proprietary  ,0,0,0,35,28,63
00655100,ST MARGARET SCHL OF NURSING             ,PA,15238-3205,Private      ,4,5,9,127,236,363
00656000,OHIO VALLEY HOSP SCH OF NURSING         ,PA,15136-1694,Private      ,0,0,0,39,75,114
00656500,READING HOSPITAL SCHOOL OF HEALTH SCIENC,PA,19611-1744,Private      ,2,10,12,235,482,717
00657400,"ST LUKE'S HOSPITAL OF BETHLEHEM, PA     ",PA,18015-1065,Private      ,1,3,4,112,285,397
00657700,UPMC SHADYSIDE SCHOOL OF NURSING        ,PA,15232-1381,Private      ,8,11,19,286,494,780
00657800,SHARON REGIONAL HEALTH SYSTEM SCHOOL OF ,PA,16146-3395,Private      ,0,2,2,31,75,106
00658200,WASHINGTON HOSP SCH OF NURSING          ,PA,15301-3398,Private      ,6,7,13,47,115,162
00658202,WASHINGTON HOSP SCH OF RAD TECH         ,PA,15301-3398,Private      ,0,0,0,8,18,26
00658300,WESTERN PENN HOSP-SCH OF NURSING        ,PA,15224-1790,Private      ,2,8,10,137,242,379
00680700,COMMUNITY COLLEGE OF BEAVER COUNTY      ,PA,15061-2588,Public       ,18,67,85,1264,1531,2795
00681000,LEHIGH CARBON COMMUNITY COLLEGE         ,PA,18078-2598,Public       ,52,190,242,3566,4349,7915
00681100,LUZERNE COUNTY COMMUNITY COLLEGE        ,PA,18634-3899,Public       ,78,143,221,3271,3876,7147
00708700,ABINGTON MEM HOSP SCHL OF NURSING       ,PA,19090-1284,Private      ,1,13,14,126,439,565
00709100,EVEREST INSTITUTE                       ,PA,15222-1320,Proprietary  ,14,82,96,210,846,1056
00711000,DELAWARE COUNTY COMMUNITY COLLEGE       ,PA,19063-1094,Public       ,124,354,478,6784,9282,16066
00719100,NORTHAMPTON COMMUNITY COLLEGE           ,PA,18020-7599,Public       ,113,236,349,6953,6873,13826
00730305,LINCOLN TECHNICAL INSTITUTE - PHILADELPH,PA,19136-1530,Proprietary  ,24,45,69,345,600,945
00732955,ITT TECHNICAL INSTITUTE                 ,PA,19406-1212,Proprietary  ,21,93,114,234,803,1037
00743000,ANTONELLI INST OF ART & PHOTOGRAPHY     ,PA,19038-8242,Proprietary  ,1,2,3,253,52,305
00743600,KAPLAN CAREER INSTITUTE - ICM CAMPUS    ,PA,15222-1977,Proprietary  ,28,116,144,251,960,1211
00743700,PITTSBURGH TECHNICAL INSTITUTE          ,PA,15071-3205,Proprietary  ,36,67,103,2367,1470,3837
00746900,"HUSSIAN SCHOOL OF ART, INC.             ",PA,19106-0000,Proprietary  ,2,2,4,139,58,197
00747000,"ART INSTITUTE OF PITTSBURGH, THE        ",PA,15219-1328,Proprietary  ,377,1999,2376,4109,15929,20038
00752900,"CHESTER COUNTY INTERMEDIATE UNIT, PNP   ",PA,19335-3043,Public       ,2,11,13,47,194,241
00777900,LANSDALE SCHOOL OF BUSINESS             ,PA,19454-4114,Proprietary  ,10,41,51,86,418,504
00778000,NEW CASTLE SCHOOL OF TRADES             ,PA,16143-0000,Proprietary  ,34,99,133,411,816,1227
00778100,CHI INSTITUTE/RETS CAMPUS               ,PA,19008-3516,Proprietary  ,13,52,65,133,422,555
00783900,TRIANGLE TECH                           ,PA,15214-3897,Proprietary  ,15,42,57,266,372,638
00791200,THADDEUS STEVENS CLG OF TECHNOLOGY      ,PA,17602-0000,Public       ,8,17,25,1406,647,2053
00791600,FRANKLIN CNTY CAREER & TECH CTR-PNP     ,PA,17201-0000,Public       ,0,2,2,51,125,176
00793807,LINCOLN TECHNICAL INSITUTE - ALLENTOWN  ,PA,18104-3212,Proprietary  ,32,80,112,430,764,1194
00820000,JAMESON MEMORIAL HOSP SCH NURSING       ,PA,16105-2595,Private      ,0,2,2,47,94,141
00835000,ART INSTITUTE OF PHILADELPHIA           ,PA,19103-5198,Proprietary  ,81,172,253,2799,2703,5502
00844100,ANTHEM INSTITUTE                        ,PA,19064-1243,Proprietary  ,0,4,4,55,260,315
00856800,VET TECH INSTITUTE                      ,PA,15222-3400,Proprietary  ,3,4,7,406,249,655
00865300,JEFFERSON CO DUBOIS VOC TECH-PR NSG     ,PA,15851-0000,Public       ,0,1,1,20,30,50
00895500,SALON PROFESSIONAL ACADEMY (THE)        ,PA,16602-0000,Proprietary  ,3,6,9,36,43,79
00915705,WYOTECH - BLAIRSVILLE                   ,PA,15717-8060,Proprietary  ,47,81,128,895,820,1715
00918600,DEAN INSTITUTE OF TECHNOLOGY            ,PA,15226-1197,Proprietary  ,3,19,22,50,172,222
00944900,PENNCO TECH                             ,PA,19007-0000,Proprietary  ,34,53,87,258,511,769
00966400,EMPIRE BEAUTY SCHOOL                    ,PA,18052-5730,Proprietary  ,67,203,270,718,1646,2364
00972100,BRADFORD SCHOOL                         ,PA,15219-2602,Proprietary  ,1,9,10,587,201,788
00972300,ARIA HEALTH SCHOOL OF NURSING           ,PA,19053-6939,Private      ,0,5,5,145,352,497
00983702,ITT TECHNICAL INSTITUTE                 ,PA,15220-3805,Proprietary  ,0,0,0,0,1,1
00986300,PENNSYLVANIA COLLEGE OF HEALTH SCIENCES ,PA,17602-4955,Private      ,6,17,23,729,1234,1963
01000600,GREATER JOHNSTOWN AREA VOC TECH SCH     ,PA,15904-0000,Public       ,1,19,20,91,247,338
01005500,CRAWFORD CNTY AREA VO-TECH PRAC NUR     ,PA,16335-0000,Public       ,3,1,4,23,40,63
01017600,WESTMORELAND COUNTY COMMUNITY CLG       ,PA,15697-1895,Public       ,66,181,247,2992,3539,6531
01038800,READING AREA COMMUNITY COLLEGE          ,PA,19603-1706,Public       ,101,280,381,2369,4126,6495
01054200,EMPIRE BEAUTY SCHOOL                    ,PA,18701-0000,Proprietary  ,79,234,313,768,1818,2586
01081400,PITTSBURGH INST MORTUARY SCIENCE        ,PA,15206-3706,Private      ,2,19,21,115,319,434
01086000,GREATER ALTOONA CAREER/TECH CENTER      ,PA,16602-0000,Public       ,0,5,5,116,256,372
01096300,GREENE COUNTY VOC-TECH SCHOOL           ,PA,15370-0000,Public       ,0,2,2,14,30,44
01099800,PENNSYLVANIA INSTITUTE OF TECH          ,PA,19063-4098,Private      ,36,75,111,504,1033,1537
01162100,AUTOMOTIVE TRAINING CENTER              ,PA,19341-1310,Proprietary  ,98,45,143,913,445,1358
01162200,WELDER TRAINING & TESTING INST          ,PA,18109-3253,Proprietary  ,5,16,21,52,165,217
01171500,SCHUYLKILL HEALTH SCHOOL OF NURSING     ,PA,17901-3692,Private      ,0,2,2,69,66,135
01191900,BEAVER FALLS BEAUTY ACADEMY             ,PA,15010-4208,Proprietary  ,3,6,9,28,57,85
01205000,ROSEDALE TECHNICAL INSTITUTE            ,PA,15205-9791,Private      ,11,36,47,349,436,785
01239300,THOMAS JEFF UNIV-CLG ALLIED HEALTH      ,PA,19107-0000,Private      ,4,39,43,354,1602,1956
01239301,THOMAS JEFFERSON UNIVERSITY - JEFFERSON ,PA,19107-5001,Private      ,8,44,52,503,2718,3221
01239303,THOMAS JEFFERSON UNIVERSITY - COLLEGE OF,PA,19107-6731,Private      ,2,13,15,247,942,1189
01246104,LINCOLN TECHNICAL INSTITUTE             ,PA,19104-0202,Proprietary  ,25,85,110,360,935,1295
01246105,LINCOLN TECHNICAL INSTITUTE             ,PA,19116-4202,Proprietary  ,15,48,63,257,629,886
01252300,TALMUDICAL YESHIVA OF PHILA             ,PA,19131-1296,Private      ,10,0,10,52,1,53
01260600,EMPIRE BEAUTY SCHOOL                    ,PA,17901-3859,Proprietary  ,50,168,218,649,1490,2139
01292900,SOUTH HILLS BEAUTY ACADEMY              ,PA,15216-2335,Proprietary  ,4,33,37,76,224,300
01313400,YESHIVATH BETH MOSHE                    ,PA,18505-2196,Private      ,2,1,3,35,6,41
01321400,ROXBOROUGH MEM HOSP SCH OF NURSING      ,PA,19128-0000,Proprietary  ,2,8,10,98,439,537
01326300,SOUTH HILLS SCHOOL OF BUSINESS & TECHNOL,PA,16801-4516,Proprietary  ,4,4,8,537,520,1057
02061000,VENUS BEAUTY ACADEMY                    ,PA,19079-0000,Proprietary  ,6,8,14,59,79,138
02068300,DOUGLAS SCHOOL OF BUSINESS              ,PA,15062-0000,Proprietary  ,16,27,43,256,262,518
02090200,TRIANGLE TECH                           ,PA,16502-0000,Proprietary  ,3,10,13,79,96,175
02092500,LAUREL TECHNICAL INSTITUTE              ,PA,16146-0000,Proprietary  ,9,32,41,192,347,539
02092502,BUSINESS INSTITUTE OF PENNSYLVANIA      ,PA,16335-0000,Proprietary  ,0,1,1,13,33,46
02104003,HARRIS SCHOOL OF BUSINESS - UPPER DARBY ,PA,19082-2528,Proprietary  ,1,1,2,29,60,89
02107300,PENNSYLVANIA ACADEMY OF FINE ARTS       ,PA,19102-1424,Private      ,5,15,20,291,334,625
02112200,GREAT LAKES INSTITUTE OF TECHNOLOGY     ,PA,16509-0000,Proprietary  ,22,61,83,373,524,897
02114200,JOHNSON COLLEGE                         ,PA,18508-0000,Private      ,1,11,12,500,320,820
02116001,SANFORD-BROWN INSTITUTE - TREVOSE       ,PA,19053-4700,Proprietary  ,0,0,0,2,7,9
02118000,LEVITTOWN BEAUTY ACADEMY LLC            ,PA,19054-1713,Proprietary  ,3,8,11,29,51,80
02119300,PA ACAD OF COSMETOLOGY ARTS & SCI       ,PA,15904-0000,Proprietary  ,2,10,12,55,78,133
02120800,"YORKTOWNE BUSINESS INSTITUTE, INC.      ",PA,17404-0000,Proprietary  ,1,12,13,104,241,345
02127400,YORK TECHNICAL INSTITUTE                ,PA,17402-0000,Proprietary  ,74,130,204,1243,1685,2928
02129000,TRIANGLE TECH                           ,PA,15601-0000,Proprietary  ,27,29,56,273,332,605
02129001,TRIANGLE TECH - BUSINESS CAREERS INSTITU,PA,15601-3304,Proprietary  ,0,0,0,11,11,22
02144000,"VISION ACADEMY, THE                     ",PA,18103-0000,Proprietary  ,4,31,35,43,155,198
02151500,CENTRAL SUSQUEHANNA LPN CENTER          ,PA,17837-8818,Public       ,1,1,2,55,174,229
02158300,JUNIATA-MIFFLIN CO AREA VOC TECH        ,PA,17044-0000,Public       ,2,9,11,20,65,85
02161400,NORTHEASTERN HOSP SCH OF NRSG           ,PA,19134-0000,Private      ,0,9,9,79,356,435
02169600,CLEARFIELD CTY CAREER AND TECH CNTR     ,PA,16830-0000,Public       ,3,8,11,47,112,159
02174400,TRIANGLE TECH                           ,PA,15801-0000,Proprietary  ,28,32,60,320,224,544
02178900,ACADEMY OF HAIR DESIGN                  ,PA,18202-1465,Proprietary  ,19,58,77,132,344,476
02183000,ORLEANS TECHNICAL INSTITUTE             ,PA,19111-0000,Private      ,30,51,81,201,526,727
02192800,WALNUT HILL COLLEGE                     ,PA,19104-0000,Proprietary  ,11,22,33,491,471,962
02202300,PITTSBURGH CAREER INSTITUTE             ,PA,15219-1907,Proprietary  ,9,45,54,78,273,351
02202301,SANFORD-BROWN INSTITUTE                 ,PA,15146-2141,Proprietary  ,0,0,0,10,22,32
02203900,ERIE INSTITUTE OF TECHNOLOGY            ,PA,16565-1002,Proprietary  ,11,41,52,186,347,533
02206200,"VISION ACADEMY, THE                     ",PA,19002-0000,Proprietary  ,7,27,34,110,203,313
02206300,STROUDSBURG SCHOOL OF COSMETOLOGY       ,PA,18360-0000,Proprietary  ,7,12,19,39,76,115
02212700,LANCASTER SCHOOL OF COSMETOLOGY         ,PA,17602-0000,Proprietary  ,5,30,35,82,221,303
02234200,ACADEMY OF MEDICAL ARTS & BUSINESS      ,PA,17112-0000,Proprietary  ,20,34,54,252,413,665
02240100,BARBER STYLING INSTITUTE                ,PA,17011-0000,Proprietary  ,0,0,0,0,1,1
02251200,SCHUYLKILL COUNTY AREA VOC TECH SCH     ,PA,17931-0000,Public       ,1,4,5,24,81,105
02251202,SCHUYLKILL COUNTY AREA VOC TECH SCH     ,PA,17931-0000,Public       ,0,1,1,10,24,34
02253900,BERKS TECHNICAL INSTITUTE               ,PA,19610-1168,Proprietary  ,68,220,288,1008,2195,3203
02255200,PENNSYLVANIA SCHOOL OF BUSINESS         ,PA,18101-1604,Proprietary  ,0,0,0,4,2,6
02269900,PENNSYLVANIA COLLEGE OF ART & DESIGN    ,PA,17603-3528,Private      ,4,3,7,457,115,572
02270500,BUCKS COUNTY SCHOOL OF BEAUTY CULT      ,PA,19053-0000,Proprietary  ,2,2,4,38,62,100
02273400,RECONSTRUCTIONIST RABBINICAL COLLEG     ,PA,19095-0000,Private      ,0,0,0,0,34,34
02276600,HANOVER PUBLIC SCH DIST PRAC NURSG      ,PA,17331-0000,Public       ,0,1,1,5,46,51
02282500,LENAPE SCHOOL OF PRACTICAL NURSING      ,PA,16226-0000,Public       ,4,11,15,68,172,240
02289500,PACE INSTITUTE                          ,PA,19601-0000,Proprietary  ,0,0,0,26,73,99
02289600,CONSOLIDATED SCHOOL OF BUSINESS         ,PA,17404-0000,Proprietary  ,6,21,27,73,216,289
02289700,ACADEMY OF CREATIVE HAIR DESIGN         ,PA,18702-0000,Proprietary  ,18,49,67,145,294,439
02289800,CHI INSTITUTE - FRANKLIN MILLS          ,PA,19154-0000,Proprietary  ,35,74,109,314,787,1101
02290400,"ALTOONA BEAUTY SCHOOL, INC              ",PA,16602-0000,Proprietary  ,5,12,17,53,98,151
02292700,LANSDALE SCHOOL OF COSMETOLOGY          ,PA,19446-0000,Proprietary  ,2,3,5,16,41,57
02299300,TRINITY EPISCOPAL SCHOOL MINISTRY       ,PA,15003-0000,Private      ,0,1,1,2,88,90
02301300,PRISM CAREER INSTITUTE                  ,PA,19082-2448,Proprietary  ,1,8,9,97,358,455
02304400,YTI CAREER INSTITUTE - MECHANICSBURG    ,PA,17055-0000,Proprietary  ,0,0,0,37,35,72
02306200,VENANGO COUNTY AREA VOC TECH SCHOOL     ,PA,16301-0000,Public       ,0,2,2,28,77,105
02310800,LANCASTER COUNTY CAREER & TECH CTR      ,PA,17584-0000,Public       ,10,42,52,211,577,788
02323000,BIBLICAL THEOLOGICAL SEMINARY           ,PA,19440-2421,Private      ,0,5,5,1,106,107
02330300,LEBANON CO CAREER & TECHNOLOGY CTR      ,PA,17042-0000,Public       ,2,7,9,72,263,335
02330600,PENNSYLVANIA GUNSMITH SCHOOL            ,PA,15202-0000,Proprietary  ,4,7,11,80,110,190
02350100,WESTERN AREA CAREER & TECHNOLOGY CT     ,PA,15317-0000,Public       ,0,3,3,28,96,124
02350200,INDIANA COUNTY TECH CTR SCH PR NSG      ,PA,15701-1465,Public       ,1,2,3,49,133,182
02353100,NORTHERN TIER CAREER CENTER             ,PA,18848-0000,Public       ,0,0,0,34,66,100
02362300,MERCER COUNTY AREA VOC TECH SCHOOL      ,PA,16137-0000,Public       ,0,2,2,16,49,65
02492600,EASTERN CTR ARTS AND TECH PR NSG        ,PA,19090-0000,Public       ,1,10,11,30,184,214
02495500,ALL-STATE CAREER SCHOOL                 ,PA,19029-0000,Proprietary  ,37,199,236,230,1147,1377
02529800,WILKES BARRE AREA CAREER AND TECHNICAL C,PA,18705-0000,Public       ,5,19,24,96,226,322
02536600,COMMONWEALTH TECH INSTIT @ HIRAM G      ,PA,15905-0000,Public       ,38,15,53,247,105,352
02544300,BUTLER BEAUTY SCHOOL                    ,PA,16001-0000,Proprietary  ,7,10,17,50,115,165
02545000,LAWRENCE COUNTY CAREER AND TECHNICAL CEN,PA,16101-0000,Public       ,0,0,0,16,32,48
02546200,LAUREL BUSINESS INSTITUTE               ,PA,15401-0877,Proprietary  ,7,24,31,198,252,450
02550000,CLARION CO AREA VOC-TECH PRAC NRSG      ,PA,16254-4637,Public       ,0,2,2,18,60,78
02554500,HAZLETON AREA CAREER CENTER PRACTICAL NU,PA,18201-0000,Public       ,2,2,4,40,61,101
02557800,ART INSTITUTE OF YORK (THE) - PENNSYLVAN,PA,17402-9012,Proprietary  ,5,7,12,523,266,789
02566400,ALBERT EINSTEIN MED CTR DEPT DNTL       ,PA,19141-3098,Private      ,0,0,0,25,95,120
02574800,PENNSYLVANIA INSTITUTE OF TAXIDERMY     ,PA,15931-0000,Proprietary  ,1,1,2,17,20,37
02609500,CAREER TRAINING ACADEMY                 ,PA,15068-6308,Proprietary  ,14,49,63,125,401,526
02609501,CAREER TRAINING ACADEMY                 ,PA,15146-0000,Proprietary  ,1,4,5,11,50,61
02616100,JEAN MADELINE ED CTR FOR COSM           ,PA,19147-1542,Proprietary  ,10,31,41,309,376,685
02617507,EVEREST COLLEGE - EVEREST INSTITUTE - BE,PA,19020-2062,Proprietary  ,1,5,6,126,365,491
03010800,FORTIS INSTITUTE                        ,PA,16506-1013,Proprietary  ,63,196,259,685,1945,2630
03011500,FORTIS INSTITUTE                        ,PA,18702-0000,Proprietary  ,12,34,46,73,262,335
03011600,FORTIS INSTITUTE                        ,PA,18509-2903,Proprietary  ,9,50,59,201,503,704
03029900,CONSOLIDATED SCHOOL OF BUSINESS         ,PA,17603-2389,Proprietary  ,4,11,15,91,168,259
03067000,ANTONELLI MEDICAL & PROF INST           ,PA,19464-9244,Proprietary  ,4,27,31,59,219,278
03072600,DCI CAREER INSTITUTE                    ,PA,15061-2307,Proprietary  ,4,19,23,47,139,186
03081900,YTI CAREER INSTITUTE - ALTOONA          ,PA,16602-4457,Proprietary  ,7,39,46,241,428,669
03090800,LAKE ERIE COLL OF OSTEOPATHIC MED       ,PA,16509-0000,Private      ,0,15,15,102,4179,4281
03098600,CAREER TECH CTR OF LACKAWANNA CNTY      ,PA,18508-0000,Public       ,0,9,9,79,239,318
03101400,FORBES ROAD CAREER & TECHNOLOGY CTR     ,PA,15146-1550,Public       ,0,1,1,20,41,61
03101500,BIDWELL TRAINING CENTER                 ,PA,15233-2233,Private      ,8,33,41,44,134,178
03103300,JNA INSTITUTE OF CULINARY ARTS          ,PA,19146-3119,Proprietary  ,8,20,28,142,272,414
03109100,METROPOLITAN CAREER CENTER              ,PA,19144-0000,Private      ,5,17,22,40,161,201
03110700,AVIATION INSTITUTE OF MAINTENANCE       ,PA,19114-1017,Proprietary  ,27,92,119,214,585,799
03120400,REGIONAL CAREER & TECHNICAL CENTER      ,PA,16509-4699,Public       ,0,1,1,7,32,39
03128400,DELAWARE COUNTY TECHNICAL SCHOOL        ,PA,19008-1928,Public       ,1,15,16,54,205,259
03180400,PENNSYLVANIA HIGHLANDS COMMUNITY COLLEGE,PA,15904-2927,Public       ,17,51,68,989,975,1964
03236400,L T INTERNATIONAL BEAUTY SCHOOL         ,PA,19130-2235,Proprietary  ,1,12,13,35,145,180
03353300,ACADEMY OF VOCAL ARTS                   ,PA,19103-6685,Private      ,1,2,3,41,112,153
03380301,STAR CAREER ACADEMY - STAR PHILADELPHIA ,PA,19114-2204,Proprietary  ,53,172,225,483,1519,2002
03380304,STAR CAREER ACADEMY - STAR NORRISTOWN   ,PA,19403-2422,Proprietary  ,11,35,46,89,255,344
03493302,ALL-STATE CAREER - WEST MIFFLIN CAMPUS  ,PA,15122-0000,Proprietary  ,3,6,9,31,67,98
03535300,HUNTINGDON COUNTY CAREER AND TECHNO     ,PA,17060-0905,Public       ,0,0,0,17,36,53
03561400,SUSQUEHANNA COUNTY CAREER & TECHNOL     ,PA,18816-0100,Public       ,1,14,15,25,80,105
03766300,PENNSYLVANIA SCHOOL OF MUSCLE THERAPY   ,PA,19406-3101,Proprietary  ,21,39,60,89,225,314
03781300,PRINCETON INFORMATION TECHNOLOGY CENTER ,PA,19038-4535,Proprietary  ,3,46,49,31,348,379
03899300,CALVARY BAPTIST THEOLOGICAL SEMINARY    ,PA,19446-4718,Private      ,0,0,0,0,4,4
03923300,PRECISION MANUFACTURING INSTITUTE       ,PA,16335-8380,Private      ,1,8,9,31,78,109
03948300,HARRISBURG UNIVERSITY OF SCIENCE AND TEC,PA,17101-2116,Private      ,10,24,34,569,343,912
03949300,WON INSTITUTE OF GRADUATE STUDIES       ,PA,19038-4535,Private      ,0,0,0,3,62,65
03950500,NORTHWEST REGIONAL TECHNOLOGY INSTITUTE ,PA,16508-2820,Proprietary  ,0,13,13,7,112,119
03952300,NATIONAL MASSAGE THERAPY INSTITUTE      ,PA,19116-3965,Proprietary  ,0,5,5,36,153,189
04024300,EDUCATION AND TECHNOLOGY INSTITUTE      ,PA,15601-9214,Private      ,0,3,3,11,19,30
04041300,BERKS CAREER & TECHNOLOGY CENTER        ,PA,19533-9112,Public       ,1,8,9,36,73,109
04118000,BYZANTINE CATHOLIC SEMINARY OF SAINTS CY,PA,15214-2229,Private      ,0,0,0,0,9,9
04124600,PROFESSIONAL ACADEMY OF COSMETOLOGY     ,PA,19401-0000,Proprietary  ,0,0,0,0,1,1
04127500,CDE CAREER INSTITUTE                    ,PA,18372-9034,Proprietary  ,0,17,17,22,99,121
04145800,PULSE BEAUTY ACADEMY A PAUL MITCHELL PAR,PA,19335-0000,Proprietary  ,7,13,20,91,98,189
04149800,SOMERSET COUNTY TECHNOLOGY CENTER       ,PA,15501-1444,Public       ,1,4,5,33,112,145
04151700,BELLA CAPELLI ACADEMY                   ,PA,15146-2388,Proprietary  ,3,7,10,71,93,164
04151701,BELLA CAPELLI ACADEMY -                 ,PA,15205-2388,Proprietary  ,5,9,14,95,108,203
04155100,INSTITUTE OF MEDICAL CAREERS            ,PA,15235-3718,Proprietary  ,7,31,38,51,255,306
04158000,METRO BEAUTY ACADEMY                    ,PA,18106-9693,Proprietary  ,17,28,45,151,248,399
04164900,BARONE BEAUTY ACADEMY                   ,PA,17701-5316,Proprietary  ,0,5,5,25,59,84
04167200,COMMONWEALTH MEDICAL COLLEGE (THE)      ,PA,18509-3240,Private      ,0,3,3,20,681,701
04167500,WORLD A CUTS BARBER INSTITUTE           ,PA,17401-1105,Proprietary  ,0,0,0,4,61,65
04215500,CHAMP'S BARBER SCHOOL                   ,PA,17603-3809,Proprietary  ,2,10,12,41,125,166
04221300,PHILADELPHIA TECHNICIAN TRAINING        ,PA,19138-1324,Private      ,9,79,88,81,437,518
04224600,BARBER SCHOOL OF PITTSBURGH             ,PA,15220-5537,Proprietary  ,4,15,19,39,165,204
04226300,DIVINE CROWN ACADEMY OF COSMETOLOGY     ,PA,17104-2103,Proprietary  ,1,10,11,29,99,128
04232000,STUDIO INCAMMINATI                      ,PA,19107-1105,Private      ,0,4,4,0,4,4
04236800,FOUNTAIN OF YOUTH ACADEMY OF COSMETOLOGY,PA,16046-2430,Proprietary  ,0,0,0,1,8,9
00267813,BRYANT & STRATTON COLLEGE - MIL DOWNTOWN,WI,53203-2608,Proprietary  ,49,246,295,926,3244,4170
00383200,ALVERNO COLLEGE                         ,WI,53234-3922,Private      ,28,71,99,1561,2589,4150
00383500,BELOIT COLLEGE                          ,WI,53511-5595,Private      ,20,1,21,2097,180,2277
00383700,CARDINAL STRITCH UNIVERSITY             ,WI,53217-9884,Private      ,28,191,219,1352,4108,5460
00383800,CARROLL UNIVERSITY                      ,WI,53186-5593,Private      ,25,25,50,4060,906,4966
00383900,CARTHAGE COLLEGE                        ,WI,53141-0000,Private      ,46,54,100,5112,984,6096
00384000,WESTERN TECHNICAL COLLEGE               ,WI,54601-0908,Public       ,60,110,170,2188,2534,4722
00384200,CONCORDIA UNIVERSITY WISCONSIN          ,WI,53097-2402,Private      ,31,334,365,3878,5235,9113
00384800,EDGEWOOD COLLEGE                        ,WI,53711-1958,Private      ,18,48,66,1903,1447,3350
00385000,SILVER LAKE COLLEGE                     ,WI,54220-9319,Private      ,3,18,21,222,375,597
00385400,LAKELAND COLLEGE                        ,WI,53082-0000,Private      ,9,82,91,1294,2169,3463
00385600,LAWRENCE UNIVERSITY                     ,WI,54912-0599,Private      ,14,5,19,2329,151,2480
00386100,MARIAN UNIVERSITY                       ,WI,54935-4699,Private      ,10,39,49,1488,1025,2513
00386300,MARQUETTE UNIVERSITY                    ,WI,53201-1881,Private      ,143,93,236,17011,4266,21277
00386600,MILWAUKEE AREA TECH COLLEGE             ,WI,53233-1443,Public       ,194,682,876,7770,18509,26279
00386800,MILWAUKEE SCHOOL OF ENGINEERING         ,WI,53202-3109,Private      ,17,31,48,3203,968,4171
00386900,MOUNT MARY UNIVERSITY                   ,WI,53222-4597,Private      ,10,26,36,923,1422,2345
00387400,NASHOTAH HOUSE                          ,WI,53058-0000,Private      ,0,2,2,1,62,63
00387500,NORTHLAND COLLEGE                       ,WI,54806-3999,Private      ,2,3,5,930,121,1051
00388400,RIPON COLLEGE                           ,WI,54971-0248,Private      ,7,5,12,1400,103,1503
00389200,ST. NORBERT COLLEGE                     ,WI,54115-2099,Private      ,16,4,20,2624,133,2757
00389500,UNIVERSITY OF WISCONSIN-MADISON         ,WI,53715-1382,Public       ,202,209,411,27644,10128,37772
00389600,UNIVERSITY OF WISCONSIN-MILWAUKEE       ,WI,53201-3165,Public       ,214,474,688,18772,13930,32702
00389700,UNIVERSITY OF WISCONSIN COLLEGES        ,WI,53708-8680,Public       ,69,129,198,3005,2153,5158
00389701,UNIVERSITY OF WISCONSIN-BARABOO         ,WI,53913-1098,Public       ,11,6,17,446,219,665
00389702,UNIVERSITY OF WISCONSIN-BARRON          ,WI,54868-2497,Public       ,6,8,14,415,255,670
00389703,UNIVERSITY OF WISCONSIN-FOND DU LAC     ,WI,54935-2998,Public       ,12,8,20,543,302,845
00389704,UNIVERSITY OF WISCONSIN-FOX VALLEY      ,WI,54952-1297,Public       ,23,28,51,1260,564,1824
00389705,UNIVERSITY OF WISCONSIN-MANITOWOC       ,WI,54220-6699,Public       ,4,6,10,332,152,484
00389706,UNIVERSITY OF WISCONSIN-MARATHON        ,WI,54401-5396,Public       ,12,17,29,873,345,1218
00389707,UNIVERSITY OF WISCONSIN-MARINETTE       ,WI,54143-4299,Public       ,6,5,11,321,147,468
00389708,UNIVERSITY OF WISCONSIN-MARSHFIELD      ,WI,54449-3310,Public       ,2,8,10,348,202,550
00389709,UNIVERSITY OF WISCONSIN-RICHLAND        ,WI,53581-1399,Public       ,3,5,8,293,120,413
00389710,UNIVERSITY OF WISCONSIN COLLEGES - ROCK ,WI,53546-5699,Public       ,16,21,37,842,670,1512
00389711,UNIVERSITY OF WISCONSIN-SHEBOYGAN       ,WI,53081-4789,Public       ,15,12,27,579,349,928
00389712,UNIVERSITY OF WISCONSIN-WASHINGTON      ,WI,53095-3699,Public       ,19,16,35,675,300,975
00389713,UNIVERSITY OF WISCONSIN-WAUKESHA        ,WI,53188-2799,Public       ,54,36,90,1745,748,2493
00389900,UNIVERSITY OF WISCONSIN-GREEN BAY       ,WI,54311-7001,Public       ,42,108,150,4640,2887,7527
00391100,VITERBO UNIVERSITY                      ,WI,54601-4777,Private      ,12,60,72,1909,1333,3242
00391500,UNIVERSITY OF WISCONSIN-STOUT           ,WI,54751-0790,Public       ,52,95,147,6635,2410,9045
00391700,UNIVERSITY OF WISCONSIN-EAU CLAIRE      ,WI,54702-4004,Public       ,70,78,148,9517,2071,11588
00391900,UNIVERSITY OF WISCONSIN-LA CROSSE       ,WI,54601-3742,Public       ,60,64,124,9490,1818,11308
00392000,UNIVERSITY OF WISCONSIN-OSHKOSH         ,WI,54901-8604,Public       ,74,119,193,9536,3677,13213
00392100,UNIVERSITY OF WISCONSIN-PLATTEVILLE     ,WI,53818-3099,Public       ,47,66,113,7705,1963,9668
00392300,UNIVERSITY OF WISCONSIN-RIVER FALLS     ,WI,54022-5013,Public       ,33,55,88,4957,1520,6477
00392400,UNIVERSITY OF WISCONSIN-STEVENS POINT   ,WI,54481-3897,Public       ,63,56,119,8472,2148,10620
00392500,UNIVERSITY OF WISCONSIN-SUPERIOR        ,WI,54880-2898,Public       ,20,63,83,1734,1522,3256
00392600,UNIVERSITY OF WISCONSIN-WHITEWATER      ,WI,53190-1792,Public       ,93,93,186,10746,3015,13761
00400700,MADISON AREA TECHNICAL COLLEGE          ,WI,53704-2599,Public       ,121,325,446,5507,8763,14270
00501500,UNIVERSITY OF WISCONSIN-PARKSIDE        ,WI,53141-2000,Public       ,62,83,145,4077,2688,6765
00529400,WAUKESHA COUNTY TECHNICAL COLLEGE       ,WI,53072-4696,Public       ,46,135,181,1782,3564,5346
00530100,NORTHEAST WISCONSIN TECHNICAL COLLEGE   ,WI,54307-9042,Public       ,110,300,410,3402,5723,9125
00530400,CHIPPEWA VALLEY TECHNICAL COLLEGE       ,WI,54701-6162,Public       ,26,71,97,2528,3488,6016
00538000,MID-STATE TECHNICAL COLLEGE             ,WI,54494-5512,Public       ,31,82,113,973,2007,2980
00538400,NICOLET AREA TECHNICAL COLLEGE          ,WI,54501-0000,Public       ,14,42,56,577,875,1452
00538700,NORTHCENTRAL TECHNICAL COLLEGE          ,WI,54401-1899,Public       ,52,188,240,1532,3177,4709
00538900,GATEWAY TECHNICAL COLLEGE               ,WI,53144-1690,Public       ,44,201,245,2719,7551,10270
00539000,BLACKHAWK TECHNICAL COLLEGE             ,WI,53547-5009,Public       ,23,92,115,1083,2826,3909
00663900,BELLIN COLLEGE                          ,WI,54305-0000,Private      ,6,7,13,335,225,560
00732934,ITT TECHNICAL INSTITUTE                 ,WI,53220-4612,Proprietary  ,43,175,218,368,1997,2365
00766900,SOUTHWEST WISCONSIN TECH COLLEGE        ,WI,53809-0000,Public       ,8,40,48,842,915,1757
00821700,PAUL MITCHELL THE SCHOOL GREEN BAY      ,WI,54324-0257,Proprietary  ,8,9,17,106,128,234
00869405,RASMUSSEN COLLEGE - WAUSAU              ,WI,54401-7804,Proprietary  ,5,39,44,120,765,885
00869414,RASMUSSEN COLLEGE - GREEN BAY           ,WI,54303-2349,Proprietary  ,9,54,63,167,886,1053
00869419,RASMUSSEN COLLEGE - APPLETON            ,WI,54915-7305,Proprietary  ,9,52,61,86,683,769
00919400,LAKESHORE TECHNICAL COLLEGE             ,WI,53015-1412,Public       ,11,56,67,785,1666,2451
00925600,MORAINE PARK TECHNICAL COLLEGE          ,WI,54936-0000,Public       ,15,75,90,1090,2692,3782
00941900,STATE CLG OF BEAUTY CULT-WAUSAU         ,WI,54403-4667,Proprietary  ,4,7,11,41,79,120
00962100,HERZING UNIVERSITY                      ,WI,53718-4236,Proprietary  ,75,991,1066,1284,11979,13263
00974400,FOX VALLEY TECHNICAL COLLEGE            ,WI,54913-0000,Public       ,71,229,300,3311,5778,9089
01091300,MADISON MEDIA INSTITUTE                 ,WI,53718-6787,Proprietary  ,18,37,55,587,554,1141
01148400,ADVANCED INSTITUTE OF HAIR DESIGN       ,WI,53225-0000,Proprietary  ,21,21,42,266,260,526
01182400,WISCONSIN INDIANHEAD TECH CLG WITC      ,WI,54871-9300,Public       ,18,55,73,1122,2242,3364
02077100,MILWAUKEE INST OF ART & DESIGN          ,WI,53202-0000,Private      ,9,19,28,1025,390,1415
02078000,SACRED HEART SCHOOL OF THEOLOGY         ,WI,53130-0000,Private      ,0,0,0,0,6,6
02136600,WISCONSIN LUTHERAN COLLEGE              ,WI,53226-0000,Private      ,2,28,30,1343,482,1825
02239204,ANTHEM COLLEGE - BROOKFIELD             ,WI,53005-4207,Proprietary  ,0,0,0,38,208,246
02271300,WI SCH OF PROFESSIONAL PSYCHOLOGY       ,WI,53225-0000,Private      ,1,4,5,40,185,225
02317200,MARANATHA BAPTIST BIBLE COLLEGE         ,WI,53094-0000,Private      ,11,15,26,844,194,1038
02453500,MEDICAL COLLEGE OF WISCONSIN            ,WI,53226-0000,Private      ,1,8,9,113,1276,1389
02494300,GILL-TECH ACADEMY OF HAIR DESIGN        ,WI,54911-0000,Proprietary  ,3,15,18,49,99,148
02532200,LAC COURTE OREILLES OJIBWA CMTY CLG     ,WI,54843-0000,Public       ,11,103,114,100,560,660
03061200,MIDWEST COLLEGE OF ORIENTAL MEDICINE    ,WI,53403-9747,Proprietary  ,0,9,9,36,248,284
03125100,COLLEGE OF MENOMINEE NATION             ,WI,54135-0000,Private      ,12,37,49,117,457,574
03125102,COLLEGE OF  THE MENOMINEE NATION - GREEN,WI,54304-4964,Private      ,3,20,23,45,249,294
03220300,"SALON PROFESSIONAL ACADEMY, THE         ",WI,54701-7633,Proprietary  ,0,3,3,49,89,138
03309300,MONTESSORI INSTITUTE OF MILWAUKEE       ,WI,53207-0000,Private      ,0,1,1,11,47,58
03808300,INSTITUTE OF BEAUTY AND WELLNESS (THE)  ,WI,53202-5715,Proprietary  ,15,32,47,197,299,496
03822300,PAUL MITCHELL THE SCHOOL - MONROE       ,WI,53566-0000,Proprietary  ,2,5,7,45,43,88
03872500,NORTHLAND INTERNATIONAL UNIVERSITY      ,WI,54119-9285,Private      ,1,4,5,197,53,250
03925300,BLUE SKY SCHOOL OF PROFESSIONAL MASSAGE ,WI,53024-9699,Private      ,0,1,1,10,29,39
03925301,BLUE SKY SCHOOL OF PROFESSIONAL MASSAGE ,WI,54115-7407,Private      ,0,0,0,11,30,41
03925303,BLUE SKY SCHOOL OF PROFESSIONAL MASSAGE ,WI,53713-2366,Private      ,0,5,5,14,63,77
04117400,MILWAUKEE CAREER COLLEGE                ,WI,53222-4305,Proprietary  ,27,56,83,306,690,996
04118600,ACADEMY OF COSMETOLOGY                  ,WI,53548-3307,Proprietary  ,0,8,8,47,133,180
04124800,VISIONS IN HAIR DESIGN INSTITUTE OF COSM,WI,53210-1120,Proprietary  ,0,1,1,39,77,116
04132600,WISCONSIN ACADEMY (THE)                 ,WI,54157-1726,Proprietary  ,2,7,9,20,50,70
04137900,BRENSTEN EDUCATION                      ,WI,53186-0000,Proprietary  ,2,70,72,44,689,733
04138200,SALON PROFESSIONAL ACADEMY (THE)        ,WI,54914-3921,Proprietary  ,9,7,16,66,87,153
04157700,SALON PROFESSIONAL ACADEMY (THE)        ,WI,54650-8699,Proprietary  ,12,13,25,66,103,169
04159400,COLUMBIA COLLEGE OF NURSING             ,WI,53211-2952,Private      ,6,8,14,219,307,526
04165300,ACADEMY WAUKESHA (THE)                  ,WI,53072-5524,Proprietary  ,8,14,22,109,152,261
04179200,ADVANCED COLLEGE OF COSMETOLOGY         ,WI,53963-0000,Proprietary  ,0,0,0,27,34,61
04182100,FIRST CLASS COSMETOLOGY SCHOOL          ,WI,52511-0000,Proprietary  ,8,11,19,46,112,158
04183600,SALON PROFESSIONAL ACADEMY OF KENOSHA (T,WI,53142-4950,Proprietary  ,6,22,28,81,186,267
04193800,SHEPHERDS COLLEGE                       ,WI,53182-1527,Private      ,0,1,1,61,18,79
04202800,PANACHE ACADEMY OF BEAUTY               ,WI,53913-2596,Proprietary  ,2,4,6,22,59,81
04219300,EAST-WEST HEALING ARTS INSTITUTE        ,WI,53719-1133,Proprietary  ,6,13,19,18,101,119
04231400,BELLA ACADEMY OF COSMETOLOGY            ,WI,54901-4738,Proprietary  ,3,5,8,3,5,8
04237400,WRIGHT GRADUATE UNIVERSITY FOR THE REALI,WI,53121-2556,Private      ,0,4,4,2,22,24
00290500,NORTH CAROLINA A&T STATE UNIV           ,NC,27411-0001,Public       ,185,172,357,16615,7772,24387
00290600,APPALACHIAN STATE UNIVERSITY            ,NC,28608-2059,Public       ,152,121,273,18948,5330,24278
00290700,UNIVERSITY OF NC AT ASHEVILLE           ,NC,28804-3299,Public       ,54,50,104,4860,2272,7132
00290800,BARTON COLLEGE                          ,NC,27893-3104,Private      ,15,29,44,1678,949,2627
00291000,BELMONT ABBEY COLLEGE                   ,NC,28012-1802,Private      ,19,23,42,1496,1209,2705
00291100,BENNETT COLLEGE                         ,NC,27401-3239,Private      ,21,15,36,1177,549,1726
00291200,BREVARD COLLEGE                         ,NC,28712-3306,Private      ,12,6,18,1408,266,1674
00291300,CAMPBELL UNIVERSITY                     ,NC,27506-0036,Private      ,62,192,254,5551,4848,10399
00291400,CATAWBA COLLEGE                         ,NC,28144-2488,Private      ,22,20,42,2154,735,2889
00291500,CENTRAL PIEDMONT COMMUNITY COLLEGE      ,NC,28204-2297,Public       ,310,939,1249,12159,21537,33696
00291600,CHOWAN UNIVERSITY                       ,NC,27855-1850,Private      ,14,13,27,2478,503,2981
00291700,COLLEGE OF THE ALBEMARLE                ,NC,27909-2327,Public       ,18,80,98,1087,1906,2993
00291800,DAVIDSON COLLEGE                        ,NC,28035-7157,Private      ,16,9,25,3853,297,4150
00291900,DAVIDSON COUNTY COMMUNITY COLLEGE       ,NC,27293-0000,Public       ,45,143,188,2172,5034,7206
00292000,DUKE UNIVERSITY                         ,NC,27708-0397,Private      ,161,56,217,19841,2905,22746
00292001,DUKE UNIV - SCHOOL OF MEDICINE          ,NC,27710-0000,Private      ,10,14,24,268,1070,1338
00292002,DUKE UNIV - SCHOOL OF LAW               ,NC,27708-0000,Private      ,4,13,17,90,2025,2115
00292003,DUKE UNIV - GRAD SCH ARTS & SCIENCE     ,NC,27708-0000,Private      ,7,13,20,180,825,1005
00292004,DUKE UNIV - FUQUA SCH OF BUSINESS       ,NC,27708-0000,Private      ,5,31,36,138,1029,1167
00292005,DUKE UNIV/NICHOLAS SCH OF ENVIRON.      ,NC,27708-0000,Private      ,3,6,9,36,389,425
00292006,DUKE UNIV - DIVINITY SCHOOL             ,NC,27708-0000,Private      ,15,20,35,373,859,1232
00292007,DUKE UNIV - SCHOOL OF NURSING           ,NC,27710-0000,Private      ,5,36,41,256,1653,1909
00292010,DUKE UNIVERSITY - SCHOOL OF PUBLIC POLIC,NC,27708-0239,Private      ,1,1,2,47,237,284
00292300,EAST CAROLINA UNIVERSITY                ,NC,27858-1818,Public       ,250,381,631,25219,13747,38966
00292600,ELIZABETH CITY STATE UNIVERSITY         ,NC,27909-7806,Public       ,26,34,60,2775,1448,4223
00292700,ELON UNIVERSITY                         ,NC,27244-2010,Private      ,57,23,80,7982,1441,9423
00292800,FAYETTEVILLE STATE UNIVERSITY           ,NC,28301-4298,Public       ,70,323,393,5642,8561,14203
00292900,GARDNER-WEBB UNIVERSITY                 ,NC,28017-0000,Private      ,34,134,168,3172,3924,7096
00293000,GREENSBORO COLLEGE                      ,NC,27401-1875,Private      ,16,44,60,1759,1311,3070
00293100,GUILFORD COLLEGE                        ,NC,27410-4171,Private      ,30,97,127,3133,2968,6101
00293300,HIGH POINT UNIVERSITY                   ,NC,27262-4221,Private      ,63,29,92,6442,947,7389
00293400,ISOTHERMAL COMMUNITY COLLEGE            ,NC,28160-0804,Public       ,24,62,86,959,1581,2540
00293500,LAUREL UNIVERSITY                       ,NC,27265-3197,Private      ,3,9,12,96,328,424
00293600,JOHNSON C SMITH UNIVERSITY              ,NC,28216-5398,Private      ,42,71,113,2735,2109,4844
00293700,KING'S COLLEGE-CHARLOTTE                ,NC,28204-2435,Proprietary  ,23,41,64,861,914,1775
00293900,LEES MCRAE COLLEGE                      ,NC,28604-0000,Private      ,9,9,18,1179,534,1713
00294000,LENOIR COMMUNITY COLLEGE                ,NC,28502-0188,Public       ,26,115,141,1232,2980,4212
00294100,LENOIR-RHYNE UNIVERSITY                 ,NC,28603-0000,Private      ,33,37,70,2918,1411,4329
00294200,LIVINGSTONE COLLEGE                     ,NC,28144-5298,Private      ,28,20,48,1898,725,2623
00294300,LOUISBURG COLLEGE                       ,NC,27549-2398,Private      ,17,12,29,1305,280,1585
00294400,MARS HILL COLLEGE                       ,NC,28754-0000,Private      ,26,15,41,2362,563,2925
00294500,MEREDITH COLLEGE                        ,NC,27607-5298,Private      ,16,34,50,2314,1104,3418
00294600,METHODIST UNIVERSITY                    ,NC,28311-1420,Private      ,49,98,147,3190,2390,5580
00294700,MITCHELL COMMUNITY COLLEGE              ,NC,28677-5264,Public       ,29,78,107,1357,2369,3726
00294800,MONTREAT COLLEGE                        ,NC,28757-1267,Private      ,2,41,43,595,772,1367
00294900,UNIVERSITY OF MOUNT OLIVE               ,NC,28365-1299,Private      ,21,244,265,1589,4412,6001
00295000,NORTH CAROLINA CENTRAL UNIVERSITY       ,NC,27707-3198,Public       ,124,192,316,10772,8091,18863
00295100,NORTH CAROLINA WESLEYAN COLLEGE         ,NC,27804-8699,Private      ,29,91,120,1594,2022,3616
00295300,WILLIAM PEACE UNIVERSITY                ,NC,27604-1194,Private      ,26,31,57,1527,969,2496
00295400,UNIV OF NORTH CAROLINA AT PEMBROKE      ,NC,28372-1510,Public       ,79,135,214,7216,4672,11888
00295500,PFEIFFER UNIVERSITY                     ,NC,28109-0000,Private      ,9,56,65,1045,1412,2457
00295600,PIEDMONT INTERNATIONAL UNIVERSITY       ,NC,27101-5025,Private      ,4,8,12,166,253,419
00295700,QUEENS UNIVERSITY OF CHARLOTTE          ,NC,28274-0001,Private      ,41,120,161,2695,2676,5371
00295800,ROCKINGHAM COMMUNITY COLLEGE            ,NC,27375-0000,Public       ,19,60,79,986,1607,2593
00296000,SALEM COLLEGE                           ,NC,27108-0000,Private      ,18,35,53,1053,971,2024
00296100,SANDHILLS COMMUNITY COLLEGE             ,NC,28374-8283,Public       ,43,124,167,1961,3600,5561
00296200,SHAW UNIVERSITY                         ,NC,27601-2393,Private      ,40,68,108,3246,2324,5570
00296300,SOUTHEASTERN BAPTIST THEOL SEMINARY     ,NC,27588-0000,Private      ,2,14,16,155,321,476
00296400,SOUTHEASTERN COMMUNITY COLLEGE          ,NC,28472-5422,Public       ,37,86,123,781,1249,2030
00296800,ST AUGUSTINES COLLEGE                   ,NC,27610-2298,Private      ,23,29,52,1908,921,2829
00297000,SURRY COMMUNITY COLLEGE                 ,NC,27017-0304,Public       ,24,79,103,1480,1903,3383
00297200,NORTH CAROLINA STATE UNIV-RALEIGH       ,NC,27695-7001,Public       ,240,280,520,28895,12183,41078
00297300,GASTON COLLEGE                          ,NC,28034-1499,Public       ,56,209,265,2558,5101,7659
00297400,UNIVERSITY OF N C-CHAPEL HILL           ,NC,27514-0000,Public       ,245,306,551,28599,13894,42493
00297500,UNIVERSITY OF NC AT CHARLOTTE           ,NC,28223-0001,Public       ,252,417,669,27725,15447,43172
00297600,UNIVERSITY OF N C - GREENSBORO          ,NC,27412-0001,Public       ,157,258,415,17952,11689,29641
00297800,WAKE FOREST UNIV - UNDERGRADUATE        ,NC,27109-7246,Private      ,59,13,72,7621,583,8204
00297801,WAKE FOREST UNIV - SCH OF MEDICINE      ,NC,27157-1090,Private      ,4,13,17,167,1256,1423
00297803,WAKE FOREST GRAD SCHOOLS OF BUSINESS    ,NC,27109-7659,Private      ,0,13,13,50,770,820
00297805,WAKE FOREST UNIV - SCH OF LAW           ,NC,27109-7206,Private      ,0,9,9,44,1116,1160
00297806,WAKE FOREST UNIV - GRAD A&S/DIVINITY    ,NC,27109-7246,Private      ,1,19,20,41,831,872
00297900,WARREN WILSON COLLEGE                   ,NC,28815-0000,Private      ,8,16,24,1345,506,1851
00298000,WAYNE COMMUNITY COLLEGE                 ,NC,27533-0000,Public       ,38,167,205,1660,3578,5238
00298100,WESTERN CAROLINA UNIVERSITY             ,NC,28723-9731,Public       ,226,120,346,11054,4607,15661
00298200,WESTERN PIEDMONT COMMUNITY COLLEGE      ,NC,28655-4504,Public       ,31,52,83,1182,1731,2913
00298300,WILKES COMMUNITY COLLEGE                ,NC,28697-2100,Public       ,17,50,67,1213,1626,2839
00298400,UNIVERSITY OF N C-WILMINGTON            ,NC,28403-3297,Public       ,134,213,347,16462,6995,23457
00298500,WINGATE UNIVERSITY                      ,NC,28174-0159,Private      ,54,31,85,4726,1579,6305
00298600,WINSTON-SALEM STATE UNIVERSITY          ,NC,27102-0000,Public       ,85,148,233,7653,5807,13460
00398100,UNC SCHOOL OF THE ARTS                  ,NC,27127-2188,Public       ,9,13,22,1588,514,2102
00403300,ASHEVILLE BUNCOMBE TECH CMTY CLG        ,NC,28801-4897,Public       ,82,235,317,2821,6148,8969
00406200,PITT COMMUNITY COLLEGE                  ,NC,28590-0000,Public       ,78,227,305,5028,8620,13648
00483500,CALDWELL COMMUNITY CLG & TECH INST      ,NC,28638-2626,Public       ,34,63,97,1636,2489,4125
00483800,GUILFORD TECHNICAL COMMUNITY CLG        ,NC,27282-0309,Public       ,95,370,465,6949,13863,20812
00484400,WAKE TECHNICAL COMMUNITY COLLEGE        ,NC,27603-5696,Public       ,193,584,777,10632,19831,30463
00484500,WILSON COMMUNITY COLLEGE                ,NC,27893-3310,Public       ,24,84,108,806,2261,3067
00499201,MILLER-MOTTE TECHNICAL COLLEGE - MILLER-,NC,27511-9209,Proprietary  ,14,80,94,143,740,883
00499202,MILLER-MOTTE TECHNICAL COLLEGE - MILLER-,NC,27604-6072,Proprietary  ,25,122,147,418,1771,2189
00499203,MILLER-MOTTE TECHNICAL COLLEGE - FAYETTE,NC,28311-7651,Proprietary  ,28,207,235,431,2578,3009
00499205,MILLER-MOTTE TECHNICAL COLLEGE - MILLER-,NC,28540-5901,Proprietary  ,19,130,149,163,1252,1415
00531600,COASTAL CAROLINA COMMUNITY COLLEGE      ,NC,28546-6816,Public       ,49,317,366,1750,5937,7687
00531700,FORSYTH TECHNICAL COMMUNITY COLLEGE     ,NC,27103-5197,Public       ,72,285,357,4550,9895,14445
00531800,CATAWBA VALLEY COMMUNITY COLLEGE        ,NC,28602-8302,Public       ,54,125,179,2663,3796,6459
00532000,CAPE FEAR COMMUNITY COLLEGE             ,NC,28401-3910,Public       ,89,245,334,4844,7332,12176
00544700,RANDOLPH COMMUNITY COLLEGE              ,NC,27204-1009,Public       ,24,79,103,1367,2575,3942
00544800,DURHAM TECHNICAL CMNTY COLLEGE          ,NC,27703-5023,Public       ,70,239,309,2416,6707,9123
00544900,CENTRAL CAROLINA COMMUNITY COLLEGE      ,NC,27330-9000,Public       ,40,182,222,1969,4682,6651
00546300,ALAMANCE COMMUNITY COLLEGE              ,NC,27253-0000,Public       ,39,138,177,2021,4064,6085
00546400,RICHMOND COMMUNITY COLLEGE              ,NC,28345-4522,Public       ,22,77,99,984,2231,3215
00575400,ROWAN-CABARRUS COMMUNITY COLLEGE        ,NC,28146-8357,Public       ,64,208,272,2592,5893,8485
00647700,CABARRUS COLLEGE OF HEALTH SCIENCES     ,NC,28025-0000,Private      ,8,29,37,414,974,1388
00647800,MERCY HOSP SCH OF NURSING               ,NC,28207-0000,Public       ,4,21,25,199,897,1096
00648300,WATTS SCHOOL OF NURSING                 ,NC,27704-0000,Private      ,0,9,9,109,429,538
00679900,CRAVEN COMMUNITY COLLEGE                ,NC,28562-0000,Public       ,29,184,213,1099,3855,4954
00703100,PAMLICO COMMUNITY COLLEGE               ,NC,28529-0000,Public       ,2,25,27,97,372,469
00764000,FAYETTEVILLE TECHNICAL CMTY COLLEGE     ,NC,28303-0236,Public       ,126,905,1031,4372,17070,21442
00768700,JAMES SPRUNT COMMUNITY COLLEGE          ,NC,28349-0398,Public       ,12,36,48,429,1175,1604
00781400,BROOKSTONE COLLEGE OF BUSINESS          ,NC,28262-1294,Proprietary  ,2,34,36,130,730,860
00781401,BROOKSTONE COLLEGE OF BUSINESS          ,NC,27409-0000,Proprietary  ,4,26,30,104,532,636
00789200,SAMPSON COMMUNITY COLLEGE               ,NC,28328-0000,Public       ,9,29,38,648,1349,1997
00798500,SOUTH PIEDMONT COMMUNITY COLLEGE        ,NC,28135-9703,Public       ,31,83,114,1016,1946,2962
00798600,HALIFAX COMMUNITY COLLEGE               ,NC,27890-0089,Public       ,19,64,83,577,1263,1840
00798700,BLADEN COMMUNITY COLLEGE                ,NC,28332-0266,Public       ,33,72,105,633,1642,2275
00798800,MARTIN COMMUNITY COLLEGE                ,NC,27892-8307,Public       ,5,14,19,323,746,1069
00808100,CARTERET COMMUNITY COLLEGE              ,NC,28557-2989,Public       ,20,69,89,664,1680,2344
00808200,CLEVELAND COMMUNITY COLLEGE             ,NC,28150-0000,Public       ,32,131,163,1095,2673,3768
00808300,HAYWOOD COMMUNITY COLLEGE               ,NC,28721-0000,Public       ,10,60,70,669,1630,2299
00808500,MCDOWELL TECHNICAL COMMUNITY CLG        ,NC,28752-8728,Public       ,11,37,48,380,891,1271
00808700,MONTGOMERY COMMUNITY COLLEGE            ,NC,27371-0787,Public       ,1,31,32,346,781,1127
00846600,SOUTHWESTERN COMMUNITY COLLEGE          ,NC,28779-8581,Public       ,15,63,78,960,1812,2772
00855700,NASH COMMUNITY COLLEGE                  ,NC,27804-0488,Public       ,25,149,174,1591,3594,5185
00855800,BEAUFORT COUNTY COMMUNITY COLLEGE       ,NC,27889-7889,Public       ,10,54,64,780,2060,2840
00861200,ROBESON COMMUNITY COLLEGE               ,NC,28359-2151,Public       ,21,109,130,1217,3013,4230
00861300,ROANOKE-CHOWAN COMMUNITY COLLEGE        ,NC,27910-9522,Public       ,7,31,38,353,830,1183
00885500,EDGECOMBE COMMUNITY COLLEGE             ,NC,27886-9399,Public       ,23,130,153,890,3628,4518
00933600,JOHNSTON COMMUNITY COLLEGE              ,NC,27577-0000,Public       ,24,92,116,1814,3723,5537
00943000,TRI-COUNTY COMMUNITY COLLEGE            ,NC,28906-7919,Public       ,9,44,53,392,900,1292
00964600,PIEDMONT COMMUNITY COLLEGE              ,NC,27573-1197,Public       ,18,40,58,545,1186,1731
00968400,BLUE RIDGE COMMUNITY COLLEGE            ,NC,28731-9624,Public       ,20,70,90,767,1727,2494
00974701,GORDON-CONWELL THEO SEM - CHARLOTTE     ,NC,28273-0000,Private      ,0,14,14,12,313,325
00990300,VANCE-GRANVILLE CMTY COLLEGE            ,NC,27536-0917,Public       ,39,135,174,1309,3103,4412
01019804,ECPI UNIVERSITY - GREENSBORO            ,NC,27409-9048,Proprietary  ,4,52,56,229,1047,1276
01019805,ECPI UNIVERSITY - CHARLOTTE             ,NC,28208-5886,Proprietary  ,23,142,165,395,2118,2513
01019810,ECPI UNIVERSITY - RALEIGH               ,NC,27613-7387,Proprietary  ,24,144,168,364,1651,2015
01019812,ECPI UNIVERSITY - CONCORD               ,NC,28262-0000,Proprietary  ,9,45,54,147,707,854
01026400,SOUTH COLLEGE                           ,NC,28803-3152,Proprietary  ,13,92,105,172,838,1010
01119400,STANLY COMMUNITY COLLEGE                ,NC,28001-7458,Public       ,29,121,150,970,2453,3423
01119700,MAYLAND COMMUNITY COLLEGE               ,NC,28777-2777,Public       ,14,21,35,389,593,982
01179900,PAUL MITCHELL THE SCHOOL FAYETTEVILLE   ,NC,28303-5364,Proprietary  ,11,36,47,198,578,776
01192600,LEON'S BEAUTY SCHOOL                    ,NC,27403-2812,Proprietary  ,11,16,27,191,408,599
01303918,SOUTH UNIVERSITY - THE ART INSTITUTE OF ,NC,28217-4536,Proprietary  ,59,72,131,1670,1500,3170
02056500,MITCHELL'S HAIR STYLING ACADEMY         ,NC,27893-0000,Proprietary  ,1,3,4,35,105,140
02056501,MITCHELL'S HAIR STYLING ACADEMY - MITCHE,NC,27606-3326,Proprietary  ,4,9,13,95,293,388
02110502,ART INSTITUTE OF CHARLOTTE (THE) - THE A,NC,27701-3986,Proprietary  ,0,0,0,0,1,1
02158414,HARRISON COLLEGE - THE CHEF'S ACADEMY - ,NC,27560-0000,Proprietary  ,11,37,48,132,296,428
02170700,BRUNSWICK COMMUNITY COLLEGE             ,NC,28422-0000,Public       ,20,57,77,777,1242,2019
02205000,COLLEGE OF WILMINGTON                   ,NC,28403-0000,Proprietary  ,16,76,92,241,766,1007
02210400,FAYETTEVILLE BEAUTY COLLEGE             ,NC,28303-0000,Proprietary  ,4,25,29,108,497,605
02227800,MITCHELL'S HAIR STYLING ACADEMY         ,NC,27534-0000,Proprietary  ,1,7,8,31,101,132
02227900,MITCHELL'S HAIR STYLING ACADEMY         ,NC,27858-0000,Proprietary  ,0,0,0,17,42,59
02280900,MID-ATLANTIC CHRISTIAN UNIVERSITY       ,NC,27909-0000,Private      ,1,7,8,197,213,410
02326203,KAPLAN CAREER INSTITUTE - KAPLAN COLLEGE,NC,28212-6830,Proprietary  ,14,146,160,292,1920,2212
02558900,CHEVEUX SCHOOL OF HAIR DESIGN           ,NC,28540-0000,Proprietary  ,0,0,0,10,76,86
02560600,PINNACLE INSTITUTE OF COSMETOLOGY       ,NC,28115-8020,Proprietary  ,8,7,15,47,113,160
02614201,MILLER-MOTTE BUSINESS COLLEGE           ,NC,28403-0000,Proprietary  ,50,517,567,606,5711,6317
02614205,MILLER - MOTTE TECHNICAL COLLEGE - MILLE,NC,27834-5052,Proprietary  ,12,95,107,240,1149,1389
03009500,WINSTON-SALEM BARBER SCHOOL             ,NC,27107-0000,Proprietary  ,4,12,16,59,180,239
03064400,REGENCY BEAUTY INSTITUTE                ,NC,27127-0000,Proprietary  ,5,19,24,154,363,517
03089300,HERITAGE BIBLE COLLEGE                  ,NC,28335-0000,Private      ,1,5,6,28,89,117
03104200,CAROLINAS COLLEGE OF HEALTH SCIENCE     ,NC,28232-2861,Public       ,8,54,62,559,1673,2232
03109000,LIVING ARTS COLLEGE                     ,NC,27614-7076,Proprietary  ,24,53,77,506,808,1314
03361300,MEDICAL ARTS MASSAGE SCHOOL             ,NC,27616-6453,Proprietary  ,3,29,32,105,484,589
03513400,APEX SCHOOL OF THEOLOGY                 ,NC,27703-8024,Private      ,1,96,97,36,1355,1391
03555300,SOUTHEASTERN INSTITUTE                  ,NC,28217-0000,Proprietary  ,8,86,94,136,816,952
03570300,CAROLINA CHRISTIAN COLLEGE              ,NC,27105-3241,Private      ,3,8,11,45,165,210
03663300,HOOD THEOLOGICAL SEMINARY               ,NC,28144-5768,Private      ,0,3,3,2,214,216
03748500,DURHAM BEAUTY ACADEMY                   ,NC,27707-3569,Proprietary  ,2,18,20,46,228,274
03777300,PAUL MITCHELL THE SCHOOL GASTONIA       ,NC,28054-0460,Proprietary  ,14,57,71,246,525,771
03827300,CHARLOTTE CHRISTIAN COLLEGE AND THEOLOGI,NC,28205-1648,Private      ,3,12,15,19,302,321
04073300,JUNG TAO SCHOOL OF CLASSICAL CHINESE MED,NC,28679-9657,Private      ,0,0,0,3,65,68
04101300,CAROLINA SCHOOL OF BROADCASTING         ,NC,28214-8085,Proprietary  ,4,24,28,158,396,554
04115700,REGINA'S COLLEGE OF BEAUTY              ,NC,28110-2831,Proprietary  ,6,39,45,50,238,288
04120300,HEALTH AND STYLE INSTITUTE              ,NC,27265-3114,Proprietary  ,31,102,133,125,436,561
04129400,CENTER FOR MASSAGE & NATURAL HEALTH     ,NC,28787-8331,Proprietary  ,3,9,12,22,126,148
04140700,AVEDA INSTITUTE CHAPEL HILL             ,NC,27516-2559,Proprietary  ,15,27,42,187,309,496
04143500,CHARLOTTE SCHOOL OF LAW                 ,NC,28208-2816,Proprietary  ,3,41,44,86,2391,2477
04146400,DAOIST TRADITIONS COLLEGE OF CHINESE MED,NC,28801-1060,Proprietary  ,0,4,4,7,136,143
04149300,PARK WEST BARBER SCHOOL                 ,NC,27701-4022,Proprietary  ,20,107,127,203,965,1168
04154200,CAROLINA COLLEGE OF BIBLICAL STUDIES    ,NC,29303-5157,Private      ,2,18,20,31,344,375
04172800,BODY THERAPY INSTITUTE                  ,NC,27344-6728,Proprietary  ,1,13,14,16,114,130
04173000,SHEPHERDS THEOLOGICAL SEMINARY          ,NC,27518-9316,Private      ,0,0,0,6,32,38
04173700,GRACE COLLEGE OF DIVINITY               ,NC,28314-2343,Private      ,1,9,10,34,171,205
04178100,CAROLINA COLLEGE OF HAIR DESIGN         ,NC,28802-1232,Proprietary  ,4,11,15,53,146,199
04204700,PAUL MITCHELL THE SCHOOL RALEIGH        ,NC,27612-7358,Proprietary  ,15,21,36,152,307,459
04206500,MYCOMPUTERCAREER.COM                    ,NC,27606-3365,Proprietary  ,10,205,215,74,802,876
04214600,GRACE COLLEGE OF BARBERING              ,NC,28513-7178,Private      ,1,4,5,14,64,78
04219100,ALEXANDER PAUL INSTITUTE OF HAIR DESIGN ,NC,27858-3344,Proprietary  ,3,5,8,41,78,119
04227600,SHERRILL'S UNIVERSITY OF BARBER & COSMET,NC,27610-2431,Proprietary  ,4,23,27,55,199,254
04228400,BEYOND MEASURE BARBERING INSTITUTE      ,NC,27302-2323,Proprietary  ,3,11,14,14,80,94
00298800,BISMARCK STATE COLLEGE                  ,ND,58501-1299,Public       ,39,77,116,1930,1586,3516
00298900,DICKINSON STATE UNIVERSITY              ,ND,58601-4896,Public       ,6,18,24,874,610,1484
00299000,UNIVERSITY OF JAMESTOWN                 ,ND,58405-3401,Private      ,16,8,24,996,218,1214
00299100,LAKE REGION STATE COLLEGE               ,ND,58301-1598,Public       ,9,29,38,415,511,926
00299200,UNIVERSITY OF MARY                      ,ND,58504-9652,Private      ,8,58,66,1719,1405,3124
00299300,MAYVILLE STATE UNIVERSITY               ,ND,58257-1299,Public       ,8,20,28,748,358,1106
00299400,MINOT STATE UNIVERSITY                  ,ND,58707-0001,Public       ,22,74,96,1599,1486,3085
00299500,DAKOTA COLLEGE AT BOTTINEAU             ,ND,58318-1159,Public       ,3,3,6,439,291,730
00299600,NORTH DAKOTA STATE CLG OF SCIENCE       ,ND,58076-0002,Public       ,36,31,67,1790,775,2565
00299700,NORTH DAKOTA STATE UNIV - FARGO         ,ND,58102-0000,Public       ,99,101,200,10418,3372,13790
00299702,NORTH DAKOTA STATE UNIV NURSING         ,ND,58501-4425,Public       ,1,0,1,100,89,189
00300500,UNIVERSITY OF NORTH DAKOTA              ,ND,58202-8193,Public       ,70,195,265,8525,6002,14527
00300700,WILLISTON STATE COLLEGE                 ,ND,58802-1326,Public       ,11,21,32,316,439,755
00300800,VALLEY CITY STATE UNIVERSITY            ,ND,58072-0000,Public       ,5,19,24,825,410,1235
00775600,JOSEF'S SCHOOL OF HAIR DESIGN INC       ,ND,58102-4977,Proprietary  ,6,9,15,79,90,169
00869408,RASMUSSEN COLLEGE - FARGO               ,ND,58103-7196,Proprietary  ,5,45,50,180,714,894
00869415,RASMUSSEN COLLEGE - BISMARCK            ,ND,58503-0000,Proprietary  ,4,28,32,47,306,353
01040600,JOSEF'S SCHOOL OF HAIR DESIGN           ,ND,58201-6394,Proprietary  ,8,6,14,82,105,187
01205900,TRINITY BIBLE COLLEGE                   ,ND,58436-7150,Private      ,2,5,7,220,99,319
01229500,JZ TREND ACADEMY PAUL MITCHELL PARTNER S,ND,58501-0000,Proprietary  ,1,2,3,48,55,103
02188200,SITTING BULL COLLEGE                    ,ND,58538-9701,Public       ,11,47,58,88,369,457
02236500,LITTLE HOOP COMMUNITY COLLEGE           ,ND,58335-0000,Public       ,12,48,60,49,199,248
02242900,UNITED TRIBES TECHNICAL COLLEGE         ,ND,58504-0000,Private      ,6,46,52,293,746,1039
02298200,HEADQUARTERS ACADEMY OF HAIR DESIGN     ,ND,58701-0000,Proprietary  ,0,6,6,35,85,120
02301100,TURTLE MTN CMNTY COLG-FIN AID OFC       ,ND,58316-0000,Private      ,20,55,75,235,526,761
02553700,FORT BERTHOLD COMMUNITY COLLEGE         ,ND,58763-0000,Public       ,8,25,33,40,153,193
03087200,MOLER BARBER CLG OF HAIRSTYLING         ,ND,58103-0000,Proprietary  ,0,3,3,9,33,42
04031300,SALON PROFESSIONAL ACADEMY (THE)        ,ND,58103-3337,Proprietary  ,4,8,12,86,85,171
04139400,HAIR ACADEMY (THE)                      ,ND,58501-4929,Proprietary  ,1,5,6,40,62,102
04223500,LYNNES WELDING TRAINING                 ,ND,58102-4018,Proprietary  ,2,12,14,30,59,89
00301005,ANTIOCH UNIV/SEATTLE                    ,WA,98121-0000,Private      ,3,44,47,139,1387,1526
00376900,BELLEVUE COLLEGE                        ,WA,98007-6484,Public       ,195,551,746,6096,8967,15063
00377000,BIG BEND COMMUNITY COLLEGE              ,WA,98837-3299,Public       ,37,159,196,1303,1986,3289
00377100,CENTRAL WASHINGTON UNIVERSITY           ,WA,98926-7495,Public       ,213,270,483,13248,7291,20539
00377200,CENTRALIA COLLEGE                       ,WA,98531-4099,Public       ,38,201,239,1492,2552,4044
00377300,CLARK COLLEGE                           ,WA,98663-3598,Public       ,236,635,871,5974,10384,16358
00377400,COLUMBIA BASIN COLLEGE                  ,WA,99301-3379,Public       ,130,353,483,3945,5347,9292
00377500,EASTERN WASHINGTON UNIVERSITY           ,WA,99004-2447,Public       ,185,247,432,13612,8475,22087
00377600,EVERETT COMMUNITY COLLEGE               ,WA,98201-1352,Public       ,137,485,622,4386,8488,12874
00377700,HERITAGE UNIVERSITY                     ,WA,98948-9562,Private      ,7,51,58,743,1687,2430
00377800,GONZAGA UNIVERSITY                      ,WA,99258-0083,Private      ,82,154,236,8872,4134,13006
00377900,GRAYS HARBOR COLLEGE                    ,WA,98520-7599,Public       ,32,142,174,924,1975,2899
00378000,GREEN RIVER COMMUNITY COLLEGE           ,WA,98092-3622,Public       ,171,479,650,3999,6623,10622
00378100,HIGHLINE COMMUNITY COLLEGE              ,WA,98198-9800,Public       ,156,502,658,4242,7175,11417
00378200,LOWER COLUMBIA COLLEGE                  ,WA,98632-0310,Public       ,54,273,327,1489,3799,5288
00378300,NORTHWEST UNIVERSITY                    ,WA,98083-0000,Private      ,26,118,144,1697,1540,3237
00378400,OLYMPIC COLLEGE                         ,WA,98337-1600,Public       ,90,460,550,2602,6905,9507
00378500,PACIFIC LUTHERAN UNIVERSITY             ,WA,98447-0003,Private      ,60,93,153,5154,2742,7896
00378600,PENINSULA COLLEGE                       ,WA,98362-6660,Public       ,30,138,168,777,2202,2979
00378700,SEATTLE CENTRAL COMMUNITY COLLEGE       ,WA,98122-2413,Public       ,146,569,715,4255,8980,13235
00378703,SEATTLE VOCATIONAL INSTITUTE            ,WA,98144-0000,Public       ,15,98,113,222,998,1220
00378800,SEATTLE PACIFIC UNIVERSITY              ,WA,98119-1997,Private      ,109,130,239,8068,3764,11832
00379000,SEATTLE UNIVERSITY                      ,WA,98122-1090,Private      ,131,247,378,10621,7653,18274
00379100,SHORELINE COMMUNITY COLLEGE             ,WA,98133-5696,Public       ,118,378,496,3183,6191,9374
00379200,SKAGIT VALLEY COLLEGE                   ,WA,98273-5899,Public       ,66,292,358,2097,4260,6357
00379300,SPOKANE COMMUNITY COLLEGE               ,WA,99207-5399,Public       ,145,643,788,4898,11315,16213
00379400,ST MARTIN'S UNIVERSITY                  ,WA,98503-7500,Private      ,23,38,61,1570,1502,3072
00379600,TACOMA COMMUNITY COLLEGE                ,WA,98466-6100,Public       ,180,756,936,4960,12400,17360
00379700,UNIVERSITY OF PUGET SOUND               ,WA,98416-1039,Private      ,65,75,140,5896,2504,8400
00379800,UNIVERSITY OF WASHINGTON                ,WA,98195-1122,Public       ,545,872,1417,42081,33317,75398
00379900,WALLA WALLA UNIVERSITY                  ,WA,99324-1198,Private      ,20,29,49,2055,838,2893
00380000,WASHINGTON STATE UNIVERSITY             ,WA,99164-1035,Public       ,403,428,831,31204,16099,47303
00380100,WENATCHEE VALLEY COLLEGE                ,WA,98801-1799,Public       ,56,173,229,2084,2926,5010
00380200,WESTERN WASHINGTON UNIVERSITY           ,WA,98225-5946,Public       ,246,196,442,19266,6015,25281
00380300,WHITMAN COLLEGE                         ,WA,99362-2067,Private      ,27,6,33,3068,205,3273
00380400,WHITWORTH UNIVERSITY                    ,WA,99251-0001,Private      ,37,80,117,4526,1779,6305
00380500,YAKIMA VALLEY COMMUNITY COLLEGE         ,WA,98907-2520,Public       ,117,274,391,3384,5325,8709
00499900,BELLINGHAM TECHNICAL COLLEGE            ,WA,98225-0000,Public       ,55,263,318,1354,3456,4810
00500000,PIERCE COLLEGE                          ,WA,98498-1919,Public       ,155,672,827,4241,9983,14224
00500100,EDMONDS COMMUNITY COLLEGE               ,WA,98036-5999,Public       ,124,376,500,3149,5947,9096
00500600,WALLA WALLA COMMUNITY COLLEGE           ,WA,99362-9267,Public       ,70,191,261,2128,3056,5184
00530600,BATES TECHNICAL COLLEGE                 ,WA,98405-0000,Public       ,60,394,454,1370,5177,6547
00537200,SOUTH PUGET SOUND COMMUNITY COLLEGE     ,WA,98512-6292,Public       ,80,333,413,2646,5996,8642
00537300,LAKE WASHINGTON TECHNICAL COLLEGE       ,WA,98034-8505,Public       ,48,201,249,1102,3209,4311
00575200,CLOVER PARK TECHNICAL COLLEGE           ,WA,98499-0000,Public       ,71,450,521,1836,7069,8905
00815500,EVERGREEN STATE COLLEGE (THE)           ,WA,98505-0002,Public       ,89,184,273,3976,5054,9030
00907901,EVEREST COLLEGE                         ,WA,98684-6950,Proprietary  ,13,58,71,230,827,1057
00938700,PERRY TECHNICAL INSTITUTE               ,WA,98903-1239,Private      ,62,86,148,960,1361,2321
00954400,SPOKANE FALLS COMMUNITY COLLEGE         ,WA,99224-5204,Public       ,150,448,598,5141,8260,13401
00970400,NORTH SEATTLE COMMUNITY COLLEGE         ,WA,98103-3599,Public       ,86,445,531,2466,6808,9274
00970600,SOUTH SEATTLE COMMUNITY COLLEGE         ,WA,98106-1499,Public       ,96,359,455,2851,5920,8771
00973900,GLEN DOW ACAD OF HAIR DESIGN            ,WA,99201-0209,Proprietary  ,8,29,37,159,363,522
01036400,WHATCOM COMMUNITY COLLEGE               ,WA,98226-8003,Public       ,72,253,325,2566,3831,6397
01043400,RENTON TECHNICAL COLLEGE                ,WA,98056-0000,Public       ,41,281,322,1415,4100,5515
01148100,DIVERS INSTITUTE OF TECHNOLOGY          ,WA,98107-0000,Proprietary  ,26,78,104,229,774,1003
01231500,CORNISH COLLEGE OF THE ARTS             ,WA,98121-4604,Private      ,14,26,40,1677,587,2264
01249600,TONI & GUY HAIRDRESSING ACADEMY         ,WA,98133-5615,Proprietary  ,3,6,9,39,71,110
01302200,CITY UNIVERSITY OF SEATTLE              ,WA,98005-0000,Private      ,10,153,163,342,2743,3085
01309400,BELLINGHAM BEAUTY SCHOOL                ,WA,98226-5515,Proprietary  ,0,2,2,17,72,89
02105300,EVERGREEN BEAUTY AND BARBER COLLEGE     ,WA,98007-3722,Proprietary  ,9,32,41,98,236,334
02106700,TRINITY LUTHERAN COLLEGE                ,WA,98201-3569,Private      ,7,5,12,317,182,499
02180000,NORTHWEST INDIAN COLLEGE                ,WA,98226-9278,Public       ,13,89,102,257,1015,1272
02184200,PAROBA COLLEGE OF COSMETOLOGY           ,WA,98208-0000,Proprietary  ,5,38,43,84,288,372
02202200,STYLEMASTERS COLLEGE OF HAIR DESIGN     ,WA,98632-0000,Proprietary  ,6,24,30,50,220,270
02203300,GENE JUAREZ BEAUTY SCHOOLS              ,WA,98043-5427,Proprietary  ,37,55,92,315,525,840
02222900,INTERNATIONAL AIR & HOSPITALITY ACADEMY ,WA,98661-4835,Proprietary  ,33,104,137,412,901,1313
02236800,PROFESSIONAL BEAUTY SCHOOL              ,WA,98902-0000,Proprietary  ,1,11,12,79,164,243
02242500,BASTYR UNIVERSITY                       ,WA,98028-0000,Private      ,6,38,44,234,1918,2152
02291300,ART INSTITUTE OF SEATTLE                ,WA,98121-1622,Proprietary  ,73,159,232,2285,2472,4757
02300100,EVEREST COLLEGE                         ,WA,98367-1835,Proprietary  ,11,40,51,173,579,752
02300103,EVEREST COLLEGE - EVERETT               ,WA,98208-2610,Proprietary  ,25,112,137,334,1033,1367
02300104,EVEREST COLLEGE - TACOMA                ,WA,98402-3004,Proprietary  ,36,204,240,519,2150,2669
02326500,INTERFACE COLLEGE                       ,WA,99201-4326,Proprietary  ,2,30,32,46,332,378
02331400,NORTHWEST HAIR ACADEMY                  ,WA,98273-0000,Proprietary  ,5,16,21,60,163,223
02331402,NORTHWEST HAIR ACADEMY - EVERETT        ,WA,98204-0000,Proprietary  ,1,6,7,37,131,168
02331404,NORTHWEST HAIR ACADEMY - YAKIMA         ,WA,98901-2305,Proprietary  ,3,8,11,23,76,99
02504900,ACADEMY OF HAIR DESIGN (THE)            ,WA,98801-0000,Proprietary  ,5,12,17,57,139,196
02541900,BJ'S BEAUTY AND BARBER COLLEGE          ,WA,98409-0000,Proprietary  ,5,41,46,83,435,518
02602100,NORTHWEST COLLEGE OF ART & DESIGN       ,WA,98370-8625,Proprietary  ,2,5,7,184,100,284
02606200,EVEREST COLLEGE                         ,WA,98055-2990,Proprietary  ,29,132,161,320,968,1288
02617500,EVEREST COLLEGE                         ,WA,98133-9018,Proprietary  ,12,65,77,327,755,1082
03031406,INTERNATIONAL ACADEMY OF DESIGN & TECH  ,WA,98188-3319,Proprietary  ,10,40,50,328,641,969
03065000,LUCAS MARC ACADEMY                      ,WA,99352-9700,Proprietary  ,3,22,25,87,192,279
03071800,ITT TECHNICAL INSTITUTE                 ,WA,99216-1589,Proprietary  ,27,152,179,423,1936,2359
03071805,ITT TECHNICAL INSTITUTE - SEATTLE       ,WA,98168-3346,Proprietary  ,58,270,328,644,2821,3465
03099000,CORTIVA INSTITUTE - SEATTLE             ,WA,98109-5474,Proprietary  ,9,59,68,156,548,704
03110800,BAKKE GRADUATE UNIVERSITY               ,WA,98104-1222,Private      ,1,8,9,16,88,104
03139500,MONTESSORI SCHOOLS OF WASHINGTON        ,WA,98203-6600,Private      ,1,0,1,11,40,51
03280300,SEATTLE INST OF ORIENTAL MEDICINE       ,WA,98115-0000,Proprietary  ,2,7,9,54,198,252
03283300,NORTHWEST HVAC/R ASSOCIATION & TRAINING ,WA,99207-2125,Private      ,3,5,8,39,160,199
03466400,SEATTLE SCHOOL OF THEOLOGY AND PSYCHOLOG,WA,98121-1177,Private      ,5,23,28,114,581,695
03483500,CASCADIA COMMUNITY COLLEGE              ,WA,98011-9510,Public       ,56,115,171,1664,1987,3651
03490400,EMIL FRIES PIANO HOSPITAL & TRAININ     ,WA,98661-4323,Private      ,1,9,10,12,46,58
03670301,TONI&GUY HAIRDRESSING ACADEMY -         ,WA,98225-4526,Proprietary  ,4,19,23,87,183,270
03689400,FAITH EVANGELICAL COLLEGE & SEMINARY    ,WA,98407-2607,Private      ,4,24,28,36,425,461
03724300,DIGIPEN INSTITUTE OF TECHNOLOGY         ,WA,98052-5170,Proprietary  ,23,17,40,1325,575,1900
03917300,EVERGREEN BEAUTY AND BARBER COLLEGE     ,WA,98208-3759,Proprietary  ,22,67,89,189,532,721
03932500,TOTAL COSMETOLOGY TRAINING CENTER       ,WA,99217-6231,Proprietary  ,6,28,34,83,319,402
04120000,SUNNYSIDE BEAUTY ACADEMY                ,WA,98944-8711,Proprietary  ,0,2,2,13,51,64
04127200,VICTORIA'S ACADEMY OF COSMETOLOGY       ,WA,99336-3826,Proprietary  ,8,15,23,106,271,377
04130500,PACIFIC NORTHWEST UNIV OF HEALTH SCIENCE,WA,98901-1471,Private      ,3,11,14,82,731,813
04130800,CASCADE BEAUTY COLLEGE                  ,WA,98002-5504,Proprietary  ,1,11,12,41,141,182
04132800,INLAND MASSAGE INSTITUTE                ,WA,99218-5016,Proprietary  ,3,17,20,53,217,270
04149400,GARY MANUEL AVEDA INSTITUTE             ,WA,98122-3807,Proprietary  ,19,40,59,249,537,786
04155000,NORTHWEST SCHOOL OF WOODEN BOAT BUILDING,WA,98339-8706,Private      ,1,4,5,12,112,124
04161200,PINCHOT UNIVERSITY                      ,WA,98104-2617,Private      ,1,4,5,6,149,155
04170100,SALON PROFESSIONAL ACADEMY (THE)        ,WA,98409-7360,Proprietary  ,8,31,39,156,447,603
04172900,ACADEMY OF COSMETOLOGY                  ,WA,99354-2651,Proprietary  ,3,10,13,67,125,192
04188900,NORTHWEST INSTITUTE OF LITERARY ARTS    ,WA,98249-0000,Private      ,0,3,3,9,58,67
04191900,PAUL MITCHELL THE SCHOOL SPOKANE        ,WA,99037-5041,Proprietary  ,15,30,45,204,379,583
04223600,ACADEMY OF INTERACTIVE ENTERTAINMENT    ,WA,98109-4623,Private      ,9,24,33,207,247,454
04231000,STUDIO BEAUTY SCHOOL                    ,WA,99205-3357,Proprietary  ,6,7,13,18,54,72
00340100,BROWN UNIVERSITY                        ,RI,02912-9127,Private      ,125,36,161,19196,1015,20211
00340101,BROWN UNIVERSITY - GRADUATE SCHOOL      ,RI,02912-1827,Private      ,0,177,177,78,1648,1726
00340102,BROWN MEDICAL SCHOOL                    ,RI,02912-0000,Private      ,1,5,6,65,572,637
00340200,BRYANT UNIVERSITY                       ,RI,02917-1284,Private      ,45,15,60,5774,639,6413
00340400,JOHNSON & WALES UNIVERSITY              ,RI,02903-3703,Private      ,226,232,458,20192,5267,25459
00340600,PROVIDENCE COLLEGE                      ,RI,02918-0001,Private      ,59,33,92,8025,1138,9163
00340700,RHODE ISLAND COLLEGE                    ,RI,02908-1991,Public       ,84,135,219,8656,5455,14111
00340800,COMMUNITY COLLEGE OF RI - WARWICK       ,RI,02906-0000,Public       ,224,465,689,10294,13043,23337
00340900,RHODE ISLAND SCHOOL OF DESIGN           ,RI,02903-2784,Private      ,33,24,57,3026,1063,4089
00341000,ROGER WILLIAMS UNIVERSITY               ,RI,02809-2921,Private      ,68,44,112,9248,1743,10991
00341100,SALVE REGINA UNIVERSITY                 ,RI,02840-4192,Private      ,33,23,56,4564,722,5286
00341400,UNIVERSITY OF RHODE ISLAND              ,RI,02881-0000,Public       ,199,152,351,24418,4782,29200
00659100,ST. JOSEPH HOSP SCH OF NURSING          ,RI,02904-5199,Private      ,2,5,7,103,350,453
00784400,SANFORD-BROWN INSTITUTE                 ,RI,02920-7807,Proprietary  ,0,0,0,5,17,22
00784500,NEW ENGLAND INSTITUTE OF TECHNOLOGY     ,RI,02886-0000,Private      ,109,208,317,2954,3392,6346
01246116,LINCOLN TECHNICAL INSTITUTE - LINCOLN   ,RI,02865-4211,Proprietary  ,37,75,112,455,1041,1496
02531802,PAUL MITCHELL THE SCHOOL-CRANSTON       ,RI,02920-0000,Proprietary  ,17,13,30,164,182,346
02584400,NEW ENGLAND TRACTOR TRAILER TRAINING SCH,RI,02860-1752,Proprietary  ,41,337,378,177,1476,1653
03080000,NEWPORT SCHOOL OF HAIRDRESSING          ,RI,02860-4038,Proprietary  ,0,2,2,19,69,88
03732300,INTERNATIONAL YACHT RESTORATION SCH     ,RI,02840-6720,Private      ,4,1,5,55,62,117
04141200,TONI & GUY HAIRDRESSING ACADEMY         ,RI,02920-0000,Proprietary  ,10,10,20,138,157,295
04246000,MKG BEAUTY & BUSINESS                   ,RI,02920-4358,Proprietary  ,6,5,11,9,11,20
00294102,LENOIR-RHYNE UNIVERSITY - LUTHERAN THEOL,SC,29203-5863,Private      ,2,2,4,5,153,158
00341700,ALLEN UNIVERSITY                        ,SC,29204-1085,Private      ,18,24,42,1072,689,1761
00341800,ANDERSON UNIVERSITY                     ,SC,29621-4035,Private      ,37,68,105,3449,1574,5023
00341900,CHARLESTON SOUTHERN UNIVERSITY          ,SC,29406-2160,Private      ,83,121,204,5000,2934,7934
00342000,BENEDICT COLLEGE                        ,SC,29204-1086,Private      ,65,60,125,3759,1860,5619
00342100,BOB JONES UNIVERSITY                    ,SC,29614-1000,Proprietary  ,18,17,35,2707,502,3209
00342200,SOUTHERN WESLEYAN UNIVERSITY            ,SC,29630-1020,Private      ,8,150,158,958,1923,2881
00342300,THE CITADEL                             ,SC,29409-0002,Public       ,41,45,86,3395,1480,4875
00342400,CLAFLIN UNIVERSITY                      ,SC,29115-4498,Private      ,61,54,115,2866,1352,4218
00342500,CLEMSON UNIVERSITY                      ,SC,29634-0001,Public       ,207,118,325,22496,4783,27279
00342600,UNIV OF SC AT SUMTER                    ,SC,29150-2498,Public       ,18,43,61,982,934,1916
00342700,COKER COLLEGE                           ,SC,29550-3797,Private      ,7,39,46,1311,1053,2364
00342800,COLLEGE OF CHARLESTON                   ,SC,29424-0100,Public       ,149,105,254,12963,3679,16642
00342900,COLUMBIA INTERNATIONAL UNIVERSITY       ,SC,29203-1599,Private      ,2,23,25,661,816,1477
00343000,COLUMBIA COLLEGE                        ,SC,29203-5998,Private      ,16,120,136,1223,2200,3423
00343100,CONVERSE COLLEGE                        ,SC,29302-1931,Private      ,3,27,30,1345,828,2173
00343200,ERSKINE COLLEGE                         ,SC,29639-0000,Private      ,4,2,6,802,82,884
00343201,ERSKINE THEOLOGICAL SEMINARY            ,SC,29639-0000,Private      ,0,6,6,3,97,100
00343400,FURMAN UNIVERSITY                       ,SC,29613-5253,Private      ,32,26,58,3836,659,4495
00343500,LANDER UNIVERSITY                       ,SC,29649-2099,Public       ,38,25,63,4064,1103,5167
00343600,LIMESTONE COLLEGE                       ,SC,29340-3799,Private      ,35,144,179,2362,3333,5695
00343800,MEDICAL UNIV OF SOUTH CAROLINA - FA     ,SC,29425-1760,Public       ,10,69,79,501,3731,4232
00343900,MORRIS COLLEGE                          ,SC,29150-3599,Private      ,20,26,46,1231,649,1880
00344000,NEWBERRY COLLEGE                        ,SC,29108-2197,Private      ,19,8,27,1804,443,2247
00344100,NORTH GREENVILLE COLLEGE                ,SC,29688-1892,Private      ,20,57,77,2816,691,3507
00344500,PRESBYTERIAN COLLEGE                    ,SC,29325-2503,Private      ,15,4,19,1785,460,2245
00344600,SOUTH CAROLINA STATE UNIVERSITY         ,SC,29117-4427,Public       ,60,73,133,5123,2811,7934
00344700,SPARTANBURG METHODIST COLLEGE           ,SC,29301-5899,Private      ,8,14,22,1482,335,1817
00344800,UNIVERSITY OF SOUTH CAROLINA            ,SC,29208-3999,Public       ,230,346,576,31737,14322,46059
00344900,UNIVERSITY OF SOUTH CAROLINA AIKEN      ,SC,29801-6399,Public       ,41,52,93,3853,2008,5861
00345000,UNIV OF SC AT BEAUFORT                  ,SC,29902-0000,Public       ,31,57,88,2258,1518,3776
00345100,COASTAL CAROLINA UNIVERSITY             ,SC,29528-0000,Public       ,188,109,297,14971,3657,18628
00345300,UNIV OF SC AT LANCASTER                 ,SC,29721-0889,Public       ,15,39,54,1213,868,2081
00345400,UNIV OF SC SYSTEM SALKEHATCHIE          ,SC,29810-0617,Public       ,23,25,48,750,693,1443
00345500,VOORHEES COLLEGE                        ,SC,29042-0000,Private      ,14,14,28,804,326,1130
00345600,WINTHROP UNIVERSITY                     ,SC,29733-0001,Public       ,60,80,140,7071,2570,9641
00345700,WOFFORD COLLEGE                         ,SC,29303-3663,Private      ,10,7,17,2720,279,2999
00399000,FLORENCE-DARLINGTON TECH COLLEGE        ,SC,29501-0548,Public       ,92,302,394,3629,7411,11040
00399100,GREENVILLE TECHNICAL COLLEGE            ,SC,29607-2439,Public       ,156,523,679,8216,12472,20688
00399200,PIEDMONT TECHNICAL COLLEGE              ,SC,29648-1467,Public       ,101,302,403,2819,6022,8841
00399300,MIDLANDS TECHNICAL COLLEGE              ,SC,29202-0000,Public       ,138,557,695,8373,12340,20713
00399400,SPARTANBURG COMMUNITY COLLEGE           ,SC,29305-0000,Public       ,79,232,311,3652,5112,8764
00399500,CENTRAL CAROLINA TECHNICAL COLLEGE      ,SC,29150-2499,Public       ,72,293,365,1965,4729,6694
00399600,YORK TECHNICAL COLLEGE                  ,SC,29730-3395,Public       ,69,277,346,3419,5548,8967
00492000,TRIDENT TECHNICAL COLLEGE               ,SC,29423-8067,Public       ,241,859,1100,7717,16392,24109
00492300,CLINTON JR COLLEGE                      ,SC,29730-5152,Private      ,4,13,17,205,246,451
00492400,FORREST COLLEGE                         ,SC,29624-2405,Proprietary  ,2,27,29,44,318,362
00492500,HORRY-GEORGETOWN TECH COLLEGE           ,SC,29526-9521,Public       ,128,351,479,4464,7599,12063
00492600,TRI-COUNTY TECHNICAL COLLEGE            ,SC,29670-9133,Public       ,67,136,203,4698,4198,8896
00492700,UNIV OF SC AT UNION                     ,SC,29379-0729,Public       ,7,15,22,344,374,718
00499204,MILLER-MOTTE TECHNICAL COLLEGE - CONWAY ,SC,29526-9508,Proprietary  ,28,132,160,407,1529,1936
00536300,DENMARK TECHNICAL COLLEGE               ,SC,29042-0000,Public       ,47,164,211,761,2194,2955
00681500,ORANGEBURG-CALHOUN TECHNICAL COLG       ,SC,29118-8299,Public       ,44,162,206,1966,2997,4963
00695100,UNIVERSITY OF SOUTH CAROLINA UPSTATE    ,SC,29303-9972,Public       ,62,89,151,6888,3845,10733
00760200,NORTHEASTERN TECHNICAL COLLEGE          ,SC,29520-7015,Public       ,21,59,80,720,1250,1970
00922600,FRANCIS MARION UNIVERSITY               ,SC,29501-0000,Public       ,49,78,127,4961,2367,7328
00932200,WILLIAMSBURG TECHNICAL COLLEGE          ,SC,29556-4197,Public       ,17,40,57,348,698,1046
00991000,TECHNICAL COLLEGE OF THE LOWCOUNTRY     ,SC,29902-5441,Public       ,35,172,207,1202,3447,4649
00991100,UNIV OF SC-REGIONAL CAMPUSES ADMIN      ,SC,29208-0001,Public       ,2,8,10,318,380,698
01005600,AIKEN TECHNICAL COLLEGE                 ,SC,29802-0696,Public       ,42,152,194,1691,3450,5141
01019806,ECPI UNIVERSITY - GREENVILLE            ,SC,29615-4232,Proprietary  ,14,64,78,136,960,1096
01019809,ECPI UNIVERSITY - CHARLESTON            ,SC,29420-4264,Proprietary  ,8,77,85,125,874,999
01019811,ECPI UNIVERSITY - COLUMBIA              ,SC,29210-6467,Proprietary  ,4,48,52,86,536,622
01179901,PAUL MITCHELL THE SCHOOL COLUMBIA       ,SC,29201-3126,Proprietary  ,9,29,38,133,310,443
01179902,PAUL MITCHELL THE SCHOOL CHARLESTON     ,SC,29418-6993,Proprietary  ,13,23,36,132,340,472
01179903,PAUL MITCHELL THE SCHOOL FAYETTEVILLE - ,SC,29607-0000,Proprietary  ,12,16,28,99,174,273
01209200,KENNETH SHULER SCHOOL OF COSMETOLOGY    ,SC,29732-2169,Proprietary  ,11,45,56,180,494,674
01303907,SOUTH UNIVERSITY                        ,SC,29203-6400,Proprietary  ,20,337,357,548,3380,3928
02063700,SHERMAN CLG STRAIGHT CHIROPRACTIC       ,SC,29316-0000,Private      ,1,7,8,20,448,468
02338600,CHARZANNE BEAUTY COLLEGE                ,SC,29649-0000,Proprietary  ,1,10,11,33,107,140
02341100,KENNETH SHULER SCHOOL OF COSMETOLOGY & N,SC,29210-0000,Proprietary  ,19,68,87,254,792,1046
02356600,CHARLESTON COSMETOLOGY INSTITUTE        ,SC,29420-0000,Proprietary  ,3,20,23,68,196,264
02359802,ITT TECHNICAL INSTITUTE -               ,SC,29615-4506,Proprietary  ,0,0,0,0,2,2
02552400,ACADEMY OF HAIR TECHNOLOGY              ,SC,29615-2363,Proprietary  ,3,23,26,60,222,282
02567600,SUMTER BEAUTY COLLEGE                   ,SC,29150-0000,Proprietary  ,4,8,12,37,131,168
02614202,MILLER - MOTTE TECHNICAL COLLEGE - NORTH,SC,29406-9239,Proprietary  ,26,135,161,353,1499,1852
03010614,VIRGINIA COLLEGE - GOLF ACADEMY OF AMERI,SC,29579-0000,Proprietary  ,2,13,15,102,200,302
03010617,VIRGINIA COLLEGE - GREENVILLE           ,SC,29607-7200,Proprietary  ,5,42,47,185,874,1059
03010620,VIRGINIA COLLEGE - CHARLESTON           ,SC,29406-4999,Proprietary  ,6,40,46,186,744,930
03010621,VIRGINIA COLLEGE - COLUMBIA             ,SC,29223-7527,Proprietary  ,5,50,55,186,986,1172
03052300,KENNETH SHULER SCH COSM & HAIR DESG     ,SC,29841-2013,Proprietary  ,14,61,75,173,447,620
03293300,STRAND COLLEGE OF HAIR DESIGN           ,SC,29572-4310,Proprietary  ,5,11,16,53,138,191
03304300,CENTURA COLLEGE                         ,SC,29406-9235,Proprietary  ,18,81,99,127,695,822
03513300,LACY COSMETOLOGY SCHOOL                 ,SC,29803-9084,Proprietary  ,0,0,0,5,9,14
03513301,LACY COSMETOLOGY SCHOOL -               ,SC,29072-0000,Proprietary  ,0,0,0,3,8,11
03513302,LACY COSMETOLOGY SCHOOL -               ,SC,29445-0000,Proprietary  ,0,0,0,6,5,11
03513303,LACY COSMETOLOGY SCHOOL - WEST ASHLEY   ,SC,29407-4605,Proprietary  ,0,0,0,3,6,9
03555400,SOUTHEASTERN INSTITUTE                  ,SC,29406-0000,Proprietary  ,8,37,45,37,165,202
03709301,EDWARD VIA VIRGINIA COLLEGE OF OSTEOPATH,SC,29303-3639,Private      ,0,7,7,22,770,792
03746300,LEGRAND INSTITUTE OF COSMETOLOGY        ,SC,29020-0000,Proprietary  ,3,1,4,27,57,84
03746400,SOUTHEASTERN INSTITUTE                  ,SC,29210-0000,Proprietary  ,7,50,57,84,507,591
03768400,STYLETRENDS BARBER AND HAIRSTYLING ACADE,SC,29730-4511,Proprietary  ,0,3,3,23,90,113
04083300,MARION COUNTY TECHNICAL EDUCATION CENTER,SC,29571-0000,Public       ,0,1,1,24,141,165
04096300,CHARLESTON SCHOOL OF LAW                ,SC,29402-0535,Proprietary  ,1,10,11,62,896,958
04158100,AIKEN SCHOOL OF COSMETOLOGY             ,SC,29801-4554,Proprietary  ,2,9,11,36,114,150
04166900,COSMETIC ARTS INSTITUTE                 ,SC,29488-4216,Proprietary  ,2,10,12,23,68,91
04172600,SALON 496 BARBER ACADEMY                ,SC,29607-2548,Proprietary  ,3,18,21,19,155,174
04192600,PALMETTO BEAUTY SCHOOL                  ,SC,29307-1424,Proprietary  ,2,20,22,53,154,207
04202900,JOLEI'S HAIR INSTITUTE                  ,SC,29114-9337,Proprietary  ,2,5,7,11,59,70
00345800,AUGUSTANA COLLEGE                       ,SD,57197-0001,Private      ,7,26,33,1667,332,1999
00345900,BLACK HILLS STATE UNIVERSITY            ,SD,57799-9670,Public       ,44,47,91,2350,1713,4063
00346100,DAKOTA WESLEYAN UNIVERSITY              ,SD,57301-4398,Private      ,4,10,14,785,324,1109
00346300,DAKOTA STATE UNIVERSITY                 ,SD,57042-1799,Public       ,9,30,39,1360,1027,2387
00346500,MOUNT MARTY COLLEGE                     ,SD,57078-3724,Private      ,3,10,13,498,408,906
00346600,NORTHERN STATE UNIVERSITY               ,SD,57401-7198,Public       ,11,30,41,1656,819,2475
00346700,PRESENTATION COLLEGE                    ,SD,57401-1299,Private      ,3,13,16,592,549,1141
00346900,UNIVERSITY OF SIOUX FALLS               ,SD,57105-1699,Private      ,12,24,36,1355,709,2064
00347000,SOUTH DAKOTA SCH OF MINES & TECH        ,SD,57701-3995,Public       ,20,18,38,2201,734,2935
00347100,SOUTH DAKOTA STATE UNIVERSITY           ,SD,57007-2298,Public       ,66,69,135,8612,3166,11778
00347400,UNIVERSITY OF SOUTH DAKOTA              ,SD,57069-2390,Public       ,45,99,144,5648,4444,10092
00405600,SIOUX FALLS SEMINARY                    ,SD,57105-2729,Private      ,0,3,3,4,89,93
00405700,NATIONAL AMERICAN UNIVERSITY            ,SD,57701-3692,Proprietary  ,78,1131,1209,851,13807,14658
00405707,NATIONAL AMERICAN UNIVERSITY - SIOUX FAL,SD,57108-4293,Proprietary  ,3,33,36,66,736,802
00492900,MCKENNAN HOSP-RADOLOGICAL TECH          ,SD,57101-0000,Private      ,0,0,0,32,35,67
00530900,LAKE AREA TECHNICAL INSTITUTE           ,SD,57201-0730,Public       ,13,14,27,1248,637,1885
00598700,AVERA SACRED HEART HOSPITAL SCHOOL OF RA,SD,57078-3899,Private      ,1,0,1,11,12,23
00776400,SOUTHEAST TECHNICAL INST                ,SD,57107-0000,Public       ,26,61,87,1396,1731,3127
00828400,MITCHELL TECHNICAL INSTITUTE            ,SD,57301-9931,Public       ,11,12,23,842,452,1294
01013800,STEWART SCHOOL                          ,SD,57104-0000,Proprietary  ,5,10,15,100,134,234
01014804,COLORADO TECHNICAL UNIVERSITY           ,SD,57108-2272,Proprietary  ,0,11,11,57,265,322
01017000,WESTERN DAKOTA TECHNICAL INSTITUTE      ,SD,57701-4018,Public       ,13,58,71,520,1001,1521
01147701,SANFORD MEDICAL CENTER -RAD TECH        ,SD,57117-5039,Private      ,0,2,2,28,33,61
01465900,OGLALA LAKOTA COLLEGE                   ,SD,57752-0490,Public       ,39,207,246,371,1598,1969
02137100,BLACK HILLS BEAUTY COLLEGE              ,SD,57701-0000,Proprietary  ,12,12,24,115,147,262
02143700,SINTE GLESKA UNIVERSITY                 ,SD,57570-0000,Public       ,16,103,119,136,610,746
02144600,KILIAN COMMUNITY COLLEGE                ,SD,57103-7020,Private      ,7,39,46,115,359,474
02277300,SISSETON WAHPETON COLLEGE               ,SD,57262-0000,Public       ,3,21,24,38,169,207
02297800,HEADLINES ACADEMY                       ,SD,57701-2733,Proprietary  ,3,17,20,68,143,211
00347700,AQUINAS COLLEGE                         ,TN,37205-2086,Private      ,6,20,26,342,750,1092
00347800,AUSTIN PEAY STATE UNIVERSITY            ,TN,37044-0002,Public       ,137,448,585,8920,9054,17974
00347900,BELMONT UNIVERSITY                      ,TN,37212-3757,Private      ,86,114,200,8873,4166,13039
00348000,BETHEL UNIVERSITY                       ,TN,38201-1705,Private      ,40,483,523,2176,8052,10228
00348100,CARSON - NEWMAN UNIVERSITY              ,TN,37760-2204,Private      ,60,37,97,3701,1168,4869
00348200,CHRISTIAN BROTHERS UNIVERSITY           ,TN,38104-5581,Private      ,59,107,166,2787,2267,5054
00348300,COLUMBIA STATE COMMUNITY COLLEGE        ,TN,38401-5653,Public       ,108,157,265,3611,3607,7218
00348500,CUMBERLAND UNIVERSITY                   ,TN,37087-3554,Private      ,22,54,76,1590,1272,2862
00348600,LIPSCOMB UNIVERSITY                     ,TN,37204-3951,Private      ,38,96,134,4268,3011,7279
00348700,EAST TENNESSEE STATE UNIV - MAIN CAMPUS ,TN,37614-2857,Public       ,134,254,388,13211,9144,22355
00348701,EAST TENNESSEE STATE UNIV - MEDICINE    ,TN,37614-1708,Public       ,4,19,23,429,746,1175
00348709,EAST TENNESSEE STATE UNIV - PHARMACY    ,TN,37614-1704,Public       ,1,8,9,152,501,653
00349000,FISK UNIVERSITY                         ,TN,37208-3045,Private      ,49,38,87,1871,969,2840
00349200,FREED-HARDEMAN UNIVERSITY               ,TN,38340-2399,Private      ,24,38,62,1914,1092,3006
00349400,HIWASSEE COLLEGE                        ,TN,37354-4001,Private      ,13,11,24,440,232,672
00349500,JOHNSON UNIVERSITY                      ,TN,37998-9775,Private      ,10,28,38,1184,843,2027
00349600,KING UNIVERSITY                         ,TN,37620-2699,Private      ,27,163,190,1682,3439,5121
00349900,LANE COLLEGE                            ,TN,38301-4598,Private      ,39,29,68,2018,1109,3127
00350000,LEE UNIVERSITY                          ,TN,37320-0000,Private      ,33,72,105,4430,2061,6491
00350100,LEMOYNE-OWEN COLLEGE                    ,TN,38126-6510,Private      ,52,97,149,1979,2694,4673
00350200,LINCOLN MEMORIAL UNIVERSITY             ,TN,37752-7920,Private      ,23,73,96,2146,3836,5982
00350400,MARTIN METHODIST COLLEGE                ,TN,38478-2799,Private      ,7,17,24,1123,492,1615
00350500,MARYVILLE COLLEGE                       ,TN,37804-5907,Private      ,26,13,39,2264,415,2679
00350600,MEHARRY MEDICAL COLLEGE                 ,TN,37208-0000,Private      ,3,24,27,134,1367,1501
00350700,MEMPHIS COLLEGE OF ART                  ,TN,38104-2764,Private      ,20,22,42,951,524,1475
00350900,UNIVERSITY OF MEMPHIS (THE)             ,TN,38152-4611,Public       ,326,549,875,19246,18791,38037
00351000,MIDDLE TENNESSEE STATE UNIV             ,TN,37130-0000,Public       ,292,418,710,24785,14523,39308
00351100,MILLIGAN COLLEGE                        ,TN,37682-4001,Private      ,9,20,29,1238,654,1892
00351700,SOUTHERN COLLEGE OF OPTOMETRY           ,TN,38104-2222,Private      ,5,2,7,55,685,740
00351800,SOUTHERN ADVENTIST UNIVERSITY           ,TN,37315-0370,Private      ,43,39,82,2876,1156,4032
00351900,RHODES COLLEGE                          ,TN,38112-1690,Private      ,44,36,80,3407,739,4146
00352200,TENNESSEE STATE UNIVERSITY              ,TN,37209-1561,Public       ,204,348,552,12442,10531,22973
00352300,TENNESSEE TECHNOLOGICAL UNIV            ,TN,38505-0001,Public       ,95,118,213,11529,4026,15555
00352400,TENNESSEE TEMPLE UNIVERSITY             ,TN,37404-3587,Private      ,3,37,40,471,760,1231
00352500,TENNESSEE WESLEYAN COLLEGE              ,TN,37371-0040,Private      ,18,32,50,1275,726,2001
00352600,TREVECCA NAZARENE UNIVERSITY            ,TN,37210-2877,Private      ,29,147,176,1767,2344,4111
00352700,TUSCULUM COLLEGE                        ,TN,37743-0001,Private      ,30,96,126,2477,1859,4336
00352800,UNION UNIVERSITY                        ,TN,38305-3697,Private      ,33,116,149,2892,3325,6217
00352900,UNIVERSITY OF TENNESSEE-CHATTANOOGA     ,TN,37403-2598,Public       ,151,155,306,15985,6098,22083
00353000,UNIVERSITY OF TENNESSEE-KNOXVILLE       ,TN,37996-0150,Public       ,313,270,583,30379,11227,41606
00353006,UNIVERSITY OF TENNESSEE-HEALTH SCI CTR  ,TN,38103-0000,Public       ,19,66,85,764,4491,5255
00353100,UNIVERSITY OF TENNESSEE-MARTIN          ,TN,38238-0002,Public       ,67,135,202,8062,3875,11937
00353400,UNIVERSITY OF THE SOUTH                 ,TN,37383-1000,Private      ,28,15,43,2477,179,2656
00353500,VANDERBILT UNIVERSITY                   ,TN,37240-0001,Private      ,151,151,302,20515,7693,28208
00353501,VANDERBILT UNIV MED CTR ALLIEDHEAL      ,TN,37232-5510,Private      ,7,18,25,256,721,977
00353600,BRYAN COLLEGE                           ,TN,37321-7000,Private      ,12,55,67,1190,965,2155
00399800,CHATTANOOGA STATE COMMUNITY COLLEGE     ,TN,37406-1097,Public       ,205,541,746,6575,10009,16584
00399900,CLEVELAND STATE COMMUNITY COLLEGE       ,TN,37312-2858,Public       ,57,109,166,2535,2880,5415
00402500,TENNESSEE COLLEGE OF APPLIED TECHNOLOGY ,TN,37919-2327,Public       ,45,90,135,913,2076,2989
00402600,TENNESSEE COLLEGE OF APPLIED TECHNOLOGY ,TN,38555-4142,Public       ,12,28,40,664,657,1321
00461700,NATIONAL COLLEGE                        ,TN,37211-6605,Proprietary  ,21,92,113,324,1886,2210
00493400,DAYMAR INSTITUTE                        ,TN,37217-1056,Proprietary  ,11,81,92,101,586,687
00493401,DAYMAR INSTITUTE - CLARKSVILLE          ,TN,37040-6718,Proprietary  ,11,111,122,228,1240,1468
00493404,DAYMAR INSTITUTE - MURFREESBORO         ,TN,37128-5508,Proprietary  ,17,66,83,151,517,668
00493700,JACKSON STATE COMMUNITY COLLEGE         ,TN,38301-3797,Public       ,53,144,197,3424,4140,7564
00493800,SOUTH COLLEGE                           ,TN,37909-3323,Proprietary  ,26,180,206,604,2723,3327
00494700,WEST TENNESSEE BUSINESS COLLEGE         ,TN,38301-3256,Proprietary  ,5,33,38,143,657,800
00528000,TENNESSEE COLLEGE OF APPLIED TECHNOLOGY ,TN,38019-0249,Public       ,6,26,32,200,463,663
00528100,TENNESSEE COLLEGE OF APPLIED TECHNOLOGY ,TN,37643-6054,Public       ,16,55,71,385,992,1377
00528200,TENNESSEE COLLEGE OF APPLIED TECHNOLOGY-,TN,37074-2032,Public       ,5,26,31,240,390,630
00528300,TENNESSEE COLLEGE OF APPLIED TECHNOLOGY ,TN,38059-1198,Public       ,7,31,38,213,490,703
00530700,TENNESSEE COLLEGE OF APPLIED TECHNOLOGY-,TN,37110-1322,Public       ,11,18,29,286,443,729
00535100,TENNESSEE COLLEGE OF APPLIED TECHNOLOGY ,TN,37813-2094,Public       ,20,49,69,635,1135,1770
00535200,TENNESSEE COLLEGE OF APPLIED TECHNOLOGY-,TN,38201-1620,Public       ,3,14,17,154,300,454
00535300,TENNESSEE COLLEGE OF APPLIED TECHNOLOGY-,TN,38570-1291,Public       ,10,24,34,336,437,773
00535400,TENNESSEE COLLEGE OF APPLIED TECHNOLOGY-,TN,38301-9609,Public       ,15,48,63,544,1210,1754
00535600,TENNESSEE COLLEGE OF APPLIED TECHNOLOGY ,TN,38462-2201,Public       ,9,25,34,261,416,677
00535700,TENNESSEE COLLEGE OF APPLIED TECHNOLOGY ,TN,38327-3402,Public       ,6,24,30,189,406,595
00535800,TENNESSEE COLLEGE OF APPLIED TECHNOLOGY ,TN,37371-0848,Public       ,9,16,25,345,459,804
00535900,TENNESSEE COLLEGE OF APPLIED TECHNOLOGY ,TN,37209-4515,Public       ,37,105,142,865,2074,2939
00536000,TENNESSEE COLLEGE OF APPLIED TECHNOLOGY-,TN,38105-3604,Public       ,60,172,232,1316,2944,4260
00537800,NORTHEAST STATE COMMUNITY COLLEGE       ,TN,37617-0246,Public       ,100,189,289,3813,4869,8682
00537900,TENNESSEE COLLEGE OF APPLIED TECHNOLOGY-,TN,37160-3697,Public       ,5,37,42,445,712,1157
00683500,DYERSBURG STATE COMMUNITY COLLEGE       ,TN,38024-0000,Public       ,53,118,171,1874,2672,4546
00683600,MOTLOW STATE COMMUNITY COLLEGE          ,TN,37388-7972,Public       ,88,197,285,3858,3737,7595
00732941,ITT TECHNICAL INSTITUTE                 ,TN,37932-3343,Proprietary  ,89,486,575,1077,4077,5154
00732958,ITT TECHNICAL INSTITUTE                 ,TN,37214-3717,Proprietary  ,55,335,390,794,3174,3968
00743900,FOUNTAINHEAD COLLEGE OF TECHNOLOGY      ,TN,37918-0000,Proprietary  ,8,30,38,220,632,852
00778200,TENNESSEE COLLEGE OF APPLIED TECHNOLOGY ,TN,37055-2556,Public       ,14,39,53,434,840,1274
00778300,MIDDLE TENNESSEE SCH OF ANESTHESIA      ,TN,37116-0000,Private      ,2,4,6,23,191,214
00793803,NASHVILLE AUTO DIESEL COLLEGE - NASHVILL,TN,37206-3210,Proprietary  ,260,107,367,2767,1051,3818
00814500,NASHVILLE STATE TECH CMNTY COLLEGE      ,TN,37209-0000,Public       ,175,483,658,6146,11622,17768
00865500,GENESIS CAREER COLLEGE                  ,TN,38501-1959,Proprietary  ,30,104,134,225,603,828
00885900,JOHN A GUPTON COLLEGE                   ,TN,37203-2934,Private      ,2,4,6,98,223,321
00886300,WALTERS STATE COMMUNITY COLLEGE         ,TN,37813-6899,Public       ,97,175,272,4929,4465,9394
00946400,TENNESSEE COLLEGE OF APPLIED TECHNOLOGY-,TN,38478-4541,Public       ,12,33,45,210,372,582
00956700,TENNESSEE SCHOOL OF BEAUTY              ,TN,37921-3303,Proprietary  ,11,34,45,277,559,836
00971000,TENNESSEE COLLEGE OF APPLIED TECHNOLOGY ,TN,37756-4149,Public       ,5,7,12,120,246,366
00991200,VOLUNTEER STATE COMMUNITY COLLEGE       ,TN,37066-3188,Public       ,130,272,402,4940,5455,10395
00991400,ROANE STATE COMMUNITY COLLEGE           ,TN,37748-8664,Public       ,92,215,307,4572,5153,9725
00998200,VICTORY UNIVERSITY                      ,TN,38111-4745,Proprietary  ,0,0,0,469,1246,1715
01032600,TENNESSEE COLLEGE OF APPLIED TECHNOLOGY ,TN,37748-5849,Public       ,8,12,20,260,442,702
01043900,SOUTHWEST TENNESSEE COMMUNITY COLLG     ,TN,38104-3322,Public       ,322,645,967,10073,15454,25527
01044700,"PLAZA BEAUTY SCHOOL, INC.               ",TN,38117-4822,Proprietary  ,0,0,0,172,321,493
01046000,AMERICAN BAPTIST THEOLOGICAL SEMINA     ,TN,37207-4994,Private      ,0,9,9,58,305,363
01052900,MEMPHIS THEOLOGICAL SEMINARY            ,TN,38104-0000,Private      ,3,26,29,26,437,463
01070000,TENNESSEE COLLEGE OF APPLIED TECHNOLOGY-,TN,37757-2461,Public       ,8,6,14,158,302,460
01155300,WM R MOORE COLLEGE OF TECHNOLOGY        ,TN,38104-0000,Private      ,7,35,42,218,475,693
01216400,TENNESSEE COLLEGE OF APPLIED TECHNOLOGY ,TN,38063-7359,Public       ,2,14,16,76,287,363
01254700,EMMANUEL SCHOOL OF RELIGION             ,TN,37601-0000,Private      ,0,3,3,8,58,66
01269300,PELLISSIPPI STATE COMMUNITY COLLEGE     ,TN,37933-0990,Public       ,160,338,498,7722,7541,15263
02069303,VATTEROTT COLLEGE -                     ,TN,38016-5877,Proprietary  ,17,98,115,196,678,874
02092800,TENNESSEE COLLEGE OF APPLIED TECHNOLOGY ,TN,38075-0489,Public       ,14,16,30,165,335,500
02103500,TENNESSEE COLLEGE OF APPLIED TECHNOLOGY ,TN,37129-3311,Public       ,24,40,64,668,1069,1737
02106400,O'MORE COLLEGE OF DESIGN                ,TN,37064-0000,Private      ,3,5,8,222,125,347
02125300,NASHVILLE CLG OF MEDICAL CAREERS        ,TN,37115-0000,Proprietary  ,3,36,39,56,292,348
02153100,JON NAVE UNIVERSITY OF COSMETOLOGY      ,TN,37013-3347,Proprietary  ,11,32,43,170,312,482
02157100,CONCORDE CAREER COLLEGE                 ,TN,38137-0000,Proprietary  ,74,283,357,995,3565,4560
02160307,INTERNATIONAL ACADEMY OF DESIGN & TECH  ,TN,37212-0000,Proprietary  ,8,7,15,130,269,399
02188300,PENTECOSTAL THEOLOGICAL SEMINARY        ,TN,37320-0000,Private      ,0,16,16,8,353,361
02204200,"CHATTANOOGA COLLEGE - MEDICAL, DENTAL AN",TN,37411-0000,Proprietary  ,18,76,94,271,1006,1277
02237900,TENNESSEE COLLEGE OF APPLIED TECHNOLOGY-,TN,38242-5023,Public       ,9,23,32,200,559,759
02255000,KNOXVILLE INSTITUTE OF HAIR DESIGN      ,TN,37917-0000,Proprietary  ,4,22,26,106,307,413
02257400,ARNOLD'S BEAUTY SCHOOL                  ,TN,38358-0000,Proprietary  ,4,8,12,61,106,167
02263104,ANTHEM COLLEGE - ANTHEM CAREER COLLEGE -,TN,37214-2531,Proprietary  ,0,0,0,144,524,668
02275500,REUBEN-ALLEN COLLEGE                    ,TN,37922-0000,Proprietary  ,19,38,57,157,350,507
02278700,MR WAYNES SCH OF UNISEX HAIR DESIGN     ,TN,38501-0000,Proprietary  ,2,6,8,39,72,111
02293900,VOLUNTEER BEAUTY ACADEMY-NASHVILLE      ,TN,37115-2112,Proprietary  ,2,6,8,19,75,94
02294000,VOLUNTEER BEAUTY ACADEMY-DYERSBURG      ,TN,38024-1622,Proprietary  ,2,8,10,35,92,127
02326200,KAPLAN CAREER INSTITUTE                 ,TN,37212-5318,Proprietary  ,22,153,175,249,1316,1565
02326300,MEDVANCE INSTITUTE                      ,TN,38501-4305,Proprietary  ,16,54,70,152,375,527
02335900,VOLUNTEER BEAUTY ACADEMY-NASHVILLE      ,TN,37209-3033,Proprietary  ,2,10,12,64,173,237
02539800,QUEEN CITY COLLEGE                      ,TN,37042-0000,Proprietary  ,4,46,50,73,432,505
02540000,TENNESSEE ACADEMY OF COSMETOLOGY        ,TN,38133-0000,Proprietary  ,14,29,43,246,509,755
02578200,NOSSI COLLEGE OF ART                    ,TN,37115-5138,Proprietary  ,10,22,32,419,369,788
02595000,FAYETTEVILLE BEAUTY SCHOOL              ,TN,37334-2909,Proprietary  ,4,12,16,30,91,121
02599710,VATTEROTT COLLEGE - MEMPHIS             ,TN,38132-1714,Proprietary  ,45,189,234,483,2024,2507
02609204,VATTEROTT COLLEGE - VATTEROTT CAREER COL,TN,38133-4727,Proprietary  ,31,110,141,344,1159,1503
02614200,MILLER MOTTE BUSINESS COLLEGE           ,TN,37040-6023,Proprietary  ,24,121,145,260,1172,1432
02614203,MILLER - MOTTE TECHNICAL COLLEGE - CHATT,TN,37421-7220,Proprietary  ,16,100,116,286,1103,1389
02614204,MILLER - MOTTE TECHNICAL COLLEGE - MADIS,TN,37072-1870,Proprietary  ,20,105,125,198,795,993
03001800,FREE WILL BAPTIST BIBLE COLLEGE         ,TN,37205-2498,Private      ,1,6,7,285,152,437
03008800,FRANKLIN ACADEMY                        ,TN,37312-3939,Private      ,5,11,16,54,148,202
03010606,VIRGINIA COLLEGE - SCH OF BUSNSS & HLTH ,TN,37411-5600,Proprietary  ,14,88,102,253,1179,1432
03024900,TENNESSEE ACADEMY OF COSMETOLOGY        ,TN,38125-3442,Proprietary  ,19,26,45,234,524,758
03026517,REMINGTON COLLEGE - MEMPHIS             ,TN,38132-2107,Private      ,26,71,97,519,1336,1855
03061100,GENESIS CAREER COLLEGE OF LEBANON       ,TN,37087-2718,Proprietary  ,10,49,59,116,291,407
03076405,BRYMAN SCHOOL OF ARIZONA (THE) - ANTHEM ,TN,38134-7345,Proprietary  ,0,0,0,162,791,953
03079100,NORTH CENTRAL INSTITUTE                 ,TN,37042-3116,Proprietary  ,7,29,36,56,224,280
03088800,"WATKINS COLLEGE OF ART, DESIGN & FILM   ",TN,37228-1306,Private      ,5,11,16,621,337,958
03126900,STYLES & PROFILES BEAUTY COLLEGE        ,TN,38375-2109,Proprietary  ,2,2,4,21,47,68
03253300,PAUL MITCHELL THE SCHOOL MEMPHIS        ,TN,38133-4067,Proprietary  ,9,22,31,180,257,437
03355400,RICHMONT GRADUATE UNIVERSITY            ,TN,37404-0000,Private      ,0,11,11,9,294,303
03440300,BAPTIST MEMORIAL COLLEGE OF HEALTH      ,TN,38104-3104,Private      ,24,67,91,1311,2773,4084
03480303,FORTIS INSTITUTE - NASHVILLE            ,TN,37211-1536,Proprietary  ,13,75,88,98,653,751
03513500,WILLIAMSON CHRISTIAN COLLEGE            ,TN,37067-8237,Private      ,2,1,3,61,75,136
03647300,NEW CONCEPTS SCHOOL OF COSMETOLOGY      ,TN,37311-7373,Proprietary  ,4,11,15,42,102,144
03683300,INTERNATIONAL BARBER & STYLE COLLEGE    ,TN,37209-2205,Proprietary  ,4,34,38,71,248,319
03701300,MEMPHIS INSTITUTE OF BARBERING          ,TN,38107-4334,Proprietary  ,21,38,59,226,496,722
03774400,SHEAR ACADEMY                           ,TN,38555-4177,Proprietary  ,3,5,8,30,84,114
03830300,SAE INSTITUTE OF TECHNOLOGY             ,TN,37203-4310,Proprietary  ,14,29,43,282,455,737
03840300,OXFORD GRADUATE SCHOOL                  ,TN,37321-6736,Private      ,0,2,2,4,47,51
03841300,CAREER BEAUTY COLLEGE                   ,TN,38464-3634,Proprietary  ,2,9,11,38,63,101
03920300,INSTITUTE OF HAIR DESIGN                ,TN,38310-1801,Proprietary  ,6,8,14,33,56,89
03930300,BUCHANAN BEAUTY COLLEGE                 ,TN,37160-2741,Proprietary  ,3,12,15,45,105,150
03982300,VISIBLE SCHOOL - MUSIC AND WORSHIPS ARTS,TN,38104-5814,Private      ,1,4,5,153,149,302
04035300,TENNESSEE CAREER INSTITUTE              ,TN,38401-6335,Proprietary  ,7,23,30,96,263,359
04124100,ELITE COLLEGE OF COSMETOLOGY            ,TN,38351-1431,Proprietary  ,3,7,10,36,84,120
04142000,AUSTIN'S BEAUTY COLLEGE                 ,TN,37040-3107,Proprietary  ,2,3,5,2,3,5
04157200,LOVE BEAUTY SCHOOL                      ,TN,37355-2950,Proprietary  ,3,14,17,37,88,125
04165000,MERIDIAN INSTITUTE OF SURGICAL ASSISTING,TN,37080-0758,Proprietary  ,3,59,62,11,470,481
04174600,NASHVILLE BARBER AND STYLE ACADEMY      ,TN,37208-2826,Proprietary  ,3,23,26,67,201,268
04210200,MID-SOUTH CHRISTIAN COLLEGE             ,TN,38118-3151,Private      ,8,11,19,70,229,299
04213800,SALON PROFESSIONAL ACADEMY (THE)        ,TN,37214-2163,Proprietary  ,2,10,12,94,154,248
04215200,VIBE BARBER COLLEGE                     ,TN,38107-2538,Proprietary  ,3,18,21,51,175,226
04223900,MIND BODY INSTITUTE                     ,TN,37214-1012,Proprietary  ,1,12,13,19,127,146
04236400,SANDRA ACADEMY OF SALON SERVICES        ,TN,37825-7239,Proprietary  ,2,27,29,8,51,59
04238600,GOULD'S ACADEMY                         ,TN,38119-5317,Proprietary  ,9,32,41,21,56,77
00353700,ABILENE CHRISTIAN UNIVERSITY            ,TX,79699-3701,Private      ,86,67,153,6246,1663,7909
00353900,ALVIN COMMUNITY COLLEGE                 ,TX,77511-4807,Public       ,56,185,241,1676,3094,4770
00354000,AMARILLO COLLEGE                        ,TX,79109-2446,Public       ,97,334,431,4067,6753,10820
00354100,ANGELO STATE UNIVERSITY                 ,TX,76909-5069,Public       ,81,126,207,6553,3373,9926
00354300,AUSTIN COLLEGE                          ,TX,75090-4440,Private      ,27,8,35,2298,291,2589
00354400,AUSTIN PRESBYTERIAN THEOLOGICAL SEM     ,TX,78705-5797,Private      ,0,1,1,8,177,185
00354500,BAYLOR UNIVERSITY                       ,TX,76798-7048,Private      ,325,160,485,28204,5539,33743
00354600,COASTAL BEND COLLEGE                    ,TX,78102-2197,Public       ,60,93,153,1769,2053,3822
00354900,BLINN COLLEGE                           ,TX,77833-4098,Public       ,315,225,540,15606,6160,21766
00355300,CISCO JUNIOR COLLEGE                    ,TX,76437-9803,Public       ,53,118,171,2132,2755,4887
00355400,CLARENDON COLLEGE                       ,TX,79226-0000,Public       ,18,52,70,627,716,1343
00355600,COMMONWEALTH INST OF FUNERAL SVC        ,TX,77090-5918,Private      ,5,43,48,102,570,672
00355700,CONCORDIA UNIVERSITY TEXAS              ,TX,78726-4141,Private      ,25,163,188,1723,3011,4734
00355800,NORTH CENTRAL TEXAS COLLEGE             ,TX,76240-4699,Public       ,116,232,348,4268,5907,10175
00356000,DALLAS BAPTIST UNIVERSITY               ,TX,75211-9299,Private      ,61,209,270,4053,4773,8826
00356100,CEDAR VALLEY COLLEGE                    ,TX,75134-0000,Public       ,70,292,362,2532,5373,7905
00356200,DALLAS THEOLOGICAL SEM                  ,TX,75204-0000,Private      ,0,42,42,45,957,1002
00356300,DEL MAR COLLEGE                         ,TX,78404-3897,Public       ,172,395,567,5834,8303,14137
00356400,EAST TEXAS BAPTIST UNIVERSITY           ,TX,75670-1423,Private      ,16,17,33,1865,549,2414
00356500,TEXAS A&M UNIVERSITY - COMMERCE         ,TX,75429-3011,Public       ,100,340,440,7383,9000,16383
00356600,EPISCOPAL THEOLOGICAL SEMINARY OF THE SO,TX,78705-3128,Private      ,0,2,2,2,30,32
00356800,FRANK PHILLIPS COLLEGE                  ,TX,79008-0000,Public       ,12,35,47,423,579,1002
00357000,GRAYSON COUNTY COLLEGE                  ,TX,75020-8299,Public       ,63,217,280,1991,4028,6019
00357100,HARDIN-SIMMONS UNIVERSITY               ,TX,79698-6050,Private      ,17,37,54,2077,1071,3148
00357200,TRINITY VALLEY COMMUNITY COLLEGE        ,TX,75751-2734,Public       ,88,227,315,2893,4766,7659
00357300,HILL COLLEGE                            ,TX,76645-2711,Public       ,28,75,103,1146,1591,2737
00357301,HILL COLLEGE                            ,TX,76031-0000,Public       ,36,105,141,1220,2250,3470
00357400,HOWARD COUNTY JUNIOR COLLEGE DISTRICT   ,TX,79720-0213,Public       ,42,100,142,1502,2227,3729
00357500,HOWARD PAYNE UNIVERSITY                 ,TX,76801-2715,Private      ,16,17,33,1603,426,2029
00357600,HOUSTON BAPTIST UNIVERSITY              ,TX,77074-3298,Private      ,106,145,251,6421,4159,10580
00357700,HUSTON - TILLOTSON UNIVERSITY           ,TX,78702-2795,Private      ,23,74,97,1286,1250,2536
00357800,UNIVERSITY OF THE INCARNATE WORD        ,TX,78209-6398,Private      ,101,308,409,7744,7934,15678
00357900,JACKSONVILLE COLLEGE                    ,TX,75766-4759,Private      ,5,10,15,335,257,592
00358000,KILGORE COLLEGE                         ,TX,75662-3299,Public       ,64,132,196,3336,4600,7936
00358100,LAMAR UNIVERSITY-BEAUMONT               ,TX,77710-0042,Public       ,192,767,959,9058,12598,21656
00358200,LAREDO COMMUNITY COLLEGE                ,TX,78040-4395,Public       ,175,137,312,6432,3712,10144
00358300,LEE COLLEGE                             ,TX,77520-4796,Public       ,58,178,236,2186,4369,6555
00358400,LETOURNEAU UNIVERSITY                   ,TX,75607-0000,Private      ,16,137,153,1667,2414,4081
00358600,LUBBOCK CHRISTIAN UNIVERSITY            ,TX,79407-2099,Private      ,20,64,84,1666,1689,3355
00358800,UNIVERSITY OF MARY HARDIN-BAYLOR        ,TX,76513-2599,Private      ,75,66,141,5688,1999,7687
00359000,MCLENNAN COMMUNITY COLLEGE              ,TX,76708-1498,Public       ,98,257,355,4797,7553,12350
00359100,MCMURRY UNIVERSITY                      ,TX,79697-0001,Private      ,15,37,52,1367,782,2149
00359200,MIDWESTERN STATE UNIVERSITY             ,TX,76308-2099,Public       ,91,107,198,5482,3428,8910
00359300,NAVARRO COLLEGE                         ,TX,75110-4818,Public       ,169,360,529,5517,6896,12413
00359400,UNIVERSITY OF NORTH TEXAS               ,TX,76203-5017,Public       ,496,648,1144,36240,22571,58811
00359412,UNIVERSITY OF NORTH TEXAS AT DALLAS     ,TX,75241-4605,Public       ,97,269,366,219,608,827
00359500,OBLATE SCHOOL OF THEOLOGY               ,TX,78216-0000,Private      ,0,6,6,6,78,84
00359600,ODESSA COLLEGE                          ,TX,79764-7127,Public       ,57,164,221,1725,2900,4625
00359800,OUR LADY OF THE LAKE UNIVERSITY         ,TX,78207-4689,Private      ,56,195,251,3494,4358,7852
00359900,UNIVERSITY OF TEXAS - PAN AMERICAN      ,TX,78541-2999,Public       ,528,442,970,22707,12043,34750
00360000,PANOLA COLLEGE                          ,TX,75633-2397,Public       ,39,112,151,1235,2182,3417
00360100,PARIS JR COLLEGE                        ,TX,75460-6298,Public       ,99,251,350,2194,3340,5534
00360200,PAUL QUINN COLLEGE                      ,TX,75241-4398,Private      ,30,45,75,528,834,1362
00360300,RANGER COLLEGE                          ,TX,76470-3298,Public       ,33,47,80,863,959,1822
00360305,RANGER COLLEGE-STEPHENVILE BEAUTY COLLEG,TX,76401-5136,Public       ,2,3,5,121,113,234
00360400,RICE UNIVERSITY                         ,TX,77251-1892,Private      ,118,106,224,12442,3369,15811
00360600,SAM HOUSTON STATE UNIVERSITY            ,TX,77340-0000,Public       ,333,397,730,23708,11594,35302
00360700,ALAMO CMTY CLG DISTRICT PROGRAM         ,TX,78207-0000,Public       ,29,102,131,1736,2815,4551
00360800,ST PHILLIPS COLLEGE                     ,TX,78203-2098,Public       ,110,468,578,6251,11490,17741
00360900,SAN JACINTO CLG-CENTRAL-NORTH-SOUTH     ,TX,77501-0000,Public       ,345,855,1200,11851,17494,29345
00361000,SCHREINER UNIVERSITY                    ,TX,78028-5697,Private      ,17,21,38,1673,547,2220
00361100,SOUTH PLAINS COLLEGE                    ,TX,79336-6504,Public       ,113,254,367,5433,5819,11252
00361200,UNIV OF HOUSTON-DOWNTOWN                ,TX,77002-1001,Public       ,271,721,992,14205,21330,35535
00361300,SOUTHERN METHODIST UNIVERSITY           ,TX,75275-0181,Private      ,121,207,328,8829,5675,14504
00361400,SOUTHWEST TEXAS JR COLLEGE              ,TX,78801-6221,Public       ,101,173,274,2870,2823,5693
00361500,TEXAS STATE UNIVERSITY--SAN MARCOS      ,TX,78666-4602,Public       ,543,451,994,41296,16329,57625
00361600,SOUTHWESTERN ASSEMBLIES OF GOD UNIV     ,TX,75165-2397,Private      ,24,43,67,1872,1296,3168
00361800,SOUTHWESTERN CHRISTIAN COLLEGE          ,TX,75160-3400,Private      ,8,7,15,195,189,384
00361900,SOUTHWESTERN ADVENTIST UNIVERSITY       ,TX,76059-1922,Private      ,8,17,25,811,443,1254
00362000,SOUTHWESTERN UNIVERSITY                 ,TX,78626-6111,Private      ,34,10,44,2775,379,3154
00362100,ST EDWARDS UNIVERSITY                   ,TX,78704-0000,Private      ,60,78,138,6184,2851,9035
00362300,ST MARY'S UNIV OF SAN ANTONIO           ,TX,78228-8500,Private      ,65,92,157,4722,3473,8195
00362400,STEPHEN F AUSTIN STATE UNIVERSITY       ,TX,75962-0001,Public       ,288,228,516,16054,5777,21831
00362500,SUL ROSS STATE UNIVERSITY               ,TX,79832-0113,Public       ,34,110,144,1864,2052,3916
00362600,TARRANT COUNTY COLLEGE                  ,TX,76102-6599,Public       ,582,1752,2334,21897,36280,58177
00362700,TEMPLE COLLEGE                          ,TX,76504-7435,Public       ,76,262,338,2516,6311,8827
00362800,TEXARKANA COLLEGE                       ,TX,75599-0001,Public       ,47,181,228,1616,3848,5464
00363000,PRAIRIE VIEW A&M UNIVERSITY             ,TX,77446-2967,Public       ,186,216,402,11807,6633,18440
00363100,TARLETON STATE UNIVERSITY               ,TX,76402-0000,Public       ,193,196,389,11266,6646,17912
00363200,TEXAS A&M UNIVERSITY                    ,TX,77843-1246,Public       ,864,430,1294,52557,15329,67886
00363208,TEXAS A&M UNIVERSITY - BRYAN            ,TX,77807-3260,Public       ,5,1,6,999,1540,2539
00363400,TEXAS STATE TECHNICAL CLG AT WACO       ,TX,76705-1695,Public       ,87,168,255,3354,4176,7530
00363500,TEXAS CHIROPRACTIC COLLEGE              ,TX,77505-1699,Private      ,1,13,14,24,366,390
00363600,TEXAS CHRISTIAN UNIVERSITY              ,TX,76129-0001,Private      ,185,145,330,13707,4682,18389
00363700,JARVIS CHRISTIAN COLLEGE                ,TX,75765-1470,Private      ,6,25,31,713,404,1117
00363800,TEXAS COLLEGE                           ,TX,75702-4500,Private      ,24,46,70,1043,1162,2205
00363900,TEXAS A&M UNIVERSITY-KINGSVILLE         ,TX,78363-8203,Public       ,191,224,415,11085,8200,19285
00364100,TEXAS LUTHERAN UNIVERSITY               ,TX,78155-5999,Private      ,25,10,35,2098,412,2510
00364200,TEXAS SOUTHERN UNIVERSITY               ,TX,77004-4598,Public       ,211,423,634,11857,14117,25974
00364400,TEXAS TECH UNIVERSITY                   ,TX,79409-2011,Public       ,502,336,838,32392,12903,45295
00364500,TEXAS WESLEYAN UNIVERSITY               ,TX,76105-1536,Private      ,30,99,129,2101,3620,5721
00364600,TEXAS WOMAN'S UNIVERSITY                ,TX,76204-5587,Public       ,139,316,455,10251,14576,24827
00364700,TRINITY UNIVERSITY                      ,TX,78212-7200,Private      ,39,35,74,3912,1163,5075
00364800,TYLER JUNIOR COLLEGE                    ,TX,75701-3436,Public       ,171,277,448,9290,7996,17286
00365100,UNIVERSITY OF DALLAS                    ,TX,75062-4799,Private      ,36,66,102,2501,1920,4421
00365200,UNIVERSITY OF HOUSTON                   ,TX,77204-2010,Public       ,581,952,1533,37670,30685,68355
00365400,UNIVERSITY OF ST THOMAS                 ,TX,77006-4626,Private      ,22,148,170,1940,3038,4978
00365600,UNIVERSITY OF TEXAS-ARLINGTON           ,TX,76019-0000,Public       ,347,1447,1794,26257,35106,61363
00365800,UNIVERSITY OF TEXAS-AUSTIN              ,TX,78713-7758,Public       ,527,521,1048,50540,21933,72473
00365900,UT HEALTH CENTER-SAN ANTONIO            ,TX,78229-3900,Public       ,31,134,165,1615,4818,6433
00366100,UNIVERSITY OF TEXAS-EL PASO             ,TX,79968-0629,Public       ,426,578,1004,19486,15557,35043
00366200,VICTORIA COLLEGE                        ,TX,77901-4494,Public       ,50,131,181,1853,2869,4722
00366300,WAYLAND BAPTIST UNIVERSITY              ,TX,79072-6998,Private      ,22,313,335,1538,4475,6013
00366400,WEATHERFORD COLLEGE                     ,TX,76086-5699,Public       ,50,145,195,2663,3966,6629
00366500,WEST TEXAS A&M UNIVERSITY               ,TX,79016-0000,Public       ,109,160,269,7191,5003,12194
00366800,WHARTON COUNTY JR COLLEGE               ,TX,77488-3298,Public       ,106,157,263,3910,3705,7615
00366900,WILEY COLLEGE                           ,TX,75670-5199,Private      ,19,31,50,1306,920,2226
00400300,CENTRAL TEXAS COLLEGE                   ,TX,76540-4199,Public       ,153,2125,2278,3576,22713,26289
00407221,NORTHWOOD UNIVERSITY                    ,TX,75104-0000,Private      ,5,40,45,367,766,1133
00445300,EL CENTRO COLLEGE                       ,TX,75202-3604,Public       ,144,719,863,5693,13978,19671
00450303,EVEREST COLLEGE - FORT WORTH SOUTH      ,TX,76115-1407,Proprietary  ,29,151,180,306,1351,1657
00494900,BAYLOR COLLEGE OF MEDICINE              ,TX,77030-0000,Private      ,28,79,107,1164,2547,3711
00495100,UNIV OF TEXAS HEALTH SCIENCE CENTER     ,TX,77225-0000,Public       ,26,109,135,1394,5027,6421
00495200,UNIV OF TEXAS MEDICAL BRANCH            ,TX,77550-0000,Public       ,27,58,85,979,3329,4308
00497200,GALVESTON COLLEGE                       ,TX,77550-7447,Public       ,39,97,136,1258,2139,3397
00497700,SOUTH TEXAS COLLEGE OF LAW              ,TX,77002-0000,Private      ,7,22,29,131,1823,1954
00660600,BAPTIST HS SCHOOL OF HEALTH PROFESSIONS ,TX,78229-3234,Proprietary  ,5,57,62,331,1567,1898
00661200,COVENANT SCH OF NSG & ALLIED HEALTH     ,TX,79410-0000,Private      ,4,12,16,222,558,780
00666100,ANGELINA COLLEGE                        ,TX,75902-0000,Public       ,101,215,316,2708,4036,6744
00694100,DALLAS CHRISTIAN COLLEGE                ,TX,75234-7229,Private      ,8,25,33,415,701,1116
00709600,COLLEGE OF THE MAINLAND                 ,TX,77591-2499,Public       ,55,198,253,1443,3573,5016
00728700,BRAZOSPORT COLLEGE                      ,TX,77566-3199,Public       ,63,137,200,1643,2357,4000
00732907,ITT TECHNICAL INSTITUTE                 ,TX,77063-3751,Proprietary  ,18,95,113,565,1851,2416
00732913,ITT TECHNICAL INSTITUTE                 ,TX,76011-3919,Proprietary  ,43,218,261,502,2039,2541
00732975,ITT TECHNICAL INSTITUTE                 ,TX,78249-3303,Proprietary  ,28,108,136,398,1393,1791
00793804,LINCOLN COLLEGE OF TECHNOLOGY - GRAND PR,TX,75052-7605,Proprietary  ,154,118,272,1111,914,2025
00849800,MIMS CLASSIC BEAUTY COLLEGE             ,TX,78216-0000,Proprietary  ,3,12,15,50,112,162
00850300,MOUNTAIN VIEW COLLEGE                   ,TX,75211-6599,Public       ,131,391,522,4810,7642,12452
00850400,RICHLAND COLLEGE                        ,TX,75243-2199,Public       ,195,594,789,6701,10811,17512
00851000,EASTFIELD COLLEGE                       ,TX,75150-2099,Public       ,158,475,633,5498,9573,15071
00907905,EVEREST COLLEGE                         ,TX,75206-5209,Proprietary  ,37,208,245,540,2262,2802
00908200,INTERNATIONAL BUSINESS COLLEGE          ,TX,79903-0000,Proprietary  ,12,64,76,177,484,661
00916300,SAN ANTONIO COLLEGE                     ,TX,78212-4299,Public       ,268,813,1081,14378,21199,35577
00922500,TEXAS STATE TECHNICAL COLLEGE  HARLINGEN,TX,78550-3697,Public       ,117,166,283,4565,4192,8757
00946600,KAPLAN COLLEGE                          ,TX,78216-1899,Proprietary  ,36,131,167,394,1479,1873
00946607,KAPLAN COLLEGE - MCALLEN                ,TX,78503-1622,Proprietary  ,29,93,122,451,738,1189
00946609,KAPLAN COLLEGE - CAREER CENTERS OF TEXAS,TX,78416-9900,Proprietary  ,22,96,118,275,995,1270
00946610,KAPLAN COLLEGE - CAREER CENTERS OF TEXAS,TX,76103-2310,Proprietary  ,18,105,123,209,1027,1236
00954900,WESTERN TEXAS COLLEGE                   ,TX,79549-9501,Public       ,11,28,39,681,478,1159
00965100,TEXAS A&M INTERNATIONAL UNIVERSITY      ,TX,78041-1900,Public       ,129,112,241,7199,3609,10808
00974100,UNIVERSITY OF TEXAS AT DALLAS           ,TX,75083-0000,Public       ,183,304,487,14768,11641,26409
00976800,UNIVERSITY OF NORTH TEXAS HEALTH SCIENCE,TX,76107-2699,Public       ,7,50,57,774,3461,4235
00979700,MIDLAND COLLEGE                         ,TX,79705-6397,Public       ,51,116,167,1780,2524,4304
00982802,EVEREST INSTITUTE- AUSTIN               ,TX,78754-0000,Proprietary  ,32,161,193,365,1275,1640
00993000,UNIVERSITY OF TEXAS-PERMIAN BASIN       ,TX,79762-0001,Public       ,63,197,260,2565,3763,6328
00993200,TEXAS STATE TECH CLG-WEST TEXAS         ,TX,79556-4108,Public       ,16,70,86,546,943,1489
00993201,TEXAS STATE TECHNICAL COLLEGE WEST TEXAS,TX,79601-6110,Public       ,0,0,0,318,749,1067
00993204,TEXAS STATE TECHNICAL COLLEGE WEST TEXAS,TX,76424-3505,Public       ,0,0,0,52,101,153
00993205,TEXAS STATE TECHNICAL COLLEGE WEST TEXAS,TX,76801-2328,Public       ,0,0,0,104,280,384
01001900,UNIV OF TEXAS SOUTHWESTERN MED CTR      ,TX,75390-9096,Public       ,14,48,62,505,2473,2978
01005900,AMERICAN COMMERCIAL COLLEGE             ,TX,79761-0000,Proprietary  ,0,0,0,27,110,137
01005901,AMERICAN COMMERCIAL COLLEGE - AMERICAN C,TX,76310-2303,Proprietary  ,0,0,0,53,182,235
01006000,VERNON COLLEGE                          ,TX,76384-4092,Public       ,41,94,135,1436,2813,4249
01011500,UNIVERSITY OF TEXAS-SAN ANTONIO         ,TX,78249-0600,Public       ,521,552,1073,37087,19705,56792
01013000,WADE COLLEGE                            ,TX,75207-3199,Proprietary  ,7,29,36,254,450,704
01038700,EL PASO COMMUNITY COLLEGE               ,TX,79998-0000,Public       ,419,727,1146,17002,17185,34187
01050900,HALLMARK COLLEGE OF AERONAUTICS         ,TX,78214-0000,Private      ,42,115,157,301,1241,1542
01050901,HALLMARK COLLEGE OF  TECHNOLOGY-        ,TX,78230-1736,Private      ,0,0,0,0,1,1
01062400,LIGHTHOUSE CAREER INSTITUTE             ,TX,75231-5033,Private      ,0,2,2,19,82,101
01063300,HOUSTON COMMUNITY COLLEGE               ,TX,77002-0000,Public       ,901,3119,4020,27570,60889,88459
01067400,TEXAS TECH U HEALTH SCIENCES CENTER     ,TX,79430-0000,Public       ,26,124,150,1752,5957,7709
01076100,DALLAS INSTITUTE OF FUNERAL SERVICE     ,TX,75227-4314,Private      ,7,20,27,127,471,598
01114500,LONE STAR COLLEGE SYSTEM                ,TX,77073-3499,Public       ,851,2376,3227,26343,47486,73829
01116100,TEXAS A&M UNIV CORPUS CHRISTI           ,TX,78412-5599,Public       ,251,229,480,13964,7375,21339
01116300,UNIVERSITY OF TEXAS AT TYLER            ,TX,75799-6699,Public       ,97,270,367,6047,7143,13190
01171100,UNIVERSITY OF HOUSTON-CLEAR LAKE        ,TX,77058-1002,Public       ,94,310,404,3734,9069,12803
01201500,AUSTIN COMMUNITY COLLEGE                ,TX,78752-4390,Public       ,474,1331,1805,18192,25524,43716
01202000,VICTORIA BEAUTY COLLEGE                 ,TX,77901-6233,Proprietary  ,5,18,23,63,168,231
01226800,BALDWIN BEAUTY SCHOOL #5                ,TX,78704-4785,Proprietary  ,17,45,62,173,423,596
01229700,LAREDO BEAUTY COLLEGE                   ,TX,78040-1051,Proprietary  ,5,35,40,157,285,442
01248200,ATI TECHNICAL TRAINING CENTER           ,TX,75235-4622,Proprietary  ,5,22,27,59,249,308
01248209,ATI CAREER TRAINING CENTER - GARLAND    ,TX,75041-2497,Proprietary  ,0,3,3,13,71,84
01248210,ATI CAREER TRAINING CENTER - WACO       ,TX,76711-1682,Proprietary  ,2,12,14,47,165,212
01248300,COSMETOLOGY CAREER CENTER-A PAUL MITCHEL,TX,75006-2567,Proprietary  ,105,130,235,631,958,1589
01248800,INTERNATIONAL BEAUTY COLLEGE NO 3       ,TX,75040-0000,Proprietary  ,0,4,4,18,85,103
01276400,METROPLEX BEAUTY SCHOOL                 ,TX,75149-0000,Proprietary  ,1,12,13,38,125,163
01293000,CHARLES & SUE'S SCH OF HAIR DESIGN      ,TX,77801-0000,Proprietary  ,3,11,14,70,143,213
01293200,TINT SCHOOL OF MAKEUP & COSMETOLOGY     ,TX,75061-4235,Proprietary  ,3,23,26,66,249,315
01300300,NEILSON BEAUTY COLLEGE                  ,TX,75208-4637,Proprietary  ,2,12,14,47,162,209
01301600,OGLE SCHOOL HAIR SKIN NAILS             ,TX,76013-7400,Proprietary  ,44,94,138,513,965,1478
01303912,SOUTH UNIVERSITY - THE ART INSTITUTE OF ,TX,75231-5993,Proprietary  ,31,50,81,1583,1430,3013
01303915,SOUTH UNIVERSITY - AUSTIN               ,TX,78729-8101,Proprietary  ,13,90,103,240,960,1200
01323100,UNIVERSITY OF HOUSTON-VICTORIA          ,TX,77901-5731,Public       ,45,131,176,3154,4613,7767
02058600,CONLEE'S COLLEGE OF COSMETOLOGY         ,TX,78028-0000,Proprietary  ,2,7,9,36,71,107
02074100,CAPITOL CITY TRADE & TECHNICAL SCH      ,TX,78704-0000,Proprietary  ,0,0,0,118,343,461
02077400,NORTH LAKE COLLEGE                      ,TX,75038-0000,Public       ,122,354,476,3564,6795,10359
02081400,ARLINGTON BAPTIST COLLEGE               ,TX,76012-0000,Private      ,1,12,13,291,399,690
02093600,SOUTHWEST SCHOOL OF ELECTRONIC          ,TX,78735-0000,Proprietary  ,0,0,0,32,97,129
02098300,WESTERN TECHNICAL COLLEGE               ,TX,79927-2105,Proprietary  ,63,207,270,1074,2104,3178
02100200,BROOKHAVEN COLLEGE                      ,TX,75244-0000,Public       ,110,373,483,3448,7189,10637
02113610,AMERICAN INTERCONTINENTAL UNIV - HOUSTON,TX,77042-4516,Proprietary  ,10,130,140,267,1545,1812
02116008,SANFORD-BROWN COLLEGE - HOUSTON         ,TX,77042-8900,Proprietary  ,48,126,174,473,1473,1946
02116012,SANFORD-BROWN COLLEGE - HOUSTON NORTH LO,TX,77008-1058,Proprietary  ,0,0,0,57,247,304
02117100,ART INSTITUTE OF HOUSTON                ,TX,77056-0000,Proprietary  ,236,398,634,4958,5587,10545
02128302,INSTITUTE FOR BUSINESS & TECHNOLOGY - LA,TX,78230-2520,Proprietary  ,10,82,92,172,532,704
02136800,AMERICAN COMMERCIAL COLLEGE             ,TX,76904-0000,Proprietary  ,0,0,0,40,125,165
02144800,VET TECH INSTITUTE OF HOUSTON           ,TX,77027-9881,Proprietary  ,23,24,47,434,516,950
02176100,PIPO ACADEMY OF HAIR DESIGN             ,TX,79903-0000,Proprietary  ,6,12,18,58,114,172
02218300,SOUTHWEST SCHOOL OF BUSINESS & TECHNICAL,TX,78221-0000,Proprietary  ,5,34,39,129,397,526
02218305,SOUTHWEST SCHOOL OF BUSINESS AND TECHNIC,TX,78501-6053,Proprietary  ,2,14,16,66,151,217
02218306,SOUTHWEST SCHOOL OF BUSINESS AND TECHNIC,TX,78413-2045,Proprietary  ,0,0,0,2,15,17
02224600,TRI-STATE BEAUTY SCHOOL #1              ,TX,79915-0000,Proprietary  ,12,32,44,114,352,466
02230500,OGLE SCHOOL HAIR SKIN NAILS             ,TX,76132-3638,Proprietary  ,45,122,167,467,1215,1682
02230600,OGLE SCHOOL HAIR SKIN NAILS             ,TX,76053-4650,Proprietary  ,27,57,84,261,570,831
02239100,CENTRAL TEXAS BEAUTY COLLEGE #2         ,TX,78664-4204,Proprietary  ,10,49,59,118,398,516
02248200,MILAN INSTITUTE OF COSMETOLOGY          ,TX,79103-0000,Proprietary  ,77,258,335,622,1707,2329
02250603,EVEREST COLLEGE - ARLINGTON             ,TX,76011-6630,Proprietary  ,17,154,171,236,1152,1388
02254800,TEXAS VOCATIONAL SCHOOLS                ,TX,77901-0000,Proprietary  ,4,18,22,41,172,213
02259400,AMBERTON UNIVERSITY                     ,TX,75041-0000,Private      ,1,31,32,49,491,540
02261300,EVEREST INSTITUTE                       ,TX,78213-3841,Proprietary  ,21,136,157,311,1139,1450
02261302,EVEREST INSTITUTE - HOUSTON GREENSPOINT ,TX,77060-3249,Proprietary  ,39,170,209,431,1646,2077
02261303,EVEREST INSTITUTE - HOUSTON HOBBY       ,TX,77087-2737,Proprietary  ,32,105,137,318,1100,1418
02267100,EXPOSITO SCHOOL OF HAIR DESIGN          ,TX,79109-0000,Proprietary  ,2,7,9,34,87,121
02276000,FRANKLIN BEAUTY SCHOOL #2               ,TX,77021-0000,Proprietary  ,0,0,0,19,83,102
02285900,UNIVERSITY OF COSMETOLOGY ARTS&SCI      ,TX,78504-0000,Proprietary  ,25,74,99,283,575,858
02294800,CAPITOL CITY CAREERS                    ,TX,78745-0000,Proprietary  ,0,0,0,33,205,238
02298501,EVEREST COLLEGE- FORT WORTH             ,TX,76137-2472,Proprietary  ,6,39,45,189,945,1134
02305300,PARKER COLLEGE OF CHIROPRACTIC          ,TX,75229-0000,Private      ,7,60,67,128,1531,1659
02306700,FORT WORTH BEAUTY SCHOOL                ,TX,76116-3299,Proprietary  ,11,33,44,124,417,541
02306809,SOUTH TEXAS VOCATIONAL TECHNICAL INSTITU,TX,78501-2400,Proprietary  ,35,56,91,312,535,847
02306810,SOUTH TEXAS VOCATIONAL TECHNICAL INSTITU,TX,78416-1141,Proprietary  ,16,79,95,137,511,648
02312200,TEXAS SCHOOL OF BUSINESS                ,TX,77073-6032,Proprietary  ,22,119,141,345,1358,1703
02312202,TEXAS SCHOOL OF BUSINESS - FRIENDSWOOD C,TX,77546-8938,Proprietary  ,12,38,50,76,375,451
02313901,WESTWOOD COLLEGE - DALLAS               ,TX,75243-0000,Proprietary  ,1,28,29,94,544,638
02315400,NORTHEAST TEXAS COMMUNITY COLLEGE       ,TX,75456-0000,Public       ,44,82,126,1805,2547,4352
02318200,"KD STUDIO, ACTOR'S CONSERVATORY         ",TX,75207-2111,Proprietary  ,4,27,31,219,325,544
02320200,HOUSTON GRADUATE SCHOOL OF THEOLOGY     ,TX,77092-0000,Private      ,0,11,11,21,307,328
02326000,SAN ANTONIO BEAUTY COLLEGE NO 3         ,TX,78217-0000,Proprietary  ,10,12,22,110,211,321
02331200,BAPTIST MISSIONARY ASSN THEOL SEM       ,TX,75766-0000,Private      ,0,5,5,22,97,119
02331300,INTERACTIVE LEARNING SYSTEMS            ,TX,77502-1201,Proprietary  ,3,67,70,49,352,401
02331301,INTERACTIVE LEARNING SYSTEMS            ,TX,77081-0000,Proprietary  ,23,138,161,149,931,1080
02331304,INTERACTIVE LEARNING SYSTEMS            ,TX,77060-0000,Proprietary  ,3,34,37,43,285,328
02341300,PALO ALTO COLLEGE                       ,TX,78224-0000,Public       ,136,359,495,6278,8028,14306
02348500,LAMAR STATE COLLEGE-PORT ARTHUR         ,TX,77640-0000,Public       ,22,97,119,1169,2124,3293
02357700,PAUL MITCHELL THE SCHOOL                ,TX,77043-3412,Proprietary  ,21,56,77,418,909,1327
02358200,LAMAR STATE COLLEGE-ORANGE              ,TX,77630-0000,Public       ,39,93,132,1040,2181,3221
02361400,COLLIN COUNTY COMMUNITY COLLEGE         ,TX,75071-0000,Public       ,284,651,935,9551,13758,23309
02362000,UNIVERSAL TECHNICAL INSTITUTE           ,TX,77073-0000,Proprietary  ,598,1037,1635,7456,7104,14560
02362800,AUSTIN GRADUATE SCHOOL OF THEOLOGY      ,TX,78752-1333,Private      ,0,9,9,18,136,154
02521200,ARLINGTON CAREER INSTITUTE              ,TX,75050-0000,Proprietary  ,9,42,51,76,461,537
02521800,SEGUIN BEAUTY SCHOOL                    ,TX,78155-0000,Proprietary  ,7,26,33,59,113,172
02527500,HOUSTON TRAINING SCHOOLS                ,TX,77029-0000,Proprietary  ,13,141,154,213,1197,1410
02530700,SEBRING CAREER SCHOOLS                  ,TX,77083-1510,Proprietary  ,0,16,16,24,159,183
02548800,SOUTH TEXAS VO-TECH INSTITUTE           ,TX,78596-0000,Proprietary  ,24,44,68,218,365,583
02548802,SOUTH TEXAS VOCATIONAL TECHNICAL INSTITU,TX,78520-8710,Proprietary  ,20,32,52,233,299,532
02555400,UNIV OF TX MD ANDERSON CANCER CTR       ,TX,77030-0000,Public       ,6,22,28,290,873,1163
02567200,OFFICE CAREER CENTER                    ,TX,76180-0000,Proprietary  ,0,0,0,0,1,1
02568100,TEXAS BARBER COLLEGE                    ,TX,77063-3949,Proprietary  ,13,55,68,128,615,743
02568101,TEXAS BARBER COLLEGES & HAIRSTYLING SCHO,TX,75228-3841,Proprietary  ,7,40,47,105,417,522
02568106,TEXAS BARBER COLLEGES & HAIRSTYLING SCHO,TX,77009-0000,Proprietary  ,10,48,58,99,481,580
02568107,TEXAS BARBER COLLEGES & HAIRSTYLING SCHO,TX,77063-3951,Proprietary  ,9,43,52,86,473,559
02568108,TEXAS BARBER COLLEGES & HAIRSTYLING SCHO,TX,75241-1327,Proprietary  ,5,58,63,136,519,655
02568109,TEXAS BARBER COLLEGES & HAIRSTYLING SCHO,TX,77301-4407,Proprietary  ,0,0,0,19,86,105
02569300,LE CORDON BLEU COLLEGE OF CULINARY ARTS ,TX,78758-3647,Proprietary  ,83,326,409,1370,3197,4567
02572000,COMPUTER CAREER CENTER                  ,TX,79925-2021,Proprietary  ,76,258,334,633,1830,2463
02572004,COMPUTER CAREER CENTER - AMARILLO CAMPUS,TX,79101-2404,Proprietary  ,17,66,83,128,542,670
02572005,COMPUTER CAREER CENTER - LUBBOCK CAMPUS ,TX,79414-3517,Proprietary  ,30,87,117,170,672,842
02572008,VISTA COLLEGE - BEAUMONT                ,TX,77701-3717,Proprietary  ,12,107,119,202,950,1152
02572009,VISTA COLLEGE - LONGVIEW                ,TX,75604-1905,Proprietary  ,13,109,122,151,948,1099
02572011,VISTA COLLEGE - KILLEEN                 ,TX,76541-7436,Proprietary  ,17,146,163,213,1562,1775
02572012,VISTA COLLEGE - COLLEGE STATION         ,TX,77840-5107,Proprietary  ,28,124,152,107,428,535
02591100,CAREER POINT COLLEGE                    ,TX,78201-2027,Proprietary  ,55,386,441,498,3461,3959
02591900,KAPLAN COLLEGE                          ,TX,79907-1525,Proprietary  ,45,129,174,543,1302,1845
02591905,KAPLAN COLLEGE - BROWNSVILLE            ,TX,78521-9905,Proprietary  ,26,52,78,257,512,769
02596500,ATI CAREER TRAINING CENTER              ,TX,76180-1599,Proprietary  ,2,5,7,16,72,88
02596503,ATI- CAREER TRAINING CENTER - HOUSTON (#,TX,77029-1978,Proprietary  ,4,18,22,43,224,267
02596600,ATI-CAREER TRAINING CENTER              ,TX,75220-4443,Proprietary  ,0,12,12,34,194,228
02596601,ATI CAREER TRAINING CENTER - RICHARDSON ,TX,75081-1948,Proprietary  ,0,6,6,18,72,90
02596602,ATI CAREER TRAINING CENTER - DALLAS (STE,TX,75247-6103,Proprietary  ,5,21,26,79,350,429
02600200,OCEAN CORPORATION (THE)                 ,TX,77099-3479,Proprietary  ,24,121,145,207,1062,1269
02604700,CENTER FOR ADVANCED LEGAL STUDIES       ,TX,77098-4151,Proprietary  ,2,56,58,52,682,734
02606202,EVEREST COLLEGE - EVEREST INSTITUTE - BI,TX,77036-8014,Proprietary  ,58,256,314,500,1870,2370
02615000,SANFORD-BROWN COLLEGE                   ,TX,75247-6931,Proprietary  ,19,115,134,330,1369,1699
03009400,SW SCH BUS & TECH CAREERS               ,TX,78212-2840,Proprietary  ,2,17,19,57,192,249
03010604,VIRGINIA COLLEGE - VIRGINIA COLLEGE AT A,TX,78723-0000,Proprietary  ,5,34,39,157,716,873
03011800,UNIVERSITY OF COSMETOLOGY ARTS & SCIENCE,TX,78226-1194,Proprietary  ,9,16,25,97,205,302
03019800,PCI HEALTH TRAINING CENTER              ,TX,75247-4720,Proprietary  ,36,77,113,239,816,1055
03019801,PCI HEALTH TRAINING CENTER - RICHARDSON ,TX,75081-2321,Proprietary  ,19,35,54,174,316,490
03021500,SW SCH BUS & TECH CAREERS               ,TX,78852-4859,Proprietary  ,8,29,37,196,267,463
03025000,TEXAS COLLEGE OF COSMETOLOGY            ,TX,79605-2001,Proprietary  ,16,37,53,131,364,495
03025001,TEXAS COLLEGE OF COSMETOLOGY - SAN ANGEL,TX,76903-4708,Proprietary  ,1,13,14,64,126,190
03026500,REMINGTON COLLEGE - HOUSTON CAMPUS      ,TX,77082-1849,Private      ,215,908,1123,2219,7862,10081
03026501,REMINGTON COLLEGE - NORTH HOUSTON CAMPUS,TX,77067-1849,Private      ,12,40,52,248,874,1122
03026506,REMINGTON COLLEGE - FT. WORTH CAMPUS    ,TX,76112-1280,Private      ,33,144,177,356,1292,1648
03028800,CIRCLE J BEAUTY SCHOOL                  ,TX,77587-3714,Proprietary  ,5,6,11,52,241,293
03030608,UTAH COLLEGE OF MASSAGE THERAPY - TEXAS ,TX,75801-4848,Proprietary  ,19,46,65,161,323,484
03030609,UTAH COLLEGE OF MASSAGE THERAPY - TEXAS ,TX,77040-6307,Proprietary  ,24,44,68,191,561,752
03031408,INTERNATIONAL ACADEMY OF DESIGN & TECHNO,TX,78229-2263,Proprietary  ,21,62,83,257,656,913
03032300,SCHOOL OF AUTOMOTIVE MACHINISTS         ,TX,77055-1803,Proprietary  ,13,24,37,209,393,602
03035200,TINT SCHOOL OF MAKEUP & COSMETOLOGY     ,TX,75229-3734,Proprietary  ,8,45,53,156,491,647
03035300,SOUTHERN CAREERS INSTITUTE              ,TX,78704-5252,Proprietary  ,202,818,1020,1283,4401,5684
03035301,SOUTHERN CAREERS INSTITUTE-PHARR        ,TX,78577-2118,Proprietary  ,20,130,150,177,574,751
03035302,SOUTHERN CAREERS INSTITUTE - CORPUS CHRI,TX,78414-2904,Proprietary  ,19,121,140,185,781,966
03035303,SOUTHERN CAREERS INSTITUTE - SAN ANTONIO,TX,78221-4351,Proprietary  ,1,18,19,95,265,360
03035305,SOUTHERN CAREERS INSTITUTE - BROWNSVILLE,TX,78520-8680,Proprietary  ,3,7,10,133,151,284
03035306,SOUTHERN CAREERS INSTITUTE - HARLINGEN  ,TX,78550-7911,Proprietary  ,5,16,21,110,186,296
03035308,SOUTHERN CAREERS INSTITUTE - SAN ANTONIO,TX,78238-4114,Proprietary  ,26,103,129,252,911,1163
03061800,STAR COLLEGE OF COSMETOLOGY             ,TX,75702-8214,Proprietary  ,8,23,31,131,302,433
03064600,UNIVERSITY OF TEXAS AT BROWNSVILLE      ,TX,78520-4993,Public       ,146,221,367,9724,8181,17905
03073402,ITT TECHNICAL INSTITUTE                 ,TX,75080-2208,Proprietary  ,0,0,0,0,2,2
03075400,ICC TECHNICAL INSTITUTE                 ,TX,77004-2930,Private      ,0,0,0,80,191,271
03076403,BRYMAN SCHOOL OF ARIZONA (THE) - ANTHEM ,TX,75038-4201,Proprietary  ,0,0,0,48,157,205
03103400,SOUTH TEXAS COLLEGE                     ,TX,78501-6699,Public       ,701,711,1412,17037,13280,30317
03108700,ROYAL BEAUTY CAREERS                    ,TX,77069-4611,Proprietary  ,5,22,27,135,510,645
03115800,KAPLAN COLLEGE                          ,TX,78238-4203,Proprietary  ,25,142,167,306,1368,1674
03115802,KAPLAN COLLEGE - LAREDO                 ,TX,78041-6181,Proprietary  ,25,56,81,266,453,719
03115803,KAPLAN COLLEGE - BEAUMONT               ,TX,77706-3706,Proprietary  ,10,45,55,165,666,831
03115804,KAPLAN COLLEGE - LUBBOCK                ,TX,79401-2601,Proprietary  ,19,82,101,156,584,740
03128100,COLLEGE OF HEALTH CARE PROFESSIONS (THE),TX,77092-8108,Proprietary  ,105,412,517,960,3726,4686
03144300,NATIONAL BEAUTY COLLEGE                 ,TX,75043-4046,Proprietary  ,0,11,11,31,102,133
03153300,AMER COLL OF ACUPUNCTURE & O.M.         ,TX,77063-4104,Proprietary  ,2,12,14,28,212,240
03156400,AOMA                                    ,TX,78745-1479,Proprietary  ,4,6,10,71,365,436
03159300,ARLINGTON MEDICAL INSTITUTE             ,TX,76006-2317,Proprietary  ,8,33,41,183,488,671
03170300,TEXAS A&M UNIVERSITY-TEXARKANA          ,TX,75503-5518,Public       ,26,83,109,1525,2393,3918
03179500,TEXAS HEALTH AND SCIENCE UNIVERSITY     ,TX,78704-6748,Proprietary  ,8,33,41,381,658,1039
03237400,FARIS TECHNICAL INSTITUTE               ,TX,77627-3829,Proprietary  ,0,2,2,3,15,18
03272300,KAPLAN COLLEGE                          ,TX,75234-7288,Proprietary  ,34,165,199,383,1938,2321
03272301,KAPLAN COLLEGE - MIDLAND                ,TX,79703-5531,Proprietary  ,0,0,0,1,14,15
03272303,KAPLAN COLLEGE - ARLINGTON              ,TX,76010-8121,Proprietary  ,25,113,138,280,1158,1438
03275300,TOUCH OF CLASS SCHOOL OF COSM           ,TX,75402-6314,Proprietary  ,6,17,23,64,161,225
03276300,ACADEMY OF HAIR DESIGN                  ,TX,75901-4900,Proprietary  ,6,29,35,93,286,379
03277300,ACADEMY OF HAIR DESIGN                  ,TX,77701-4650,Proprietary  ,4,14,18,41,195,236
03303300,NORTHWEST EDUCATIONAL CENTER            ,TX,77092-7055,Proprietary  ,11,69,80,70,450,520
03371300,TONI&GUY HAIRDRESSING ACADEMY           ,TX,75006-0000,Proprietary  ,11,30,41,159,258,417
03372300,NORTHWEST VISTA COLLEGE                 ,TX,78251-4217,Public       ,258,471,729,11003,11806,22809
03396500,TEXAS STATE TECHNICAL COLG/MARSHALL     ,TX,75672-7402,Public       ,14,40,54,501,690,1191
03400300,CAREER QUEST                            ,TX,78229-3539,Proprietary  ,8,70,78,118,681,799
03412300,ADVANCED BARBER COLLEGE & HAIR DESI     ,TX,78596-0000,Proprietary  ,9,35,44,117,251,368
03416500,DALLAS NURSING INSTITUTE                ,TX,75243-5502,Private      ,18,85,103,385,1584,1969
03422300,MILAN INSTITUTE                         ,TX,78238-3327,Proprietary  ,108,358,466,838,2245,3083
03422400,COLLEGE OF BIBLICAL STUDIES-HOUSTON     ,TX,77036-3211,Private      ,3,59,62,128,1265,1393
03424400,MEDVANCE INSTITUTE                      ,TX,77057-7386,Proprietary  ,21,106,127,242,962,1204
03426300,COLLEGE OF HEALTH CARE PROFESSIONS (THE),TX,78752-3630,Proprietary  ,37,110,147,321,1040,1361
03480304,FORTIS COLLEGE - FORTIS INSTITUTE       ,TX,75050-2342,Proprietary  ,7,42,49,71,369,440
03520300,LUBBOCK HAIR ACADEMY                    ,TX,79410-3524,Proprietary  ,5,15,20,50,151,201
03542300,CONCORDE CAREER INSTITUTE               ,TX,76011-4016,Proprietary  ,41,139,180,354,1707,2061
03556400,KUSSAD INSTITUTE OF COURT REPORTING     ,TX,78704-5712,Proprietary  ,0,2,2,8,50,58
03573300,AVIATION INSTITUTE OF MAINTENANCE       ,TX,75062-6303,Proprietary  ,15,72,87,191,662,853
03610300,MJ'S BEAUTY ACADEMY INC                 ,TX,75224-0000,Proprietary  ,7,30,37,84,306,390
03612400,VALLEY GRANDE INSTITUTE FOR ACADEMI     ,TX,78596-0000,Private      ,14,52,66,149,431,580
03627300,LAMAR INSTITUTE OF TECHNOLOGY           ,TX,77705-4142,Public       ,65,155,220,2154,3381,5535
03680300,JAY'S TECHNICAL INSTITUTE               ,TX,77031-3509,Proprietary  ,5,39,44,31,237,268
03682400,DALLAS BARBER & STYLIST COLLEGE         ,TX,75231-0000,Proprietary  ,9,93,102,169,884,1053
03714300,TREND BARBER COLLEGE                    ,TX,77071-2104,Proprietary  ,13,52,65,109,495,604
03723300,CULINARY INST ALAIN & MARIE LENOTRE     ,TX,77022-4322,Proprietary  ,9,76,85,336,857,1193
03727600,AUGUSTE ESCOFFIER SCHOOL OF CULINARY ART,TX,78752-0000,Proprietary  ,30,60,90,394,548,942
03733300,BAPTIST UNIVERSITY OF THE AMERICAS      ,TX,78224-1336,Private      ,2,14,16,135,395,530
03756300,ANAMARC COLLEGE                         ,TX,79930-6230,Proprietary  ,0,0,0,255,930,1185
03922300,SOUTH TEXAS BARBER COLLEGE              ,TX,78415-3463,Proprietary  ,4,13,17,60,138,198
03944400,PROFESSIONAL CAREERS INSTITUTE          ,TX,77036-2252,Proprietary  ,2,26,28,30,213,243
03944401,PROFESSIONAL CAREERS INSTITUTE          ,TX,77090-3914,Proprietary  ,1,10,11,30,240,270
03970300,HANDS ON THERAPY                        ,TX,75149-2294,Proprietary  ,5,29,34,39,174,213
03987300,TEXAS HEALTH SCHOOL                     ,TX,77079-2106,Proprietary  ,5,49,54,301,817,1118
04036300,SOUTHEAST TEXAS CAREER INSTITUTE        ,TX,77656-8601,Proprietary  ,6,25,31,60,209,269
04045300,NORTHWEST BEAUTY SCHOOL                 ,TX,77091-1208,Proprietary  ,2,16,18,77,258,335
04045400,MAI-TRIX BEAUTY COLLEGE                 ,TX,77040-0000,Proprietary  ,1,12,13,43,226,269
04082300,PROFESSIONAL CAREER TRAINING INSTITUTE  ,TX,77090-0000,Proprietary  ,5,40,45,57,381,438
04089400,CCI TRAINING CENTER                     ,TX,76011-4857,Proprietary  ,5,41,46,52,370,422
04117900,CHAMPION BEAUTY COLLEGE                 ,TX,77069-4611,Proprietary  ,7,25,32,109,433,542
04121800,CRISWELL COLLEGE                        ,TX,75246-1537,Private      ,3,15,18,152,459,611
04125400,ACADEMY AT AUSTIN (THE)                 ,TX,78660-3287,Proprietary  ,7,23,30,103,206,309
04125500,MANUEL AND THERESA'S SCHOOL OF HAIR DESI,TX,77803-3236,Proprietary  ,3,7,10,43,98,141
04129800,MEDIATECH INSTITUTE DALLAS              ,TX,75039-3105,Proprietary  ,12,19,31,175,370,545
04129801,MEDIATECH INSTITUTE - AUSTIN            ,TX,78704-8933,Proprietary  ,5,15,20,110,202,312
04129802,MEDIATECH INSTITUTE - HOUSTON           ,TX,77042-4712,Proprietary  ,8,26,34,129,306,435
04131700,SOUTHWEST CAREER COLLEGE                ,TX,79925-6230,Proprietary  ,119,277,396,1224,2338,3562
04135600,CANNON INSTITUTE OF HIGHER LEARNING     ,TX,75247-9998,Proprietary  ,0,0,0,13,94,107
04136500,PCCENTER                                ,TX,75115-4214,Proprietary  ,2,5,7,36,92,128
04138500,CARDIOTECH ULTRASOUND SCHOOL            ,TX,77099-1440,Proprietary  ,4,28,32,107,639,746
04142300,AVEDA INSTITUTE SAN ANTONIO             ,TX,78215-1260,Proprietary  ,21,44,65,349,667,1016
04146700,AVIATION INSTITUTE OF MAINTENANCE       ,TX,77061-4004,Proprietary  ,23,90,113,195,613,808
04146800,SOUTH TEXAS TRAINING CENTER             ,TX,78586-7721,Proprietary  ,6,44,50,49,211,260
04152700,ASTRODOME CAREER CENTERS                ,TX,77054-2678,Proprietary  ,5,26,31,58,260,318
04154800,DUVALL'S SCHOOL OF COSMETOLOGY          ,TX,76021-4159,Proprietary  ,6,13,19,45,109,154
04155800,ADVANCED BEAUTY COLLEGE                 ,TX,75061-1918,Proprietary  ,3,12,15,23,146,169
04158500,TEXAS BEAUTY COLLEGE                    ,TX,76117-3201,Proprietary  ,2,5,7,12,52,64
04160700,AVENUE FIVE INSTITUTE                   ,TX,78757-7000,Proprietary  ,12,55,67,168,447,615
04165800,SALON PROFESSIONAL ACADEMY (THE)        ,TX,75067-2348,Proprietary  ,5,20,25,55,149,204
04168700,LAWYER'S ASSISTANT SCHOOL OF DALLAS     ,TX,75201-2829,Proprietary  ,5,42,47,83,486,569
04168800,ABC BEAUTY ACADEMY                      ,TX,75042-8682,Proprietary  ,4,19,23,34,124,158
04169000,SALON & SPA INSTITUTE                   ,TX,78521-1727,Proprietary  ,1,10,11,61,108,169
04169100,DIAMONDS COSMETOLOGY COLLEGE            ,TX,75090-2657,Proprietary  ,1,10,11,30,129,159
04177900,BUCKNER BARBER SCHOOL                   ,TX,75217-1775,Proprietary  ,0,16,16,67,223,290
04178200,VOGUE COLLEGE - SAN ANTONIO             ,TX,78201-5035,Proprietary  ,9,33,42,74,254,328
04178300,VOGUE BEAUTY ACADEMY                    ,TX,78238-4402,Proprietary  ,6,26,32,105,252,357
04178400,VOGUE COLLEGE - MCALLEN                 ,TX,78501-1945,Proprietary  ,6,31,37,114,251,365
04179500,NORTH AMERICAN UNIVERSITY               ,TX,77038-1221,Private      ,7,15,22,282,305,587
04184800,EXCEL LEARNING CENTER                   ,TX,79907-1400,Proprietary  ,7,42,49,85,365,450
04187800,CYBERTEX INSTITUTE OF TECHNOLOGY        ,TX,78752-3825,Proprietary  ,5,59,64,90,459,549
04193000,RGV CAREERS AN INSTITUTE FOR HIGHER LEAR,TX,78577-2106,Proprietary  ,9,59,68,60,365,425
04205200,WADE GORDON HAIRDRESSING ACADEMY        ,TX,79121-0548,Proprietary  ,7,22,29,66,187,253
04206501,MYCOMPUTERCAREER.COM - DALLAS           ,TX,75062-8173,Proprietary  ,12,186,198,39,579,618
04206502,MYCOMPUTERCAREER.COM - HOUSTON          ,TX,77056-6764,Proprietary  ,10,173,183,65,676,741
04207300,SCHOOL FOR ALLIED HEALTH PROFESSIONALS  ,TX,76018-4104,Proprietary  ,0,0,0,47,240,287
04213300,SPA PROFESSIONALS ACADEMY (THE)         ,TX,78504-2569,Proprietary  ,3,13,16,49,149,198
04215000,TOTAL TRANSFORMATION INSTITUTE OF COSMET,TX,78666-8115,Proprietary  ,6,7,13,57,86,143
04215400,GRACE SCHOOL OF THEOLOGY                ,TX,77384-4894,Private      ,0,5,5,12,105,117
04219700,GEMINI SCHOOL OF VISUAL ARTS & COMMUNICA,TX,78613-2642,Proprietary  ,1,3,4,25,32,57
04222600,HEATHCARE INSTITUTE (THE)               ,TX,78201-5035,Proprietary  ,4,15,19,4,15,19
04224100,COSMETOLOGY ACADEMY OF TEXARKANA        ,TX,75503-4855,Proprietary  ,3,19,22,100,267,367
04226400,MT TRAINING CENTER                      ,TX,75051-3542,Proprietary  ,5,52,57,25,225,250
04229000,BARBER INSTITUTE OF TEXAS               ,TX,75602-3456,Proprietary  ,0,13,13,18,90,108
04229500,TEXAS A&M UNIVERSITY - CENTRAL TEXAS    ,TX,76549-5901,Public       ,45,261,306,1035,4370,5405
04231200,NEECEE'S COLLEGE OF COSMETOLOGY         ,TX,79605-4735,Proprietary  ,4,10,14,23,112,135
04231300,YAHWEH BEAUTY ACADEMY                   ,TX,76543-4153,Proprietary  ,3,17,20,27,244,271
04231900,ALAMO CITY BARBER COLLEGE               ,TX,78250-3227,Proprietary  ,16,65,81,166,459,625
04232400,EXCEL LEARNING CENTER - SAN ANTONIO     ,TX,78230-4823,Proprietary  ,0,25,25,19,235,254
04232900,PREPARING PEOPLE BARBER STYLING COLLEGE ,TX,75215-2415,Proprietary  ,1,21,22,21,167,188
04235900,BELLA COSMETOLOGY COLLEGE               ,TX,75494-2408,Proprietary  ,1,9,10,9,58,67
04236900,K&G 5 STAR BARBER COLLEGE               ,TX,77591-3689,Proprietary  ,0,7,7,5,47,52
04238200,LAREDO CHI ACADEMY BEAUTY SCHOOL        ,TX,78041-6540,Proprietary  ,4,16,20,13,33,46
04239700,"VOCATIONAL NURSING INSTITUTE, (THE)     ",TX,77065-5399,Private      ,3,13,16,3,13,16
00367000,BRIGHAM YOUNG UNIVERSITY                ,UT,84602-8406,Private      ,822,654,1476,15773,14337,30110
00367100,DIXIE STATE COLLEGE OF UTAH             ,UT,84770-3876,Public       ,147,186,333,6498,4976,11474
00367200,LDS BUSINESS COLLEGE                    ,UT,84101-3500,Private      ,110,81,191,1319,1467,2786
00367400,STEVENS HENAGER COLLEGE                 ,UT,84401-1420,Proprietary  ,422,3162,3584,2250,19366,21616
00367500,UNIVERSITY OF UTAH                      ,UT,84112-9055,Public       ,392,709,1101,16131,18703,34834
00367700,UTAH STATE UNIVERSITY                   ,UT,84322-1400,Public       ,344,458,802,14537,14478,29015
00367800,SOUTHERN UTAH UNIVERSITY                ,UT,84720-2470,Public       ,114,124,238,5687,3948,9635
00367900,SNOW COLLEGE                            ,UT,84627-1299,Public       ,98,56,154,3566,1386,4952
00368000,WEBER STATE UNIVERSITY                  ,UT,84408-1136,Public       ,249,504,753,8765,14114,22879
00368100,WESTMINSTER COLLEGE                     ,UT,84105-3697,Private      ,48,83,131,2734,2111,4845
00402700,UTAH VALLEY UNIVERSITY                  ,UT,84058-5999,Public       ,422,653,1075,12277,18587,30864
00522000,SALT LAKE COMMUNITY COLLEGE             ,UT,84123-0000,Public       ,453,1048,1501,10354,20015,30369
00732953,ITT TECHNICAL INSTITUTE                 ,UT,84123-2500,Proprietary  ,37,226,263,425,2126,2551
00943300,SHERMAN KENDALL'S ACADEMY OF BEAUTY     ,UT,84106-1836,Proprietary  ,6,9,15,40,105,145
01009800,NEUMONT UNIVERSITY                      ,UT,84095-0000,Proprietary  ,9,5,14,799,146,945
01116500,UINTAH BASIN APPLIED TECHNOLOGY CLG     ,UT,84066-0000,Public       ,5,15,20,59,162,221
01116600,BROADVIEW UNIVERSITY                    ,UT,84088-4021,Proprietary  ,26,78,104,407,1269,1676
02078800,SHERMAN KENDALL'S ACADEMY OF BEAUTY     ,UT,84047-0000,Proprietary  ,1,8,9,30,48,78
02115400,BRIDGERLAND APPLIED TECHNOLOGY COLLEGE  ,UT,84321-0000,Public       ,29,70,99,471,1022,1493
02156600,DAVIS APPLIED TECHNOLOGY COLLEGE        ,UT,84037-0000,Public       ,50,170,220,593,1952,2545
02178500,EAGLE GATE COLLEGE                      ,UT,84123-0000,Proprietary  ,27,148,175,198,1236,1434
02270800,AMERITECH COLLEGE                       ,UT,84604-6927,Proprietary  ,15,73,88,159,964,1123
02270802,AMERITECH COLLEGE - DRAPER              ,UT,84020-6545,Proprietary  ,6,39,45,92,663,755
02298500,EVEREST COLLEGE                         ,UT,84119-2668,Proprietary  ,4,30,34,141,754,895
02346500,OGDEN-WEBER APPLIED TECHNOLOGY COLG     ,UT,84404-0000,Public       ,43,218,261,670,2496,3166
02360800,PROVO COLLEGE                           ,UT,84601-0000,Proprietary  ,17,73,90,270,791,1061
02531800,PAUL MITCHELL THE SCHOOL - PROVO        ,UT,84606-0000,Proprietary  ,6,5,11,124,126,250
02556800,PAUL MITCHELL THE SCHOOL                ,UT,84117-7204,Proprietary  ,26,62,88,223,492,715
02556801,PAUL MITCHELL THE SCHOOL                ,UT,84780-0000,Proprietary  ,3,4,7,87,131,218
02572700,EVANS HAIRSTYLING COLLEGE               ,UT,84770-0000,Proprietary  ,5,6,11,55,41,96
02572800,VISTA COLLEGE                           ,UT,84015-0000,Proprietary  ,5,65,70,44,562,606
02573100,EVANS HAIRSTYLING COLLEGE OF CEDAR CITY ,UT,84720-0000,Proprietary  ,3,6,9,48,65,113
02612200,MARINELLO SCHOOL OF BEAUTY              ,UT,84604-1585,Proprietary  ,6,10,16,63,119,182
03030600,UTAH COLLEGE OF MASSAGE THERAPY         ,UT,84111-1606,Proprietary  ,22,34,56,231,517,748
03030601,UTAH CLG OF MASSAGE THER-PROVO CMPS     ,UT,84042-0000,Proprietary  ,10,23,33,68,128,196
03082100,MYOTHERAPY COLLEGE OF UTAH              ,UT,84115-2522,Proprietary  ,2,10,12,22,143,165
03108200,FRANCOIS D. COLLEGE OF HAIR SKIN & NAILS,UT,84070-2004,Proprietary  ,5,9,14,27,66,93
03110400,HAIRITAGE HAIR ACADEMY                  ,UT,84770-5233,Proprietary  ,2,6,8,43,63,106
03339400,WESTERN GOVERNORS UNIVERSITY            ,UT,84107-2533,Private      ,216,7525,7741,2302,79287,81589
03413300,MOUNTAINLAND APPLIED TECHNOLOGY COLLEGE ,UT,84043-0000,Public       ,29,73,102,360,856,1216
03463300,CAREERS UNLIMITED                       ,UT,84058-0000,Proprietary  ,13,15,28,70,202,272
03467308,MARINELLO SCHOOL OF BEAUTY - OGDEN      ,UT,84405-1501,Proprietary  ,11,17,28,75,217,292
03467309,MARINELLO SCHOOL OF BEAUTY - LAYTON     ,UT,84041-3002,Proprietary  ,6,27,33,60,191,251
03617300,HEALING MOUNTAIN MASSAGE SCHOOL         ,UT,84102-4006,Proprietary  ,5,13,18,50,217,267
03829500,SKINWORKS SCHOOL OF ADVANCED SKINCARE   ,UT,84115-0000,Proprietary  ,2,14,16,36,147,183
03838300,NIGHTINGALE COLL. SCH. OF NURSING SCH. O,UT,84403-0000,Proprietary  ,2,26,28,46,452,498
03909300,PAUL MITCHELL THE SCHOOL LOGAN          ,UT,84323-4679,Proprietary  ,4,12,16,72,116,188
03921300,CAMEO COLLEGE OF ESSENTIAL BEAUTY       ,UT,84115-0000,Proprietary  ,12,27,39,122,379,501
04054300,SOUTHWEST APPLIED TECHNOLOGY COLLEGE    ,UT,84720-6608,Public       ,5,29,34,109,309,418
04072300,AVEDA INSTITUTE PROVO                   ,UT,84604-1008,Proprietary  ,8,11,19,126,141,267
04121700,DIXIE APPLIED TECHNOLOGY COLLEGE        ,UT,84770-3025,Public       ,19,45,64,289,488,777
04145500,SKIN SCIENCE INSTITUTE (THE)            ,UT,84115-0000,Proprietary  ,5,15,20,63,201,264
04153000,RENAISSANCE ACADEMIE                    ,UT,84604-0000,Proprietary  ,4,4,8,44,92,136
04161900,MANDALYN ACADEMY                        ,UT,84003-2161,Proprietary  ,5,10,15,39,91,130
04165500,ACAYDIA SCHOOL OF AESTHETICS            ,UT,84601-0000,Proprietary  ,5,7,12,60,72,132
04169900,AMERICAN BEAUTY ACADEMY                 ,UT,84651-0000,Proprietary  ,7,8,15,22,61,83
04173200,TAYLOR ANDREWS ACADEMY OF HAIR DESIGN   ,UT,84088-6577,Proprietary  ,12,24,36,111,187,298
04173201,TAYLOR ANDREWS ACADEMY -  OREM          ,UT,84004-1872,Proprietary  ,10,11,21,89,125,214
04183000,TOP NAILS & HAIR BEAUTY SCHOOL          ,UT,84118-0000,Proprietary  ,3,23,26,18,123,141
04184200,TAYLOR ANDREWS ACADEMY-ST. GEORGE       ,UT,84790-2139,Proprietary  ,7,5,12,99,133,232
04192700,BARBER SCHOOL (THE)                     ,UT,84047-3723,Proprietary  ,9,28,37,44,189,233
04193200,ROCKY MOUNTAIN UNIVERSITY OF HEALTH PROF,UT,84606-7312,Proprietary  ,1,69,70,32,549,581
04210300,MEDSPA ACADEMIES                        ,UT,84095-3519,Proprietary  ,8,16,24,68,229,297
04211500,BEAUTIFUL YOU SCHOOL OF NAIL TECHNOLOGY ,UT,84720-8360,Proprietary  ,1,5,6,14,40,54
04215700,COLE HOLLAND COLLEGE                    ,UT,84102-2959,Proprietary  ,0,9,9,2,17,19
04216800,BONNIE JOSEPH ACADEMY OF COSMETOLOGY & B,UT,84032-2044,Proprietary  ,0,3,3,2,31,33
04218300,MIDWIVES COLLEGE OF UTAH                ,UT,84106-2671,Private      ,0,22,22,22,378,400
00368200,BENNINGTON COLLEGE                      ,VT,05201-6001,Private      ,6,7,13,1038,231,1269
00368300,CASTLETON STATE COLLEGE                 ,VT,05735-0000,Public       ,30,10,40,3102,528,3630
00368400,CHAMPLAIN COLLEGE                       ,VT,05401-3950,Private      ,32,73,105,4688,1576,6264
00368500,COLLEGE OF ST JOSEPH                    ,VT,05701-3899,Private      ,1,6,7,246,218,464
00368600,GODDARD COLLEGE                         ,VT,05667-0000,Private      ,4,57,61,80,831,911
00368700,GREEN MOUNTAIN COLLEGE                  ,VT,05764-1199,Private      ,9,27,36,930,325,1255
00368800,JOHNSON STATE COLLEGE                   ,VT,05656-9898,Public       ,13,30,43,1405,989,2394
00368900,LYNDON STATE COLLEGE                    ,VT,05851-0919,Public       ,11,19,30,1907,382,2289
00369000,MARLBORO COLLEGE                        ,VT,05344-0300,Private      ,5,3,8,330,144,474
00369100,MIDDLEBURY COLLEGE                      ,VT,05753-0000,Private      ,25,29,54,4152,584,4736
00369200,NORWICH UNIVERSITY                      ,VT,05663-1035,Private      ,31,157,188,3267,1763,5030
00369300,SOUTHERN VERMONT COLLEGE                ,VT,05201-6002,Private      ,7,5,12,613,179,792
00369400,ST MICHAELS COLLEGE                     ,VT,05439-0001,Private      ,26,7,33,3981,240,4221
00369600,UNIVERSITY OF VERMONT                   ,VT,05405-0160,Public       ,155,65,220,19719,3340,23059
00369700,VERMONT COLLEGE OF FINE ARTS            ,VT,05602-3128,Private      ,0,36,36,18,461,479
00369800,VERMONT TECHNICAL COLLEGE               ,VT,05061-0000,Public       ,12,23,35,1121,919,2040
00857500,SALON PROFESSIONAL ACADEMY (THE)        ,VT,05495-4001,Proprietary  ,0,0,0,13,22,35
00865800,O'BRIENS AVEDA INSTITUTE                ,VT,05403-7747,Proprietary  ,4,6,10,76,130,206
00886000,SIT                                     ,VT,05301-4801,Private      ,1,11,12,311,546,857
01116700,COMMUNITY COLLEGE OF VERMONT            ,VT,05676-0000,Public       ,112,369,481,1844,4639,6483
01193400,VERMONT LAW SCHOOL                      ,VT,05068-0000,Private      ,1,15,16,7,946,953
01218300,BURLINGTON COLLEGE                      ,VT,05401-8477,Private      ,4,10,14,286,207,493
02143500,STERLING COLLEGE                        ,VT,05827-0000,Private      ,0,1,1,136,62,198
02254000,NEW ENGLAND CULINARY INSTITUTE          ,VT,05602-0000,Proprietary  ,7,19,26,362,231,593
02532600,LANDMARK COLLEGE                        ,VT,05346-0000,Private      ,8,5,13,546,140,686
04146900,ADVANCED WELDING INSTITUTE              ,VT,05403-0000,Proprietary  ,8,7,15,56,75,131
00392800,CASPER COLLEGE                          ,WY,82601-4612,Public       ,31,85,116,1410,1761,3171
00392900,EASTERN WYOMING COLLEGE                 ,WY,82240-1603,Public       ,10,20,30,529,418,947
00393000,SHERIDAN COLLEGE                        ,WY,82801-9133,Public       ,29,71,100,1085,1194,2279
00393100,NORTHWEST COLLEGE                       ,WY,82435-1895,Public       ,13,22,35,924,577,1501
00393200,UNIVERSITY OF WYOMING                   ,WY,82071-2000,Public       ,114,152,266,7615,5080,12695
00393300,WESTERN WYOMING COMMUNITY COLLEGE       ,WY,82902-0000,Public       ,24,49,73,1009,1201,2210
00728900,CENTRAL WYOMING COLLEGE                 ,WY,82501-0000,Public       ,9,45,54,546,846,1392
00915700,WYOTECH                                 ,WY,82072-9519,Proprietary  ,67,62,129,1230,835,2065
00925900,LARAMIE COUNTY COMMUNITY CLG            ,WY,82007-3299,Public       ,51,132,183,1768,2637,4405
02211900,CHEEKS INTERNATIONAL ACDMY              ,WY,82001-0000,Proprietary  ,3,28,31,50,160,210
00393500,UNIV OF GUAM                            ,GU,96923-0000,Public       ,87,93,180,2867,2000,4867
01536100,GUAM COMMUNITY COLLEGE                  ,GU,96921-0000,Public       ,32,41,73,1928,1814,3742
03438300,PACIFIC ISLANDS UNIVERSITY              ,GU,96913-2619,Private      ,3,4,7,104,110,214
00393600,PONTIFICAL CATHOLIC UNIV OF PR          ,PR,00717-0777,Private      ,102,262,364,6700,5230,11930
00393700,UNIVERSITY OF THE SACRED HEART          ,PR,00914-0383,Private      ,58,124,182,3611,2311,5922
00393800,INTER-AMER UNIV PR-CNTRL ADMN           ,PR,00936-0000,Private      ,121,384,505,3663,5885,9548
00393801,INTER-AMER UNIV PR SCHL LAW             ,PR,00936-8351,Private      ,1,11,12,33,379,412
00393802,INTER AMERICAN UNIVERSITY OF PUERTO RICO,PR,00926-0000,Private      ,20,42,62,1067,1131,2198
00393803,INTER AMERICAN UNIVERSITY OF PR         ,PR,00683-0000,Private      ,76,117,193,3980,1981,5961
00393804,INTER-AMER UNIV PR-RECINTO AGUADILA     ,PR,00605-2000,Private      ,96,131,227,3450,2075,5525
00393805,INTER-AMER UNIV PR-ARECIBO CAMPUS       ,PR,00614-4050,Private      ,73,144,217,3413,2412,5825
00393806,INTER-AMER UNIV PR-BARRANQUITAS REG     ,PR,00794-0517,Private      ,157,45,202,1872,837,2709
00393807,INTER-AMER UNIV PR-FAJARDO REGIONAL     ,PR,00738-0000,Private      ,62,79,141,1589,1165,2754
00393808,INTER-AMER UNIV PR - GUAYAMA CAMPUS     ,PR,00785-4004,Private      ,75,59,134,1383,1226,2609
00393809,INTER-AMER UNIV PR-PONCE REGIONAL       ,PR,00715-0000,Private      ,116,150,266,4111,2849,6960
00393811,INTER-AMER UNIV PR-BAYAMON REG CLG      ,PR,00959-0000,Private      ,63,88,151,4283,1771,6054
00394100,UNIVERSIDAD DEL ESTE                    ,PR,00984-2010,Private      ,264,735,999,7763,8476,16239
00394200,UNIVERSITY OF PR-CENTRAL ADMINISTRATION ,PR,00936-4984,Public       ,9,9,18,412,224,636
00394300,UNIVERSITY OF PUERTO RICO - HUMACAO UNIV,PR,00791-4300,Public       ,30,21,51,3220,447,3667
00394400,UNIVERSITY OF PUERTO RICO - MAYAGUEZ    ,PR,00680-0000,Public       ,112,98,210,9055,2026,11081
00501900,UNIV ADVENTISTA DE LAS ANTILLAS         ,PR,00681-0118,Private      ,18,40,58,985,652,1637
00502200,BAYAMON CENTRAL UNIVERSITY              ,PR,00960-0000,Private      ,53,95,148,1142,1224,2366
00710800,UNIVERSITY OF PUERTO RICO - RIO PIEDRAS ,PR,00931-3300,Public       ,92,150,242,9567,3278,12845
00720600,UNIVERSITY OF PUERTO RICO - CAYEY UNIVER,PR,00736-5534,Public       ,25,7,32,3488,400,3888
00722800,UNIVERSITY OF PUERTO RICO - ARECIBO     ,PR,00614-4010,Public       ,23,15,38,3810,567,4377
00890200,COLUMBIA CENTRO UNIVERSITARIO           ,PR,00726-0000,Proprietary  ,47,108,155,1424,1392,2816
00965200,"UNIVERSITY OF PUERTO RICO, PONCE TECH UN",PR,00716-0000,Public       ,29,11,40,3385,497,3882
01056700,COLEGIO TECNOLOGICO DE SAN JUAN         ,PR,00918-2973,Public       ,36,59,95,787,895,1682
01072400,CARLOS ALBIZU UNIVERSITY                ,PR,00902-3711,Private      ,3,51,54,149,1134,1283
01081900,CONSERVATORIO DE MUSICA DE PUERTO RICO  ,PR,00907-3373,Public       ,2,3,5,352,110,462
01092200,UNIVERSITY OF PUERTO RICO - UTUADO      ,PR,00641-2500,Public       ,8,2,10,1528,209,1737
01097500,UNIVERSITY OF PUERTO RICO BAYAMON TECHNI,PR,00959-1911,Public       ,21,14,35,4552,625,5177
01120300,RYDER MEMORIAL HOSP SCH OF NURSING      ,PR,00792-0000,Private      ,0,2,2,20,23,43
01171900,UNIVERSIDAD DEL TURABO                  ,PR,00778-0000,Private      ,278,995,1273,9031,11276,20307
01194000,ICPR JUNIOR COLLEGE                     ,PR,00919-0000,Proprietary  ,146,214,360,1610,1938,3548
01194100,AMERICAN UNIVERSITY OF PUERTO RICO      ,PR,00960-2037,Private      ,22,33,55,641,514,1155
01194101,AMERICAN UNIVERSITY OF PUERTO RICO      ,PR,00674-0000,Private      ,34,44,78,730,533,1263
01212300,"UNIVERSITY OF PUERTO RICO, AGUADILLA REG",PR,00604-0160,Public       ,17,14,31,2893,481,3374
01252500,CARIBBEAN UNIVERSITY                    ,PR,00960-0493,Private      ,95,195,290,2532,2792,5324
02063100,MBTI BUSINESS TRNG INSTITUTE            ,PR,00907-3917,Proprietary  ,239,736,975,1520,4360,5880
02100000,POLYTECHNIC UNIVERSITY OF PR            ,PR,00917-0000,Private      ,49,125,174,2313,2348,4661
02163300,UNIVERSIDAD CENTRAL DEL CARIBE          ,PR,00960-0000,Private      ,4,13,17,197,457,654
02165100,EDP COLLEGE OF PUERTO RICO              ,PR,00919-0000,Private      ,73,199,272,1168,1987,3155
02166000,CENTER FOR ADVANCED STUDIES OF PUER     ,PR,00902-0000,Private      ,0,41,41,6,282,288
02166400,INSTITUTO DE BANCA Y COMERCIO           ,PR,00925-0000,Proprietary  ,932,1771,2703,8476,11814,20290
02170300,INST EDUC TECNIA OCUP LA REINA          ,PR,00674-0000,Proprietary  ,36,63,99,275,281,556
02189100,CENTRO DE ESTUDIOS MULTIDISCIPLIN       ,PR,00926-0000,Proprietary  ,144,178,322,1522,1605,3127
02189300,EMMA'S BEAUTY ACADEMY                   ,PR,00680-0000,Proprietary  ,22,16,38,269,132,401
02195400,MODERN HAIRSTYLING INSTITUTE            ,PR,00961-0000,Proprietary  ,82,59,141,712,453,1165
02195500,MODERN HAIRSTYLING INSTITUTE            ,PR,00612-0000,Proprietary  ,1,1,2,3,8,11
02195800,LICEO E ARTE Y TECNOLGIA                ,PR,00919-0000,Proprietary  ,51,95,146,952,858,1810
02195900,MODERN HAIRSTYLING INSTITUTE            ,PR,00980-0000,Proprietary  ,2,1,3,11,10,21
02234900,ANTILLES SCHOOL OF TECH CAREERS         ,PR,00909-3006,Proprietary  ,32,88,120,355,615,970
02241901,COMMONWEALTH OF PR DEPT OF EDUC - CARLOS,PR,00986-0000,Public       ,0,0,0,10,5,15
02241902,COMMONWEALTH OF PR DEPT OF EDUC - TOMAS ,PR,00613-0000,Public       ,0,0,0,3,3,6
02241904,COMMONWEALTH OF PR DEPT OF EDUC - ITPR R,PR,00655-0000,Public       ,17,14,31,473,324,797
02241905,COMMONWEALTH OF PR DEPT OF EDUC - JOSE A,PR,00674-0000,Public       ,0,0,0,25,10,35
02241907,COMMONWEALTH OF PR DEPT OF EDUC - ITPR R,PR,00928-0000,Public       ,6,12,18,421,244,665
02241908,COMMONWEALTH OF PR DEPT OF EDUC - ITPR R,PR,00732-0000,Public       ,22,9,31,398,260,658
02241909,COMMONWEALTH OF PR DEPT OF EDUC - TROQUE,PR,00959-0000,Public       ,0,1,1,67,21,88
02241910,COMMONWEALTH OF PR DEPT OF EDUC - ITPR R,PR,00701-1091,Public       ,6,1,7,585,228,813
02260600,NATIONAL COLLEGE OF BUSINESS & TECH     ,PR,00960-2036,Proprietary  ,257,1171,1428,4642,10809,15451
02260800,HUERTAS COLLEGE                         ,PR,00726-0000,Proprietary  ,49,111,160,893,995,1888
02297700,AUTOMECA TECHNICAL COLLEGE              ,PR,00957-0000,Proprietary  ,129,137,266,1380,1015,2395
02303800,AMERICAN EDUCATIONAL COLLEGE            ,PR,00961-0000,Proprietary  ,77,123,200,501,690,1191
02335500,COLEGIO BIBLICO PENTECOSTAL DE PR       ,PR,00978-0000,Private      ,1,31,32,25,241,266
02340600,HUMACAO COMMUNITY COLLEGE               ,PR,00792-0000,Private      ,40,46,86,409,489,898
02343600,INSTITUTE OF BEAUTY CAREERS             ,PR,00613-0000,Proprietary  ,40,55,95,360,326,686
02460000,UNIVERSITY OF PUERTO RICO - MEDICAL SCIE,PR,00936-0000,Public       ,4,21,25,661,1434,2095
02482400,PONCE SCHOOL OF MEDICINE AND HEALTH SCIE,PR,00716-2347,Private      ,0,5,5,71,790,861
02502400,SERBIA'S SCHOOL OF BEAUTY CULTURE       ,PR,00785-0000,Proprietary  ,0,0,0,45,67,112
02504500,INSTITUCION CHAVIANO DE MAYAGUEZ        ,PR,00708-0000,Proprietary  ,3,12,15,19,38,57
02505400,ATLANTIC COLLEGE                        ,PR,00970-0000,Private      ,37,41,78,1316,446,1762
02534900,PONCE PARAMEDICAL COLLEGE (POPAC)       ,PR,00731-0000,Proprietary  ,136,184,320,1656,1396,3052
02552300,COLEGIO MAYOR DE TECHNOLOGIA            ,PR,00714-0000,Proprietary  ,33,50,83,194,241,435
02562500,INTERNATIONAL TECHNICAL COLLEGE         ,PR,00918-0000,Proprietary  ,10,21,31,65,133,198
02563500,ROGIES SCHOOL OF BEAUTY CULTURE         ,PR,00910-0000,Proprietary  ,0,0,0,3,4,7
02569400,ESCUELA DE ARTES PLASTICAS              ,PR,00902-1112,Public       ,2,0,2,460,146,606
02570400,EDUCATIONAL TECHNICAL COLLEGE           ,PR,00925-3404,Proprietary  ,91,168,259,585,914,1499
02576100,ESCUELA TECNICA DE ELECTRICIDAD         ,PR,00731-0000,Proprietary  ,21,48,69,262,339,601
02587500,UNIVERSIDAD METROPOLITANA               ,PR,00928-0000,Private      ,264,971,1235,7264,9704,16968
02588600,SEMINARIO EVANGELICO DE PUERTO RICO     ,PR,00925-0000,Private      ,0,2,2,1,76,77
02593700,HISPANIC AMERICAN COLLEGE               ,PR,00725-0000,Proprietary  ,28,52,80,235,389,624
03016000,UNIVERSITY OF PUERTO RICO CAROLINA REGIO,PR,00985-0000,Public       ,26,18,44,3739,696,4435
03021900,EDIC COLLEGE                            ,PR,00726-0000,Proprietary  ,100,158,258,1395,1462,2857
03025500,MECH TECH COLLEGE                       ,PR,00725-6118,Proprietary  ,217,291,508,2975,2046,5021
03025900,"LICEO DE ARTE, DISENOS Y COMERCIO       ",PR,00726-0000,Proprietary  ,31,64,95,231,444,675
03029700,"UNIVERSAL TECHNOLOGY CLG OF PR, INC     ",PR,00605-0000,Private      ,42,75,117,556,896,1452
03061900,COLEGIO TECHNOLOGICO Y COMERCIAL        ,PR,00602-0960,Proprietary  ,5,13,18,43,57,100
03068400,STAR BEAUTY ACADEMY                     ,PR,00961-6312,Proprietary  ,19,21,40,63,64,127
03070500,D'MART INSTITUTE                        ,PR,00794-3517,Proprietary  ,85,94,179,706,796,1502
03075600,EMMA'S BEAUTY ACADEMY                   ,PR,00795-0000,Proprietary  ,35,33,68,317,186,503
03085700,PROFESSIONAL TECHNICAL INSTITUTION      ,PR,00960-7061,Proprietary  ,30,39,69,297,309,606
03104400,PROFESSIONAL ELECTRIC SCHOOL            ,PR,00674-1797,Proprietary  ,0,0,0,43,48,91
03106900,ESCUELA DE PERITOS ELECTRICITAS         ,PR,00662-0457,Proprietary  ,2,9,11,49,58,107
03112100,JOHN DEWEY COLLEGE                      ,PR,00915-9538,Private      ,123,351,474,1540,3174,4714
03112101,JOHN DEWEY COLLEGE                      ,PR,00986-0000,Private      ,26,71,97,332,622,954
03112102,JOHN DEWEY COLLEGE-BAYAMON CAMPUS       ,PR,00959-0000,Private      ,7,39,46,126,294,420
03112104,JOHN DEWEY COLLEGE - YABUCOA LRNING SITE,PR,00767-0767,Private      ,0,0,0,1,2,3
03112105,JOHN DEWEY COLLEGE - FAJARDO BRANCH     ,PR,00738-0738,Private      ,14,51,65,164,390,554
03112106,JOHN DEWEY COLLEGE - ARROYO BRANCH      ,PR,00714-0714,Private      ,7,16,23,69,145,214
03112107,JOHN DEWEY COLLEGE - JUANA DIAZ BRANCH  ,PR,00795-0000,Private      ,16,23,39,223,277,500
03112108,JOHN DEWEY COLLEGE - HATILLO CAMPUS     ,PR,00659-0000,Private      ,8,17,25,74,122,196
03112109,JOHN DEWEY COLLEGE - MANATI             ,PR,00674-0000,Private      ,26,59,85,364,506,870
03112110,DEWEY UNIVERSITY - MAYAGUEZ             ,PR,00682-0000,Private      ,9,17,26,60,87,147
03115900,TRINITY COLLEGE OF PUERTO RICO          ,PR,00734-0000,Private      ,20,26,46,161,228,389
03122500,ACADEMIA SERRANT INC.                   ,PR,00717-1568,Proprietary  ,39,55,94,270,332,602
03123100,GLOBELLE TECHNICAL INSTITUTE            ,PR,00693-4218,Proprietary  ,6,6,12,62,63,125
03124200,NOVA COLLEGE DE PUERTO RICO             ,PR,00960-4016,Proprietary  ,16,63,79,143,296,439
03157600,"COLEGIO DE CINEMATOGRAFIA, ARTES Y TELEV",PR,00961-6345,Proprietary  ,63,57,120,783,437,1220
03177300,SAN JUAN BAUTISTA SCH OF MEDICINE       ,PR,00726-0000,Private      ,2,2,4,33,351,384
03336300,CENTURY COLLEGE                         ,PR,00603-0000,Proprietary  ,13,21,34,135,193,328
03414300,MONTECLARO                              ,PR,00745-9612,Private      ,0,0,0,13,27,40
03452300,INSTITUTO PRE-VOCACIONAL E INDUSTRI     ,PR,00613-1800,Private      ,19,61,80,96,246,342
03469300,IVAEM COLLEGE                           ,PR,00725-0000,Proprietary  ,3,15,18,91,72,163
03531300,UNIVERSIDAD PENTECOSTAL MIZPA           ,PR,00928-0966,Private      ,2,26,28,36,334,370
03544300,ATENAS COLLEGE                          ,PR,00674-0000,Private      ,49,49,98,1086,787,1873
03552300,LESTON COLLEGE                          ,PR,00961-6309,Proprietary  ,20,23,43,127,136,263
03608300,CARIBBEAN FORENSIC & TECHNICAL COLL     ,PR,00926-0000,Proprietary  ,6,14,20,36,86,122
03638300,ROSSLYN TRAINING ACADEMY OF COSMETOLOGY ,PR,00602-3225,Proprietary  ,0,7,7,16,47,63
03735400,"CHARLIES GUARD,DETECTIVE BUREAU&ACA     ",PR,00605-0000,Proprietary  ,9,11,20,43,59,102
03751300,ESCUELA HOTELERA DE SAN JUAN            ,PR,00917-0091,Proprietary  ,40,63,103,806,540,1346
03758300,BAYAMON COMMUNITY COLLEGE               ,PR,00960-0000,Proprietary  ,17,97,114,95,433,528
03781400,INDUSTRIAL TECHNICAL COLLEGE            ,PR,00792-0000,Proprietary  ,22,56,78,147,241,388
03785300,J.G. GUAYNABO TECHNICAL COLLEGE         ,PR,00960-0000,Proprietary  ,12,35,47,38,106,144
03800300,COLEGIO TECNICO DE ELECTRICIDAD GALLOSA ,PR,00602-0000,Proprietary  ,0,10,10,24,39,63
03800400,INSTITUTE OF BEAUTY OCCUPATIONS AND TECH,PR,00676-5071,Proprietary  ,15,20,35,132,183,315
03843300,ADVANCED TECH COLLEGE                   ,PR,00961-6321,Proprietary  ,0,0,0,9,20,29
03849300,AGUADILLA TECHNICAL COLLEGE             ,PR,00603-0000,Proprietary  ,12,22,34,72,114,186
03965400,MYRANGEL BEAUTY INSTITUTE               ,PR,00754-3917,Proprietary  ,4,21,25,139,189,328
04107300,CARIB TECHNOLOGICAL INSTITUTE           ,PR,00960-0000,Proprietary  ,51,14,65,257,202,459
04117200,INSTITUTO EDUCATIVO PREMIER             ,PR,00731-0000,Proprietary  ,36,59,95,254,318,572
04131600,LIBERTY TECHNICAL COLLEGE               ,PR,00737-1298,Proprietary  ,15,24,39,101,152,253
04164300,GLOBAL INSTITUTE                        ,PR,00725-6485,Proprietary  ,6,11,17,28,42,70
04176000,AMERICAN TECHNICAL INSTITUTE            ,PR,00957-0000,Proprietary  ,2,8,10,31,57,88
04240900,PPG TECHNICAL COLLEGE                   ,PR,00726-3164,Proprietary  ,23,34,57,53,54,107
00394600,UNIVERSITY OF THE VIRGIN ISLANDS        ,VI,00802-9990,Public       ,15,23,38,1238,815,2053
00394601,UNIV OF THE VIRGIN ISLANDS-ST CROIX     ,VI,00850-0000,Public       ,7,24,31,537,744,1281
00667700,MCGILL UNIVERSITY                       ,CN,00000-0000,Public       ,8,6,14,1581,395,1976
00667900,QUEEN'S UNIVERSITY AT KINGSTON          ,CN,00000-0000,Public       ,0,1,1,94,39,133
00668100,ST FRANCIS XAVIER UNIVERSITY            ,CN,00000-0000,Public       ,1,0,1,37,4,41
00668200,ST THOMAS UNIVERSITY                    ,CN,00000-0000,Public       ,1,0,1,35,5,40
00668300,UNIVERSITY OF GUELPH                    ,CN,00000-0000,Public       ,1,2,3,35,79,114
00668400,UNIVERSITY OF MANITOBA                  ,CN,00000-0000,Public       ,3,0,3,79,53,132
00668500,UNIVERSITY OF NEW BRUNSWICK (THE)       ,CN,00000-0000,Public       ,0,0,0,35,14,49
00668600,UNIVERSITY OF OTTAWA                    ,CN,00000-0000,Public       ,1,1,2,58,67,125
00668800,UNIVERSITY OF TORONTO                   ,CN,00000-0000,Public       ,4,10,14,501,384,885
00668900,UNIVERSITY OF WINDSOR                   ,CN,00000-0000,Public       ,1,2,3,36,45,81
00683700,UNIVERSITE LAVAL                        ,CN,00000-0000,Public       ,2,0,2,12,29,41
00683800,DALHOUSIE UNIVERSITY                    ,CN,00000-0000,Public       ,1,0,1,124,77,201
00683805,DALHOUSIE UNIVERSITY - AGRICULTURAL CAMP,CN,00000-0000,Public       ,0,0,0,4,2,6
00685200,BISHOP'S UNIVERSITY                     ,CN,00000-0000,Private      ,0,0,0,59,6,65
00685300,MCMASTER UNIVERSITY                     ,CN,00000-0000,Public       ,0,0,0,35,30,65
00767900,YORK UNIVERSITY                         ,CN,00000-0000,Public       ,1,2,3,81,92,173
00787400,UNIVERSITY AT CALGARY (THE)             ,CN,00000-0000,Public       ,0,1,1,47,76,123
00814800,UNIVERSITY OF WINNIPEG                  ,CN,00000-0000,Public       ,1,0,1,24,16,40
00836200,UNIVERSITY OF ALBERTA (THE)             ,CN,00000-0000,Public       ,0,0,0,31,12,43
00836300,MOUNT SAINT VINCENT UNIVERSITY          ,CN,00000-0000,Public       ,0,0,0,8,6,14
00836400,SAINT MARY'S UNIVERSITY                 ,CN,00000-0000,Public       ,1,0,1,25,18,43
00836500,CONCORDIA UNIVERSITY - SIR GEORGE W     ,CN,00000-0000,Public       ,3,4,7,318,164,482
00836600,UNIVERSITE DE MONTREAL                  ,CN,00000-0000,Public       ,2,2,4,30,73,103
00836800,CARLETON UNIVERSITY                     ,CN,00000-0000,Public       ,2,0,2,65,54,119
00836900,UNIVERSITY OF BRITISH COLUMBIA          ,CN,00000-0000,Public       ,12,12,24,936,529,1465
00837000,"SAFA, UNIVERSITY OF VICTORIA            ",CN,00000-0000,Public       ,0,2,2,167,86,253
00844400,SIMON FRASER UNIVERSITY                 ,CN,00000-0000,Public       ,4,1,5,157,99,256
00844600,UNIVERSITY OF WESTERN ONTARIO (THE)     ,CN,00000-0000,Public       ,0,2,2,62,71,133
00844800,UNIVERSITY OF REGINA                    ,CN,00000-0000,Public       ,0,0,0,6,3,9
00844900,ACADIA UNIVERSITY                       ,CN,00000-0000,Public       ,0,0,0,51,23,74
00852600,UNIVERSITY OF WATERLOO                  ,CN,00000-0000,Public       ,0,0,0,68,24,92
00858200,WILFRID LAURIER UNIVERSITY              ,CN,00000-0000,Public       ,0,3,3,14,16,30
00891300,LAKEHEAD UNIVERSITY                     ,CN,00000-0000,Public       ,0,0,0,11,9,20
00936700,UNIVERSITY OF PRINCE EDWARD ISLAND      ,CN,00000-0000,Public       ,0,1,1,26,105,131
00942100,BRANDON UNIVERSITY                      ,CN,00000-0000,Public       ,2,0,2,20,21,41
00948600,TRINITY WESTERN UNIVERSITY              ,CN,00000-0000,Private      ,0,4,4,113,44,157
00950000,MEMORIAL UNIVERSITY OF NEWFOUNDLAND     ,CN,00000-0000,Public       ,0,2,2,38,43,81
00950100,UNIVERSITY OF KING'S COLLEGE            ,CN,00000-0000,Public       ,0,0,0,18,3,21
00950300,MOUNT ALLISON UNIVERSITY                ,CN,00000-0000,Public       ,1,0,1,46,2,48
00950500,TRENT UNIVERSITY                        ,CN,00000-0000,Public       ,0,0,0,9,5,14
00969800,MEDICINE HAT COLLEGE                    ,CN,00000-0000,Public       ,0,0,0,4,3,7
01012300,NOVA SCOTIA COLLEGE OF ART & DESIGN     ,CN,00000-0000,Public       ,0,0,0,12,5,17
01022100,SAINT PAUL UNIVERSITY                   ,CN,00000-0000,Public       ,0,1,1,2,14,16
01045800,SHERIDAN COLLEGE OF APPLIED ARTS AN     ,CN,00000-0000,Public       ,0,1,1,78,30,108
01067500,REGENT COLLEGE                          ,CN,00000-0000,Private      ,0,0,0,6,79,85
01070300,UNIVERSITY OF LETHBRIDGE                ,CN,00000-0000,Public       ,0,0,0,9,6,15
01072000,RYERSON UNIVERSITY                      ,CN,00000-0000,Public       ,3,2,5,71,51,122
01172200,BRIERCREST BIBLE COLLEGE                ,CN,00000-0000,Private      ,0,0,0,8,5,13
01222800,HUMBER COLLEGE INSTITUTE OF TECHNOLOGY A,CN,00000-0000,Public       ,0,2,2,44,59,103
01227400,PROVIDENCE COLLEGE                      ,CN,00000-0000,Private      ,0,0,0,26,6,32
02102100,KINGSWOOD UNIVERSITY                    ,CN,00000-0000,Private      ,1,0,1,45,13,58
02167000,PRAIRIE BIBLE INST                      ,CN,00000-0000,Private      ,0,0,0,23,7,30
02184600,INSTITUTE FOR CHRISTIAN STUDIES         ,CN,00000-0000,Private      ,0,0,0,2,4,6
02195700,TAYLOR UNIVERSITY COLLEGE AND SEMINARY  ,CN,00000-0000,Private      ,0,0,0,0,2,2
02201100,COLUMBIA BIBLE COLLEGE                  ,CN,00000-0000,Private      ,0,0,0,13,9,22
02216400,TYNDALE COLLEGE & SEMINARY              ,CN,00000-0000,Private      ,2,0,2,12,11,23
02219200,UNIVERSITY OF SASKATCHEWAN              ,CN,00000-0000,Public       ,1,2,3,24,21,45
02324900,EMMANUEL BIBLE COLLEGE                  ,CN,00000-0000,Private      ,0,0,0,2,4,6
02338800,EMILY CARR UNIVERSITY OF ART AND DESIGN ,CN,00000-0000,Public       ,0,1,1,54,38,92
02577200,SALVATION ARMY WM & CATHERINE BOOTH     ,CN,00000-0000,Private      ,0,0,0,3,1,4
02593800,CONCORDIA UNIVERSITY COLLEGE            ,CN,00000-0000,Private      ,0,1,1,6,15,21
02611900,THE KING'S UNIVERSITY COLLEGE           ,CN,00000-0000,Private      ,0,1,1,3,6,9
03018300,ROCKY MOUNTAIN COLLEGE: CENTRE FOR BIBLI,CN,00000-0000,Private      ,0,0,0,1,4,5
03033800,UNIVERSITY COLLEGE OF CAPE BRETON       ,CN,00000-0000,Public       ,0,0,0,3,7,10
03078300,VANCOUVER SCHOOL OF THEOLOGY            ,CN,00000-0000,Private      ,0,0,0,4,11,15
03273300,CANADIAN COLLEGE OF NATUROPATHIC ME     ,CN,00000-0000,Private      ,0,2,2,12,41,53
03298300,ALBERTA COLLEGE OF ART & DESIGN         ,CN,00000-0000,Public       ,0,1,1,40,31,71
03332500,KWANTLEN UNIVERSITY COLLEGE             ,CN,00000-0000,Public       ,0,0,0,8,13,21
03335400,CANADIAN UNIVERSITY COLLEGE             ,CN,00000-0000,Private      ,2,0,2,31,18,49
03339300,ST. STEPHENS UNIVERSITY                 ,CN,00000-0000,Private      ,0,0,0,4,2,6
03348500,REDEEMER UNIVERSITY COLLEGE             ,CN,00000-0000,Private      ,0,1,1,13,3,16
03420300,HOLLAND COLLEGE                         ,CN,00000-0000,Public       ,1,0,1,18,14,32
03560400,NIAGARA COLLEGE-WELLAND CAMPUS          ,CN,00000-0000,Public       ,1,0,1,14,20,34
03613300,UNIV OF NORTHERN BRITISH COLUMBIA       ,CN,00000-0000,Public       ,0,0,0,12,14,26
03644400,CANADIAN MENNONITE UNIVERSITY           ,CN,00000-0000,Private      ,0,0,0,10,4,14
03674400,CANADIAN SOUTHERN BAPTIST SEMINARY      ,CN,00000-0000,Private      ,0,0,0,1,4,5
03711300,CAPILANO UNIVERSITY                     ,CN,00000-0000,Public       ,0,0,0,21,23,44
03846300,PACIFIC LIFE BIBLE COLLEGE              ,CN,00000-0000,Private      ,0,0,0,17,14,31
03847300,CRANDALL UNIVERSITY                     ,CN,00000-0000,Private      ,0,0,0,3,3,6
04075300,QUEST UNIVERSITY CANADA                 ,CN,00000-0000,Private      ,2,0,2,196,22,218
04123100,ATLANTIC SCHOOL OF THEOLOGY             ,CN,00000-0000,Public       ,0,0,0,2,6,8
04156700,AMBROSE UNIVERSITY COLLEGE              ,CN,00000-0000,Private      ,0,0,0,14,13,27
00814700,UNIVERSIDAD AUTONOMA DE GUADALAJARA     ,MX,00000-0000,Private      ,0,35,35,83,1326,1409
01041800,INST TEC Y DE ESTSUPER DE MONTERRE      ,MX,00000-0000,Private      ,0,6,6,100,75,175
01067600,UNIVERSIDAD DE MONTERREY                ,MX,00000-0000,Private      ,0,3,3,41,35,76
01093800,UNIVERSIDAD DE GUANAJUATO               ,MX,00000-0000,Public       ,0,0,0,16,32,48
01230100,UNIV AUTON DE TAMAULIPAS FAC DEMED      ,MX,00000-0000,Public       ,0,0,0,5,6,11
01302100,"UNIVERSIDAD DEL NORESTE, A.C.           ",MX,00000-0000,Private      ,0,2,2,0,4,4
02053300,CENTRO DE ESTUDIOS UNIVERSITARIOS D     ,MX,00000-0000,Private      ,0,4,4,21,62,83
04183900,CETYS UNIVERSIDAD                       ,MX,00000-0000,Private      ,2,4,6,108,76,184
01001000,AMERICAN SAMOA CMNTY COLLEGE            ,AS,96799-2609,Public       ,108,43,151,1167,415,1582
01034300,COLLEGE OF MICRONESIA - FSM             ,FM,96941-0159,Public       ,174,182,356,2204,1036,3240
01100900,PALAU COMMUNITY COLLEGE                 ,PW,96940-0009,Public       ,63,29,92,922,345,1267
03022400,COLLEGE OF THE MARSHALL ISLANDS         ,MH,96960-1258,Public       ,96,49,145,925,417,1342
03033000,NORTHERN MARIANAS COLLEGE               ,MP,96950-0000,Public       ,27,32,59,922,513,1435
