OPE ID,School,State,Zip Code,School Type,20142015Qtr6_Dependent Students,20142015Qtr6_Independent Students,Quarterly Total,YTD_20142015Qtr6_Dependent Students,YTD_20142015Qtr6_Independent Students,Award Year To Date Total
00100200,ALABAMA AGRCLTL & MECHL UNIV            ,AL,35762-1357,Public       ,60,48,108,6760,3899,10659
00100300,FAULKNER UNIVERSITY                     ,AL,36109-3398,Private      ,23,132,155,2384,4546,6930
00100400,UNIVERSITY OF MONTEVALLO                ,AL,35115-6000,Public       ,12,34,46,2682,1580,4262
00100500,ALABAMA STATE UNIVERSITY                ,AL,36101-0000,Public       ,185,132,317,10171,5981,16152
00100700,CENTRAL ALABAMA COMMUNITY COLLEGE       ,AL,35011-0000,Public       ,27,67,94,1529,1856,3385
00100800,ATHENS STATE UNIVERSITY                 ,AL,35611-1999,Public       ,6,86,92,1024,3594,4618
00100900,AUBURN UNIVERSITY                       ,AL,36849-5113,Public       ,88,173,261,20331,7555,27886
00101200,BIRMINGHAM SOUTHERN COLLEGE             ,AL,35254-0002,Private      ,14,17,31,2147,838,2985
00101300,CALHOUN COMMUNITY COLLEGE               ,AL,35609-0000,Public       ,122,252,374,5629,8444,14073
00101500,ENTERPRISE STATE COMMUNITY COLLEGE      ,AL,36331-1300,Public       ,35,52,87,1377,1683,3060
00101600,UNIVERSITY OF NORTH ALABAMA             ,AL,35632-0001,Public       ,44,72,116,5714,3168,8882
00101700,GADSDEN STATE COMMUNITY COLLEGE         ,AL,35903-2269,Public       ,52,186,238,3430,5760,9190
00101800,GEORGE C WALLACE COMMUNITY COLLEGE      ,AL,36303-0943,Public       ,85,152,237,2744,4675,7419
00101900,HUNTINGDON COLLEGE                      ,AL,36106-2148,Private      ,10,16,26,1607,929,2536
00102000,JACKSONVILLE STATE UNIVERSITY           ,AL,36265-1602,Public       ,62,106,168,7362,5825,13187
00102100,JEFFERSON DAVIS COMMUNITY COLLEGE       ,AL,36427-2790,Public       ,24,35,59,660,1006,1666
00102200,JEFFERSON STATE COMMUNITY COLLEGE       ,AL,35215-3098,Public       ,72,281,353,5395,9171,14566
00102300,JUDSON COLLEGE                          ,AL,36756-2504,Private      ,3,40,43,349,296,645
00102400,UNIVERSITY OF WEST ALABAMA              ,AL,35470-0000,Public       ,26,164,190,2706,4745,7451
00102600,MARION MILITARY INSTITUTE               ,AL,36756-3214,Public       ,3,1,4,638,106,744
00102800,MILES COLLEGE                           ,AL,35064-2697,Private      ,99,35,134,2909,1495,4404
00102900,UNIVERSITY OF MOBILE                    ,AL,36613-0000,Private      ,18,65,83,2096,2261,4357
00103000,BISHOP STATE COMMUNITY COLLEGE          ,AL,36603-5898,Public       ,67,175,242,2843,5372,8215
00103100,NORTHEAST ALABAMA STATE CMNTY COLG      ,AL,35986-0159,Public       ,83,106,189,1562,1966,3528
00103300,OAKWOOD COLLEGE                         ,AL,35896-0001,Private      ,5,19,24,2023,1187,3210
00103400,ALABAMA SOUTHERN COMMUNITY COLLEGE      ,AL,36460-5698,Public       ,58,33,91,1259,1074,2333
00103600,SAMFORD UNIVERSITY                      ,AL,35229-7000,Private      ,15,69,84,4055,3333,7388
00103800,SNEAD STATE COMMUNITY COLLEGE           ,AL,35957-0734,Public       ,37,59,96,1844,1969,3813
00104000,SOUTHERN UNION STATE COMMUNITY CLG      ,AL,36276-0000,Public       ,51,97,148,3835,3593,7428
00104100,SPRING HILL COLLEGE                     ,AL,36608-1791,Private      ,9,23,32,2657,1033,3690
00104400,STILLMAN COLLEGE                        ,AL,35403-0000,Private      ,26,20,46,2084,852,2936
00104600,TALLADEGA COLLEGE                       ,AL,35160-2354,Private      ,92,24,116,1387,596,1983
00104700,TROY UNIVERSITY                         ,AL,36082-0001,Public       ,97,539,636,9566,20540,30106
00105000,TUSKEGEE UNIVERSITY                     ,AL,36088-1645,Private      ,31,12,43,5289,1551,6840
00105100,UNIVERSITY OF ALABAMA (THE)             ,AL,35487-0120,Public       ,139,246,385,29688,12446,42134
00105200,UNIVERSITY OF ALABAMA AT BIRMINGHAM     ,AL,35294-1150,Public       ,92,284,376,12773,14453,27226
00105500,UNIVERSITY OF ALABAMA IN HUNTSVILLE     ,AL,35899-0001,Public       ,52,99,151,5491,5038,10529
00105700,UNIVERSITY OF SOUTH ALABAMA             ,AL,36688-0002,Public       ,89,268,357,11740,11789,23529
00105900,LAWSON STATE COMMUNITY COLLEGE          ,AL,35221-1798,Public       ,76,160,236,2619,4160,6779
00105901,LAWSON STATE COMMUNITY COLLEGE - BESSEME,AL,35021-0308,Public       ,23,51,74,902,1671,2573
00106000,FAULKNER STATE COMMUNITY COLLEGE        ,AL,36507-2698,Public       ,83,132,215,3935,4142,8077
00526000,J.F. DRAKE STATE TECH COLLEGE           ,AL,35811-1584,Public       ,35,78,113,776,2357,3133
00569100,SHELTON STATE COMMUNITY CLG             ,AL,35405-4017,Public       ,78,151,229,4424,4259,8683
00569200,REID STATE TECHNICAL COLLEGE            ,AL,36401-0000,Public       ,12,42,54,308,757,1065
00569700,NORTHWEST- SHOALS COMMUNITY COLLEGE     ,AL,35661-0000,Public       ,165,148,313,3035,2857,5892
00569900,GEORGE C WALLACE STATE CMTY COLLEGE     ,AL,36703-0000,Public       ,103,83,186,1469,1946,3415
00573300,BEVILL STATE CMTY COLLEGE-WALKER        ,AL,35148-0000,Public       ,56,157,213,2527,3472,5999
00573400,H. COUNCILL TRENHOLM STATE TECH COLLEGE ,AL,36108-0020,Public       ,39,100,139,988,2268,3256
00573401,H. C. TRENHOLM ST TECH COL-PATTERSON CAM,AL,36116-2612,Public       ,17,55,72,599,1353,1952
00787100,GEORGE C WALLACE STATE CMTY CLG         ,AL,35077-2000,Public       ,115,121,236,4037,4472,8509
00831000,AUBURN UNIVERSITY-MONTGOMERY            ,AL,36124-0000,Public       ,62,124,186,4989,5088,10077
00898800,LURLEEN B WALLACE COMMUNITY COLLEGE     ,AL,36420-0418,Public       ,38,60,98,1233,1306,2539
01055400,CONCORDIA COLLEGE                       ,AL,36701-3323,Private      ,31,17,48,830,523,1353
01218200,CHATTAHOOCHEE VALLEY CMTY CLG           ,AL,36869-7917,Public       ,35,93,128,1312,2485,3797
01303906,SOUTH UNIVERSITY - MONTGOMERY           ,AL,36116-1120,Proprietary  ,24,104,128,481,2006,2487
02170600,UNITED STATES SPORTS ACADEMY            ,AL,36526-7055,Private      ,1,18,19,46,830,876
02199700,HERITAGE CHRISTIAN UNIVERSITY           ,AL,35630-0000,Private      ,0,4,4,31,95,126
02270400,SOUTHEASTERN BIBLE COLLEGE              ,AL,35244-2083,Private      ,1,5,6,124,322,446
02285000,PAUL MITCHELL THE SCHOOL HUNTSVILLE     ,AL,35758-0000,Proprietary  ,3,2,5,119,207,326
02296000,PRINCE INSTITUTE OF PROFESSIONAL STUDIES,AL,36117-0000,Proprietary  ,0,4,4,47,286,333
02341000,FORTIS COLLEGE                          ,AL,36609-0000,Proprietary  ,36,124,160,782,2820,3602
02503400,AMRIDGE UNIVERSITY                      ,AL,36124-0000,Private      ,6,46,52,129,1298,1427
03010600,VIRGINIA COLLEGE                        ,AL,35209-5154,Proprietary  ,522,2300,2822,5184,26578,31762
03010602,VIRGINIA COLLEGE - HUNTSVILLE           ,AL,35801-5608,Proprietary  ,4,18,22,240,1019,1259
03010607,VIRGINIA COLLEGE - MOBILE               ,AL,36608-1626,Proprietary  ,9,16,25,278,937,1215
03010616,VIRGINIA COLLEGE - MONTGOMERY           ,AL,36117-2802,Proprietary  ,12,21,33,423,1512,1935
03026516,REMINGTON COLLEGE - MOBILE              ,AL,36609-5593,Private      ,5,12,17,305,747,1052
03032500,ALABAMA STATE CLG BARBER STYLING        ,AL,35215-0000,Proprietary  ,3,7,10,115,190,305
03361400,FORTIS COLLEGE                          ,AL,36535-0000,Proprietary  ,11,50,61,165,731,896
03459300,SOUTHEASTERN SCHOOL OF COSMETOLOGY      ,AL,35228-0000,Private      ,4,13,17,44,203,247
03783300,BLUE CLIFF CAREER COLLEGE               ,AL,63306-4749,Proprietary  ,1,7,8,129,377,506
03894300,HUNTSVILLE BIBLE COLLEGE                ,AL,35811-0000,Private      ,1,2,3,28,271,299
04066300,CARDIAC AND VASCULAR INSTITUTE OF ULTRAS,AL,36604-1411,Proprietary  ,1,9,10,72,327,399
04067300,SELMA UNIVERSITY                        ,AL,36701-0000,Private      ,5,8,13,270,638,908
04121500,COLUMBIA SOUTHERN UNIVERSITY            ,AL,36561-3815,Proprietary  ,17,546,563,655,19214,19869
04149200,XCELL ACADEMY-A PAUL MITCHELL PARTNER SC,AL,35216-4990,Proprietary  ,5,3,8,141,286,427
04187200,NEW BEGINNING COLLEGE OF COSMETOLOGY    ,AL,35950-2415,Proprietary  ,4,5,9,103,172,275
04187300,HAIR ACADEMY (THE)                      ,AL,36111-2201,Proprietary  ,2,2,4,61,143,204
04197500,UNIVERSITY ACADEMY OF HAIR DESIGN       ,AL,35476-3100,Proprietary  ,0,2,2,50,81,131
04211000,SALON PROFESSIONAL ACADEMY (THE)        ,AL,35816-1849,Proprietary  ,2,3,5,73,171,244
04217900,NUNATION SCHOOL OF COSMETOLOGY          ,AL,35064-2222,Proprietary  ,0,0,0,6,53,59
04226700,ALABAMA COLLEGE OF OSTEOPATHIC MEDICINE ,AL,36303-2251,Private      ,3,4,7,19,379,398
00111100,ALLAN HANCOCK COLLEGE                   ,CA,93454-6399,Public       ,32,111,143,5467,6387,11854
00111300,ANTELOPE VALLEY COLLEGE                 ,CA,93536-5426,Public       ,175,304,479,8485,13615,22100
00111600,ART CENTER COLLEGE OF DESIGN            ,CA,91103-1999,Private      ,10,12,22,2090,1670,3760
00111700,AZUSA PACIFIC UNIVERSITY                ,CA,91702-7000,Private      ,32,244,276,10619,10530,21149
00111800,BAKERSFIELD COLLEGE                     ,CA,93305-1299,Public       ,229,451,680,12359,13184,25543
00111900,BARSTOW COMMUNITY COLLEGE               ,CA,92311-6608,Public       ,40,180,220,1677,5007,6684
00112000,AMER BAPT SEM OF THE WEST-BERKELEY      ,CA,94704-0000,Private      ,0,4,4,13,77,90
00112200,BIOLA UNIVERSITY                        ,CA,90639-0001,Private      ,3,19,22,6683,2515,9198
00112300,BROOKS INSTITUTE                        ,CA,93103-1809,Proprietary  ,0,4,4,521,373,894
00112400,CABRILLO COLLEGE                        ,CA,95003-3194,Public       ,64,119,183,5614,6173,11787
00112500,CALIFORNIA BAPTIST UNIVERSITY           ,CA,92504-3297,Private      ,21,208,229,8048,7185,15233
00112700,CALIFORNIA COLLEGE OF THE ARTS          ,CA,94107-2206,Private      ,9,13,22,2541,1876,4417
00113100,CALIFORNIA INSTITUTE OF TECHNOLOGY      ,CA,91125-0001,Private      ,5,15,20,4066,771,4837
00113200,CALIFORNIA INSTITUTE OF THE ARTS        ,CA,91355-2397,Private      ,7,6,13,2890,1717,4607
00113300,CALIFORNIA LUTHERAN UNIVERSITY          ,CA,91360-2787,Private      ,7,105,112,5408,2064,7472
00113400,CALIFORNIA MARITIME ACADEMY             ,CA,94590-8181,Public       ,1,3,4,1246,457,1703
00113700,CALIF STATE UNIV-FULLERTON              ,CA,92831-3599,Public       ,79,125,204,52467,25644,78111
00113800,"CALIFORNIA STATE UNIVERSITY, EAST BAY   ",CA,94542-3000,Public       ,31,106,137,18445,15281,33726
00113900,CALIF STATE UNIV-LONG BEACH             ,CA,90840-0006,Public       ,68,137,205,61696,28056,89752
00114000,CALIF STATE UNIV-LOS ANGELES            ,CA,90032-4226,Public       ,69,147,216,39743,25604,65347
00114100,"CALIF STATE UNIV, DOMINGUEZ HILLS       ",CA,90747-0001,Public       ,20,97,117,20044,17369,37413
00114200,CALIF STATE UNIV SAN BERNARDINO         ,CA,92407-2397,Public       ,55,163,218,23061,15622,38683
00114300,CAL POLY STATE UNIVERSITY               ,CA,93407-0001,Public       ,107,30,137,42185,5300,47485
00114400,CALIF STATE POLYTECHNIC UNIV POMONA     ,CA,91768-2500,Public       ,189,72,261,38537,13228,51765
00114600,CALIF STATE UNIV - CHICO                ,CA,95929-0001,Public       ,30,44,74,25353,8088,33441
00114700,CALIF STATE UNIV - FRESNO               ,CA,93740-8026,Public       ,61,93,154,28769,14488,43257
00114900,HUMBOLDT STATE UNIVERSITY               ,CA,95521-8299,Public       ,23,32,55,14226,4922,19148
00115000,CALIF STATE UNIV-SACRAMENTO             ,CA,95819-6044,Public       ,53,114,167,35827,22269,58096
00115100,SAN DIEGO STATE UNIVERSITY              ,CA,92182-1690,Public       ,88,176,264,61372,24000,85372
00115300,CALIF STATE UNIV-NORTHRIDGE             ,CA,91330-8307,Public       ,81,128,209,48375,25130,73505
00115400,SAN FRANCISCO STATE UNIVERSITY          ,CA,94132-1740,Public       ,66,120,186,39050,20089,59139
00115500,SAN JOSE STATE UNIVERSITY               ,CA,95192-0036,Public       ,53,95,148,36425,18878,55303
00115600,SONOMA STATE UNIVERSITY                 ,CA,94928-3609,Public       ,7,26,33,14457,4116,18573
00115700,CALIF STATE UNIV-STANISLAUS             ,CA,95382-0299,Public       ,17,41,58,10937,6896,17833
00116100,CERRITOS COLLEGE                        ,CA,90650-6296,Public       ,136,297,433,18920,15951,34871
00116200,CHABOT COLLEGE                          ,CA,94545-2400,Public       ,58,194,252,7095,8309,15404
00116300,CHAFFEY COLLEGE                         ,CA,91737-9400,Public       ,131,278,409,16848,17290,34138
00116400,CHAPMAN UNIVERSITY                      ,CA,92866-1099,Private      ,19,37,56,12502,3807,16309
00116453,CHAPMAN UNIVERSITY DALE E. FOWLER SCHOOL,CA,92866-0000,Private      ,0,4,4,77,1228,1305
00116500,CHURCH DIV SCH OF THE PACIFIC           ,CA,94709-0000,Private      ,0,6,6,4,81,85
00116600,CITRUS COLLEGE                          ,CA,91741-1899,Public       ,162,181,343,11573,8928,20501
00116900,CLAREMONT GRADUATE UNIVERSITY           ,CA,91711-0000,Private      ,0,26,26,39,1972,2011
00117000,CLAREMONT MCKENNA COLLEGE               ,CA,91711-6400,Private      ,2,2,4,3650,222,3872
00117100,HARVEY MUDD COLLEGE                     ,CA,91711-5990,Private      ,1,0,1,2677,118,2795
00117200,PITZER COLLEGE                          ,CA,91711-6101,Private      ,1,1,2,3010,213,3223
00117300,POMONA COLLEGE                          ,CA,91711-6301,Private      ,2,3,5,5161,309,5470
00117400,SCRIPPS COLLEGE                         ,CA,91711-3948,Private      ,0,1,1,2187,192,2379
00117600,WEST HILLS COMMUNITY COLLEGE            ,CA,93210-1399,Public       ,6,33,39,1569,1458,3027
00117700,COGSWELL POLYTECHNICAL COLLEGE          ,CA,94089-1210,Proprietary  ,1,5,6,611,281,892
00117800,COLLEGE OF MARIN                        ,CA,94904-2590,Public       ,14,32,46,1372,2422,3794
00117801,COLG OF MARIN-INDIAN VALLEY CMPS        ,CA,94949-0000,Public       ,4,7,11,409,757,1166
00117900,NOTRE DAME DE NAMUR UNIVERSITY          ,CA,94002-1997,Private      ,3,15,18,1828,1522,3350
00118100,COLLEGE OF SAN MATEO                    ,CA,94402-3784,Public       ,49,73,122,4183,3558,7741
00118200,COLLEGE OF THE DESERT                   ,CA,92260-9305,Public       ,55,145,200,6569,7216,13785
00118300,HOLY NAMES UNIVERSITY                   ,CA,94619-1699,Private      ,2,9,11,994,1179,2173
00118500,COLLEGE OF THE REDWOODS                 ,CA,95501-9300,Public       ,18,80,98,2943,4186,7129
00118600,COLLEGE OF THE SEQUOIAS                 ,CA,93277-2234,Public       ,92,149,241,7429,8117,15546
00118700,COLLEGE OF THE SISKIYOUS                ,CA,96094-2899,Public       ,9,32,41,1103,1252,2355
00118701,COLLEGE OF THE SISKIYOUS - YREKA CENTER ,CA,96097-9538,Public       ,3,13,16,160,418,578
00119000,CONTRA COSTA COLLEGE                    ,CA,94806-3195,Public       ,46,107,153,2835,4247,7082
00119100,DIABLO VALLEY COLLEGE                   ,CA,94523-1544,Public       ,86,166,252,7524,7266,14790
00119200,CUESTA COLLEGE                          ,CA,93403-8106,Public       ,46,138,184,5118,4798,9916
00119300,CYPRESS COLLEGE                         ,CA,90630-5897,Public       ,73,167,240,12711,10378,23089
00119600,DOMINICAN UNIVERSITY OF CALIFORNIA      ,CA,94901-2298,Private      ,1,15,16,2835,1368,4203
00119700,EL CAMINO COLLEGE                       ,CA,90506-0002,Public       ,151,309,460,17103,15218,32321
00119701,COMPTON COMMUNITY COLLEGE               ,CA,90221-5393,Public       ,49,199,248,4356,6805,11161
00119900,FOOTHILL COLLEGE                        ,CA,94022-4597,Public       ,49,162,211,4666,5735,10401
00120000,FULLER THEOLOGICAL SEMINARY             ,CA,91182-0000,Private      ,0,19,19,19,2285,2304
00120100,FULLERTON COLLEGE                       ,CA,92832-2095,Public       ,130,224,354,17298,12156,29454
00120200,GAVILAN COLLEGE                         ,CA,95020-9599,Public       ,46,77,123,2450,2465,4915
00120300,GLENDALE COMMUNITY COLLEGE              ,CA,91208-2894,Public       ,142,162,304,11236,10766,22002
00120500,GOLDEN GATE UNIVERSITY                  ,CA,94105-2967,Private      ,2,50,52,237,3208,3445
00120600,GOLDEN WEST COLLEGE                     ,CA,92647-2748,Public       ,42,112,154,10412,9208,19620
00120700,GRADUATE THEOLOGICAL UNION              ,CA,94709-0000,Private      ,0,0,0,3,276,279
00120800,GROSSMONT COLLEGE                       ,CA,92020-1799,Public       ,116,254,370,11376,13160,24536
00120900,HARTNELL COMMUNITY COLLEGE              ,CA,93901-1697,Public       ,83,87,170,4889,3913,8802
00121200,HUMPHREYS COLLEGE                       ,CA,95207-3896,Private      ,4,19,23,367,1264,1631
00121400,IMPERIAL VALLEY COLLEGE                 ,CA,92251-9787,Public       ,200,132,332,5405,4798,10203
00121500,LA SIERRA UNIVERSITY                    ,CA,92515-3332,Private      ,8,15,23,3940,1792,5732
00121600,UNIVERSITY OF LA VERNE                  ,CA,91750-4443,Private      ,10,173,183,6413,7952,14365
00121700,LASSEN COLLEGE                          ,CA,96130-3000,Public       ,7,22,29,631,773,1404
00121800,LOMA LINDA UNIVERSITY                   ,CA,92350-0001,Private      ,10,31,41,1419,6370,7789
00121900,LONG BEACH CITY COLLEGE                 ,CA,90808-1780,Public       ,144,435,579,20375,18795,39170
00122000,MASTER'S COLLEGE & SEMINARY (THE)       ,CA,91321-1200,Private      ,1,10,11,1402,532,1934
00122300,LOS ANGELES CITY COLLEGE                ,CA,90029-3588,Public       ,130,393,523,12130,19581,31711
00122400,LOS ANGELES HARBOR COLLEGE              ,CA,90744-2397,Public       ,56,129,185,5338,6436,11774
00122600,LOS ANGELES PIERCE COLLEGE              ,CA,91371-0001,Public       ,357,309,666,15155,14206,29361
00122700,LOS ANGELES TRADE TECH COLLEGE          ,CA,90015-4181,Public       ,153,479,632,8652,18149,26801
00122800,LOS ANGELES VALLEY COLLEGE              ,CA,91401-4096,Public       ,148,244,392,11261,13507,24768
00122900,SO CA UNIV  HEALTH SCIENCES             ,CA,90604-4051,Private      ,0,19,19,60,843,903
00123000,MARSHALL B. KETCHUM UNIVERSITY          ,CA,92831-1699,Private      ,0,0,0,22,574,596
00123200,AMERICAN RIVER COLLEGE                  ,CA,95841-4286,Public       ,129,461,590,15660,24665,40325
00123300,SACRAMENTO CITY COLLEGE                 ,CA,95822-1386,Public       ,116,364,480,15620,19726,35346
00123600,MENLO COLLEGE                           ,CA,94027-4301,Private      ,0,2,2,1751,232,1983
00123700,MERCED COMMUNITY COLLEGE                ,CA,95348-2898,Public       ,117,157,274,7503,6925,14428
00123800,MILLS COLLEGE                           ,CA,94613-1301,Private      ,2,9,11,2007,2176,4183
00123900,MIRACOSTA COLLEGE                       ,CA,92056-3899,Public       ,96,289,385,6397,9573,15970
00124000,MODESTO JUNIOR COLLEGE                  ,CA,95350-5800,Public       ,120,386,506,11535,13821,25356
00124200,MONTEREY PENINSULA COLLEGE              ,CA,93940-4799,Public       ,44,90,134,3695,3545,7240
00124300,MOUNT ST MARYS COLLEGE                  ,CA,90049-1599,Private      ,6,42,48,3745,2960,6705
00124500,MT. SAN ANTONIO COLLEGE                 ,CA,91789-1399,Public       ,120,259,379,22083,18475,40558
00124600,MT SAN JACINTO COLLEGE                  ,CA,92583-2399,Public       ,135,367,502,10373,14529,24902
00124700,NAPA VALLEY COLLEGE                     ,CA,94558-6236,Public       ,18,79,97,3380,3403,6783
00124900,OCCIDENTAL COLLEGE                      ,CA,90041-3314,Private      ,2,1,3,5209,433,5642
00125000,ORANGE COAST COLLEGE - FIN AID OFF      ,CA,92628-5005,Public       ,70,228,298,15586,12932,28518
00125100,OTIS COLLEGE OF ART AND DESIGN          ,CA,90045-3505,Private      ,5,7,12,1918,1009,2927
00125200,HOPE INTERNATIONAL UNIVERSITY           ,CA,92631-0000,Private      ,2,9,11,864,1179,2043
00125300,FRESNO PACIFIC UNIVERSITY               ,CA,93702-4798,Private      ,19,112,131,2787,4975,7762
00125400,PACIFIC LUTHERAN THEOLOGICAL SEM        ,CA,94708-0000,Private      ,0,0,0,6,66,72
00125500,PACIFIC OAKS COLLEGE                    ,CA,91103-3606,Private      ,0,32,32,72,1719,1791
00125600,PACIFIC SCHOOL OF RELIGION              ,CA,94709-0000,Private      ,0,4,4,4,214,218
00125800,PACIFIC UNION COLLEGE                   ,CA,94508-9797,Private      ,2,4,6,2164,646,2810
00125900,PALO VERDE COLLEGE                      ,CA,92225-0000,Public       ,2,12,14,373,677,1050
00126000,PALOMAR COLLEGE                         ,CA,92069-1486,Public       ,110,271,381,11610,12262,23872
00126100,PASADENA CITY COLLEGE                   ,CA,91106-2003,Public       ,187,353,540,21514,17198,38712
00126200,POINT LOMA NAZARENE UNIVERSITY          ,CA,92106-2899,Private      ,6,80,86,4707,1885,6592
00126600,LANEY COLLEGE                           ,CA,94607-4893,Public       ,93,248,341,4927,10072,14999
00126700,MERRITT COLLEGE                         ,CA,94619-3196,Public       ,53,149,202,3039,6794,9833
00126800,PORTERVILLE COLLEGE                     ,CA,93257-6059,Public       ,49,61,110,2700,2644,5344
00126900,RIO HONDO COLLEGE                       ,CA,90601-1699,Public       ,133,265,398,13493,10472,23965
00127000,RIVERSIDE CITY COLLEGE                  ,CA,92506-1299,Public       ,190,369,559,21617,21391,43008
00127200,SAN BERNARDINO VALLEY COLLEGE           ,CA,92410-2798,Public       ,112,382,494,10957,16096,27053
00127300,SAN DIEGO CITY COLLEGE                  ,CA,92101-4787,Public       ,146,524,670,12372,18739,31111
00127500,SAN DIEGO MESA COLLEGE                  ,CA,92111-4996,Public       ,136,468,604,13630,16305,29935
00127800,SAN FRANCISCO CONSERVATORY OF MUSIC     ,CA,94122-4498,Private      ,2,1,3,342,438,780
00127900,SAN FRANCISCO THEOLOGICAL SEMINARY      ,CA,94960-0000,Private      ,0,2,2,8,61,69
00128000,SAN JOAQUIN DELTA COLLEGE               ,CA,95207-6370,Public       ,183,370,553,12058,13756,25814
00128100,WILLIAM JESSUP UNIVERSITY               ,CA,95765-3707,Private      ,1,18,19,1365,886,2251
00128200,SAN JOSE CITY COLLEGE                   ,CA,95128-2797,Public       ,43,155,198,5643,7783,13426
00128400,SANTA ANA COLLEGE                       ,CA,92706-3398,Public       ,70,155,225,10616,9549,20165
00128500,SANTA BARBARA CITY COLLEGE              ,CA,93109-2394,Public       ,103,201,304,11131,7300,18431
00128600,SANTA MONICA COLLEGE                    ,CA,90405-1644,Public       ,186,318,504,22996,15484,38480
00128700,SANTA ROSA JUNIOR COLLEGE               ,CA,95401-4395,Public       ,30,149,179,7461,8557,16018
00128800,CLAREMONT SCHOOL OF THEOLOGY            ,CA,91711-0000,Private      ,0,0,0,7,321,328
00128900,SHASTA COLLEGE                          ,CA,96049-7692,Public       ,20,107,127,4226,6150,10376
00129000,SIERRA COLLEGE                          ,CA,95677-3397,Public       ,110,268,378,10183,11862,22045
00129100,SIMPSON UNIVERSITY                      ,CA,96003-8606,Private      ,2,16,18,1350,1288,2638
00129200,SOLANO COMMUNITY COLLEGE                ,CA,94534-3197,Public       ,70,191,261,4592,7102,11694
00129300,VANGUARD UNIVERSITY OF SOUTHERN CA      ,CA,92626-6597,Private      ,10,20,30,2382,1420,3802
00129400,SOUTHWESTERN COLLEGE                    ,CA,91910-7299,Public       ,80,199,279,11519,10812,22331
00129500,SOUTHWESTERN LAW SCHOOL                 ,CA,90010-1106,Private      ,1,14,15,62,2234,2296
00129600,DOMINICAN SCH PHILOSOPHY & THEOLOGY     ,CA,94709-0000,Private      ,0,0,0,5,53,58
00129900,ST JOHN'S SEMINARY COLLEGE              ,CA,93010-0000,Private      ,0,1,1,10,10,20
00130200,SAINT MARY'S COLLEGE OF CALIFORNIA      ,CA,94556-2744,Private      ,6,29,35,5579,1848,7427
00130500,STANFORD UNIVERSITY                     ,CA,94305-6106,Private      ,23,43,66,28245,4047,32292
00130501,STANFORD UNIVERSITY - SCHOOL OF MEDICINE,CA,94305-5404,Private      ,4,2,6,231,1310,1541
00130502,STANFORD UNIVERSITY - GRADUATE SCHOOL OF,CA,94305-7298,Private      ,1,27,28,111,2220,2331
00130503,STANFORD UNIVERSITY - STANFORD LAW SCHOO,CA,94305-8610,Private      ,2,3,5,267,2559,2826
00130700,FRESNO CITY COLLEGE                     ,CA,93741-0002,Public       ,186,473,659,18207,20632,38839
00130800,REEDLEY COLLEGE                         ,CA,93654-2099,Public       ,66,138,204,8488,6656,15144
00130900,TAFT COLLEGE                            ,CA,93268-2317,Public       ,44,87,131,2211,2157,4368
00131200,"UNIVERSITY OF CALIFORNIA, BERKELEY      ",CA,94720-1520,Public       ,455,170,625,62268,21376,83644
00131300,UNIVERSITY OF CALIFORNIA-DAVIS          ,CA,95616-8558,Public       ,62,79,141,58064,16239,74303
00131400,UNIVERSITY OF CALIFORNIA-IRVINE         ,CA,92697-2825,Public       ,480,183,663,65218,15666,80884
00131500,UNIVERSITY OF CALIFORNIA (UCLA)         ,CA,90095-9000,Public       ,128,196,324,79371,29200,108571
00131502,UNIV OF CALIFORNIA LOS ANG SCH MED      ,CA,90095-0000,Public       ,0,6,6,379,1217,1596
00131503,UNIV OF CALIFORNIA LOS ANG DENTAL       ,CA,90095-0000,Public       ,0,0,0,133,232,365
00131600,UNIVERSITY OF CALIFORNIA-RIVERSIDE      ,CA,92521-0209,Public       ,53,76,129,43089,11194,54283
00131700,UNIVERSITY OF CALIFORNIA-SAN DIEGO      ,CA,92093-0013,Public       ,81,88,169,58436,12276,70712
00131900,UNIVERSITY OF CALIFORNIA-SFRANCISCO     ,CA,94143-0246,Public       ,9,21,30,1942,5066,7008
00132000,UNIVERSITY OF CALIFORNIA-SANTA BARB     ,CA,93106-3180,Public       ,344,71,415,56595,8221,64816
00132100,UNIVERSITY OF CALIFORNIA-SANTA CRUZ     ,CA,95064-0001,Public       ,57,44,101,39215,5938,45153
00132200,UNIVERSITY OF REDLANDS                  ,CA,92373-0999,Private      ,12,110,122,5769,4275,10044
00132500,UNIVERSITY OF SAN FRANCISCO             ,CA,94117-1080,Private      ,14,104,118,14130,9095,23225
00132600,SANTA CLARA UNIVERSITY                  ,CA,95053-4956,Private      ,14,33,47,12077,3501,15578
00132604,JESUIT SCHOOL OF THEOLOGY - BERKELEY    ,CA,94709-1193,Private      ,0,0,0,5,66,71
00132800,UNIVERSITY OF SOUTHERN CALIFORNIA       ,CA,90089-0914,Private      ,51,269,320,47168,31810,78978
00132900,UNIVERSITY OF THE PACIFIC               ,CA,95211-0197,Private      ,10,19,29,10677,3717,14394
00132901,UNIVERSITY OF THE PACIFIC - MCGEORGE SCH,CA,95817-2799,Private      ,2,10,12,216,1476,1692
00132902,UNIV OF THE PACIFIC SCH OF DENT         ,CA,94115-0000,Private      ,0,0,0,88,661,749
00133400,VENTURA COLLEGE                         ,CA,93003-3899,Public       ,105,199,304,7291,6735,14026
00133500,VICTOR VALLEY COLLEGE                   ,CA,92395-5849,Public       ,186,421,607,8413,12491,20904
00133800,WEST VALLEY COLLEGE                     ,CA,95070-5697,Public       ,35,67,102,3423,3305,6728
00134100,WESTMONT COLLEGE                        ,CA,93108-1099,Private      ,0,2,2,2584,214,2798
00134200,WHITTIER COLLEGE                        ,CA,90601-0000,Private      ,5,10,15,4448,705,5153
00134201,WHITTIER COLLEGE - COLLEGE OF LAW       ,CA,92626-1501,Private      ,1,3,4,24,1131,1155
00134300,WOODBURY UNIVERSITY                     ,CA,91510-7846,Private      ,3,8,11,1304,977,2281
00134400,YUBA COLLEGE                            ,CA,95901-7699,Public       ,154,182,336,4165,5906,10071
00177212,TRINITY INTERNATIONAL UNIV-CA           ,CA,92705-0000,Private      ,0,3,3,9,342,351
00188100,ASHFORD UNIVERSITY                      ,CA,92123-1406,Proprietary  ,187,6461,6648,2470,104317,106787
00274100,AMERICAN JEWISH UNIVERSITY              ,CA,90077-1599,Private      ,0,0,0,92,150,242
00301002,ANTIOCH UNIV/LOS ANGELES                ,CA,90230-7615,Private      ,1,11,12,71,1227,1298
00301003,ANTIOCH  UNIV/SANTA BARBARA             ,CA,93101-0000,Private      ,2,14,16,811,715,1526
00369110,MIDDLEBURY COLLEGE - MONTEREY INSTITUTE ,CA,93940-2691,Private      ,1,5,6,48,889,937
00394700,UC-HASTINGS COLLEGE OF THE LAW          ,CA,94102-0000,Public       ,0,1,1,36,2590,2626
00394800,SAN FRANCISCO ART INSTITUTE             ,CA,94133-2299,Private      ,9,12,21,2049,1385,3434
00408000,STARR KING SCHOOL FOR THE MINISTRY      ,CA,94709-1299,Private      ,0,0,0,4,108,112
00448000,DE ANZA COLLEGE                         ,CA,95014-5793,Public       ,113,218,331,11308,8893,20201
00448100,OHLONE COLLEGE                          ,CA,94539-5847,Public       ,57,72,129,4290,3920,8210
00448400,JOHN F. KENNEDY UNIVERSITY              ,CA,94523-4817,Private      ,1,25,26,70,1589,1659
00449400,EVEREST COLLEGE                         ,CA,92408-3752,Proprietary  ,7,14,21,596,1246,1842
00449401,EVEREST COLLEGE - SANTA ANA             ,CA,92701-4559,Proprietary  ,1,8,9,362,599,961
00449402,EVEREST COLLEGE - ONTARIO               ,CA,91761-8525,Proprietary  ,1,8,9,508,1220,1728
00450200,CITY COLLEGE OF SAN FRANCISCO           ,CA,94112-0000,Public       ,116,352,468,9221,15476,24697
00563800,DOWNEY ADULT SCHOOL                     ,CA,90241-5610,Public       ,2,30,32,335,999,1334
00565500,HACIENDA LA PUENTE ADULT EDUC CTR       ,CA,91746-0000,Public       ,4,7,11,261,806,1067
00616500,LA CNTY CLG OF NURSING & ALLD HLTH      ,CA,90033-1018,Public       ,3,13,16,228,762,990
00672000,COLLEGE OF ALAMEDA                      ,CA,94501-2109,Public       ,49,117,166,3238,4823,8061
00673100,CASA LOMA COLLEGE                       ,CA,91405-4523,Private      ,3,11,14,251,689,940
00697300,CANADA COLLEGE                          ,CA,94061-1099,Public       ,18,52,70,1671,2476,4147
00697500,LINCOLN UNIVERSITY                      ,CA,94612-2801,Private      ,3,4,7,50,192,242
00701200,SAMUEL MERRITT COLLEGE                  ,CA,94609-3108,Private      ,4,56,60,461,3017,3478
00704700,LOS ANGELES SOUTHWEST COLLEGE           ,CA,90047-4810,Public       ,65,237,302,4211,9449,13660
00705000,BELLUS ACADEMY                          ,CA,91950-3616,Proprietary  ,6,11,17,178,276,454
00711500,MOORPARK COLLEGE                        ,CA,93021-1695,Public       ,87,148,235,7186,5498,12684
00713000,NEWBERRY SCHOOLS OF BEAUTY              ,CA,91344-7404,Proprietary  ,4,13,17,96,156,252
00714200,LYLE'S COLLEGE OF BEAUTY                ,CA,93710-3948,Proprietary  ,7,9,16,137,198,335
00716400,BRYAN COLLEGE                           ,CA,90057-0000,Proprietary  ,28,434,462,314,3028,3342
00718700,NORTH ADRIAN'S COLLEGE OF BEAUTY        ,CA,95350-2381,Proprietary  ,10,21,31,143,342,485
00719000,WYOTECH                                 ,CA,94539-7663,Proprietary  ,5,6,11,543,1024,1567
00720300,SALON SUCCESS ACADEMY                   ,CA,91786-4060,Proprietary  ,18,15,33,123,193,316
00720400,MODERN BEAUTY ACADEMY                   ,CA,93030-7016,Proprietary  ,4,8,12,67,89,156
00720900,REDONDO BEACH BEAUTY COLLEGE            ,CA,90278-3111,Proprietary  ,1,4,5,14,48,62
00723400,HEALD COLLEGE                           ,CA,94105-2206,Proprietary  ,1,14,15,506,1365,1871
00723404,HEALD COLLEGE - CONCORD                 ,CA,94520-0000,Proprietary  ,3,10,13,767,1866,2633
00723405,HEALD COLLEGE - MILPITAS                ,CA,95035-8008,Proprietary  ,4,15,19,712,1921,2633
00723406,HEALD COLLEGE - HAYWARD                 ,CA,94545-2352,Proprietary  ,5,7,12,737,1665,2402
00723407,HEALD COLLEGE - MODESTO                 ,CA,95368-9095,Proprietary  ,2,8,10,717,1277,1994
00723408,HEALD COLLEGE - ROSEVILLE               ,CA,95678-5303,Proprietary  ,7,12,19,592,1687,2279
00723409,HEALD COLLEGE - SALINAS                 ,CA,93906-5100,Proprietary  ,1,9,10,578,1113,1691
00723410,HEALD COLLEGE - STOCKTON                ,CA,95210-5667,Proprietary  ,4,13,17,919,1812,2731
00723411,HEALD COLLEGE - RANCHO CORDOVA          ,CA,95670-6005,Proprietary  ,0,7,7,465,1451,1916
00723412,HEALD COLLEGE - FRESNO                  ,CA,93704-1706,Proprietary  ,6,23,29,1184,2300,3484
00725300,FEDERICO BEAUTY INSTITUTE               ,CA,95834-1905,Proprietary  ,9,23,32,328,615,943
00729600,COLEMAN COLLEGE                         ,CA,92123-0000,Private      ,8,21,29,278,903,1181
00732909,ITT TECHNICAL INSTITUTE                 ,CA,92868-3506,Proprietary  ,36,229,265,741,3014,3755
00732971,ITT TECHNICAL INSTITUTE                 ,CA,95670-6047,Proprietary  ,26,172,198,584,2405,2989
00732976,ITT TECHNICAL INSTITUTE                 ,CA,92408-3519,Proprietary  ,69,259,328,1137,3362,4499
00732981,ITT TECHNICAL INSTITUTE                 ,CA,92123-2662,Proprietary  ,45,214,259,841,3512,4353
00732985,ITT TECHNICAL INSTITUTE                 ,CA,91773-2933,Proprietary  ,27,119,146,545,1984,2529
00732989,ITT TECHNICAL INSTITUTE                 ,CA,90502-1356,Proprietary  ,20,188,208,537,2442,2979
00732994,ITT TECHNICAL INSTITUTE                 ,CA,91342-3664,Proprietary  ,37,143,180,540,2079,2619
00746901,HUSSIAN SCHOOL OF ART-RELATIVITY CAMPUS ,CA,90017-2019,Proprietary  ,1,0,1,4,5,9
00747600,MARINELLO SCHOOLS OF BEAUTY             ,CA,90023-2666,Proprietary  ,25,32,57,418,709,1127
00747602,MARINELLO SCHOOLS OF BEAUTY - SPA ACADEM,CA,90048-5101,Proprietary  ,6,11,17,136,277,413
00747603,MARINELLO SCHOOLS OF BEAUTY - INGLEWOOD ,CA,90301-2306,Proprietary  ,5,10,15,161,263,424
00747604,MARINELLO SCHOOLS OF BEAUTY - RESEDA    ,CA,91335-4218,Proprietary  ,3,0,3,46,65,111
00747606,MARINELLO SCHOOLS OF BEAUTY - WEST COVIN,CA,91790-2805,Proprietary  ,9,12,21,135,194,329
00747607,MARINELLO SCHOOLS OF BEAUTY - SAN BERNAR,CA,92410-3261,Proprietary  ,9,35,44,154,321,475
00747608,MARINELLO SCHOOLS OF BEAUTY - ONTARIO   ,CA,91762-2113,Proprietary  ,14,19,33,226,343,569
00747609,MARINELLO SCHOOLS OF BEAUTY - WHITTIER  ,CA,90601-4107,Proprietary  ,10,15,25,130,185,315
00747610,MARINELLO SCHOOLS OF BEAUTY - LOMITA    ,CA,90717-1460,Proprietary  ,5,11,16,75,160,235
00747611,MARINELLO SCHOOLS OF BEAUTY - SAN DIEGO ,CA,92126-4217,Proprietary  ,6,34,40,224,538,762
00747612,MARINELLO SCHOOLS OF BEAUTY - EL CAJON  ,CA,92020-2503,Proprietary  ,9,27,36,137,299,436
00747613,MARINELLO SCHOOLS OF BEAUTY - VICTORVILL,CA,92392-5496,Proprietary  ,14,29,43,189,412,601
00747614,MARINELLO SCHOOLS OF BEAUTY - ANAHEIM   ,CA,92801-4622,Proprietary  ,9,14,23,199,243,442
00747615,MARINELLO SCHOOLS OF BEAUTY - SIMI VALLE,CA,93065-2801,Proprietary  ,0,1,1,64,103,167
00753100,ACADEMY OF ART UNIVERSITY               ,CA,94105-3410,Proprietary  ,84,259,343,7608,11962,19570
00753600,COSUMNES RIVER COLLEGE                  ,CA,95823-5799,Public       ,84,222,306,10135,12340,22475
00754802,WESTWOOD COLLEGE OF TECHNOLOGY          ,CA,92801-0000,Proprietary  ,3,18,21,636,721,1357
00754803,WESTWOOD COLLEGE OF TECHNOLOGY          ,CA,91786-0000,Proprietary  ,19,35,54,770,967,1737
00760600,EVEREST COLLEGE                         ,CA,90010-2221,Proprietary  ,0,0,0,251,380,631
00760700,CONCORDE CAREER INSTITUTE               ,CA,91606-3134,Proprietary  ,26,22,48,457,865,1322
00770700,COLUMBIA COLLEGE                        ,CA,95370-8580,Public       ,7,45,52,1452,1664,3116
00771300,SKYLINE COLLEGE                         ,CA,94066-1698,Public       ,52,124,176,4445,4499,8944
00793000,CONCORDE CAREER INSTITUTE               ,CA,92108-0000,Proprietary  ,20,56,76,406,1425,1831
00799300,CALIF STATE UNIV BAKERSFIELD            ,CA,93311-1022,Public       ,42,106,148,11818,7968,19786
00807100,CONCORDE CAREER INSTITUTE               ,CA,92840-9201,Proprietary  ,21,47,68,422,1025,1447
00807300,BUTTE COMMUNITY COLLEGE                 ,CA,95965-0000,Public       ,48,140,188,8073,9261,17334
00809000,EVEREST COLLEGE                         ,CA,91803-1310,Proprietary  ,3,5,8,277,616,893
00853700,CONCORDE CAREER INSTITUTE               ,CA,92401-0000,Proprietary  ,16,49,65,495,1274,1769
00859600,WEST LOS ANGELES COLLEGE                ,CA,90230-3500,Public       ,93,198,291,6028,10118,16146
00859700,FEATHER RIVER COLLEGE                   ,CA,95971-9124,Public       ,13,16,29,828,583,1411
00884400,CALIFORNIA CHRISTIAN COLLEGE            ,CA,93703-3599,Private      ,0,3,3,104,194,298
00884600,WRIGHT INSTITUTE                        ,CA,94704-0000,Private      ,0,3,3,5,505,510
00890300,COLLEGE OF THE CANYONS                  ,CA,91355-1899,Public       ,106,188,294,9854,7780,17634
00891800,SADDLEBACK COLLEGE                      ,CA,92692-3699,Public       ,67,194,261,7131,8465,15596
00902200,ASSOCIATED TECHNICAL COLLEGE            ,CA,90017-0000,Proprietary  ,4,65,69,215,689,904
00903200,EMPIRE COLLEGE                          ,CA,95403-2122,Proprietary  ,7,24,31,223,622,845
00915706,WYOTECH - WEST SACRAMENTO CAMPUS        ,CA,95605-1507,Proprietary  ,0,0,0,16,23,39
00927200,CRAFTON HILLS COLLEGE                   ,CA,92399-1799,Public       ,39,97,136,4702,4875,9577
00950900,SKILLS & BUSINESS EDUCATION CENTER      ,CA,95824-1529,Public       ,8,23,31,345,1145,1490
00974800,CARRINGTON COLLEGE                      ,CA,95826-3203,Proprietary  ,84,147,231,1471,3261,4732
00974801,CARRINGTON COLLEGE  - SAN LEANDRO CAMPUS,CA,94578-3711,Proprietary  ,16,35,51,378,752,1130
00974802,CARRINGTON COLLEGE  - PLEASANT HILL CAMP,CA,94523-1984,Proprietary  ,17,35,52,447,954,1401
00974803,CARRINGTON COLLEGE  - STOCKTON          ,CA,95207-5509,Proprietary  ,36,47,83,627,896,1523
00974804,CARRINGTON COLLEGE  - CITRUS HEIGHTS    ,CA,95621-5577,Proprietary  ,25,55,80,387,886,1273
00974807,CARRINGTON COLLEGE  - SAN JOSE          ,CA,95119-1325,Proprietary  ,30,52,82,822,1411,2233
00998900,SANTA BARBARA BUSINESS COLLEGE          ,CA,93111-0000,Proprietary  ,5,37,42,369,714,1083
01011100,CERRO-COSO COMMUNITY COLLEGE            ,CA,93555-9571,Public       ,27,140,167,987,2944,3931
01014900,PEPPERDINE UNIVERSITY                   ,CA,90263-0000,Private      ,5,123,128,8998,6707,15705
01034000,LOS MEDANOS COLLEGE                     ,CA,94565-5197,Public       ,69,147,216,4102,5237,9339
01036500,CHARLES R DREW UNIV OF MED & SCI        ,CA,90059-0000,Private      ,0,29,29,128,1096,1224
01039500,UNIVERSITY OF SAN DIEGO                 ,CA,92110-2492,Private      ,25,92,117,18681,6982,25663
01039501,UNIVERSITY OF SAN DIEGO - SCHOOL OF LAW ,CA,92110-2492,Private      ,1,12,13,269,2332,2601
01044100,PARDEE RAND GRADUATE SCHOOL             ,CA,90407-2138,Private      ,0,0,0,4,28,32
01047400,MARYMOUNT COLLEGE OF PALOS VERDES       ,CA,90275-0000,Private      ,3,1,4,1153,268,1421
01085400,THOMAS JEFFERSON SCHOOL OF LAW          ,CA,92110-0000,Private      ,0,11,11,40,1647,1687
01102400,EVEREST COLLEGE                         ,CA,94103-2091,Proprietary  ,0,0,0,104,191,295
01110700,EVEREST  COLLEGE                        ,CA,92801-5231,Proprietary  ,2,9,11,379,735,1114
01110900,EVEREST COLLEGE                         ,CA,91335-4631,Proprietary  ,2,13,15,365,759,1124
01111200,FIDM-FASHION INSTITUTE OF DESIGN        ,CA,90015-1421,Proprietary  ,15,22,37,5331,2418,7749
01111700,ALLIANT INTERNATIONAL UNIVERSITY        ,CA,92131-1799,Private      ,0,32,32,217,2162,2379
01111705,ALLIANT INTERNATIONAL UNIVERSITY - LOS A,CA,91803-1360,Private      ,0,4,4,19,714,733
01111706,ALLIANT INTERNATIONAL UNIVERSITY - SAN F,CA,94133-1221,Private      ,1,10,11,42,850,892
01111707,ALLIANT INTERNATIONAL UNIVERSITY - FRESN,CA,93727-2014,Private      ,1,5,6,79,586,665
01112100,EVEREST COLLEGE                         ,CA,94541-4007,Proprietary  ,0,0,0,87,156,243
01112300,EVEREST COLLEGE                         ,CA,90247-4163,Proprietary  ,1,11,12,204,730,934
01146000,NATIONAL UNIVERSITY                     ,CA,92037-1011,Private      ,34,1089,1123,1097,23047,24144
01162600,PRACTICAL SCHOOLS                       ,CA,92805-0000,Proprietary  ,10,35,45,302,602,904
01164900,LOYOLA MARYMOUNT UNIVERSITY             ,CA,90045-0000,Private      ,26,53,79,13122,3969,17091
01164901,LMU  - LOYOLA LAW SCHOOL                ,CA,90015-0019,Private      ,2,15,17,193,2715,2908
01167200,MENDOCINO COLLEGE                       ,CA,95482-3000,Public       ,40,65,105,1514,2420,3934
01170700,NORTH-WEST COLLEGE                      ,CA,91790-2097,Proprietary  ,17,29,46,344,669,1013
01179200,FRANCISCAN SCHOOL OF THEOLOGY           ,CA,94709-0000,Private      ,0,1,1,5,35,40
01182000,SAN DIEGO MIRAMAR COLLEGE               ,CA,92126-0000,Public       ,88,319,407,6433,10081,16514
01186500,CALIFORNIA HAIR DESIGN ACADEMY          ,CA,92115-0000,Proprietary  ,8,22,30,197,330,527
01186600,LU ROSS ACADEMY                         ,CA,93001-2927,Proprietary  ,9,24,33,209,423,632
01202600,BELLUS ACADEMY                          ,CA,92021-6247,Proprietary  ,2,10,12,154,278,432
01203100,SAN DIEGO CHRISTIAN COLLEGE             ,CA,92019-1157,Private      ,3,38,41,913,856,1769
01206100,EVEREST COLLEGE                         ,CA,95128-3908,Proprietary  ,0,0,0,191,328,519
01215400,CALIFORNIA INSTITUTE OF INTEGRAL STUDIES,CA,94103-2557,Private      ,2,10,12,58,1592,1650
01231600,MANCHESTER BEAUTY COLLEGE               ,CA,93726-5306,Proprietary  ,0,2,2,105,168,273
01231700,TULARE BEAUTY COLLEGE                   ,CA,93274-3432,Proprietary  ,0,0,0,38,66,104
01244600,UNIVERSAL COLLEGE OF BEAUTY             ,CA,90044-0044,Proprietary  ,1,6,7,82,152,234
01245200,EVERGREEN VALLEY COLLEGE                ,CA,95135-1598,Public       ,47,101,148,5603,6396,11999
01255000,LOS ANGELES MISSION COLLEGE             ,CA,91342-3200,Public       ,85,120,205,6623,7033,13656
01265000,MARINELLO SCHOOL OF BEAUTY              ,CA,91502-2828,Proprietary  ,12,39,51,242,480,722
01265001,MARINELLO SCHOOL OF BEAUTY - PALMDALE   ,CA,93550-4686,Proprietary  ,8,6,14,81,130,211
01284200,OXNARD COLLEGE                          ,CA,93030-0000,Public       ,90,145,235,4126,4723,8849
01287200,NORTH-WEST COLLEGE                      ,CA,91768-3199,Proprietary  ,29,58,87,532,1080,1612
01287300,WYOTECH                                 ,CA,90810-3800,Proprietary  ,12,41,53,865,1699,2564
01287301,WYOTECH - EVEREST  COLLEGE              ,CA,90034-3158,Proprietary  ,2,4,6,234,510,744
01287302,WYOTECH - EVEREST  COLLEGE              ,CA,91746-3412,Proprietary  ,3,4,7,424,811,1235
01290700,LAKE TAHOE COMMUNITY COLLEGE            ,CA,96150-4524,Public       ,11,55,66,791,1255,2046
01291200,MTI COLLEGE                             ,CA,95841-0000,Proprietary  ,20,70,90,608,1839,2447
01294200,ROSEMEAD BEAUTY SCHOOL                  ,CA,91770-1639,Proprietary  ,5,41,46,41,362,403
01298400,PROFESSIONAL INSTITUTE OF BEAUTY        ,CA,91731-2613,Proprietary  ,1,4,5,39,127,166
01298500,HAIR CALIFORNIA BEAUTY ACADEMY          ,CA,92867-7127,Proprietary  ,0,2,2,19,55,74
01298900,OCEANSIDE COLLEGE OF BEAUTY             ,CA,92054-5393,Proprietary  ,4,6,10,115,209,324
01301000,LANCASTER BEAUTY SCHOOL                 ,CA,93534-3098,Proprietary  ,9,15,24,163,303,466
01307400,AMERICAN BEAUTY COLLEGE                 ,CA,91790-2906,Proprietary  ,6,6,12,70,125,195
01309500,SALON SUCCESS ACADEMY                   ,CA,92879-0000,Proprietary  ,20,28,48,221,333,554
01310300,CALIFORNIA WESTERN SCHOOL OF LAW        ,CA,92101-0000,Private      ,1,11,12,124,1724,1848
01324000,LYTLE'S REDWOOD EMPIRE BEAUTY CLG       ,CA,95403-0000,Proprietary  ,3,7,10,186,251,437
02054900,MARINELLO SCHOOL OF BEAUTY              ,CA,92630-0000,Proprietary  ,20,22,42,153,307,460
02054902,MARINELLO SCHOOL OF BEAUTY - BAKERSFIELD,CA,93309-5001,Proprietary  ,14,25,39,398,520,918
02054903,MARINELLO SCHOOL OF BEAUTY - VISALIA    ,CA,93277-6228,Proprietary  ,3,5,8,119,153,272
02059800,PARIS BEAUTY COLLEGE                    ,CA,94520-2611,Proprietary  ,4,16,20,67,203,270
02061600,WAYNES COLLEGE OF BEAUTY                ,CA,93906-2830,Proprietary  ,2,2,4,75,108,183
02063500,COASTLINE COMMUNITY COLLEGE             ,CA,92708-0000,Public       ,38,440,478,2714,9922,12636
02064300,SIERRA COLLEGE OF BEAUTY                ,CA,95340-0000,Proprietary  ,3,13,16,106,170,276
02065700,CALIFORNIA BEAUTY COLLEGE               ,CA,95354-0000,Proprietary  ,4,8,12,161,245,406
02070500,CONCORDIA UNIVERSITY                    ,CA,92612-0000,Private      ,3,68,71,3361,3793,7154
02075800,SOUTHERN CA INST OF ARCHITECTURE        ,CA,90013-0000,Private      ,0,3,3,246,508,754
02086400,MARINELLO SCHOOL OF BEAUTY              ,CA,95050-0000,Proprietary  ,5,18,23,115,223,338
02086401,MARINELLO SCHOOL OF BEAUTY - SEASIDE    ,CA,93955-3615,Proprietary  ,4,17,21,103,235,338
02086402,MARINELLO SCHOOL OF BEAUTY - SAN MATEO  ,CA,94401-3801,Proprietary  ,1,12,13,74,150,224
02086403,MARINELLO SCHOOL OF BEAUTY - HAYWARD    ,CA,94541-5111,Proprietary  ,4,7,11,110,256,366
02086404,MARINELLO SCHOOL OF BEAUTY - CASTRO VALL,CA,94546-5506,Proprietary  ,6,6,12,59,94,153
02091200,ELEGANCE INTERNATIONAL                  ,CA,90028-0000,Proprietary  ,14,34,48,272,344,616
02091700,KAPLAN COLLEGE                          ,CA,92123-1509,Proprietary  ,31,100,131,838,2662,3500
02091702,KAPLAN COLLEGE - CHULA VISTA            ,CA,91910-5342,Proprietary  ,17,37,54,290,556,846
02096100,FIELDING GRADUATE UNIVERSITY            ,CA,93105-0000,Private      ,0,20,20,3,1134,1137
02099200,AMERICAN CONSERVATORY THEATER           ,CA,94108-0000,Private      ,3,2,5,107,282,389
02110200,COLUMBIA COLLEGE                        ,CA,91356-0000,Private      ,2,3,5,450,209,659
02110800,CALIFORNIA COLLEGE SAN DIEGO            ,CA,92108-3821,Proprietary  ,57,200,257,2479,3729,6208
02111300,CUYAMACA COLLEGE                        ,CA,92019-0000,Public       ,61,139,200,5223,7813,13036
02119100,MISSION COLLEGE                         ,CA,95054-1897,Public       ,26,100,126,3719,5386,9105
02120600,SAYBROOK GRADUATE SCHOOL                ,CA,94111-1920,Private      ,0,1,1,2,699,701
02120601,SAYBROOK UNIVERSITY -  WESTIN HOTEL     ,CA,94030-3120,Private      ,0,0,0,0,11,11
02120700,SAN JOAQUIN VALLEY COLLEGE              ,CA,93291-0000,Proprietary  ,115,396,511,2909,6615,9524
02125000,CAREER ACADEMY OF BEAUTY                ,CA,92845-0000,Proprietary  ,0,5,5,88,230,318
02128200,"VICTOR VALLEY BEAUTY COLLEGE, INC       ",CA,92392-0000,Proprietary  ,6,14,20,186,272,458
02128300,INSTITUTE FOR BUSINESS & TECHNOLOGY     ,CA,95050-0000,Proprietary  ,4,37,41,196,695,891
02128301,INSTITUTE FOR BUSINESS & TECHNOLOGY - NA,CA,95670-6351,Proprietary  ,5,25,30,97,403,500
02138300,PALO ALTO UNIVERSITY                    ,CA,94304-1337,Private      ,0,5,5,86,1164,1250
02161800,MUSICIANS INSTITUTE                     ,CA,90028-6157,Proprietary  ,11,20,31,1245,1132,2377
02167800,ESTES INSTITUTE OF COSMETOLOGY          ,CA,93291-0000,Proprietary  ,1,4,5,112,126,238
02178700,CITRUS HEIGHTS BEAUTY COLLEGE           ,CA,95610-1410,Proprietary  ,5,9,14,147,162,309
02179937,WESTERN STATE COLLEGE OF LAW            ,CA,92831-3014,Proprietary  ,0,4,4,38,822,860
02179938,"ART INSTITUTE OF CALIFORNIA, HOLLYWOOD  ",CA,91601-3112,Proprietary  ,11,23,34,2646,1950,4596
02179941,"ART INSTITUTE OF CALIFORNIA, LOS ANGELES",CA,90405-3035,Proprietary  ,15,27,42,3450,2294,5744
02179947,"ART INSTITUTE OF CALIFORNIA, SAN DIEGO  ",CA,92108-4423,Proprietary  ,22,55,77,2859,3006,5865
02185800,MOLER BARBER COLLEGE                    ,CA,94611-0000,Proprietary  ,8,28,36,93,288,381
02188400,SIERRA VALLEY COLLEGE OF COURT REPORTING,CA,93726-0000,Proprietary  ,2,5,7,88,213,301
02208600,MADERA BEAUTY COLLEGE                   ,CA,93637-3519,Proprietary  ,0,1,1,55,88,143
02211000,SALON SUCCESS ACADEMY                   ,CA,92405-0000,Proprietary  ,1,3,4,93,159,252
02220000,COLLEEN O'HARA BEAUTY ACADEMY           ,CA,92701-0000,Proprietary  ,1,3,4,73,92,165
02220200,CALIFORNIA CULINARY ACADEMY             ,CA,94102-3336,Proprietary  ,1,12,13,493,655,1148
02221300,MARINELLO SCHOOL OF BEAUTY              ,CA,92553-0000,Proprietary  ,4,20,24,196,333,529
02221303,MARINELLO SCHOOL OF BEAUTY - SAN RAFAEL ,CA,94901-3224,Proprietary  ,1,3,4,41,124,165
02222000,AMERICAN FILM INSTITUTE                 ,CA,90027-0000,Private      ,3,13,16,535,1090,1625
02226000,EAST LOS ANGELES COLLEGE                ,CA,91754-0000,Public       ,159,316,475,17672,16548,34220
02228500,LIFE CHIROPRACTIC COLLEGE WEST          ,CA,94545-0000,Private      ,0,3,3,36,618,654
02230900,FREDRICK & CHARLES BEAUTY COLLEGE       ,CA,95501-0000,Proprietary  ,1,3,4,91,151,242
02231900,GEMOLOGICAL INSTITUTE OF AMERICA        ,CA,92008-4698,Private      ,2,7,9,86,460,546
02236400,"THANH LE COLG, SCH OF COSMETOLOGY       ",CA,92840-0000,Proprietary  ,0,5,5,16,59,75
02237200,PHILLIPS GRADUATE INSTITUTE             ,CA,91316-0000,Private      ,0,6,6,10,293,303
02241800,AMERICAN CAREER COLLEGE                 ,CA,90004-0000,Proprietary  ,103,315,418,2175,4672,6847
02242700,BERKELEY CITY COLLEGE                   ,CA,94704-0000,Public       ,63,139,202,4623,5957,10580
02255400,INTERNATIONAL SCHOOL OF COSMETOLOGY     ,CA,90250-0000,Proprietary  ,8,14,22,218,275,493
02258600,AVALON SCHOOL OF COSMETOLOGY            ,CA,94501-4569,Proprietary  ,7,12,19,167,325,492
02262400,YESHIVA OHR ELCHONON CHABAD             ,CA,90046-0000,Private      ,9,0,9,128,2,130
02263101,ANTHEM COLLEGE - SACRAMENTO             ,CA,95827-3378,Proprietary  ,0,0,0,91,382,473
02267600,INSTITUTE OF TRANSPERSONAL PSYCHLGY     ,CA,94303-4624,Proprietary  ,0,5,5,12,406,418
02270600,LIFE PACIFIC COLLEGE                    ,CA,91773-0000,Private      ,1,2,3,491,305,796
02276800,WESTMINSTER SEMINARY CALIFORNIA         ,CA,92027-0000,Private      ,0,1,1,9,165,174
02277400,SOUTH COAST COLLEGE                     ,CA,92868-2616,Proprietary  ,4,16,20,232,527,759
02282300,ALHAMBRA BEAUTY COLLEGE                 ,CA,91802-0000,Proprietary  ,4,15,19,44,120,164
02285100,HILLTOP BEAUTY SCHOOL                   ,CA,94014-0000,Proprietary  ,3,16,19,28,124,152
02298000,DESIGN INSTITUTE OF SAN DIEGO           ,CA,92121-0000,Proprietary  ,0,8,8,231,346,577
02304300,"PLATT COLLEGE, SAN DIEGO                ",CA,92115-0000,Proprietary  ,2,13,15,241,415,656
02306300,KAPLAN COLLEGE                          ,CA,95368-0000,Proprietary  ,9,40,49,305,705,1010
02306302,KAPLAN COLLEGE - FRESNO                 ,CA,93612-3802,Proprietary  ,4,20,24,195,436,631
02309500,CLOVIS ADULT EDUC                       ,CA,93611-0000,Public       ,2,16,18,124,535,659
02327601,ART INSTITUTE OF CALIFORNIA - SAN DIEGO ,CA,92408-2800,Proprietary  ,0,0,0,0,1,1
02330500,LAGUNA COLLEGE OF ART AND DESIGN        ,CA,92651-0000,Private      ,5,0,5,827,349,1176
02332800,CENTER FOR EMPLOYMENT TRAINING          ,CA,95110-0000,Private      ,56,216,272,757,2926,3683
02338500,GLENDALE CAREER COLLEGE                 ,CA,91203-1207,Proprietary  ,25,45,70,346,795,1141
02338700,MARINELLO SCHOOL OF BEAUTY              ,CA,94103-1600,Proprietary  ,3,15,18,137,248,385
02338701,MARINELLO SCHOOL OF BEAUTY - CHICO      ,CA,95928-7184,Proprietary  ,4,23,27,138,273,411
02338702,MARINELLO SCHOOL OF BEAUTY - REDDING    ,CA,96001-1023,Proprietary  ,3,17,20,90,274,364
02338703,MARINELLO SCHOOL OF BEAUTY - FRESNO     ,CA,93711-3246,Proprietary  ,15,36,51,246,373,619
02342400,ACADEMY OF RADIO BROADCASTING           ,CA,92647-3809,Proprietary  ,5,16,21,88,281,369
02343400,BELLUS ACADEMY                          ,CA,92064-4633,Proprietary  ,17,32,49,317,634,951
02351900,KAPLAN COLLEGE                          ,CA,95660-5512,Proprietary  ,9,40,49,580,1750,2330
02351901,KAPLAN COLLEGE - BAKERSFIELD            ,CA,93304-0000,Proprietary  ,12,46,58,672,1050,1722
02358000,THOMAS AQUINAS COLLEGE                  ,CA,93060-9622,Private      ,0,0,0,413,37,450
02359300,SHASTA BIBLE COLLEGE                    ,CA,96002-0000,Private      ,1,3,4,62,108,170
02482700,WESTERN UNIVERSITY OF HEALTH S          ,CA,91766-1854,Private      ,2,14,16,199,5691,5890
02494800,LOLA BEAUTY COLLEGE                     ,CA,92641-0000,Proprietary  ,3,5,8,32,67,99
02497300,TRINITY COLLEGE                         ,CA,93277-8109,Proprietary  ,20,59,79,260,758,1018
02500000,SAN JOAQUIN COLLEGE OF LAW              ,CA,93612-0000,Private      ,0,1,1,30,294,324
02518400,THE NATIONAL HISPANIC UNIVERSITY        ,CA,95127-0000,Proprietary  ,0,2,2,253,575,828
02519800,AVANCE BEAUTY COLLEGE                   ,CA,92154-0000,Proprietary  ,0,5,5,121,203,324
02520200,CALIFORNIA CAREER SCHOOLS               ,CA,92805-0000,Proprietary  ,1,13,14,78,281,359
02520300,INTERIOR DESIGNERS INSTITUTE            ,CA,92660-0000,Proprietary  ,1,4,5,57,199,256
02520400,ADRIAN'S BEAUTY COLLEGE OF TURLOCK      ,CA,95382-0000,Proprietary  ,6,18,24,141,175,316
02531801,PAUL MITCHELL THE SCHOOL-COSTA MESA     ,CA,92626-3804,Proprietary  ,7,14,21,222,318,540
02531804,PAUL MITCHELL THE SCHOOL - SAN DIEGO    ,CA,92101-0000,Proprietary  ,7,14,21,366,500,866
02537200,PALOMAR INSTITUTE OF COSMETOLOGY        ,CA,92069-0000,Proprietary  ,5,16,21,228,375,603
02539100,KAPLAN COLLEGE                          ,CA,91606-3231,Proprietary  ,35,75,110,519,1187,1706
02539102,KAPLAN COLLEGE -  RIVERSIDE             ,CA,92507-4223,Proprietary  ,12,24,36,393,1003,1396
02539500,IRVINE VALLEY COLLEGE                   ,CA,92620-0000,Public       ,56,117,173,7751,6032,13783
02542300,NATIONAL HOLISTIC INSTITUTE             ,CA,94608-0000,Proprietary  ,11,53,64,272,1225,1497
02543400,BROWNSON TECHNICAL SCHOOL               ,CA,92805-0000,Proprietary  ,6,23,29,68,240,308
02545900,HYPNOSIS MOTIVATION INSTITUTE           ,CA,91356-0000,Private      ,1,17,18,8,175,183
02546400,MTI BUSINESS COLLEGE INC                ,CA,95207-0000,Proprietary  ,0,19,19,78,293,371
02549000,KAPLAN COLLEGE                          ,CA,92083-7736,Proprietary  ,18,63,81,465,1269,1734
02549005,KAPLAN COLLEGE -  PALM SPRINGS          ,CA,92262-7011,Proprietary  ,10,23,33,330,582,912
02553500,ASSOCIATED TECHNICAL COLLEGE            ,CA,92101-0000,Proprietary  ,6,41,47,157,540,697
02553600,DIVERSIFIED LANGUAGE INSTITUTE          ,CA,90017-0000,Proprietary  ,11,139,150,106,1021,1127
02559300,UNITED EDUCATION INSTITUTE              ,CA,90020-0000,Proprietary  ,264,557,821,1746,4149,5895
02559400,INTERCOAST COLLEGES                     ,CA,92868-1656,Proprietary  ,35,269,304,370,2657,3027
02570300,LOS ANGELES ORT TECHNICAL INSTITUTE     ,CA,90048-4904,Private      ,13,109,122,221,1022,1243
02577900,SANTA BARBARA BUSINESS COLLEGE          ,CA,93309-1664,Proprietary  ,18,59,77,605,1102,1707
02578000,SANTA BARBARA BUSINESS COLLEGE          ,CA,93454-6943,Proprietary  ,8,21,29,230,485,715
02591600,NORTH-WEST COLLEGE                      ,CA,91101-1744,Proprietary  ,3,18,21,137,330,467
02595600,ASIAN AMERICAN INTERNATIONAL BTY CG     ,CA,92683-4043,Proprietary  ,3,19,22,20,124,144
02596400,CRIMSON TECHNICAL COLLEGE - LOS ANGELES ,CA,90301-2904,Proprietary  ,26,44,70,214,558,772
02597300,SOUTH BAYLO UNIVERSITY                  ,CA,92801-1701,Private      ,0,9,9,4,372,376
02602300,CENTRAL COAST COLLEGE                   ,CA,93901-3301,Proprietary  ,15,19,34,310,435,745
02608900,PINNACLE COLLEGE                        ,CA,91803-8842,Proprietary  ,4,6,10,77,100,177
02608901,PINNACLE COLLEGE - SACRAMENTO           ,CA,95670-6386,Proprietary  ,5,5,10,105,177,282
02609000,EMPERORS COLG OF TRAD ORIENTAL MED      ,CA,90403-5609,Proprietary  ,0,7,7,9,234,243
03010611,VIRGINIA COLLEGE - GOLF ACADEMY OF AMERI,CA,92008-6512,Proprietary  ,3,8,11,44,115,159
03011300,"CALIF STATE UNIV, SAN MARCOS            ",CA,92096-0001,Public       ,85,108,193,17179,9030,26209
03019900,CAPSTONE COLLEGE                        ,CA,91402-0000,Proprietary  ,4,2,6,39,101,140
03025600,DELL'ARTE SCH OF PHYSICAL THEATRE       ,CA,95525-0816,Private      ,0,1,1,7,35,42
03027700,PACIFIC COLLEGE OF ORIENTAL MED         ,CA,92108-4408,Proprietary  ,5,18,23,90,701,791
03029600,POMONA ADULT SCHOOL                     ,CA,91766-0000,Public       ,1,6,7,159,412,571
03031409,INTERNATIONAL ACADEMY OF DESIGN AND TECH,CA,95834-9664,Proprietary  ,0,5,5,203,337,540
03035700,LAS POSITAS COLLEGE                     ,CA,94551-6750,Public       ,29,53,82,3661,3269,6930
03039900,FREMONT COLLEGE                         ,CA,90703-5342,Proprietary  ,8,52,60,375,758,1133
03043900,NEWSCHOOL OF ARCHITECTURE & DESIGN      ,CA,92101-6634,Proprietary  ,3,3,6,336,559,895
03054100,ROYALE COLLEGE OF BEAUTY                ,CA,92590-2525,Proprietary  ,2,16,18,78,152,230
03062300,WESTECH COLLEGE                         ,CA,91764-4988,Proprietary  ,28,79,107,357,975,1332
03062400,MT DIABLO ADULT EDUC LOMA VISTA CTR     ,CA,94518-1122,Public       ,2,4,6,140,300,440
03062700,PLATT COLLEGE                           ,CA,90041-0000,Proprietary  ,45,57,102,638,1006,1644
03062701,PLATT COLLEGE                           ,CA,91764-0000,Proprietary  ,16,38,54,487,718,1205
03062702,PLATT COLLEGE - RIVERSIDE               ,CA,92507-0730,Proprietary  ,24,36,60,624,838,1462
03063400,MODERN TECHNOLOGY SCHOOL                ,CA,92708-9821,Proprietary  ,2,12,14,75,202,277
03067400,BALDWIN PARK ADULT SCHOOL               ,CA,91706-4897,Public       ,6,6,12,190,380,570
03067500,INSTITUTE OF TECHNOLOGY                 ,CA,93612-3217,Proprietary  ,40,138,178,662,1946,2608
03069500,SAGE COLLEGE                            ,CA,92557-6720,Proprietary  ,2,21,23,163,787,950
03072300,EVEREST COLLEGE                         ,CA,91761-3222,Proprietary  ,2,17,19,451,955,1406
03072700,WESTWOOD COLLEGE - LOS ANGELES          ,CA,90010-1577,Proprietary  ,21,117,138,1110,3985,5095
03078200,AMERICAN CLG TRADITIONAL CHINESE MD     ,CA,94107-2813,Private      ,0,0,0,9,279,288
03084700,VENTURA ADULT\CONTINUING EDUCATION      ,CA,93003-7313,Public       ,3,25,28,64,392,456
03094400,MARINELLO SCHOOL OF BEAUTY              ,CA,95841-2909,Proprietary  ,22,26,48,184,454,638
03094401,MARINELLO SCHOOL OF BEAUTY - CONCORD    ,CA,94520-2581,Proprietary  ,8,14,22,126,229,355
03094402,MARINELLO SCHOOL OF BEAUTY- STOCKTON    ,CA,95203-3149,Proprietary  ,10,22,32,165,354,519
03097700,CENTRAL CALIF SCH CONTINUING EDUC       ,CA,93401-6739,Proprietary  ,1,5,6,78,257,335
03098200,YO SAN UNIV TRADITIONAL CHINESE MED     ,CA,90066-1103,Private      ,0,6,6,4,229,233
03108100,SUMMIT COLLEGE                          ,CA,92324-3956,Proprietary  ,13,44,57,388,1042,1430
03109500,DONGGUK  UNIVERSITY LOS ANGELES         ,CA,90020-1765,Private      ,0,3,3,42,123,165
03113300,UEI COLLEGE                             ,CA,93727-0000,Proprietary  ,56,205,261,829,1964,2793
03113600,SOUTHERN CALIFORNIA INST OF TECHNOL     ,CA,92805-3758,Proprietary  ,13,53,66,240,769,1009
03116600,EAST SAN GABRIEL VLY REG OCCUP PROG     ,CA,91790-2105,Public       ,23,66,89,356,599,955
03125300,JOHN WESLEY INTER. BARBER & BTY CLG     ,CA,90813-4321,Proprietary  ,6,11,17,98,264,362
03125800,PREMIERE CAREER COLLEGE                 ,CA,91706-3746,Proprietary  ,10,38,48,127,455,582
03126800,PACIFICA GRADUATE INSTITUTE             ,CA,93013-0000,Proprietary  ,0,12,12,2,1001,1003
03128700,MT SIERRA COLLEGE                       ,CA,91016-3414,Proprietary  ,2,3,5,313,397,710
03131300,FIVE BRANCHES UNIVERSITY                ,CA,95062-4669,Proprietary  ,0,4,4,19,382,401
03144400,AMERICAN CLG OF HEALTH PROFESSIONS      ,CA,92505-3038,Proprietary  ,20,45,65,321,793,1114
03150500,VIRGINIA SEWING MACHINES & SCH CTR      ,CA,90015-3535,Proprietary  ,6,9,15,57,129,186
03162300,FOUR-D SUCCESS ACADEMY                  ,CA,92324-4218,Proprietary  ,8,46,54,224,752,976
03163300,PACIFIC STATES UNIVERSITY               ,CA,90006-0000,Private      ,0,3,3,74,94,168
03195400,EVEREST COLLEGE                         ,CA,90501-2867,Proprietary  ,3,2,5,130,295,425
03210300,LE CORDON BLEU COLLEGE OF CULINARY ARTS ,CA,91101-5221,Proprietary  ,19,62,81,1912,2859,4771
03225300,AMERICAN UNIVERSITY OF HEALTH SCIENCES  ,CA,90755-3612,Proprietary  ,4,13,17,131,401,532
03242300,CAREER NETWORK INSTITUTE                ,CA,92868-4710,Proprietary  ,15,52,67,191,874,1065
03250300,COMMUNITY BASED EDUCATION AND DEVELOPMEN,CA,90010-2722,Private      ,8,24,32,185,515,700
03260300,CALIFORNIA STATE U-MONTEREY BAY         ,CA,93955-8001,Public       ,20,47,67,14566,4831,19397
03266300,BETHESDA UNIVERSITY OF CALIFORNIA       ,CA,92801-4132,Private      ,1,9,10,177,175,352
03278300,CHARTER COLLEGE                         ,CA,91351-5432,Proprietary  ,23,57,80,425,1071,1496
03288300,ACAD CHINESE CULTURE & HEALTH SCIS      ,CA,94512-0000,Private      ,0,4,4,23,229,252
03299300,PACIFIC COLLEGE                         ,CA,92626-3160,Proprietary  ,2,11,13,118,467,585
03308300,BRISTOL UNIVERSITY                      ,CA,92806-6198,Proprietary  ,4,8,12,102,256,358
03327400,ACUPUNCTURE AND INTEGRATIVE MEDICINE COL,CA,94704-2724,Private      ,0,2,2,27,244,271
03332300,SOUTHERN CA BIBLE CLG & SEMINARY        ,CA,92019-1109,Private      ,0,4,4,21,247,268
03359300,ST. FRANCIS CAREER COLLEGE              ,CA,90262-2659,Proprietary  ,9,23,32,143,328,471
03367300,PROFESSIONAL GOLFERS CAREER COLLEGE     ,CA,92591-6013,Proprietary  ,0,2,2,93,169,262
03395300,INTERNATIONAL CAREER DEVELOPMENT        ,CA,90027-5794,Proprietary  ,55,655,710,789,7762,8551
03399300,NORTHWESTERN TECHNICAL COLLEGE          ,CA,95670-4443,Proprietary  ,0,1,1,42,142,184
03403300,EPIC BIBLE COLLEGE                      ,CA,95841-3546,Private      ,5,7,12,116,496,612
03413400,ENGLISH CENTER  (THE)                   ,CA,94607-3734,Private      ,3,16,19,40,214,254
03427400,CAREER COLLEGES OF AMERICA              ,CA,90280-7420,Proprietary  ,0,0,0,20,24,44
03427500,UNIVERSITY OF ANTELOPE VALLEY           ,CA,93534-3324,Proprietary  ,17,69,86,693,1405,2098
03440400,MARIAN HEALTH CAREERS CENTER            ,CA,90010-1728,Proprietary  ,2,8,10,70,216,286
03458300,MY LE'S BEAUTY COLLEGE                  ,CA,95824-0000,Proprietary  ,4,13,17,89,295,384
03467300,MARINELLO SCHOOL OF BEAUTY              ,CA,92545-3661,Proprietary  ,10,19,29,121,356,477
03467301,MARINELLO SCHOOL OF BEAUTY - CATHEDRAL C,CA,92234-6656,Proprietary  ,0,0,0,21,20,41
03467302,MARINELLO SCHOOL OF BEAUTY - MURRIETA   ,CA,92563-5039,Proprietary  ,10,19,29,141,305,446
03467303,MARINELLO SCHOOL OF BEAUTY - NAPA       ,CA,94559-1237,Proprietary  ,3,4,7,86,157,243
03467304,MARINELLO SCHOOL OF BEAUTY - CITY OF IND,CA,91748-1674,Proprietary  ,1,8,9,42,118,160
03467305,MARINELLO SCHOOL OF BEAUTY - BELL       ,CA,90201-1193,Proprietary  ,3,11,14,79,121,200
03467306,MARINELLO SCHOOL OF BEAUTY - PARAMOUNT  ,CA,90723-5256,Proprietary  ,5,19,24,130,212,342
03467307,MARINELLO SCHOOL OF BEAUTY - HUNTINGTON ,CA,92646-2552,Proprietary  ,2,12,14,117,195,312
03479300,PROFESSIONAL CAREER INSTITUTE           ,CA,90703-2522,Proprietary  ,3,8,11,100,182,282
03516300,KING'S UNIVERSITY (THE)                 ,CA,91405-2233,Private      ,0,8,8,201,633,834
03532400,ADVANCED TRAINING ASSOCIATES            ,CA,92020-1236,Proprietary  ,0,8,8,39,169,208
03542400,COPPER MOUNTAIN COLLEGE                 ,CA,92252-6102,Public       ,7,45,52,769,2116,2885
03577300,COBA ACADEMY                            ,CA,92866-1407,Proprietary  ,2,2,4,41,56,97
03590400,NTMA TRAINING CENTERS OF SOUTHERN C     ,CA,90650-0000,Private      ,11,55,66,172,678,850
03592400,IRELL & MANELLA GRADUATE SCHOOL OF BIOLO,CA,91010-0000,Private      ,0,0,0,1,9,10
03598300,AVALON BEAUTY COLLEGE                   ,CA,93103-3137,Proprietary  ,7,4,11,138,125,263
03614300,DAVID'S ACADEMY OF BEAUTY               ,CA,91780-1089,Proprietary  ,1,14,15,31,103,134
03639300,WEST COAST ULTRASOUND INSTITUTE         ,CA,90211-3312,Proprietary  ,5,19,24,511,1671,2182
03646300,DESIGN'S SCHOOL OF COSMETOLOGY          ,CA,93446-9530,Proprietary  ,7,20,27,107,202,309
03681300,CALIFORNIA HEALING ARTS COLLEGE         ,CA,90025-0000,Proprietary  ,1,20,21,151,437,588
03695300,COMMUNITY ENHANCEMENT SERVICES          ,CA,91502-2750,Private      ,0,14,14,22,241,263
03695700,SANTIAGO CANYON COLLEGE                 ,CA,92869-4512,Public       ,33,72,105,5139,3362,8501
03696300,UNIVERSITY OF THE WEST                  ,CA,91770-3709,Private      ,0,2,2,64,117,181
03698300,WEST COAST UNIVERSITY                   ,CA,91606-3206,Proprietary  ,62,244,306,2670,6956,9626
03698400,CA COLLEGE OF VOCATIONAL CAREER         ,CA,93301-1800,Proprietary  ,0,0,0,222,397,619
03736300,ADVANCE BEAUTY COLLEGE                  ,CA,92843-4752,Proprietary  ,13,75,88,113,630,743
03736301,ADVANCE BEAUTY COLLEGE - LAGUNA HILLS   ,CA,92653-1980,Proprietary  ,1,1,2,38,54,92
03740400,ATI COLLEGE                             ,CA,90650-0000,Proprietary  ,4,4,8,72,195,267
03752400,SCHOOL OF URBAN MISSIONS                ,CA,94603-0000,Private      ,1,5,6,242,429,671
03759300,COMPUTER TUTOR BUSINESS & TECH INST     ,CA,95356-0000,Proprietary  ,0,18,18,121,322,443
03786300,ADVANCED COLLEGE                        ,CA,90280-5255,Proprietary  ,4,8,12,116,259,375
03797400,CAREER CARE INSTITUTE                   ,CA,93534-4766,Proprietary  ,15,39,54,361,996,1357
03797401,CAREER CARE INSTITUTE - VENTURA         ,CA,93001-0000,Proprietary  ,1,3,4,83,213,296
03797402,CAREER CARE INSTITUTE - MORENO VALLEY   ,CA,92553-7519,Proprietary  ,0,2,2,63,192,255
03814400,SOKA UNIVERSITY OF AMERICA              ,CA,92656-8081,Private      ,0,1,1,564,72,636
03853300,KECK GRADUATE INSTITUTE OF APPLIED LIFE ,CA,91711-4817,Private      ,0,1,1,12,272,284
03868300,WORLD MISSION UNIVERSITY                ,CA,90020-1789,Private      ,0,0,0,12,128,140
03868400,LOS ANGELES MUSIC ACADEMY               ,CA,91105-2540,Proprietary  ,0,2,2,241,209,450
03871300,FOLSOM LAKE COLLEGE                     ,CA,95630-6798,Public       ,33,101,134,4132,4776,8908
03874300,CAMBRIDGE JUNIOR COLLEGE                ,CA,95993-0000,Proprietary  ,2,3,5,231,557,788
03874400,COMMMUNITY CHRISTIAN COLLEGE            ,CA,92373-4465,Private      ,0,3,3,105,137,242
03889300,STANBRIDGE COLLEGE                      ,CA,92612-0000,Proprietary  ,37,119,156,551,1678,2229
03901300,PACIFIC COAST TRADE SCHOOL              ,CA,93033-2441,Proprietary  ,0,0,0,51,74,125
03910400,NATIONAL POLYTECHNIC COLLEGE            ,CA,90040-3066,Proprietary  ,1,2,3,126,185,311
03933300,MUELLER COLLEGE OF HOLISTIC STUDIES     ,CA,92116-2630,Proprietary  ,0,13,13,70,296,366
03935300,CALIFORNIA NURSES EDUCATIONAL INSTITUTE ,CA,92234-7248,Proprietary  ,5,23,28,135,345,480
03962300,AMERICAN INSTITUTE OF MASSAGE THERAPY   ,CA,92705-5463,Proprietary  ,1,12,13,55,128,183
03964400,INTERNATIONAL SCHOOL OF BEAUTY          ,CA,92260-2740,Proprietary  ,7,20,27,151,321,472
03969600,UEI COLLEGE                             ,CA,90703-2637,Proprietary  ,45,184,229,728,1731,2459
03971300,AMERICAN CAREER COLLEGE                 ,CA,91764-4906,Proprietary  ,57,101,158,1058,2238,3296
03973300,EX'PRESSION COLLEGE FOR DIGTAL ARTS     ,CA,94608-1021,Proprietary  ,15,12,27,613,505,1118
03974500,CALIFORNIA CAREER COLLEGE               ,CA,91303-2006,Proprietary  ,1,3,4,43,168,211
03980300,CALIFORNIA STATE UNIVERSITY CHANNEL ISLA,CA,93012-8599,Public       ,15,32,47,9949,4326,14275
03995300,UNIVERSITY OF EAST-WEST MEDICINE        ,CA,94085-3922,Proprietary  ,0,8,8,8,101,109
03999300,BEAUMONT ADULT SCHOOL                   ,CA,92223-1927,Public       ,0,1,1,39,194,233
04001300,PALACE BEAUTY COLLEGE                   ,CA,90006-4233,Proprietary  ,5,10,15,85,225,310
04003300,BLAKE AUSTIN COLLEGE                    ,CA,95687-3100,Proprietary  ,8,25,33,275,654,929
04004300,THUY PRINCESS BEAUTY COLLEGE            ,CA,91766-0000,Proprietary  ,0,10,10,28,102,130
04005300,UNITED STATES UNIVERSITY                ,CA,91911-1683,Proprietary  ,1,29,30,81,646,727
04014400,PALLADIUM TECHNICAL ACADEMY             ,CA,91731-2429,Proprietary  ,0,3,3,45,63,108
04037300,LOS ANGELES FILM SCHOOL (THE)           ,CA,90028-7300,Proprietary  ,43,100,143,2212,3011,5223
04056300,CAREER COLLEGE OF CALIFORNIA            ,CA,92705-5805,Proprietary  ,6,14,20,157,262,419
04057300,ASHER COLLEGE                           ,CA,95825-4025,Proprietary  ,3,42,45,211,1051,1262
04076400,GNOMON SCHOOL OF VISUAL EFFECTS         ,CA,90038-2616,Proprietary  ,1,1,2,181,289,470
04088300,WESTMED COLLEGE                         ,CA,95128-2541,Private      ,0,6,6,153,451,604
04088301,WESTMED COLLEGE - MERCED                ,CA,95340-9165,Private      ,0,5,5,129,351,480
04088302,WESTMED COLLEGE - FRESNO                ,CA,93720-1551,Private      ,1,5,6,5,8,13
04088303,WESTMED COLLEGE - CHULA VISTA           ,CA,91910-5200,Private      ,0,4,4,0,4,4
04092300,COASTLINE BEAUTY COLLEGE                ,CA,92708-3847,Proprietary  ,2,26,28,73,259,332
04092400,MAKE-UP DESIGNORY                       ,CA,91502-1322,Proprietary  ,4,3,7,323,380,703
04100400,TAFT UNIVERSITY SYSTEM (THE)            ,CA,92704-6954,Proprietary  ,0,18,18,9,517,526
04111300,WEST HILLS COLLEGE LEMOORE              ,CA,93245-9248,Public       ,18,78,96,2558,3572,6130
04114500,VALLEY COLLEGE OF MEDICAL CAREERS       ,CA,91304-2354,Proprietary  ,5,12,17,86,190,276
04115300,COACHELLA VALLEY BEAUTY COLLEGE         ,CA,92253-2051,Proprietary  ,11,14,25,132,156,288
04115600,MAYFIELD COLLEGE                        ,CA,92234-7014,Proprietary  ,23,63,86,280,628,908
04116000,VIDEO SYMPHONY ENTERTRAINING            ,CA,91502-3253,Proprietary  ,0,0,0,77,182,259
04118800,NEW YORK FILM ACADEMY                   ,CA,91608-1002,Proprietary  ,9,35,44,935,1220,2155
04119200,CAREER COLLEGE CONSULTANTS              ,CA,90041-2088,Proprietary  ,1,8,9,44,171,215
04119800,GDS INSTITUTE                           ,CA,90280-2072,Proprietary  ,1,4,5,1,9,10
04126400,CHAMPION INSTITUTE OF COSMETOLOGY       ,CA,92264-7458,Proprietary  ,2,5,7,39,80,119
04126500,COAST CAREER INSTITUTE                  ,CA,90015-3040,Proprietary  ,33,81,114,164,537,701
04127100,"UNIVERSITY OF CALIFORNIA, MERCED        ",CA,95343-5001,Public       ,65,9,74,16031,2245,18276
04127900,TRIDENT UNIVERSITY INTERNATIONAL        ,CA,90630-5023,Proprietary  ,4,343,347,75,4197,4272
04129700,INTERNATIONAL POLYTECHNIC INSTITUTE     ,CA,92231-1737,Private      ,1,2,3,21,28,49
04129803,MEDIATECH INSTITUTE - OCEANSIDE         ,CA,92054-5116,Proprietary  ,1,8,9,68,178,246
04132400,ACADEMY OF ESTHETICS AND COSMETOLOGY    ,CA,91342-3373,Proprietary  ,5,7,12,66,120,186
04132700,INFOTECH CAREER COLLEGE                 ,CA,90706-5579,Proprietary  ,2,4,6,60,162,222
04133000,BIOHEALTH COLLEGE                       ,CA,95134-2033,Proprietary  ,0,0,0,68,178,246
04133100,CALIFORNIA UNIVERSITY OF MANAGEMENT AND ,CA,92801-1702,Private      ,0,4,4,24,111,135
04134500,CAREER COLLEGE OF SAN DIEGO             ,CA,92102-3348,Proprietary  ,3,26,29,292,769,1061
04134700,INTERNATL PROFESSIONAL SCHL OF BODYWORK ,CA,92123-1520,Proprietary  ,1,7,8,44,274,318
04137200,BORNER'S BARBER COLLEGE                 ,CA,90047-3856,Proprietary  ,2,9,11,100,294,394
04138700,PAUL MITCHELL THE SCHOOL - PASADENA     ,CA,91801-3903,Proprietary  ,4,7,11,111,150,261
04140500,HORIZON UNIVERSITY                      ,CA,92111-2622,Private      ,0,4,4,39,123,162
04141300,SAN FRANCISCO INSTITUTE OF ESTHETICS    ,CA,94103-4083,Proprietary  ,3,7,10,156,263,419
04141400,LAURUS COLLEGE                          ,CA,93401-5405,Proprietary  ,10,84,94,236,1222,1458
04141700,HEALING HANDS SCHOOL OF HOLISTIC HEALTH ,CA,92025-1722,Proprietary  ,0,11,11,55,288,343
04142500,TOURO COLLEGE LOS ANGELES               ,CA,90046-4506,Private      ,2,14,16,125,419,544
04142600,TOURO UNIVERSITY                        ,CA,94592-1118,Private      ,1,16,17,39,2970,3009
04143800,WOODLAND COMMUNITY COLLEGE              ,CA,95776-5156,Public       ,22,54,76,1559,2022,3581
04144200,CAREER DEVELOPMENT INSTITUTE            ,CA,90035-4364,Proprietary  ,2,6,8,57,220,277
04145000,SAN DIEGO CULINARY INSTITUTE            ,CA,91941-6435,Proprietary  ,6,29,35,370,643,1013
04145600,INTERNATIONAL COLLEGE OF COSMETOLOGY    ,CA,94601-3525,Proprietary  ,1,12,13,79,250,329
04146000,NATIONAL CAREER COLLEGE                 ,CA,91605-1400,Proprietary  ,7,23,30,92,315,407
04148200,BEYOND 21ST CENTURY BEAUTY ACADEMY      ,CA,90670-6316,Proprietary  ,1,3,4,34,47,81
04148900,N CALIF INSTITUTE OF COSMETOLOGY        ,CA,94577-2820,Proprietary  ,1,6,7,24,73,97
04149700,HOMESTEAD SCHOOLS                       ,CA,90505-5945,Private      ,5,35,40,66,308,374
04150000,CENTRAL NURSING COLLEGE                 ,CA,90010-2444,Proprietary  ,0,0,0,208,328,536
04150100,GOLDEN STATE COLLEGE OF COURT REPORTING ,CA,94568-2948,Proprietary  ,0,4,4,9,63,72
04150300,RWM FIBER OPTICS                        ,CA,90746-1051,Proprietary  ,1,28,29,25,200,225
04150500,"PREFERRED COLLEGE OF NURSING, LOS ANGELE",CA,90010-2202,Proprietary  ,1,9,10,100,221,321
04152800,CALIFORNIA ACADEMY (THE) - A PAUL MITCHE,CA,95825-2276,Proprietary  ,21,58,79,499,800,1299
04153900,PROVIDENCE CHRISTIAN COLLEGE            ,CA,91104-2635,Private      ,1,1,2,117,49,166
04155500,"ACADEMY FOR JEWISH RELIGION, CALIFORNIA ",CA,90024-3234,Private      ,0,3,3,31,107,138
04156100,TONI & GUY HAIRDRESSING ACADEMY         ,CA,95356-9695,Proprietary  ,7,5,12,108,183,291
04157800,GRACE MISSION UNIVERSITY                ,CA,92833-3860,Private      ,0,0,0,19,85,104
04158200,PAUL MITCHELL THE SCHOOL SHERMAN OAKS   ,CA,91403-5882,Proprietary  ,15,15,30,232,287,519
04158700,HOLLYWOOD BEAUTY COLLEGE                ,CA,95210-3514,Proprietary  ,0,0,0,69,169,238
04158800,THEATRE OF ARTS                         ,CA,90028-6111,Proprietary  ,0,2,2,0,2,2
04158900,FLAIR BEAUTY COLLEGE                    ,CA,91351-3381,Proprietary  ,7,3,10,47,70,117
04159600,GALAXY MEDICAL COLLEGE                  ,CA,91606-1593,Proprietary  ,0,4,4,57,91,148
04159700,AMERICAN MEDICAL SCIENCES CENTER        ,CA,91204-5108,Proprietary  ,1,11,12,92,169,261
04160100,TRINITY SCHOOL OF HEALTH AND ALLIED SCIE,CA,90248-4334,Proprietary  ,6,11,17,33,189,222
04160400,ANGELES COLLEGE OF NURSING              ,CA,90010-2100,Proprietary  ,9,27,36,482,727,1209
04161300,PREFERRED COLLEGE OF NURSING            ,CA,91401-1442,Proprietary  ,0,1,1,32,101,133
04161700,SHASTA SCHOOL OF COSMETOLOGY            ,CA,96003-0000,Proprietary  ,3,5,8,105,173,278
04161800,BRANDMAN UNIVERSITY                     ,CA,92618-3801,Private      ,7,406,413,555,10159,10714
04162800,S.I.C.E PAUL MITCHELL PARTNER SCHOOL    ,CA,95350-1440,Proprietary  ,3,17,20,290,403,693
04163400,COSMO BEAUTY ACADEMY                    ,CA,95605-1904,Proprietary  ,4,11,15,185,366,551
04164400,ANGELES INSTITUTE                       ,CA,90712-2903,Proprietary  ,4,4,8,98,244,342
04165900,PAUL MITCHELL THE SCHOOL FRESNO         ,CA,93710-7617,Proprietary  ,8,12,20,389,325,714
04167000,PAUL MITCHELL THE SCHOOL TEMECULA       ,CA,92591-4663,Proprietary  ,10,11,21,326,353,679
04169200,TRAMY BEAUTY SCHOOL                     ,CA,92115-6347,Proprietary  ,6,30,36,113,325,438
04169700,UNITEK COLLEGE                          ,CA,94538-3185,Proprietary  ,36,186,222,633,2890,3523
04169800,GURNICK ACADEMY OF MEDICAL ARTS         ,CA,94403-1849,Proprietary  ,2,28,30,349,1725,2074
04172000,SOUTHERN CALIFORNIA UNIVERSITY SOMA     ,CA,90017-2211,Proprietary  ,0,5,5,236,406,642
04173400,SANTA ANA BEAUTY ACADEMY                ,CA,92705-7820,Proprietary  ,1,5,6,49,82,131
04173500,MORENO VALLEY COLLEGE                   ,CA,92551-2204,Public       ,61,139,200,5891,7727,13618
04175200,PAUL MITCHELL THE SCHOOL EAST BAY       ,CA,94523-5515,Proprietary  ,5,11,16,236,287,523
04175400,ELITE COSMETOLOGY SCHOOL                ,CA,92284-2860,Proprietary  ,4,11,15,42,157,199
04176100,NORCO COLLEGE                           ,CA,92860-2600,Public       ,37,101,138,5702,5709,11411
04176200,TWIN RIVERS ADULT SCHOOL                ,CA,95660-5523,Public       ,0,0,0,8,22,30
04176300,BERGIN UNIVERSITY OF CANINE STUDIES     ,CA,95407-6834,Private      ,1,1,2,44,75,119
04177200,REAL BARBERS COLLEGE (THE)              ,CA,92805-2533,Proprietary  ,4,9,13,114,197,311
04178900,HANDS-ON MEDICAL MASSAGE SCHOOL         ,CA,92373-6271,Proprietary  ,1,1,2,33,61,94
04180000,CINTA AVEDA INSTITUTE                   ,CA,94108-3204,Proprietary  ,6,20,26,228,535,763
04181200,SOUTHERN CALIFORNIA HEALTH INSTITUTE    ,CA,91601-3100,Proprietary  ,12,45,57,109,473,582
04181600,INTEGRITY COLLEGE OF HEALTH             ,CA,91104-2300,Proprietary  ,0,6,6,26,108,134
04185200,SALINAS BEAUTY COLLEGE                  ,CA,93901-2405,Proprietary  ,0,3,3,67,113,180
04185500,ACADEMY OF COUTURE ART                  ,CA,90069-5701,Proprietary  ,1,4,5,162,183,345
04185600,MEDICAL ALLIED CAREER CENTER            ,CA,90670-4710,Proprietary  ,0,14,14,18,144,162
04185700,ACADEMY FOR SALON PROFESSIONALS (THE)   ,CA,95050-4057,Proprietary  ,3,5,8,112,200,312
04186900,"INTERNATIONAL COLLEGE OF BEAUTY, ARTS & ",CA,90039-1012,Proprietary  ,3,14,17,138,266,404
04187900,JOE BLASCO MAKEUP ARTIST TRAINING CENTER,CA,90027-5580,Proprietary  ,0,0,0,4,7,11
04189300,ALLIED AMERICAN UNIVERSITY              ,CA,92653-1337,Proprietary  ,9,274,283,146,3317,3463
04189700,CALIFORNIA MIRAMAR UNIVERSITY           ,CA,92126-7501,Proprietary  ,3,23,26,491,732,1223
04189800,ACADEMY FOR SALON PROFESSIONALS         ,CA,91304-2305,Proprietary  ,1,3,4,47,134,181
04190800,SANTA ANA BEAUTY COLLEGE                ,CA,92706-2321,Proprietary  ,2,15,17,92,198,290
04190900,SUTTER BEAUTY COLLEGE                   ,CA,95991-3624,Proprietary  ,2,3,5,92,158,250
04191300,ANNENBERG SCHOOL OF NURSING             ,CA,91335-5426,Private      ,3,5,8,58,102,160
04192500,WESTCHESTER COLLEGE OF NURSING & ALLIED ,CA,90045-3647,Proprietary  ,1,9,10,4,19,23
04193500,LEMELANGE ACADEMY OF HAIR               ,CA,94558-2935,Proprietary  ,2,2,4,33,70,103
04193700,JOHN PAUL THE GREAT CATHOLIC UNIVERSITY ,CA,92131-1652,Private      ,1,1,2,258,143,401
04194300,COLTON-REDLANDS-YUCAIPA REGIONAL OCCUPAT,CA,92374-2896,Public       ,0,0,0,99,222,321
04194600,BRAND COLLEGE                           ,CA,91203-3646,Proprietary  ,0,1,1,31,65,96
04195200,DIAMOND BEAUTY COLLEGE                  ,CA,91733-2180,Proprietary  ,1,10,11,19,82,101
04195400,NCP COLLEGE OF NURSING                  ,CA,94080-1005,Proprietary  ,1,3,4,102,287,389
04195401,NCP COLLEGE OF NURSING - HAYWARD CAMPUS ,CA,94541-7026,Proprietary  ,3,13,16,146,401,547
04205800,"SAE INSTITUTE OF TECHNOLOGY, LOS ANGELES",CA,90028-7219,Proprietary  ,10,17,27,310,464,774
04206800,ADVANCE BEAUTY TECHS ACADEMY            ,CA,92583-6572,Proprietary  ,2,8,10,56,104,160
04208100,UKIAH ADULT SCHOOL                      ,CA,95482-3865,Public       ,0,0,0,22,97,119
04208400,RIVERSIDE COUNTY OFFICE OF EDUCATION    ,CA,92503-3504,Public       ,6,5,11,326,549,875
04208900,ADVANCED CAREER INSTITUTE               ,CA,93291-9254,Proprietary  ,3,35,38,93,481,574
04209000,SAN FRANCISCO COLLEGE OF COSMETOLOGY    ,CA,94110-1217,Proprietary  ,0,0,0,6,20,26
04209800,HINTON BARBER COLLEGE                   ,CA,94590-4547,Proprietary  ,2,3,5,43,114,157
04210600,ADVANCED COMPUTING INSTITUTE            ,CA,90010-3911,Proprietary  ,1,24,25,145,357,502
04211900,XAVIER COLLEGE SCHOOL OF NURSING        ,CA,95202-1332,Proprietary  ,4,12,16,165,425,590
04212000,LAWRENCE & COMPANY COLLEGE OF COSMETOLOG,CA,93230-4102,Proprietary  ,1,1,2,93,127,220
04215100,CALIFORNIA CAREER INSTITUTE             ,CA,92840-2816,Proprietary  ,1,12,13,49,313,362
04215300,COSMO FACTORY COSMETOLOGY ACADEMY (THE) ,CA,95060-4401,Proprietary  ,1,0,1,52,81,133
04216300,UEI COLLEGE                             ,CA,95065-1520,Proprietary  ,0,1,1,103,155,258
04217100,RUDOLF STEINER COLLEGE                  ,CA,95628-6811,Private      ,0,6,6,5,82,87
04217400,HIGH TECH HIGH GRADUATE SCHOOL OF EDUCAT,CA,92106-6025,Private      ,0,3,3,10,35,45
04217500,W INSTITUTE OF COSMETOLOGY              ,CA,94521-5385,Proprietary  ,0,1,1,35,71,106
04221700,ZMS THE ACADEMY                         ,CA,90042-4231,Proprietary  ,2,11,13,2,14,16
04221800,TONI&GUY HAIRDRESSING ACADEMY           ,CA,95337-5703,Proprietary  ,9,7,16,87,129,216
04221900,COMPUTER TRAINING ACADEMY               ,CA,92507-2122,Proprietary  ,1,20,21,126,475,601
04222200,FAB SCHOOL (THE)                        ,CA,92507-3434,Proprietary  ,3,12,15,157,306,463
04223700,BAY AREA MEDICAL ACADEMY                ,CA,94102-2844,Proprietary  ,5,17,22,229,400,629
04226100,LAWRENCE AND COMPANY COLLEGE OF COSMETOL,CA,93662-3509,Proprietary  ,2,5,7,39,59,98
04228100,HIGH DESERT MEDICAL COLLEGE             ,CA,93534-1134,Proprietary  ,24,58,82,207,623,830
04228800,BAY AREA COLLEGE OF NURSING             ,CA,94303-4617,Proprietary  ,3,13,16,21,109,130
04234000,SAN FRANCISCO SCHOOL OF DIGITAL FILMMAKI,CA,94103-2835,Proprietary  ,0,1,1,28,81,109
04235500,PRESIDIO GRADUATE SCHOOL                ,CA,94129-1749,Private      ,0,0,0,0,6,6
04237100,SALON PROFESSIONAL ACADEMY (THE)        ,CA,95129-5101,Proprietary  ,7,13,20,61,170,231
04237600,CALIFORNIA JAZZ CONSERVATORY            ,CA,94704-1268,Private      ,2,3,5,2,3,5
04237800,CALIFORNIA BARBER AND BEAUTY COLLEGE    ,CA,92115-4730,Proprietary  ,6,12,18,66,206,272
04240200,AVIATION INSTITUTE OF MAINTENANCE       ,CA,94621-4527,Proprietary  ,2,39,41,12,101,113
04241700,SAINT JOSEPH'S SCHOOL OF NURSING        ,CA,93534-2304,Proprietary  ,8,17,25,8,29,37
04242500,ASSOCIATED BARBER COLLEGE OF SAN DIEGO  ,CA,92101-4210,Proprietary  ,2,15,17,2,15,17
04242600,ABCO TECHNOLOGY                         ,CA,90045-1551,Proprietary  ,0,1,1,0,1,1
04244000,CALIFORNIA INTERCONTINENTAL UNIVERSITY  ,CA,92614-5636,Proprietary  ,0,1,1,0,1,1
04245500,UNITED HEALTHCARE CAREERS COLLEGE       ,CA,90015-3811,Proprietary  ,1,16,17,1,16,17
00184600,BRIAR CLIFF UNIVERSITY                  ,IA,51104-2100,Private      ,1,20,21,1221,727,1948
00184700,BUENA VISTA UNIVERSITY                  ,IA,50588-9987,Private      ,7,60,67,1546,2107,3653
00184800,SOUTHEASTERN COMMUNITY COLLEGE          ,IA,52655-0000,Public       ,18,53,71,1216,1736,2952
00185000,CENTRAL COLLEGE                         ,IA,50219-1999,Private      ,4,2,6,2280,117,2397
00185200,CLARKE UNIVERSITY                       ,IA,52001-3198,Private      ,1,8,9,1289,596,1885
00185400,COE COLLEGE                             ,IA,52402-5092,Private      ,3,0,3,2525,284,2809
00185500,DES MOINES UNIV-OSTEOPATHIC MED CTR     ,IA,50312-0000,Private      ,0,14,14,52,1726,1778
00185600,CORNELL COLLEGE                         ,IA,52314-1098,Private      ,1,2,3,1915,128,2043
00185700,SOUTHWESTERN COMMUNITY COLLEGE          ,IA,50801-1098,Public       ,13,27,40,716,632,1348
00185800,DIVINE WORD COLLEGE                     ,IA,52045-0380,Private      ,0,0,0,25,17,42
00185900,DORDT COLLEGE                           ,IA,51250-1697,Private      ,2,1,3,1501,112,1613
00186000,DRAKE UNIVERSITY                        ,IA,50311-4505,Private      ,7,29,36,5109,2109,7218
00186200,ELLSWORTH COMMUNITY COLLEGE             ,IA,50126-1199,Public       ,13,17,30,890,362,1252
00186400,IOWA LAKES COMMUNITY COLLEGE            ,IA,51334-2234,Public       ,5,34,39,1109,911,2020
00186500,IOWA CENTRAL COMMUNITY COLLEGE          ,IA,50501-0000,Public       ,27,95,122,3114,3314,6428
00186600,GRACELAND UNIVERSITY                    ,IA,50140-1699,Private      ,4,54,58,1468,1613,3081
00186700,GRAND VIEW UNIVERSITY                   ,IA,50316-1599,Private      ,4,19,23,2152,1463,3615
00186800,GRINNELL COLLEGE                        ,IA,50112-1690,Private      ,1,1,2,3311,132,3443
00186900,IOWA STATE UNIV SCIENCE & TECHNOLOG     ,IA,50011-2028,Public       ,78,95,173,29275,6654,35929
00187100,IOWA WESLEYAN COLLEGE                   ,IA,52641-1398,Private      ,1,4,5,652,328,980
00187300,LORAS COLLEGE                           ,IA,52004-0178,Private      ,0,6,6,2022,232,2254
00187400,LUTHER COLLEGE                          ,IA,52101-1045,Private      ,0,2,2,3186,134,3320
00187500,MARSHALLTOWN COMMUNITY COLLEGE          ,IA,50158-4760,Public       ,20,17,37,829,870,1699
00187700,NORTH IOWA AREA COMMUNITY COLLEGE       ,IA,50401-7299,Public       ,13,29,42,1430,1078,2508
00187900,MORNINGSIDE COLLEGE                     ,IA,51106-1751,Private      ,0,84,84,2191,1110,3301
00188000,MOUNT MERCY UNIVERSITY                  ,IA,52402-4797,Private      ,3,19,22,1079,1219,2298
00188300,NORTHWESTERN COLLEGE                    ,IA,51041-1996,Private      ,0,16,16,1422,201,1623
00188700,SIMPSON COLLEGE                         ,IA,50125-1297,Private      ,0,11,11,2182,503,2685
00188900,ST AMBROSE UNIVERSITY                   ,IA,52803-2898,Private      ,4,19,23,3395,1548,4943
00189000,UNIVERSITY OF NORTHERN IOWA             ,IA,50614-0002,Public       ,17,63,80,10276,3053,13329
00189100,UNIVERSITY OF DUBUQUE                   ,IA,52001-5099,Private      ,6,18,24,2191,839,3030
00189200,UNIVERSITY OF IOWA                      ,IA,52242-1316,Public       ,32,82,114,22297,9411,31708
00189300,UPPER IOWA UNIVERSITY                   ,IA,52142-9206,Private      ,18,225,243,1793,5890,7683
00189500,WALDORF COLLEGE                         ,IA,50436-1700,Proprietary  ,3,46,49,725,1197,1922
00189600,WARTBURG COLLEGE                        ,IA,50677-2200,Private      ,0,2,2,2246,121,2367
00189700,WARTBURG THEOLOGICAL SEMINARY           ,IA,52004-5004,Private      ,0,3,3,11,125,136
00190000,WILLIAM PENN UNIVERSITY                 ,IA,52577-1799,Private      ,5,27,32,1292,1079,2371
00396300,AIB COLLEGE OF BUSINESS                 ,IA,50321-1799,Private      ,0,12,12,841,850,1691
00407500,ESTRN IOWA COMMUNITY COLLEGE DIST       ,IA,52801-1201,Public       ,3,16,19,235,731,966
00407501,CLINTON COMMUNITY COLLEGE               ,IA,52732-0000,Public       ,5,50,55,532,2397,2929
00407502,MUSCATINE COMMUNITY COLLEGE             ,IA,52761-0000,Public       ,7,12,19,625,749,1374
00407503,SCOTT COMMUNITY COLLEGE                 ,IA,52722-0000,Public       ,20,49,69,1651,2969,4620
00407600,KIRKWOOD COMMUNITY COLLEGE              ,IA,52406-2068,Public       ,62,256,318,6757,7540,14297
00423300,MERCY/ST. LUKE'S SCH RAD TECH           ,IA,52402-0000,Private      ,0,1,1,40,51,91
00458600,KAPLAN UNIVERSITY                       ,IA,52807-2095,Proprietary  ,408,6070,6478,4914,93076,97990
00458604,KAPLAN UNIVERSITY - CEDAR RAPIDS        ,IA,52404-2998,Proprietary  ,5,86,91,188,2107,2295
00458605,KAPLAN UNIVERSITY - DES MOINES          ,IA,50323-5702,Proprietary  ,16,101,117,236,2424,2660
00458606,KAPLAN UNIVERSITY - MASON CITY          ,IA,50401-4665,Proprietary  ,2,43,45,75,1007,1082
00458607,KAPLAN UNIVERSITY - CEDAR FALLS         ,IA,50613-6309,Proprietary  ,2,70,72,150,1633,1783
00458700,NORTHEAST IOWA COMMUNITY COLLEGE        ,IA,52132-0400,Public       ,14,14,28,713,712,1425
00458701,NORTHEAST IOWA COMMUNITY COLLEGE        ,IA,52068-0000,Public       ,14,38,52,1087,1361,2448
00459500,HAWKEYE COMMUNITY COLLEGE               ,IA,50701-0000,Public       ,37,116,153,2887,2998,5885
00459800,IOWA WESTERN CMTY CLG-COUNCIL BLUFF     ,IA,51502-0000,Public       ,48,95,143,3893,3856,7749
00460000,NORTHWEST IOWA COMMUNITY COLLEGE        ,IA,51201-1046,Public       ,12,13,25,606,495,1101
00626700,IOWA METHODIST MEDICAL CENTER SCHOOLS   ,IA,50309-1499,Private      ,0,4,4,40,119,159
00627300,MERCY COLLEGE OF HEALTH SCIENCES        ,IA,50309-1239,Private      ,7,24,31,504,1026,1530
00712000,DES MOINES AREA CMTY COLLEGE            ,IA,50021-0000,Public       ,107,353,460,8275,10736,19011
00712100,FAITH BAPTIST BIBLE CLG & THEOL SEM     ,IA,50021-0000,Private      ,1,1,2,302,81,383
00729100,ST LUKE'S COLLEGE                       ,IA,51104-0263,Private      ,2,3,5,146,248,394
00731600,WESTERN IOWA TECH COMMUNITY COLLEGE     ,IA,51106-0000,Public       ,39,84,123,2261,3484,5745
00758800,CAPRI COLLEGE                           ,IA,52004-0873,Proprietary  ,4,7,11,142,202,344
00761100,EQ SCHOOL OF HAIR DESIGN                ,IA,51503-0813,Proprietary  ,2,1,3,50,83,133
00765600,AMERICAN COLLEGE OF HARISTYLING -CR     ,IA,52402-0000,Proprietary  ,0,0,0,11,50,61
00765800,AMER COLL OF HAIRSTYLING-DES MOINES     ,IA,50309-5446,Proprietary  ,1,1,2,23,81,104
00765900,LA JAMES COLLEGE OF HAIRSTYLING         ,IA,50401-3308,Proprietary  ,4,6,10,69,84,153
00771700,CAPRI COLLEGE                           ,IA,52807-2622,Proprietary  ,4,10,14,147,244,391
00794100,COLLEGE OF HAIR DESIGN                  ,IA,50703-1834,Proprietary  ,2,1,3,13,65,78
00826000,IOWA SCHOOL OF BEAUTY INC               ,IA,50322-0000,Proprietary  ,4,11,15,112,280,392
00840300,INDIAN HILLS COMMUNITY COLLEGE          ,IA,52501-1398,Public       ,36,108,144,2108,2707,4815
00842400,LA JAMES INTERNATIONAL COLLEGE          ,IA,50501-5577,Proprietary  ,1,1,2,53,67,120
00959300,LA'JAMES COLLEGE OF HAIRSTYLING         ,IA,52240-0000,Proprietary  ,0,2,2,56,107,163
01111300,MAHARISHI UNIV OF MANAGEMENT            ,IA,52557-0001,Private      ,0,3,3,148,520,668
01206400,HAMILTON TECHNICAL COLLEGE              ,IA,52807-2653,Proprietary  ,0,13,13,106,315,421
01230000,PALMER COLLEGE OF CHIROPRACTIC          ,IA,52803-5287,Private      ,1,7,8,93,2367,2460
01300600,LA' JAMES INTERNATIONAL COLLEGE-CF      ,IA,50613-5242,Proprietary  ,0,2,2,35,69,104
02090300,CAPRI COLLEGE                           ,IA,52404-0000,Proprietary  ,6,8,14,154,197,351
02134500,LA JAMES INTERNATIONAL COLLEGE - DAV    ,IA,52806-3952,Proprietary  ,2,4,6,35,111,146
02160900,PCI ACADEMY                             ,IA,50010-6062,Proprietary  ,1,5,6,128,120,248
02262500,FAUST INSTITUTE OF COSMETOLOGY          ,IA,50588-0000,Proprietary  ,2,2,4,31,42,73
02274100,LA' JAMES INTERNATIONAL COLLEGE - DM    ,IA,50131-0000,Proprietary  ,4,6,10,73,114,187
02289000,AMERICAN HAIR ACADEMY                   ,IA,52627-4530,Proprietary  ,1,2,3,25,38,63
02306900,IOWA SCHOOL OF BEAUTY                   ,IA,52501-0000,Proprietary  ,1,2,3,52,62,114
02328900,EMMAUS BIBLE COLLEGE                    ,IA,52001-0000,Private      ,0,0,0,248,67,315
02330900,IOWA SCHOOL OF BEAUTY                   ,IA,50158-0000,Proprietary  ,1,4,5,22,51,73
02609200,VATTEROTT COLLEGE                       ,IA,50321-4704,Proprietary  ,3,42,45,120,676,796
03065302,PAUL MITCHELL THE SCHOOL DAVENPORT      ,IA,52806-4000,Proprietary  ,0,0,0,8,34,42
03069100,ALLEN COLLEGE                           ,IA,50703-1916,Private      ,2,5,7,404,604,1008
03441300,IOWA SCHOOL OF BEAUTY                   ,IA,51106-5111,Proprietary  ,1,3,4,46,104,150
03607400,TOTAL LOOK SCHOOL OF COSMETOLOGY AND MAS,IA,52136-1053,Proprietary  ,2,0,2,8,14,22
03720300,CARLSON COLLEGE OF MASSAGE THERAPY      ,IA,52205-7519,Proprietary  ,0,0,0,16,33,49
04051313,ART INSTITUTE OF PHOENIX (THE) - BROWN M,IA,52722-3628,Proprietary  ,0,1,1,20,105,125
04177800,SALON PROFESSIONAL ACADEMY (THE)        ,IA,52240-6083,Proprietary  ,4,8,12,53,83,136
04203300,AVEDA INSTITUTE DES MOINES              ,IA,50266-8137,Proprietary  ,3,5,8,201,184,385
00259600,ATLANTIC COMMUNITY COLLEGE              ,NJ,08330-2699,Public       ,31,96,127,4129,5226,9355
00259700,BLOOMFIELD COLLEGE                      ,NJ,07003-3425,Private      ,5,15,20,3105,1646,4751
00259800,CALDWELL COLLEGE                        ,NJ,07006-6195,Private      ,6,26,32,2644,1234,3878
00259900,CENTENARY COLLEGE                       ,NJ,07840-2184,Private      ,5,32,37,1718,1049,2767
00260000,COLLEGE OF SAINT ELIZABETH              ,NJ,07960-6989,Private      ,2,7,9,1179,779,1958
00260100,CUMBERLAND COUNTY COLLEGE               ,NJ,08362-9912,Public       ,11,38,49,2475,3573,6048
00260300,DREW UNIVERSITY                         ,NJ,07940-4063,Private      ,7,5,12,2809,654,3463
00260700,FAIRLEIGH DICKINSON UNIV-TEANECK        ,NJ,07666-1996,Private      ,17,57,74,4412,3300,7712
00260701,FAIRLEIGH DICKINSON UNIV-FLORHAM        ,NJ,07940-0000,Private      ,4,6,10,3896,1225,5121
00260702,FAIRLEIGH DICKINSON UNIV-ED WMS CLG     ,NJ,07601-0000,Private      ,1,5,6,636,625,1261
00260703,FAIRLEIGH DICKINSON UNIVERSITY          ,NJ,07940-0000,Private      ,2,3,5,1583,867,2450
00260800,GEORGIAN COURT UNIVERSITY               ,NJ,08701-2697,Private      ,3,14,17,1758,1421,3179
00260900,ROWAN UNIVERSITY                        ,NJ,08028-1702,Public       ,34,78,112,16364,6599,22963
00261000,FELICIAN COLLEGE                        ,NJ,07644-2198,Private      ,8,17,25,1976,1498,3474
00261300,NEW JERSEY CITY UNIVERSITY              ,NJ,07305-1597,Public       ,16,80,96,5390,6908,12298
00261500,MIDDLESEX COUNTY COLLEGE                ,NJ,08818-3050,Public       ,41,109,150,7193,5648,12841
00261600,MONMOUTH UNIVERSITY                     ,NJ,07764-1898,Private      ,8,35,43,8681,2708,11389
00261700,MONTCLAIR STATE UNIVERSITY              ,NJ,07043-9987,Public       ,43,113,156,20831,8946,29777
00261900,NEW BRUNSWICK THEOLOGICAL SEMINARY      ,NJ,08901-0000,Private      ,1,1,2,91,212,303
00262100,NEW JERSEY INST OF TECHNOLOGY           ,NJ,07102-1982,Public       ,14,51,65,7700,4299,11999
00262200,KEAN UNIVERSITY                         ,NJ,07083-7131,Public       ,43,89,132,12701,9881,22582
00262400,OCEAN COUNTY COLLEGE                    ,NJ,08754-2001,Public       ,37,99,136,5270,4792,10062
00262500,WILLIAM PATERSON UNIVERSITY             ,NJ,07470-2152,Public       ,34,46,80,13806,5961,19767
00262600,PRINCETON THEOLOGICAL SEMINARY          ,NJ,08542-0000,Private      ,0,3,3,16,595,611
00262700,PRINCETON UNIVERSITY                    ,NJ,08544-0001,Private      ,3,9,12,17054,1725,18779
00262800,RIDER UNIVERSITY                        ,NJ,08648-3099,Private      ,15,23,38,8861,1837,10698
00262900,"RUTGERS, THE STATE UNIVERSITY OF NJ     ",NJ,08901-1281,Public       ,97,307,404,51938,31049,82987
00263200,SETON HALL UNIVERSITY                   ,NJ,07079-2697,Private      ,26,61,87,12524,4414,16938
00263201,SETON HALL UNIVERSITY - SCHOOL OF LAW   ,NJ,07079-5210,Private      ,0,16,16,282,1651,1933
00263800,SAINT PETER'S UNIVERSITY                ,NJ,07306-5997,Private      ,15,54,69,4230,2321,6551
00263900,STEVENS INSTITUTE OF TECHNOLOGY         ,NJ,07030-5370,Private      ,6,8,14,5217,715,5932
00264200,COLLEGE OF NEW JERSEY (THE)             ,NJ,08628-0718,Public       ,19,27,46,12389,1638,14027
00264300,UNION COUNTY COLLEGE                    ,NJ,07016-1598,Public       ,43,168,211,6099,9065,15164
00473600,BERGEN COMMUNITY COLLEGE                ,NJ,07652-1595,Public       ,46,94,140,9225,6624,15849
00474000,MERCER COUNTY COMMUNITY COLLEGE         ,NJ,08690-0000,Public       ,38,105,143,3845,4790,8635
00539900,MONMOUTH COUNTY VOCATIONAL SCH DIST     ,NJ,07728-5033,Public       ,0,2,2,77,170,247
00545200,TETERBORO SCH OF AERONAUTICS            ,NJ,07608-1083,Proprietary  ,1,4,5,124,150,274
00546100,SALEM COMMUNITY COLLEGE                 ,NJ,08069-2799,Public       ,1,21,22,636,833,1469
00641700,HOLY NAME MEDICAL CENTER SCHOOL OF NURSI,NJ,07666-4254,Private      ,0,4,4,77,321,398
00642000,MOUNTAINSIDE HOSP SCH NRSG              ,NJ,07042-4898,Proprietary  ,0,1,1,50,202,252
00642100,MUHLENBERG SNYDER SCHOOLS               ,NJ,07061-3399,Private      ,1,2,3,123,560,683
00642900,ST FRANCIS MEDICAL CTR SCH NURSING      ,NJ,08629-1986,Private      ,0,1,1,44,151,195
00642902,ST FRANCIS MED CTR RAD TECH             ,NJ,08629-0000,Private      ,0,1,1,17,79,96
00686500,CAMDEN COUNTY COLLEGE                   ,NJ,08012-3240,Public       ,55,169,224,6744,9267,16011
00690100,GLOUCESTER COUNTY COLLEGE               ,NJ,08080-4249,Public       ,47,61,108,4292,3680,7972
00710700,ESSEX COUNTY COLLEGE                    ,NJ,07102-1798,Public       ,27,139,166,6355,10417,16772
00750200,BERKELEY COLLEGE                        ,NJ,07424-3367,Proprietary  ,13,24,37,2794,4481,7275
00759300,PARISIAN BEAUTY ACADEMY                 ,NJ,07601-5509,Proprietary  ,5,10,15,225,326,551
00772900,COUNTY COLLEGE OF MORRIS                ,NJ,07869-0000,Public       ,19,35,54,4108,2351,6459
00773000,BURLINGTON COUNTY COLLEGE               ,NJ,08068-1599,Public       ,43,118,161,4675,5882,10557
00773100,RARITAN VALLEY COMMUNITY COLLEGE        ,NJ,08876-1265,Public       ,25,44,69,3113,2554,5667
00780401,STAR CAREER ACADEMY - STAR LAKEWOOD     ,NJ,08701-5900,Proprietary  ,10,46,56,177,497,674
00780402,STAR CAREER ACADEMY - STAR EGG HARBOR   ,NJ,08234-4863,Proprietary  ,5,38,43,125,417,542
00793808,LINCOLN TECHNICAL INSTITUTE - SOUTH PLAI,NJ,07080-2424,Proprietary  ,6,31,37,217,293,510
00793810,LINCOLN TECHNICAL INSTITUTE - MAHWAH    ,NJ,07430-2106,Proprietary  ,20,43,63,648,521,1169
00793811,LINCOLN TECHNICAL INSTITUTE - UNION     ,NJ,07083-5032,Proprietary  ,79,87,166,950,1052,2002
00794700,BETH MEDRASH GOVOHA OF AMERICA          ,NJ,08701-0000,Private      ,81,129,210,490,2151,2641
00840400,BROOKDALE COMMUNITY COLLEGE             ,NJ,07738-1597,Public       ,32,129,161,6282,5124,11406
00844101,ANTHEM INSTITUTE                        ,NJ,08002-0000,Proprietary  ,0,0,0,66,267,333
00849400,HO HO KUS SCHL OF TRADE & TECH SCIENCES ,NJ,07513-1402,Proprietary  ,6,14,20,139,279,418
00860900,RABBINICAL COLLEGE OF AMERICA           ,NJ,07960-3600,Private      ,28,3,31,119,35,154
00907800,CAPRI INSTITUTE OF HAIR DESIGN          ,NJ,07011-2111,Proprietary  ,5,6,11,105,243,348
00934400,RAMAPO COLLEGE OF NEW JERSEY            ,NJ,07430-1680,Public       ,20,21,41,8066,1784,9850
00934500,RICHARD STOCKTON COLLEGE OF NJ          ,NJ,08205-9441,Public       ,18,29,47,9944,3754,13698
00982804,EVEREST INSTITUTE - SOUTH PLAINFIELD    ,NJ,07080-1125,Proprietary  ,16,44,60,294,730,1024
00999400,PASSAIC COUNTY COMMUNITY COLLEGE        ,NJ,07505-1179,Public       ,51,146,197,5095,5938,11033
01062900,P B COSMETOLOGY EDUCATION CENTRE        ,NJ,08030-1750,Proprietary  ,4,9,13,116,155,271
01085100,ANTHEM INSTITUTE                        ,NJ,07054-3409,Proprietary  ,28,104,132,252,903,1155
01085101,ANTHEM INSTITUTE                        ,NJ,07306-0000,Proprietary  ,3,1,4,49,141,190
01085102,ANTHEM INSTITUTE                        ,NJ,08902-0000,Proprietary  ,1,0,1,39,110,149
01090300,RIZZIERI INSTITUTE                      ,NJ,08043-4600,Proprietary  ,2,3,5,160,206,366
01152300,MORRIS COUNTY SCHOOL OF TECHNOLOGY      ,NJ,07834-0000,Public       ,1,1,2,70,111,181
01198900,TALMUDICAL ACADEMY                      ,NJ,07710-0000,Private      ,4,2,6,55,8,63
01209000,ROBERT FIANCE BEAUTY SCHOOLS            ,NJ,08861-4118,Proprietary  ,3,8,11,120,198,318
01246100,LINCOLN TECHNICAL INSTITUTE             ,NJ,08820-2896,Proprietary  ,8,34,42,314,776,1090
01246102,LINCOLN TECHNICAL INSTITUTE             ,NJ,08057-3212,Proprietary  ,6,34,40,248,825,1073
01246103,LINCOLN TECHNICAL INSTITUTE             ,NJ,07652-2106,Proprietary  ,13,42,55,421,832,1253
01246200,HOHOKUS - HACKENSACK SCHOOL OF BUSINESS ,NJ,07601-7197,Proprietary  ,11,23,34,176,647,823
01295400,HUDSON COUNTY COMMUNITY COLLEGE         ,NJ,07306-4012,Public       ,51,98,149,6008,7266,13274
02053700,EASTWICK COLLEGE                        ,NJ,07446-0000,Proprietary  ,11,32,43,423,1350,1773
02061800,ROMAN ACADEMY OF BEAUTY CULTURE         ,NJ,07506-0000,Proprietary  ,1,1,2,24,27,51
02092300,HOHOKUS SCHOOL - RETS/NUTLEY            ,NJ,07110-0000,Proprietary  ,5,16,21,210,470,680
02103700,CAPRI INSTITUTE OF HAIR DESIGN          ,NJ,07652-0000,Proprietary  ,2,7,9,72,123,195
02104000,HARRIS SCHOOL OF BUSINESS               ,NJ,08002-2983,Proprietary  ,71,269,340,639,2369,3008
02106601,AMERICAN INSTITUTE - CLIFTON            ,NJ,07011-2345,Proprietary  ,25,79,104,281,802,1083
02106605,AMERICAN INSTITUTE - TOMS RIVER         ,NJ,08755-1524,Proprietary  ,9,56,65,106,594,700
02131100,DU CRET SCHOOL OF THE ARTS              ,NJ,07060-0000,Private      ,0,0,0,40,24,64
02131600,PENNCO TECH                             ,NJ,08012-0000,Proprietary  ,26,61,87,544,899,1443
02132300,FORTIS INSTITUTE                        ,NJ,07470-7041,Proprietary  ,19,54,73,456,803,1259
02146800,JOE KUBERT SCH OF CARTOON & GRAPHIC     ,NJ,07801-0000,Proprietary  ,1,1,2,90,65,155
02154000,DIVERS ACAD OF EASTERN SEABOARD         ,NJ,08081-1139,Proprietary  ,1,10,11,107,228,335
02183600,CAPRI INSTITUTE OF HAIR DESIGN          ,NJ,07033-0000,Proprietary  ,2,8,10,74,163,237
02192200,THOMAS EDISON STATE COLLEGE             ,NJ,08608-0000,Public       ,8,274,282,674,9710,10384
02219600,OMEGA INSTITUTE                         ,NJ,08109-0000,Proprietary  ,0,0,0,37,135,172
02223700,ROBERT FIANCE BEAUTY SCHOOLS            ,NJ,07093-4623,Proprietary  ,7,39,46,92,297,389
02223900,DRAKE COLLEGE OF BUSINESS               ,NJ,07201-0000,Proprietary  ,1,3,4,134,964,1098
02223902,DRAKE COLLEGE OF BUSINESS - NEWARK CAMPU,NJ,07112-2760,Proprietary  ,0,4,4,234,1303,1537
02232500,UNION COUNTY VOCATIONAL TECH INST       ,NJ,07076-0000,Public       ,1,1,2,97,117,214
02234600,ATLANTIC BEAUTY & SPA ACADEMY           ,NJ,08234-2621,Proprietary  ,6,18,24,87,237,324
02246000,ROSS UNIVERSITY - MEDICAL SCHOOL        ,NJ,08837-0000,Proprietary  ,2,86,88,42,3840,3882
02248600,COOPER HEALTH SYS-CTR ALLIED HEALTH     ,NJ,08103-0000,Private      ,1,4,5,119,462,581
02265500,CAPRI INSTITUTE OF HAIR DESIGN          ,NJ,08724-0000,Proprietary  ,3,7,10,67,182,249
02277900,ROSS UNIV - SCH OF VETERINARY MED       ,NJ,08837-0000,Proprietary  ,0,23,23,19,1632,1651
02312000,BERGEN COUNTY TECHNICAL SCHOOLS         ,NJ,07601-6110,Public       ,0,5,5,137,215,352
02503900,WARREN COUNTY COMMUNITY COLLEGE         ,NJ,07882-0000,Public       ,5,21,26,752,795,1547
02523700,OCEAN COUNTY VOCATIONAL-TECH SCHOOL     ,NJ,08753-0000,Public       ,0,8,8,306,563,869
02525900,ARTISTIC ACADEMY OF HAIR DESIGN         ,NJ,07950-1409,Proprietary  ,1,1,2,91,102,193
02528200,ROBERT FIANCE BEAUTY SCHOOLS            ,NJ,07060-4840,Proprietary  ,5,11,16,82,218,300
02558700,PRISM CAREER INSTITUTE                  ,NJ,08037-0000,Proprietary  ,14,23,37,182,831,1013
02568800,SUSSEX COUNTY COMMUNITY COLLEGE         ,NJ,07860-1149,Public       ,11,27,38,1708,1236,2944
02586900,HARRIS SCHOOL OF BUSINESS               ,NJ,08043-2604,Proprietary  ,25,104,129,240,1131,1371
02616402,SANFORD-BROWN INSTITUTE - ISELIN        ,NJ,08830-0000,Proprietary  ,4,22,26,216,591,807
03077500,RABBI JACOB JOSEPH SCHOOL               ,NJ,08817-4494,Private      ,3,0,3,36,6,42
03122600,EASTERN INTERNATIONAL COLLEGE           ,NJ,07306-3906,Proprietary  ,3,21,24,209,603,812
03187300,STENOTECH CAREER INSTITUTE              ,NJ,07004-0000,Proprietary  ,0,2,2,17,43,60
03197300,INSTITUTE FOR HEALTH EDUCATION(THE)     ,NJ,07306-2929,Proprietary  ,0,0,0,37,123,160
03324300,CENTRAL CAREER SCHOOL                   ,NJ,07080-2408,Proprietary  ,4,21,25,46,265,311
03380302,STAR CAREER ACADEMY - STAR NEWARK       ,NJ,07102-4510,Proprietary  ,13,74,87,262,978,1240
03380303,STAR CAREER ACADEMY - STAR CLIFTON      ,NJ,07011-2248,Proprietary  ,10,23,33,107,342,449
03389300,ACADEMY OF MASSAGE THERAPY              ,NJ,07631-0000,Proprietary  ,0,0,0,26,70,96
03536300,INSTITUTE FOR THERAPEUTIC MASSAGE       ,NJ,07420-1452,Proprietary  ,5,17,22,48,192,240
03650600,PC AGE                                  ,NJ,07306-3936,Proprietary  ,4,18,22,74,377,451
03650603,PC AGE                                  ,NJ,08817-2842,Proprietary  ,1,5,6,12,70,82
03666300,PILLAR COLLEGE                          ,NJ,07102-5511,Private      ,0,11,11,119,892,1011
03803300,HEALTHCARE TRAINING INSTITUTE           ,NJ,07083-3504,Proprietary  ,2,15,17,100,436,536
03811300,EASTERN SCHOOL OF ACUPUNCTURE AND TRADIT,NJ,07042-3562,Proprietary  ,0,3,3,6,77,83
04081300,BAIS MEDRASH TORAS CHESED               ,NJ,08701-0000,Private      ,2,4,6,42,19,61
04123400,YESHIVAS BE'ER YITZCHOK                 ,NJ,07208-2380,Private      ,0,1,1,24,52,76
04125000,GENTLE HEALING SCHOOL OF MASSAGE        ,NJ,08512-3600,Proprietary  ,1,2,3,8,43,51
04131100,YESHIVA TORAS CHAIM                     ,NJ,08701-2120,Private      ,0,0,0,134,2,136
04131200,TOTAL IMAGE BEAUTY ACADEMY              ,NJ,07307-2943,Proprietary  ,0,8,8,34,141,175
04134100,JERSEY COLLEGE                          ,NJ,07608-1104,Proprietary  ,12,181,193,244,2931,3175
04136400,AMERICAN INSTITUTE OF MEDICAL SCIENCES &,NJ,07080-1183,Proprietary  ,2,4,6,105,382,487
04154500,STARTING POINTS FOR CHILDREN            ,NJ,07306-0001,Private      ,2,10,12,24,155,179
04154900,NATIONAL CAREER INSTITUTE               ,NJ,07018-2011,Proprietary  ,3,63,66,25,336,361
04154901,NATIONAL CAREER INSTITUTE - JERSEY CITY ,NJ,07306-4300,Proprietary  ,3,35,38,54,297,351
04173100,LAB PAUL MITCHELL PARTNER SCHOOL (THE)  ,NJ,08628-2500,Proprietary  ,3,3,6,93,113,206
04180300,MESIVTA KESER TORAH                     ,NJ,07719-2409,Private      ,7,6,13,13,10,23
04181400,BEST CARE TRAINING INSTITUTE            ,NJ,07018-1703,Proprietary  ,1,9,10,28,212,240
04184500,CHRISTINE VALMY INTERNATIONAL SCHOOL OF ,NJ,07058-9589,Proprietary  ,2,13,15,37,114,151
04188700,ASI CAREER INSTITUTE                    ,NJ,08012-1043,Proprietary  ,1,4,5,34,221,255
04192400,YESHIVA GEDOLAH ZICHRON LEYMA           ,NJ,07036-3905,Private      ,2,0,2,4,7,11
04207500,MEDICAL CAREER INSTITUTE                ,NJ,07712-7202,Proprietary  ,1,14,15,46,227,273
04215600,AMERICAN INSTITUTE OF PHARMACEUTICAL TEC,NJ,07601-9991,Proprietary  ,2,7,9,3,26,29
04216000,UNIVERSAL TRAINING INSTITUTE            ,NJ,08861-4106,Proprietary  ,0,24,24,34,227,261
04216100,YESHIVA YESODEI HATORAH                 ,NJ,08701-4946,Private      ,23,0,23,32,2,34
04216500,RIZZIERI INSTITUTE                      ,NJ,08043-1911,Proprietary  ,0,1,1,60,97,157
04218200,PAUL MITCHELL THE SCHOOL - JERSEY SHORE ,NJ,08723-3413,Proprietary  ,2,5,7,125,147,272
04218500,SALON PROFESSIONAL ACADEMY THE          ,NJ,07080-0000,Proprietary  ,0,4,4,60,166,226
00266500,VAUGHN COLLEGE OF AERONAUTICS AND TECHNO,NY,11369-9997,Private      ,5,12,17,1328,1014,2342
00266600,ADELPHI UNIVERSITY                      ,NY,11530-4299,Private      ,15,32,47,9016,4709,13725
00266700,DOWLING COLLEGE                         ,NY,11769-1999,Private      ,5,11,16,1862,1074,2936
00266800,ALFRED UNIVERSITY                       ,NY,14802-1205,Private      ,6,5,11,3768,760,4528
00266900,BANK STREET COLLEGE OF EDUCATION        ,NY,10025-0000,Private      ,0,8,8,24,746,770
00267100,BARD COLLEGE                            ,NY,12504-5000,Private      ,2,2,4,3792,757,4549
00267400,NEW YORK THEOLOGICAL SEMINARY           ,NY,10115-0002,Private      ,0,3,3,6,306,312
00267700,BROOKLYN LAW SCHOOL                     ,NY,11201-0000,Private      ,2,35,37,116,2482,2598
00267800,BRYANT & STRATTON COLLEGE               ,NY,14203-1713,Proprietary  ,125,1055,1180,3161,18278,21439
00267803,BRYANT & STRATTON COLLEGE - GREECE      ,NY,14606-4227,Proprietary  ,7,64,71,393,1496,1889
00267805,BRYANT & STRATTON COLLEGE - SYRACUSE    ,NY,13203-2502,Proprietary  ,11,79,90,639,1712,2351
00267807,BRYANT & STRATTON COLLEGE - ALBANY      ,NY,12205-5230,Proprietary  ,5,40,45,282,1064,1346
00268100,CANISIUS COLLEGE                        ,NY,14208-1098,Private      ,4,27,31,4601,1831,6432
00268500,CAZENOVIA COLLEGE                       ,NY,13035-1085,Private      ,6,3,9,1995,247,2242
00268700,CUNY-BROOKLYN COLLEGE                   ,NY,11210-2814,Public       ,57,73,130,21590,13920,35510
00268800,CITY COLLEGE-CUNY                       ,NY,10031-9198,Public       ,58,63,121,22838,13029,35867
00268900,CUNY-HUNTER COLLEGE                     ,NY,10021-0000,Public       ,58,97,155,30426,18115,48541
00269000,QUEENS COLLEGE-CUNY                     ,NY,11367-1597,Public       ,54,69,123,19773,10433,30206
00269100,CUNY- BOROUGH OF MANHATTAN CMTY CLG     ,NY,10007-1047,Public       ,115,124,239,32431,20027,52458
00269200,CUNY BRONX COMMUNITY COLLEGE            ,NY,10453-3102,Public       ,50,64,114,13241,12227,25468
00269300,CUNY-JOHN JAY CLG CRIMINAL JUSTICE      ,NY,10019-1093,Public       ,43,71,114,18481,9662,28143
00269400,KINGSBOROUGH COMMUNITY COLLEGE          ,NY,11235-2398,Public       ,81,77,158,16558,10204,26762
00269600,NY CITY COLLEGE OF TECHNOLOGY-CUNY      ,NY,11201-2983,Public       ,66,63,129,20870,11327,32197
00269700,QUEENSBOROUGH COMMUNITY COLLEGE         ,NY,11364-1497,Public       ,71,61,132,16203,7908,24111
00269800,CUNY THE COLLEGE OF STATEN ISLAND       ,NY,10314-6600,Public       ,47,38,85,15287,5519,20806
00269900,CLARKSON UNIVERSITY                     ,NY,13699-5615,Private      ,3,0,3,6583,594,7177
00270000,COLGATE ROCHESTER CROZER DIVINITY S     ,NY,14620-0000,Private      ,0,3,3,6,104,110
00270100,COLGATE UNIVERSITY                      ,NY,13346-1386,Private      ,3,0,3,4591,120,4711
00270300,COLLEGE OF MOUNT SAINT VINCENT          ,NY,10471-1093,Private      ,9,0,9,2790,529,3319
00270400,COLLEGE OF NEW ROCHELLE                 ,NY,10805-2339,Private      ,6,67,73,1444,4674,6118
00270500,COLLEGE OF SAINT ROSE                   ,NY,12203-1490,Private      ,7,30,37,5083,1845,6928
00270700,COLUMBIA UNIVERSITY                     ,NY,10027-0000,Private      ,20,91,111,23524,22044,45568
00270800,BARNARD COLLEGE-COLUMBIA UNIV           ,NY,10027-6598,Private      ,6,10,16,4657,534,5191
00270900,CONCORDIA COLLEGE                       ,NY,10708-1998,Private      ,1,15,16,962,734,1696
00271000,COOPER UNION                            ,NY,10003-7120,Private      ,0,2,2,1468,338,1806
00271100,CORNELL UNIVERSITY                      ,NY,14853-2801,Private      ,16,34,50,30817,6336,37153
00271101,WEILL CORNELL MEDICAL COLLEGE AND GRADUA,NY,10021-0000,Private      ,1,1,2,51,797,848
00271200,D'YOUVILLE COLLEGE                      ,NY,14201-1084,Private      ,5,14,19,2087,2326,4413
00271300,DOMINICAN COLLEGE                       ,NY,10962-1299,Private      ,3,29,32,1934,1203,3137
00271800,ELMIRA COLLEGE                          ,NY,14901-2099,Private      ,2,1,3,2415,344,2759
00272200,FORDHAM UNIVERSITY                      ,NY,10458-5157,Private      ,31,62,93,27766,9469,37235
00272600,GENERAL THEOLOGICAL SEMINARY            ,NY,10011-0000,Private      ,0,1,1,4,77,81
00272800,HAMILTON COLLEGE                        ,NY,13323-1218,Private      ,0,1,1,3133,83,3216
00272900,HARTWICK COLLEGE                        ,NY,13820-4020,Private      ,4,1,5,3977,215,4192
00273100,HOBART & WILLIAM SMITH COLLEGES         ,NY,14456-3397,Private      ,2,3,5,3609,108,3717
00273200,HOFSTRA UNIVERSITY                      ,NY,11549-1010,Private      ,17,35,52,18487,5617,24104
00273400,HOUGHTON COLLEGE                        ,NY,14744-0128,Private      ,2,2,4,1342,190,1532
00273500,HILBERT COLLEGE                         ,NY,14075-1597,Private      ,1,5,6,1107,378,1485
00273700,IONA COLLEGE                            ,NY,10801-1890,Private      ,12,11,23,8049,1166,9215
00273900,ITHACA COLLEGE                          ,NY,14850-7130,Private      ,9,1,10,15516,1077,16593
00274000,JEWISH THEOLOGICAL SEMINARY OF AMER     ,NY,10027-4649,Private      ,0,1,1,136,158,294
00274200,THE JUILLIARD SCHOOL                    ,NY,10023-6588,Private      ,1,2,3,1614,878,2492
00274400,KEUKA COLLEGE                           ,NY,14478-0000,Private      ,5,12,17,1709,1425,3134
00274800,LEMOYNE COLLEGE                         ,NY,13214-1399,Private      ,6,10,16,5665,1084,6749
00274900,NEW YORK COLLEGE OF PODIATRIC MED       ,NY,10035-1940,Private      ,0,1,1,43,464,507
00275100,LONG ISLAND UNIVERSITY                  ,NY,11548-1326,Private      ,30,69,99,13434,11260,24694
00275800,MANHATTAN COLLEGE                       ,NY,10471-4098,Private      ,12,6,18,7349,891,8240
00275900,MANHATTAN SCHOOL OF MUSIC               ,NY,10027-4689,Private      ,2,0,2,667,651,1318
00276000,MANHATTANVILLE COLLEGE                  ,NY,10577-2132,Private      ,7,20,27,3306,906,4212
00276300,MARIA COLLEGE                           ,NY,12208-1798,Private      ,0,9,9,324,940,1264
00276500,MARIST COLLEGE                          ,NY,12601-1387,Private      ,7,9,16,9727,1595,11322
00276900,MARYMOUNT MANHATTAN COLLEGE             ,NY,10021-4597,Private      ,4,3,7,3964,417,4381
00277200,MERCY COLLEGE                           ,NY,10522-1189,Private      ,24,161,185,6656,8125,14781
00277500,MOLLOY COLLEGE                          ,NY,11570-1100,Private      ,10,15,25,4367,2574,6941
00277700,MEDAILLE COLLEGE                        ,NY,14214-2695,Private      ,3,38,41,1791,1835,3626
00277800,MOUNT SAINT MARY COLLEGE                ,NY,12550-3494,Private      ,9,11,20,4033,1337,5370
00277900,NAZARETH COLLEGE OF ROCHESTER           ,NY,14618-3790,Private      ,1,6,7,3980,1511,5491
00278200,NEW YORK INSTITUTE OF TECHNOLOGY        ,NY,11568-8000,Private      ,20,13,33,6642,2710,9352
00278202,NY INSTITUTE OF TECHNOLOGY-OSTEOPATHIC M,NY,11568-0000,Private      ,0,3,3,73,1162,1235
00278300,NEW YORK LAW SCHOOL                     ,NY,10013-0000,Private      ,1,9,10,89,2289,2378
00278400,NEW YORK MEDICAL COLLEGE                ,NY,10595-0000,Private      ,0,7,7,49,1969,2018
00278500,NEW YORK UNIVERSITY                     ,NY,10012-1091,Private      ,56,205,261,44531,29717,74248
00278520,NEW YORK UNIVERSITY - BROOKLYN          ,NY,11201-3840,Private      ,0,0,0,751,163,914
00278800,NIAGARA UNIVERSITY                      ,NY,14109-2010,Private      ,4,14,18,3953,1029,4982
00279000,NYACK COLLEGE                           ,NY,10960-3698,Private      ,5,27,32,1345,1969,3314
00279100,PACE UNIVERSITY - NEW YORK              ,NY,10038-1598,Private      ,18,63,81,13356,4819,18175
00279101,PACE UNIVERSITY-PLEASANTVILLE           ,NY,10570-0000,Private      ,4,14,18,4181,1529,5710
00279102,PACE UNIVERSITY - WHITE PLAINS          ,NY,10603-0000,Private      ,0,12,12,628,1735,2363
00279500,PAUL SMITHS CLG OF ARTS & SCIENCES      ,NY,12970-0000,Private      ,2,2,4,1232,163,1395
00279800,PRATT INSTITUTE                         ,NY,11205-3899,Private      ,8,12,20,5514,2373,7887
00280300,RENSSELAER POLYTECHNIC INSTITUTE        ,NY,12180-3590,Private      ,4,3,7,13134,757,13891
00280500,ROBERTS WESLEYAN COLLEGE                ,NY,14624-1997,Private      ,4,12,16,1374,1553,2927
00280600,ROCHESTER INSTITUTE OF TECHNOLOGY       ,NY,14623-5608,Private      ,14,15,29,17259,2942,20201
00280700,ROCKEFELLER UNIVERSITY                  ,NY,10021-0000,Private      ,0,0,0,41,75,116
00280800,DAEMEN COLLEGE                          ,NY,14226-3592,Private      ,7,18,25,2891,1377,4268
00281000,THE SAGE COLLEGES                       ,NY,12180-4199,Private      ,2,5,7,2213,2008,4221
00281200,TROCAIRE COLLEGE                        ,NY,14220-2094,Private      ,3,8,11,952,1752,2704
00281300,SARAH LAWRENCE COLLEGE                  ,NY,10708-5999,Private      ,4,1,5,2340,676,3016
00281400,SKIDMORE COLLEGE                        ,NY,12866-1632,Private      ,6,2,8,4841,170,5011
00281500,ST BERNARDS SCH THEOLOGY & MINISTRY     ,NY,14618-3822,Private      ,0,0,0,1,45,46
00281600,SIENA COLLEGE                           ,NY,12211-1462,Private      ,4,4,8,6324,323,6647
00281700,ST BONAVENTURE UNIVERSITY               ,NY,14778-2284,Private      ,4,4,8,2849,530,3379
00282000,ST FRANCIS COLLEGE                      ,NY,11201-4398,Private      ,13,5,18,3238,888,4126
00282100,ST JOHN FISHER COLLEGE                  ,NY,14618-3597,Private      ,2,17,19,4880,2041,6921
00282200,CHRIST THE KING SEMINARY                ,NY,14052-0607,Private      ,0,0,0,0,10,10
00282300,ST JOHN'S UNIVERSITY                    ,NY,11439-1343,Private      ,28,31,59,25960,6727,32687
00282500,ST JOSEPH'S COLLEGE                     ,NY,11205-3688,Private      ,2,12,14,1645,986,2631
00282501,ST JOSEPH'S COLLEGE-SUFFOLK CAMPUS      ,NY,11772-0000,Private      ,5,17,22,3015,1819,4834
00282900,ST LAWRENCE UNIVERSITY                  ,NY,13617-1455,Private      ,3,2,5,2819,174,2993
00283200,ST THOMAS AQUINAS COLLEGE               ,NY,10976-1050,Private      ,3,3,6,1957,306,2263
00283300,ST VLADIMIR ORTHODOX THEOL SEM          ,NY,10707-0000,Private      ,0,1,1,0,64,64
00283400,EXCELSIOR COLLEGE                       ,NY,12203-5159,Private      ,25,950,975,708,15691,16399
00283500,SUNY AT ALBANY                          ,NY,12222-0001,Public       ,29,31,60,22991,5447,28438
00283600,BINGHAMTON UNIVERSITY (SUNY)            ,NY,13902-6000,Public       ,31,18,49,26159,3352,29511
00283700,SUNY AT BUFFALO                         ,NY,14260-0001,Public       ,30,33,63,26577,10283,36860
00283800,SUNY AT STONY BROOK                     ,NY,11794-0701,Public       ,47,93,140,30569,8951,39520
00283900,SUNY-DOWNSTATE MEDICAL CENTER           ,NY,11203-2098,Public       ,0,14,14,274,2575,2849
00284000,SUNY UPSTATE MEDICAL UNIVERSITY         ,NY,13210-2375,Public       ,1,6,7,296,1540,1836
00284100,SUNY BROCKPORT - FIN AID OFF            ,NY,14420-2914,Public       ,16,33,49,10869,3239,14108
00284200,BUFFALO STATE COLLEGE - SUNY            ,NY,14222-1095,Public       ,34,42,76,14915,5421,20336
00284300,SUNY COLLEGE-CORTLAND                   ,NY,13045-0900,Public       ,17,10,27,12301,1534,13835
00284400,SUNY AT FREDONIA                        ,NY,14063-1145,Public       ,6,10,16,7760,1015,8775
00284500,SUNY GENESEO                            ,NY,14454-1401,Public       ,10,3,13,9684,629,10313
00284600,SUNY COLLEGE-NEW PALTZ                  ,NY,12561-2499,Public       ,23,18,41,13187,2349,15536
00284700,SUNY COLLEGE-ONEONTA                    ,NY,13820-4015,Public       ,11,14,25,11781,897,12678
00284800,SUNY OSWEGO                             ,NY,13126-3599,Public       ,14,21,35,12453,2143,14596
00284900,SUNY COLLEGE AT PLATTSBURGH             ,NY,12901-2681,Public       ,13,12,25,8497,1581,10078
00285000,SUNY COLLEGE-POTSDAM                    ,NY,13676-2294,Public       ,8,6,14,6224,1001,7225
00285100,SUNY COLLEGE OF ENVIRONMENT SCIENCE AND ,NY,13210-2778,Public       ,4,3,7,2433,623,3056
00285300,SUNY MARITIME COLLEGE                   ,NY,10465-4198,Public       ,6,2,8,2073,407,2480
00285400,SUNY COLLEGE OF TECHNOLOGY-ALFRED       ,NY,14802-9951,Public       ,6,3,9,5130,1178,6308
00285500,SUNY CANTON COLG OF TECHNOLOGY          ,NY,13617-1098,Public       ,11,8,19,3998,1582,5580
00285600,SUNY AG & TECH COLLEGE-COBLESKILL       ,NY,12043-9986,Public       ,11,4,15,3638,681,4319
00285700,SUNY DELHI                              ,NY,13753-1190,Public       ,11,7,18,4858,1421,6279
00285800,SUNY FARMINGDALE                        ,NY,11735-1021,Public       ,21,28,49,7964,3163,11127
00285900,SUNY COLLEGE OF AG & TECH AT MORRISVILLE,NY,13408-0901,Public       ,4,5,9,4410,1083,5493
00286000,ADIRONDACK COMMUNITY COLLEGE            ,NY,12804-1445,Public       ,7,13,20,2596,1916,4512
00286100,CAYUGA COMMUNITY COLLEGE                ,NY,13021-3099,Public       ,9,67,76,1792,2349,4141
00286200,BROOME COMMUNITY COLLEGE                ,NY,13902-0000,Public       ,22,32,54,4108,3071,7179
00286300,CORNING COMMUNITY COLLEGE               ,NY,14830-3297,Public       ,11,27,38,2045,1896,3941
00286400,DUTCHESS COMMUNITY COLLEGE              ,NY,12601-1595,Public       ,35,40,75,5023,2562,7585
00286600,FASHION INSTITUTE OF TECHNOLOGY         ,NY,10001-5992,Public       ,14,22,36,9956,3857,13813
00286700,SUNY FULTON MONTGOMERY COMM CLG         ,NY,12095-3790,Public       ,4,11,15,1846,1208,3054
00286800,HUDSON VALLEY COMMUNITY COLLEGE         ,NY,12180-6096,Public       ,15,41,56,6851,5070,11921
00286900,JAMESTOWN COMMUNITY COLLEGE             ,NY,14702-0020,Public       ,5,12,17,2627,1863,4490
00287000,JEFFERSON COMMUNITY COLLEGE             ,NY,13601-1897,Public       ,11,104,115,1777,3127,4904
00287100,"SUNY, MOHAWK VALLEY COMMUNITY CLG       ",NY,13501-5394,Public       ,19,25,44,4082,3513,7595
00287200,MONROE COMMUNITY COLLEGE                ,NY,14623-5780,Public       ,26,43,69,10359,10250,20609
00287300,NASSAU COMMUNITY COLLEGE                ,NY,11530-6793,Public       ,79,120,199,13766,8257,22023
00287400,NIAGARA COUNTY COMMUNITY COLLEGE        ,NY,14132-9460,Public       ,15,14,29,4145,3077,7222
00287500,ONONDAGA COMMUNITY COLLEGE              ,NY,13215-4585,Public       ,32,78,110,7891,5080,12971
00287600,ORANGE COUNTY COMMUNITY COLLEGE         ,NY,10940-6441,Public       ,22,47,69,3459,2796,6255
00287700,ROCKLAND COMMUNITY COLLEGE              ,NY,10901-3611,Public       ,18,33,51,3099,2568,5667
00287800,SUFFOLK COMMUNITY COLLEGE               ,NY,11784-2899,Public       ,30,36,66,7962,4065,12027
00287801,SUFFOLK COMMUNITY CLG-W. CAMPUS         ,NY,11717-0000,Public       ,22,42,64,5561,3865,9426
00287803,SUFFOLK COMMUNITY CLG-EASTRN CAMPUS     ,NY,11901-0000,Public       ,9,13,22,2111,1406,3517
00287900,SULLIVAN COUNTY COMMUNITY COLLEGE       ,NY,12759-5151,Public       ,8,5,13,1391,746,2137
00288000,ULSTER COUNTY COMMUNITY COLLEGE         ,NY,12484-0557,Public       ,12,13,25,1376,1236,2612
00288100,SUNY WESTCHESTER COMMUNITY COLLEGE      ,NY,10595-1698,Public       ,51,92,143,7486,6170,13656
00288200,SYRACUSE UNIVERSITY                     ,NY,13244-2130,Private      ,27,161,188,26828,6929,33757
00288300,UTICA COLLEGE- UTICA                    ,NY,13502-4892,Private      ,7,45,52,4002,2692,6694
00288500,ALBANY COLLEGE OF PHARMACY AND HEALTH SC,NY,12208-3492,Private      ,3,2,5,1952,883,2835
00288600,ALBANY LAW SCHOOL                       ,NY,12208-0000,Private      ,1,3,4,85,923,1008
00288700,ALBANY MEDICAL COLLEGE                  ,NY,12208-0000,Private      ,0,5,5,120,1255,1375
00288900,UNION COLLEGE                           ,NY,12308-2311,Private      ,4,1,5,3841,149,3990
00289000,UNION THEOLOGICAL SEMINARY              ,NY,10027-0000,Private      ,0,3,3,2,286,288
00289200,UNITED STATES MERCHANT MARINE ACADEMY   ,NY,11024-1634,Public       ,3,2,5,405,31,436
00289400,UNIVERSITY OF ROCHESTER                 ,NY,14627-9000,Private      ,3,53,56,9532,2213,11745
00289401,EASTMAN SCH OF MUSIC/UNIV ROCHESTER     ,NY,14604-0000,Private      ,1,2,3,885,442,1327
00289402,UNIV OF ROCHESTER SCHL OF MEDICINE      ,NY,14642-0000,Private      ,0,1,1,92,719,811
00289500,VASSAR COLLEGE                          ,NY,12604-0008,Private      ,4,1,5,5013,216,5229
00289600,VILLA MARIA COLLEGE-BUFFALO             ,NY,14225-3999,Private      ,1,0,1,516,374,890
00289900,WAGNER COLLEGE                          ,NY,10301-4495,Private      ,6,12,18,2879,665,3544
00290000,WEBB INSTITUTE                          ,NY,11542-1398,Private      ,0,0,0,93,5,98
00290100,WELLS COLLEGE                           ,NY,13026-0500,Private      ,1,1,2,1400,103,1503
00290300,YESHIVA UNIVERSITY                      ,NY,10033-3201,Private      ,5,12,17,2543,2598,5141
00290302,YESHIVA UNIVERSITY - BRONX CAMPUS       ,NY,10461-1975,Private      ,0,2,2,101,1181,1282
00397400,MESIVTHA TIFERETH JERUSALEM OF AMER     ,NY,10002-6382,Private      ,1,0,1,43,2,45
00397600,RABBINICAL ACAD MESIVTA RABBI CHAIM     ,NY,11230-4715,Private      ,6,0,6,37,1,38
00397700,RABBINICAL COLLEGE CH'SAN SOFER         ,NY,11204-1252,Private      ,0,1,1,2,27,29
00397800,RABBINICAL SEMINARY OF AMERICA          ,NY,11375-0000,Private      ,9,2,11,113,50,163
00397900,COLUMBIA UNIV TEACHERS COLLEGE          ,NY,10027-0000,Private      ,2,166,168,136,5131,5267
00405400,HEBREW UNION COL-JEWISH INST OF REL     ,NY,10012-0000,Private      ,0,0,0,2,235,237
00475900,"CUNY, YORK COLLEGE                      ",NY,11451-0001,Public       ,35,39,74,13325,6974,20299
00476500,CUNY GRADUATE SCH & UNIV CTR            ,NY,10016-4309,Public       ,0,32,32,147,3567,3714
00477600,CENTRAL YESHIVA TOMCHEI TMIMIM LUBA     ,NY,11230-2798,Private      ,133,0,133,459,36,495
00478800,HERKIMER COUNTY COMMUNITY COLLEGE       ,NY,13350-1598,Public       ,7,13,20,2045,1429,3474
00479800,MIRRER YESHIVA CENTRAL INST             ,NY,11223-2010,Private      ,19,0,19,75,24,99
00479900,MONROE COLLEGE                          ,NY,10468-4305,Proprietary  ,182,202,384,5560,6808,12368
00481100,EVEREST INSTITUTE                       ,NY,14621-3007,Proprietary  ,0,13,13,163,932,1095
00506400,SAINT JAMES MERCY HOSPITAL SCHOOL OF RAD,NY,14843-2197,Private      ,0,0,0,7,16,23
00517700,LONG ISLAND COLLEGE HOSPITAL SCHOOL OF R,NY,11201-0000,Private      ,0,0,0,130,234,364
00520800,THE COLLEGE OF WESTCHESTER              ,NY,10602-0000,Proprietary  ,10,26,36,938,988,1926
00587700,ROBERT J HOCHSTIM SCHOOL OF RADIOG      ,NY,11572-1151,Private      ,0,1,1,4,9,13
00643501,ARNOT OGDEN MEDICAL CENTER              ,NY,14905-1676,Private      ,0,1,1,45,53,98
00643800,PHILLIPS BETH ISRAEL SCH OF NURSING     ,NY,10001-6354,Private      ,2,2,4,83,440,523
00644300,COCHRAN SCH NSG-ST JOHN RVSDE HOSP      ,NY,10701-1399,Private      ,0,0,0,40,212,252
00644500,CROUSE HOSP SCH OF NURSING              ,NY,13210-1690,Private      ,0,1,1,265,420,685
00644800,BELANGER SCHOOL OF NURSING              ,NY,12304-1009,Private      ,0,1,1,85,176,261
00646100,SAINT ELIZABETH MEDICAL CENTER          ,NY,13501-2998,Private      ,0,1,1,161,206,367
00646102,ST ELIZABETH SCH OF RADIOGRAPHY         ,NY,13501-0000,Private      ,0,0,0,4,24,28
00646700,SAINT JOSEPH'S COLLEGE OF NURSING       ,NY,13203-1806,Private      ,0,0,0,229,316,545
00678200,GENESEE COMMUNITY COLLEGE               ,NY,14020-9704,Public       ,11,42,53,3188,2894,6082
00678500,SCHENECTADY COUNTY COMMUNITY CLG        ,NY,12305-2294,Public       ,5,26,31,2610,2604,5214
00678700,CLINTON COMMUNITY COLLEGE               ,NY,12901-5690,Public       ,1,2,3,1132,745,1877
00678800,TOMPKINS CORTLAND COMMUNITY COLLEGE     ,NY,13053-0139,Public       ,11,21,32,2772,1804,4576
00678900,COLUMBIA-GREENE COMMUNITY COLLEGE       ,NY,12534-9543,Public       ,7,22,29,966,1054,2020
00679100,SUNY AT PURCHASE                        ,NY,10577-1400,Public       ,15,4,19,8108,1218,9326
00702200,CUNY-LEHMAN COLLEGE                     ,NY,10468-1589,Public       ,43,68,111,14751,13639,28390
00702600,MOUNT SINAI SCHOOL OF MEDICINE          ,NY,10029-0000,Private      ,0,3,3,50,1138,1188
00710900,SUNY COLLEGE-OLD WESTBURY               ,NY,11568-0210,Public       ,16,16,32,5990,2473,8463
00711100,NORTH COUNTRY COMMUNITY COLLEGE         ,NY,12983-2046,Public       ,3,0,3,759,658,1417
00726400,MESIFTA TORAH VODAATH RABBINCAL SEM     ,NY,11218-5209,Private      ,3,6,9,20,150,170
00727300,CUNY-BERNARD BARUCH COLLEGE             ,NY,10010-5518,Public       ,49,64,113,20060,10965,31025
00730400,CULINARY INSTITUTE OF AMERICA           ,NY,12538-1499,Private      ,58,55,113,4044,1622,5666
00732916,ITT TECHNICAL INSTITUTE                 ,NY,12205-1003,Proprietary  ,11,55,66,198,648,846
00737200,AUSTIN'S SCHOOL OF SPA TECHNOLOGY       ,NY,12206-1513,Proprietary  ,8,32,40,131,481,612
00737500,ISLAND DRAFTING & TECHNICAL INST        ,NY,11701-2704,Proprietary  ,1,1,2,77,82,159
00738700,LONG ISLAND BEAUTY SCHOOL               ,NY,11788-4346,Proprietary  ,11,11,22,187,319,506
00738800,LONG ISLAND BEAUTY SCHOOL               ,NY,11550-3704,Proprietary  ,2,17,19,48,161,209
00739100,BEAUTY SCHOOL OF MIDDLETOWN             ,NY,10940-6574,Proprietary  ,0,3,3,58,100,158
00739400,BERKELEY COLLEGE                        ,NY,10017-0000,Proprietary  ,25,52,77,3361,5117,8478
00740100,MANDL SCHOOL                            ,NY,10019-5516,Proprietary  ,14,49,63,293,1132,1425
00740500,WOOD TOBE-COBURN SCHOOL                 ,NY,10016-0102,Proprietary  ,0,0,0,512,186,698
00746500,AMERICAN ACADEMY OF DRAMATIC ARTS       ,NY,10016-7089,Private      ,5,4,9,1277,445,1722
00746600,LIM COLLEGE                             ,NY,10022-5268,Proprietary  ,7,2,9,2278,632,2910
00746800,SCHOOL OF VISUAL ARTS                   ,NY,10010-3994,Proprietary  ,9,9,18,3987,1682,5669
00751800,APEX TECHNICAL SCHOOL                   ,NY,10011-0000,Proprietary  ,45,152,197,671,1943,2614
00752200,CONTINENTAL SCH OF BEAUTY CULTURE       ,NY,14623-3231,Proprietary  ,11,24,35,277,680,957
00752205,CONTINENTAL SCHOOL OF BEAUTY CULTURE - M,NY,13211-1003,Proprietary  ,0,0,0,16,41,57
00753200,FINGER LAKES COMMUNITY COLLEGE          ,NY,14424-8395,Public       ,16,28,44,3684,2826,6510
00757200,AMERICAN MUSICAL AND DRAMATIC ACAD      ,NY,10023-2106,Private      ,18,4,22,3204,637,3841
00757300,EMPIRE BEAUTY SCHOOL                    ,NY,11103-4028,Proprietary  ,48,161,209,758,2141,2899
00780400,STAR CAREER ACADEMY                     ,NY,10011-7307,Proprietary  ,10,63,73,232,832,1064
00793809,LINCOLN TECHNICAL INSTITUTE - WHITESTONE,NY,11357-6092,Proprietary  ,20,21,41,620,413,1033
00818900,CONTINENTAL SCHOOL OF BEAUTY CULTURE - B,NY,14224-3402,Proprietary  ,1,5,6,79,124,203
00818903,CONTINENTAL SCHOOL OF BEAUTY CULTURE - B,NY,14223-2911,Proprietary  ,4,11,15,105,244,349
00843700,CHAMPLAIN VALLEY - TEC/PRN              ,NY,12901-0000,Public       ,0,0,0,38,88,126
00849500,JAMESTOWN BUSINESS COLLEGE              ,NY,14702-0429,Proprietary  ,4,9,13,243,292,535
00861100,"CUNY, HOSTOS CMTY COLLEGE               ",NY,10451-1499,Public       ,31,45,76,9924,8947,18871
00861400,RABBINICAL CLG BOBOVER YESHIVA BNEI     ,NY,11219-3293,Private      ,17,26,43,162,84,246
00878800,STATE UNIVERSITY OF NEW YORK STUDENT LOA,NY,12246-0000,Public       ,1,2,3,514,383,897
00902900,NEIGHBORHOOD PLAYHOUSE                  ,NY,10022-5017,Private      ,0,0,0,32,56,88
00904300,ELMIRA BUSINESS INSTITUTE               ,NY,14901-2731,Proprietary  ,2,39,41,121,887,1008
00907700,UTICA SCHOOL OF COMMERCE                ,NY,13501-2280,Proprietary  ,0,15,15,95,375,470
00924800,SAMARITAN HOSPITAL SCH NURSING          ,NY,12180-2475,Private      ,0,2,2,93,240,333
00928300,MIDWAY-PARIS BEAUTY SCHOOL              ,NY,11385-3453,Proprietary  ,5,15,20,32,142,174
00928400,BRITTANY BEAUTY SCHOOL                  ,NY,11756-1345,Proprietary  ,1,24,25,105,318,423
00933500,MESIVTA EASTERN PKWY RABBINICAL CLG     ,NY,11218-5559,Private      ,2,0,2,32,12,44
00947900,SAINT VINCENTS CMC SI NURSING SCHOOL    ,NY,10304-3850,Proprietary  ,7,34,41,307,764,1071
00976900,METROPOLITAN COLLEGE OF NEW YORK        ,NY,10013-1919,Private      ,5,42,47,286,2239,2525
00992900,SUNY COLLEGE OF OPTOMETRY               ,NY,10036-8003,Public       ,0,2,2,34,372,406
01005100,LA GUARDIA CMTY COLLEGE - CUNY          ,NY,11101-3083,Public       ,75,79,154,19664,12998,32662
01005200,JEFFERSON-LEWIS BOCES PRAC NRSGPRG      ,NY,13601-9509,Public       ,2,0,2,36,188,224
01009700,CUNY-MEDGAR W EVERS COLLEGE             ,NY,11225-2010,Public       ,35,38,73,8212,6998,15210
01014200,TOURO COLLEGE                           ,NY,10010-4202,Private      ,32,78,110,3505,10349,13854
01014700,WESTERN SUFFOLK BOCES                   ,NY,11768-3499,Public       ,2,9,11,190,427,617
01015300,HELENE FULD COL OF NRSNG/N GEN HOSP     ,NY,10035-0000,Private      ,3,32,35,44,937,981
01028600,EMPIRE STATE COLLEGE                    ,NY,12866-4391,Public       ,5,128,133,1175,13715,14890
01037800,RABBINICAL COLLEGE OF LONG ISLAND       ,NY,11561-3244,Private      ,8,0,8,62,2,64
01054900,KEHILATH YAKOV RABBINICAL SEMINARY      ,NY,10562-1001,Private      ,15,16,31,81,20,101
01055100,NEW YORK SCH MED & DENTAL ASSISTANT     ,NY,11101-2327,Proprietary  ,12,19,31,172,359,531
01064100,SOUTHERN WESTCHESTER BOCES              ,NY,10543-0000,Public       ,0,1,1,37,216,253
01068400,ERIE COMMUNITY COLLEGE-ALL CAMPUSES     ,NY,14203-2698,Public       ,34,64,98,8149,8234,16383
01081300,AMERICAN ACAD MCALLISTER INST           ,NY,10019-3604,Private      ,0,10,10,139,698,837
01083700,SIMMONS INST OF FUNERAL SERVICE         ,NY,13207-2098,Proprietary  ,0,0,0,1,9,10
01094300,RABBINICAL COLLEGE BETH SHRAGA          ,NY,10952-3033,Private      ,3,0,3,15,0,15
01095200,PNW BOCES LPN PROGRAM                   ,NY,10598-0000,Public       ,0,2,2,18,59,77
01103100,TECHNICAL CAREER INSTITUTE              ,NY,10001-2789,Proprietary  ,63,239,302,1348,3536,4884
01118900,UNITED TALMUDICAL SEMINARY              ,NY,11211-7984,Private      ,128,50,178,1171,688,1859
01119200,BETH HAMEDRASH SHAAREI YOSHER INST      ,NY,11204-1052,Private      ,0,2,2,4,30,34
01161400,CHAMPLAIN VALLEY HOSP SCH RAD TECH      ,NY,12901-1490,Private      ,0,0,0,28,30,58
01161700,NEW YORK METHODIST HOSPITAL             ,NY,11229-9023,Private      ,0,4,4,122,521,643
01164700,SBI CAMPUS - AN AFFILIATE OF SANFORD-BRO,NY,11747-3785,Proprietary  ,3,11,14,147,275,422
01167000,YESHIVA OF NITRA RABBINICAL COLLEGE -   ,NY,10549-4112,Private      ,8,8,16,168,26,194
01167700,MEMORIAL SLOAN KETTERING CANCER CTR     ,NY,10021-6094,Private      ,0,0,0,3,47,50
01167800,SUNY INST OF TECHNOLOGY UTICA ROME      ,NY,13504-3050,Public       ,4,9,13,2476,1316,3792
01182100,YESHIVATH ZICHRON MOSHE                 ,NY,12779-0580,Private      ,13,0,13,120,1,121
01183000,BERK TRADE AND BUSINESS SCHOOL          ,NY,11101-0000,Proprietary  ,9,20,29,144,254,398
01185900,WORD OF LIFE BIBLE INSTITUTE            ,NY,12860-0129,Private      ,0,0,0,604,88,692
01186000,MERCY MED CNTR SCHL OF RADIOGRAPHY      ,NY,11570-1098,Private      ,0,0,0,19,33,52
01192100,WESTCHESTER SCH OF BEAUTY CULTURE       ,NY,10550-2295,Proprietary  ,0,8,8,43,154,197
01192200,BETH HATALMUD RABBINICAL CLG            ,NY,11214-2594,Private      ,1,0,1,30,15,45
01198400,OHR HAMEIR THEOLOGICAL SEMINARY         ,NY,10566-0990,Private      ,10,0,10,79,2,81
01201100,TALMUDICAL SEM OHOLEI TORAH             ,NY,11213-3310,Private      ,40,0,40,237,3,240
01210700,INSTITUTE OF DESIGN & CONSTRUCTION      ,NY,11201-5380,Private      ,0,1,1,63,146,209
01220300,MEMORIAL HOSPITAL SCH OF NURSING        ,NY,12204-1083,Private      ,0,4,4,71,188,259
01227700,NEW YORK CHIROPRACTIC COLLEGE           ,NY,13148-0800,Private      ,0,5,5,14,907,921
01229300,VEEB NASSAU CNTY SCHL OF PRACT NURS     ,NY,11553-3040,Public       ,2,1,3,70,293,363
01235800,PLAZA COLLEGE                           ,NY,11372-6300,Proprietary  ,42,80,122,313,1029,1342
01236400,SAINT VINCENTS CATHOLIC MEDICAL CENTERS ,NY,11354-0000,Proprietary  ,8,27,35,142,609,751
01240700,SCHUYLER-CHEMUNG-TIOGA BOCES            ,NY,14903-1089,Public       ,0,4,4,55,248,303
01240701,STEUBEN SCHUYLER CHEMUNG TIOGA ALLEGANY ,NY,14870-9518,Public       ,0,0,0,1,10,11
01256100,FIVE TOWNS COLLEGE                      ,NY,11746-5871,Proprietary  ,14,1,15,796,285,1081
01258900,ERIE 1 BOCES                            ,NY,14224-0000,Public       ,0,5,5,114,479,593
01265200,ONONDAGA CORTLAND MADISON BOCES         ,NY,13090-4500,Public       ,0,2,2,203,715,918
01278300,OSWEGO COUNTY BOCES ADULT CAREERS       ,NY,13114-4498,Public       ,0,2,2,41,95,136
01292700,SYRACUSE CITY SCHOOL DISTRICT           ,NY,13202-3092,Public       ,1,1,2,37,138,175
01302600,MACHZIKEI HADATH RABBINICAL COLLEGE     ,NY,11204-1805,Private      ,34,44,78,63,65,128
01302700,YESHIVATH VIZNITZ                       ,NY,10952-3021,Private      ,104,149,253,225,194,419
01302900,BORICUA COLLEGE                         ,NY,10032-1599,Private      ,7,19,26,531,1427,1958
02056400,CAPRI COSMETOLOGY LEARNING CENTER       ,NY,10954-0000,Proprietary  ,4,8,12,168,259,427
02066200,THE NEW SCHOOL                          ,NY,10011-0000,Private      ,24,42,66,6512,5552,12064
02069000,NEW YORK SCHOOL OF INTERIOR DESIGN      ,NY,10021-0000,Private      ,0,4,4,228,462,690
02075700,BRIARCLIFFE COLLEGE                     ,NY,11714-0000,Proprietary  ,8,32,40,537,1407,1944
02075702,BRIARCLIFFE COLLEGE - PATCHOGUE         ,NY,11772-3019,Proprietary  ,2,11,13,592,837,1429
02092400,RIDLEY-LOWELL SCHOOL OF BUSINESS        ,NY,13905-0000,Proprietary  ,2,8,10,59,237,296
02093700,LONG ISLAND BUSINESS INSTITUTE          ,NY,11725-0000,Proprietary  ,47,241,288,500,1737,2237
02093701,LONG ISLAND BUSINESS INSTITUTE - FLUSHIN,NY,11354-4429,Proprietary  ,0,1,1,16,44,60
02098400,HERKIMER COUNTY BOCES                   ,NY,13350-0000,Public       ,0,0,0,39,132,171
02104300,OTSEGO AREA SCHOOL OF PRAC NURSING      ,NY,12167-0000,Public       ,0,0,0,14,34,48
02105900,HAIR DESIGN INSTITUTE AT FIFTH AVE      ,NY,11220-0000,Proprietary  ,2,22,24,113,345,458
02106800,BRAMSON ORT COLLEGE                     ,NY,11375-0000,Private      ,7,51,58,305,735,1040
02110900,CATTARAUGUS/ALLEGANY BOCES              ,NY,14760-0000,Public       ,0,0,0,70,124,194
02112301,RIDLEY - LOWELL BUSINESS & TECHNICAL INS,NY,12601-3328,Proprietary  ,5,11,16,187,683,870
02116011,SANFORD-BROWN INSTITUTE - NEW YORK      ,NY,10003-2103,Proprietary  ,16,50,66,511,1593,2104
02118700,LONG ISLAND COLLEGE HOSPITAL - SCHOOL OF,NY,11201-6001,Private      ,0,0,0,107,187,294
02124000,ORANGE ULSTER BOCES SCH OF PRAC NRS     ,NY,10924-9401,Public       ,0,4,4,50,222,272
02125500,CIRCLE IN THE SQUARE THEATRE SCHOOL     ,NY,10019-0000,Private      ,0,0,0,56,81,137
02126300,MADISON-ONEIDA BOCES PRAC NRS           ,NY,13478-0000,Public       ,0,0,0,27,73,100
02138500,BOCES RENSSELAER SCHOOL OF PN           ,NY,12033-3221,Public       ,0,0,0,23,60,83
02145800,CAYUGA ONONDAGA BOCES                   ,NY,13021-9430,Public       ,0,2,2,40,105,145
02146000,WAYNE-FINGER LAKES BOCES                ,NY,14513-0000,Public       ,0,0,0,59,316,375
02152000,YESHIVA SHAAR HATORAH ITRI TORAH        ,NY,11418-0000,Private      ,2,0,2,11,3,14
02153600,BROOME-TIOGA BOCES PN PROG              ,NY,13905-0000,Public       ,0,0,0,40,146,186
02157900,ROCHESTER GENERAL HOSPITAL              ,NY,14621-3001,Private      ,0,1,1,45,153,198
02158200,WSHNGTN-SARTGA-WARN-HMLTN-ESX BOCES     ,NY,12839-1051,Public       ,0,1,1,11,64,75
02160100,GENEVA GENERAL HOSPITAL                 ,NY,14456-0000,Private      ,0,1,1,43,185,228
02163400,NEW YORK CAREER INSTITUTE               ,NY,10007-2801,Proprietary  ,0,4,4,187,678,865
02169100,DAVIS COLLEGE                           ,NY,13790-0000,Private      ,0,1,1,192,148,340
02170000,SWEDISH INSTITUTE                       ,NY,10001-0000,Proprietary  ,13,45,58,246,1169,1415
02170200,ALBANY SCHOHARIE SCHENECTADY            ,NY,12205-0000,Public       ,1,0,1,38,157,195
02171900,AILEY SCHOOL (THE)                      ,NY,10019-4402,Private      ,0,1,1,155,107,262
02172100,HAMILTON-FULTON-MONTGOMERY BOCES        ,NY,12095-0665,Public       ,0,1,1,46,108,154
02172800,DUTCHESS COUNTY BOCES SCH PRAC NURS     ,NY,12601-0000,Public       ,1,1,2,83,230,313
02173200,EMPIRE BEAUTY SCHOOL                    ,NY,10001-0000,Proprietary  ,62,161,223,1056,2299,3355
02173900,ULSTER COUNTY BOCES PRACTICAL NRSG      ,NY,12466-0000,Public       ,0,0,0,41,206,247
02176000,CHERYL FELL'S SCHOOL OF BUSINESS        ,NY,14304-0000,Proprietary  ,2,3,5,16,140,156
02179400,EASTERN SUFFOLK BOCES                   ,NY,11713-0000,Public       ,0,2,2,178,432,610
02182200,NEW SCHOOL OF RADIO & TELEVISION        ,NY,12206-1106,Proprietary  ,0,2,2,78,117,195
02191600,TORAH TEMIMAH TALMUDICAL SEMINARY       ,NY,11218-0000,Private      ,5,0,5,36,1,37
02192500,BELLEVUE HOSP CTR SCH RAD TECH          ,NY,10016-0000,Public       ,0,3,3,21,115,136
02199300,ORLEANS-NIAGARA BOCES                   ,NY,14132-0000,Public       ,1,0,1,33,115,148
02206000,HUNTER BUSINESS SCHOOL                  ,NY,11756-0000,Proprietary  ,10,53,63,357,972,1329
02217800,D.HOPFER SCH NURSING AT MT.VRN HOSP     ,NY,10550-0000,Private      ,0,0,0,1,1,2
02219500,MILDRED ELLEY                           ,NY,12206-1513,Proprietary  ,25,283,308,446,3042,3488
02235600,ERIE 2-CHAUTAUQUA-CATTARAUGUS BOCES     ,NY,14006-0000,Public       ,3,2,5,50,126,176
02265100,YESHIVA DERECH CHAIM                    ,NY,11218-0000,Private      ,2,0,2,49,21,70
02272900,ROCKLAND COUNTY BOCES PRAC NRSG SCH     ,NY,10994-0000,Public       ,0,2,2,42,120,162
02275900,"MODERN WELDING SCHOOL, INC.             ",NY,12304-0000,Proprietary  ,2,7,9,77,151,228
02287800,NATIONAL TRACTOR TRAILER SCHOOL         ,NY,13088-2505,Proprietary  ,9,62,71,67,721,788
02294900,INSTITUTE OF AUDIO RESEARCH             ,NY,10003-0000,Proprietary  ,14,13,27,269,509,778
02306500,PROFESSIONAL BUSINESS COLLEGE           ,NY,10013-5049,Private      ,1,1,2,213,572,785
02314200,EMPIRE BEAUTY SCHOOL                    ,NY,10566-3805,Proprietary  ,1,3,4,30,32,62
02320100,OHR SOMAYACH TANENBAUM EDUCATIONAL CENTE,NY,10952-0000,Private      ,0,0,0,0,1,1
02350600,YESHIVA AND KOLLEL HARBOTZAS TORAH      ,NY,11230-0000,Private      ,0,9,9,2,36,38
02491400,SPANISH AMERICAN INSTITUTE              ,NY,10036-0000,Private      ,0,0,0,7,10,17
02505800,YESHIVA KARLIN STOLIN RAB INSTITUTE     ,NY,11204-0000,Private      ,8,12,20,55,63,118
02505900,SH-OR YOSHUV RABBINICAL COLLEGE         ,NY,11691-0000,Private      ,6,4,10,33,26,59
02506000,ASSOCIATED BETH RIVKAH SCHOOLS          ,NY,11225-0000,Private      ,2,0,2,134,20,154
02506100,CITY UNIV OF NEW YORK-CENTRAL           ,NY,10021-0000,Public       ,6,11,17,2150,1455,3605
02506800,YESHIVAT MIKDASH MELECH                 ,NY,11230-0000,Private      ,1,2,3,22,4,26
02511500,JOFFREY BALLET SCHOOL                   ,NY,10011-0000,Proprietary  ,0,0,0,154,21,175
02513500,MAR JON SCHOOL OF BEAUTY CULTURE        ,NY,14150-0000,Proprietary  ,1,1,2,37,98,135
02525600,ART INSTITUTE OF NEW YORK CITY (THE)    ,NY,10013-2429,Proprietary  ,14,25,39,1869,1594,3463
02540800,"GLOBE INSTITUTE OF TECHNOLOGY, INC.     ",NY,10007-0000,Proprietary  ,10,29,39,459,479,938
02546000,TRI-STATE COLLEGE OF ACUPUNCTURE        ,NY,10011-0000,Proprietary  ,0,1,1,2,123,125
02546300,YESHIVA OF THE TELSHE ALUMNI            ,NY,10471-0000,Private      ,5,0,5,52,0,52
02550600,TALMUDICAL INST OF UPSTATE NY           ,NY,14607-0000,Private      ,0,0,0,10,4,14
02556700,SEMINAR L'MOROS BAIS YAAKOV             ,NY,11219-0000,Private      ,2,0,2,218,6,224
02572900,BUSINESS INFORMATICS CENTER             ,NY,11580-0000,Proprietary  ,0,0,0,14,28,42
02575400,FRENCH CULINARY INSTITUTE               ,NY,10013-2618,Proprietary  ,12,35,47,376,920,1296
02587600,ORLO SCH HAIR DESIGN & COSMETOLOGY      ,NY,12206-1723,Proprietary  ,0,4,4,71,66,137
02599400,NEW YORK COLLEGE OF HEALTH PROFESSIONS  ,NY,11791-4413,Private      ,3,14,17,178,934,1112
02600100,NEW YORK ACADEMY OF ART (THE)           ,NY,10013-2911,Private      ,4,4,8,243,343,586
02614900,SANFORD-BROWN INSTITUTE                 ,NY,10604-2910,Proprietary  ,0,0,0,22,103,125
02615001,SANFORD-BROWN COLLEGE - SANFORD-BROWN IN,NY,11530-4734,Proprietary  ,4,14,18,326,681,1007
02616600,SHEAR EGO INTERNATIONAL SCHOOL OF HAIR D,NY,14617-3501,Proprietary  ,3,5,8,96,174,270
02617000,CONTINENTAL SCH OF BEAUTY CULTURE       ,NY,14020-0000,Proprietary  ,3,5,8,37,94,131
02617002,CONTINENTAL SCHOOL OF BEAUTY CULTURE  - ,NY,14020-1908,Proprietary  ,0,4,4,25,51,76
02622900,BAIS MEDRASH ELYON                      ,NY,10952-3013,Private      ,7,5,12,32,28,60
03000100,YESHIVA GEDOLAH IMREI YOSEF DSPINKA     ,NY,11219-4696,Private      ,3,23,26,6,110,116
03007200,DANCE THEATRE OF HARLEM                 ,NY,10031-0000,Private      ,0,0,0,55,59,114
03027701,PACIFIC COLLEGE OF ORIENTAL MEDICINE - N,NY,10010-7108,Proprietary  ,2,10,12,32,553,585
03081600,DELAWARE CHENANGO MADISON OT. BOCES     ,NY,13815-9554,Public       ,0,0,0,17,60,77
03095500,ASA INST BUSINESS & COMPUTER TECH       ,NY,11201-5208,Proprietary  ,192,418,610,2436,4863,7299
03096200,CHARLES STUART SCHOOL                   ,NY,11229-2004,Proprietary  ,0,0,0,10,39,49
03103700,ADIRONDACK BEAUTY SCHOOL                ,NY,12801-3158,Proprietary  ,0,1,1,20,60,80
03104900,SULLIVAN COUNTY BOCES                   ,NY,12754-2116,Public       ,1,0,1,15,52,67
03115300,GENESEE VALLEY BOCES                    ,NY,14020-1099,Public       ,0,2,2,54,176,230
03120700,NEW YORK CONSERVATORY FOR DRAMATIC ARTS ,NY,10011-4225,Proprietary  ,2,1,3,476,211,687
03127100,YESHIVAS NOVOMINSK                      ,NY,11219-0000,Private      ,6,0,6,55,0,55
03129200,RABBINICAL CLG OHR SHIMAR YISROEL       ,NY,11211-8102,Private      ,1,1,2,40,111,151
03147300,YESHIVA D'MONSEY                        ,NY,10952-3106,Private      ,0,1,1,2,49,51
03169300,STUDIO JEWELERS                         ,NY,10016-4112,Proprietary  ,0,0,0,2,46,48
03181400,MERKAZ BNOS                             ,NY,11214-4911,Private      ,0,23,23,16,175,191
03191300,CUNY SCHOOL OF LAW @ QUEENS COLLEGE     ,NY,11367-0000,Public       ,4,7,11,427,1199,1626
03193300,MANHATTAN SCHOOL OF COMPUTER TECH       ,NY,11230-1617,Private      ,26,98,124,268,903,1171
03203300,NEW YORK INSTITUTE OF MASSAGE           ,NY,14221-6021,Proprietary  ,1,0,1,31,174,205
03216300,UNIFICATION THEOLOGICAL SEMINARY        ,NY,12507-5021,Private      ,0,1,1,19,39,58
03328300,FRANKLIN CAREER INSTITUTE               ,NY,11550-3003,Private      ,0,1,1,59,142,201
03328301,FRANKLIN CAREER INSTITUTE - BROOKLYN    ,NY,11220-3110,Private      ,17,43,60,149,443,592
03358300,ALLEN SCHOOL                            ,NY,11432-4901,Proprietary  ,27,181,208,253,2041,2294
03358301,ALLEN SCHOOL - BROOKLYN                 ,NY,11201-0000,Proprietary  ,6,35,41,243,853,1096
03380300,STAR CAREER ACADEMY                     ,NY,11791-5311,Proprietary  ,3,22,25,106,324,430
03419400,NORTHEASTERN SEMINARY                   ,NY,14624-1997,Private      ,0,2,2,30,148,178
03433500,LIA SCHORR INSTITUTE OF COSMETIC SK     ,NY,10022-2614,Proprietary  ,0,2,2,9,48,57
03443300,NEW YORK COLLEGE OF TRADITIONAL CHINESE ,NY,11501-0000,Private      ,0,6,6,5,111,116
03496300,YESHIVA SHAAREI TORAH OF ROCKLAND       ,NY,10901-4003,Private      ,6,3,9,26,46,72
03537300,NEW YORK AUTOMOTIVE & DIESEL INSTIT     ,NY,11101-0000,Proprietary  ,24,52,76,197,428,625
03568300,LEON STUDIO ONE SCHOOL OF HAIR DESI     ,NY,14221-5323,Proprietary  ,0,0,0,16,31,47
03651300,SAINT JOSEPH'S MEDICAL CENTER SCHOO     ,NY,10701-4080,Private      ,0,0,0,25,38,63
03652300,METROPOLITAN LEARNING INSTITUTE         ,NY,11374-2101,Private      ,10,113,123,85,1205,1290
03665400,CHRISTIE'S EDUCATION                    ,NY,10036-8002,Proprietary  ,0,0,0,3,42,45
03713300,BEIS MEDRASH HEICHAL DOVID              ,NY,11691-4433,Private      ,2,0,2,38,2,40
03773300,CENTER FOR NATURAL WELLNESS SCHOOL OF MA,NY,12205-1601,Proprietary  ,0,1,1,49,203,252
03802300,UTA MESIVTA OF KIRYAS JOEL              ,NY,10950-2169,Private      ,114,144,258,796,720,1516
03809400,MICROPOWER CAREER INSTITUTE             ,NY,10001-2812,Proprietary  ,0,0,0,26,153,179
03839300,AVEDA INSTITUTE NEW YORK                ,NY,10013-1522,Proprietary  ,7,20,27,202,464,666
03881300,UNION GRADUATE COLLEGE                  ,NY,12308-3131,Private      ,0,2,2,11,199,210
03903400,AMERICAN BEAUTY SCHOOL                  ,NY,10462-8003,Proprietary  ,1,30,31,165,468,633
03941400,ELITE ACADEMY OF BEAUTY ARTS            ,NY,11223-1630,Proprietary  ,0,0,0,29,74,103
03983300,"SCHOOL OF PROFESSIONAL HORTICULTURE, AT ",NY,10458-5126,Private      ,0,1,1,14,58,72
03988300,"SAE INSTITUTE OF TECHNOLOGY, NEW YORK   ",NY,10001-2915,Proprietary  ,21,24,45,424,594,1018
04043300,ACE COMPUTER TRAINING CENTER            ,NY,11375-5337,Proprietary  ,0,13,13,51,273,324
04092401,MAKE-UP DESIGNORY -                     ,NY,10012-0041,Proprietary  ,1,6,7,323,415,738
04095300,KING'S COLLEGE (THE)                    ,NY,10018-0110,Private      ,0,0,0,996,205,1201
04102300,NEW AGE TRAINING                        ,NY,10001-4006,Proprietary  ,4,48,52,76,383,459
04115500,TALMUDICAL SEMINARY OF BOBOV            ,NY,11219-3826,Private      ,15,4,19,201,133,334
04117100,EDP SCHOOL OF COMPUTER PROGRAMMING      ,NY,11235-0000,Private      ,0,2,2,22,173,195
04117700,"MONROE 2-ORLEANS BOCES, CENTER FOR WORK ",NY,14624-1119,Public       ,1,5,6,116,345,461
04119600,YESHIVA OF FAR ROCKAWAY DERECH AYSON RAB,NY,11691-5219,Private      ,2,0,2,21,1,22
04123200,INSTITUTE OF ALLIED MEDICAL PROFESSIONS ,NY,11373-5541,Private      ,0,0,0,13,33,46
04125600,CAREER SCHOOL OF NY                     ,NY,10301-2416,Private      ,2,6,8,76,143,219
04131500,COLLECTIVE (THE)                        ,NY,10011-2026,Proprietary  ,0,0,0,20,21,41
04133700,NEW YORK MEDICAL CAREER TRAINING CENTER ,NY,11354-6504,Proprietary  ,0,4,4,36,185,221
04133701,NEW YORK MEDICAL CAREER TRAINING CENTER ,NY,10018-6504,Proprietary  ,0,5,5,96,324,420
04134000,"JOHN PAOLO'S XTREME BEAUTY INSTITUTE, GO",NY,12020-1245,Proprietary  ,0,9,9,18,71,89
04134001,"JOHN PAOLO'S XTREME BEAUTY INSTITUTE, GO",NY,13417-1319,Proprietary  ,4,6,10,33,120,153
04137700,ANN MARIE'S WORLD OF BEAUTY SCHOOL      ,NY,13901-2308,Proprietary  ,0,0,0,6,21,27
04138100,YESHIVA OF MACHZIKAI HADAS              ,NY,11219-1408,Private      ,7,34,41,182,129,311
04144300,INSTITUTE OF CULINARY EDUCATION         ,NY,10010-5205,Proprietary  ,5,30,35,632,1295,1927
04148000,NEW LIFE BUSINESS INSTITUTE             ,NY,11432-6149,Proprietary  ,6,57,63,40,370,410
04151200,SALON PROFESSIONAL ACADEMY (THE)        ,NY,14150-9200,Proprietary  ,3,3,6,79,144,223
04155300,ONONDAGA SCHOOL OF THERAPEUTIC MASSAGE  ,NY,13210-1533,Proprietary  ,1,1,2,73,263,336
04156000,ACADEMY OF COSMETOLOGY & ESTHETICS NYC (,NY,10306-3003,Proprietary  ,4,8,12,137,189,326
04157500,ACCESS CAREERS                          ,NY,11201-5826,Proprietary  ,0,8,8,73,331,404
04165700,"JOHN PAOLO'S XTREME BEAUTY INSTITUTE, GO",NY,12110-3053,Proprietary  ,0,3,3,9,40,49
04166000,MANHATTAN INSTITUTE (THE)               ,NY,10016-6516,Proprietary  ,4,11,15,146,358,504
04167600,FINGER LAKES SCHOOL OF MASSAGE (THE)    ,NY,14850-1384,Proprietary  ,3,7,10,57,174,231
04167601,FINGER LAKES SCHOOL OF MASSAGE (THE) -  ,NY,10549-1103,Proprietary  ,1,4,5,18,126,144
04178700,ATELIER ESTHETIQUE INSTITUTE OF ESTHETIC,NY,10016-8804,Proprietary  ,1,16,17,35,273,308
04179800,SOTHEBY'S INSTITUTE OF ART - NY         ,NY,10022-6717,Proprietary  ,1,0,1,25,163,188
04180200,LONG ISLAND NAIL & SKIN CARE INSTITUTE  ,NY,11756-1316,Proprietary  ,1,11,12,33,147,180
04189000,LONG ISLAND BARBER INSTITUTE (THE)      ,NY,11550-6317,Proprietary  ,2,9,11,23,103,126
04190500,NEW YORK SCHOOL OF ESTHETICS & DAY SPA  ,NY,10591-3232,Proprietary  ,0,8,8,22,106,128
04192800,BE'ER YAAKOV TALMUDIC SEMINARY          ,NY,10977-1912,Private      ,31,16,47,152,218,370
04204300,AESTHETIC SCIENCE INSTITUTE (THE)       ,NY,12110-1095,Proprietary  ,0,2,2,33,76,109
04206200,DIGITAL FILM ACADEMY                    ,NY,10036-3708,Proprietary  ,4,4,8,146,267,413
04207400,YESHIVA GEDOLA OHR YISRAEL              ,NY,11229-1817,Private      ,0,0,0,3,0,3
04207600,AMERICAN ACADEMY OF PERSONAL TRAINING   ,NY,10011-7301,Proprietary  ,4,28,32,66,262,328
04208600,RELAY SCHOOL OF EDUCATION               ,NY,10011-4233,Private      ,0,2,2,2,342,344
04208800,GLORIA FRANCIS SCHOOL OF MAKE-UP ARTISTR,NY,11801-3873,Proprietary  ,2,8,10,29,73,102
04210100,STELLA AND CHARLES GUTTMAN COMMUNITY COL,NY,10018-2602,Public       ,7,4,11,2984,764,3748
04210400,BETH MEDRASH MEOR YITZCHOK              ,NY,10952-4023,Private      ,53,1,54,53,1,54
04210700,NEW YORK INSTITUTE OF BEAUTY            ,NY,11749-1479,Proprietary  ,3,6,9,48,129,177
04212500,CACTUS ACADEMY (THE)                    ,NY,11530-3402,Proprietary  ,6,6,12,99,122,221
04213400,ACCESS CAREERS                          ,NY,11550-0000,Proprietary  ,2,7,9,15,134,149
04213500,SHARP EDGEZ BARBER INSTITUTE            ,NY,14620-0000,Proprietary  ,3,2,5,23,98,121
04215900,YESHIVA GEDOLAH KESSER TORAH            ,NY,10952-2127,Private      ,3,0,3,50,2,52
04223100,ARROJO COSMETOLOGY SCHOOL               ,NY,10014-4960,Proprietary  ,2,4,6,93,220,313
04223200,GRACE INTERNATIONAL BEAUTY SCHOOL       ,NY,11355-2446,Proprietary  ,0,26,26,6,107,113
04223300,ALLIANCE COMPUTING SOLUTIONS            ,NY,11354-6507,Proprietary  ,0,0,0,7,45,52
04223800,ELECTRICAL TRAINING CENTER (THE)        ,NY,11726-2701,Proprietary  ,0,5,5,52,100,152
04225500,WESTCHESTER SCHOOL FOR DENTAL ASSISTANTS,NY,10606-1246,Proprietary  ,3,12,15,40,135,175
04227200,BET MEDRASH GADOL ATERET TORAH          ,NY,11223-1933,Private      ,15,12,27,36,51,87
04228300,PAUL MITCHELL THE SCHOOL                ,NY,12305-2303,Proprietary  ,3,5,8,84,98,182
04230100,RABBINICAL COLLEGE OHR YISROEL          ,NY,11236-5141,Private      ,13,7,20,49,7,56
04231500,YESHIVA SHOLOM SHACHNA                  ,NY,11230-2621,Private      ,5,0,5,31,0,31
04233700,CHRISTINE VALMY INTERNATIONAL SCHOOL FOR,NY,10016-7701,Proprietary  ,5,25,30,57,310,367
04234200,CENTER FOR ULTRASOUND RESEARCH & EDUCATI,NY,10801-5104,Proprietary  ,0,1,1,3,21,24
04234300,CULINARY TECH CENTER                    ,NY,10001-2320,Proprietary  ,1,18,19,24,116,140
04237500,DERMALOGICA ACADEMY                     ,NY,10011-2420,Proprietary  ,1,9,10,5,35,40
00267808,BRYANT & STRATTON COLLEGE - PARMA       ,OH,44130-0000,Proprietary  ,19,115,134,597,3476,4073
00301000,ANTIOCH UNIVERSITY                      ,OH,45387-1608,Private      ,17,14,31,246,759,1005
00301100,ART ACADEMY OF CINCINNATI               ,OH,45202-7106,Private      ,1,5,6,424,260,684
00301200,ASHLAND UNIVERSITY                      ,OH,44805-3799,Private      ,8,77,85,3909,3058,6967
00301300,ATHENAEUM OF OHIO                       ,OH,45230-2000,Private      ,0,1,1,8,19,27
00301400,BALDWIN-WALLACE COLLEGE                 ,OH,44017-2088,Private      ,10,20,30,5079,1747,6826
00301600,BLUFFTON UNIVERSITY                     ,OH,45817-2104,Private      ,5,2,7,1564,366,1930
00301800,BOWLING GREEN STATE UNIVERSITY          ,OH,43403-0001,Public       ,33,67,100,19821,6187,26008
00302300,CAPITAL UNIVERSITY                      ,OH,43209-2394,Private      ,9,38,47,4251,3017,7268
00302400,CASE WESTERN RESERVE UNIV               ,OH,44106-0000,Private      ,5,25,30,11249,2326,13575
00302401,CASE WESTERN RESERVE UNIV - MED         ,OH,44106-0000,Private      ,0,4,4,97,1169,1266
00302402,CASE WESTERN RESERVE UNIV - DENTAL      ,OH,44106-0000,Private      ,0,2,2,42,307,349
00302403,CASE WESTERN RESERVE UNIV - LAW         ,OH,44106-0000,Private      ,0,2,2,31,820,851
00302404,CASE WESTERN RESERVE UNIV - UG          ,OH,44106-0000,Private      ,0,0,0,225,32,257
00302405,CASE WESTERN RESERVE UNIV - MSASS       ,OH,44106-0000,Private      ,0,0,0,18,642,660
00302406,CASE WESTERN RESERVE UNIV - NURS UG     ,OH,44106-0000,Private      ,0,2,2,242,246,488
00302407,CASE WESTERN RESERVE UNIV - WSOM        ,OH,44106-0000,Private      ,0,2,2,26,215,241
00302408,CASE WESTERN RESERVE UNIV -A&S GRAD     ,OH,44106-0000,Private      ,0,2,2,9,295,304
00302409,CASE WESTERN RESERVE UNIV -ENG GRAD     ,OH,44106-0000,Private      ,0,0,0,56,103,159
00302410,CASE WESTERN RESERVE UNIV -NURS GRD     ,OH,44106-0000,Private      ,0,4,4,16,421,437
00302500,CEDARVILLE UNIVERSITY                   ,OH,45314-8564,Private      ,4,6,10,4144,575,4719
00302600,CENTRAL STATE UNIVERSITY                ,OH,45384-1004,Public       ,12,18,30,3123,1603,4726
00302900,CINCINNATI CHRISTIAN UNIVERSITY         ,OH,45204-3200,Private      ,2,11,13,672,759,1431
00303000,OHIO CHRISTIAN UNIVERSITY               ,OH,43113-9487,Private      ,11,251,262,983,5202,6185
00303100,CLEVELAND INSTITUTE OF MUSIC            ,OH,44106-1776,Private      ,2,3,5,440,373,813
00303200,CLEVELAND STATE UNIVERSITY              ,OH,44115-2214,Public       ,51,211,262,11882,14427,26309
00303300,MOUNT ST. JOSEPH UNIVERSITY             ,OH,45233-1670,Private      ,1,26,27,1805,1546,3351
00303500,OHIO DOMINICAN UNIVERSITY               ,OH,43219-2099,Private      ,6,36,42,2069,2515,4584
00303600,FRANCISCAN UNIV OF STEUBENVILLE         ,OH,43952-1763,Private      ,5,6,11,2521,723,3244
00303700,COLLEGE OF WOOSTER                      ,OH,44691-2363,Private      ,3,5,8,3419,165,3584
00303900,COLUMBUS COLLEGE OF ART AND DESIGN      ,OH,43215-1758,Private      ,5,5,10,1701,842,2543
00304000,CUYAHOGA COMMUNITY COLLEGE              ,OH,44115-2878,Public       ,171,682,853,12207,27175,39382
00304100,"DEFIANCE COLLEGE, THE                   ",OH,43512-1695,Private      ,4,5,9,1496,420,1916
00304200,DENISON UNIVERSITY                      ,OH,43023-1329,Private      ,0,1,1,3094,129,3223
00304400,TRINITY LUTHERAN SEMINARY               ,OH,43209-0000,Private      ,0,2,2,3,125,128
00304500,UNIVERSITY OF FINDLAY                   ,OH,45840-3695,Private      ,8,31,39,3483,1786,5269
00304600,FRANKLIN UNIVERSITY                     ,OH,43215-5399,Private      ,6,142,148,1201,10404,11605
00304800,HEIDELBERG UNIVERSITY                   ,OH,44883-2462,Private      ,0,3,3,1912,335,2247
00304900,HIRAM COLLEGE                           ,OH,44234-1808,Private      ,1,8,9,1715,420,2135
00305000,JOHN CARROLL UNIVERSITY                 ,OH,44118-4581,Private      ,7,16,23,4763,984,5747
00305100,KENT STATE UNIVERSITY                   ,OH,44242-0001,Public       ,25,120,145,27367,13279,40646
00305101,KENT STATE UNIVERSITY - GEAUGA CAMPUS   ,OH,44021-9500,Public       ,0,6,6,944,1083,2027
00305102,KENT STATE UNIVERSITY - STARK CAMPUS    ,OH,44720-7599,Public       ,6,23,29,3506,3941,7447
00305103,KENT STATE UNIVERSITY - TUSCARAWAS CAMPU,OH,44663-9403,Public       ,0,5,5,963,1311,2274
00305104,KENT STATE UNIVERSITY - TRUMBULL CAMPUS ,OH,44483-1998,Public       ,5,16,21,1249,2181,3430
00305105,KENT STATE UNIVERSITY - ASHTABULA CAMPUS,OH,44004-2299,Public       ,1,12,13,917,1930,2847
00305106,KENT STATE UNIVERSITY - EAST LIVERPOOL C,OH,43920-3497,Public       ,0,9,9,475,878,1353
00305107,KENT STATE UNIVERSITY - SALEM CAMPUS    ,OH,44460-9412,Public       ,0,5,5,1002,1210,2212
00306500,KENYON COLLEGE                          ,OH,43022-9623,Private      ,2,1,3,3804,84,3888
00306600,LAKE ERIE COLLEGE                       ,OH,44077-3389,Private      ,6,8,14,1244,427,1671
00306800,LORAIN COUNTY COMMUNITY COLLEGE         ,OH,44035-1691,Public       ,30,110,140,4353,8058,12411
00306900,LOURDES COLLEGE                         ,OH,43560-2898,Private      ,2,10,12,1190,1474,2664
00307200,MALONE UNIVERSITY                       ,OH,44709-3897,Private      ,2,13,15,1809,1383,3192
00307300,MARIETTA COLLEGE                        ,OH,45750-4033,Private      ,1,8,9,2376,407,2783
00307500,METHODIST THEOLOGICAL SCH IN OHIO       ,OH,43015-0000,Private      ,0,1,1,0,184,184
00307700,MIAMI UNIVERSITY                        ,OH,45056-1831,Public       ,15,76,91,23294,5621,28915
00307800,WRIGHT STATE UNIVERSITY                 ,OH,45435-0002,Public       ,34,96,130,13198,10929,24127
00308300,UNIVERSITY OF MOUNT UNION               ,OH,44601-3993,Private      ,3,6,9,3475,389,3864
00308400,MUSKINGUM UNIVERSITY                    ,OH,43762-1199,Private      ,4,24,28,2201,705,2906
00308500,NOTRE DAME COLLEGE OF OHIO              ,OH,44121-4293,Private      ,6,21,27,2371,1875,4246
00308600,OBERLIN COLLEGE                         ,OH,44074-1090,Private      ,4,1,5,4868,231,5099
00308900,OHIO NORTHERN UNIVERSITY                ,OH,45810-1555,Private      ,3,3,6,3764,948,4712
00309000,OHIO STATE UNIVERSITY-ALL CAMPUSES      ,OH,43210-1358,Public       ,80,152,232,57639,25438,83077
00310000,OHIO UNIVERSITY                         ,OH,45701-2979,Public       ,40,178,218,24757,13786,38543
00310002,"OHIO UNIVERSITY, ZANESVILLE CAMPUS      ",OH,43701-0000,Public       ,2,16,18,1302,1627,2929
00310003,"OHIO UNIVERSITY, LANCASTER CAMPUS       ",OH,43130-0000,Public       ,4,29,33,1648,2037,3685
00310004,"OHIO UNIVERSITY, SOUTHERN CAMPUS        ",OH,45638-0000,Public       ,3,20,23,897,1902,2799
00310005,"OHIO UNIVERSITY, CHILLICOTHE CAMPUS     ",OH,45601-0000,Public       ,4,23,27,1310,2157,3467
00310006,"OHIO UNIVERSITY, EASTERN CAMPUS         ",OH,43950-0000,Public       ,1,2,3,509,458,967
00310008,OHIO UNIV COLL OF OSTEOPATHIC MED       ,OH,45701-0000,Public       ,0,1,1,25,692,717
00310900,OHIO WESLEYAN UNIVERSITY                ,OH,43015-2398,Private      ,7,1,8,3161,266,3427
00311000,OTTERBEIN UNIVERSITY                    ,OH,43081-2006,Private      ,3,9,12,3688,1035,4723
00311300,PONTIFICAL COLLEGE JOSEPHINUM           ,OH,43235-1498,Private      ,0,0,0,56,23,79
00311400,FIRELANDS REGIONAL MEDICAL CENTER - SOUT,OH,44870-4788,Private      ,0,1,1,66,170,236
00311500,RABBINICAL COLLEGE OF TELSHE            ,OH,44092-2584,Private      ,7,2,9,24,25,49
00311600,UNIV OF RIO GRANDE                      ,OH,45674-3131,Private      ,16,55,71,1625,2068,3693
00311900,SINCLAIR COMMUNITY COLLEGE              ,OH,45402-1460,Public       ,121,434,555,9152,17723,26875
00312100,TIFFIN UNIVERSITY                       ,OH,44883-2161,Private      ,3,34,37,2641,3514,6155
00312200,UNITED THEOLOGICAL SEMINARY             ,OH,45406-0000,Private      ,0,1,1,1,673,674
00312300,UNIVERSITY OF AKRON                     ,OH,44325-6211,Public       ,30,96,126,20995,13344,34339
00312500,UNIVERSITY OF CINCINNATI                ,OH,45221-0125,Public       ,73,366,439,30893,23763,54656
00312504,UNIVERSITY OF CINCINNATI - MEDICINE     ,OH,45267-0553,Public       ,1,10,11,390,1728,2118
00312700,UNIVERSITY OF DAYTON                    ,OH,45469-0002,Private      ,12,54,66,12903,3485,16388
00313100,UNIVERSITY OF TOLEDO                    ,OH,43606-3390,Public       ,39,87,126,17094,10351,27445
00313300,URBANA UNIVERSITY                       ,OH,43078-2091,Private      ,3,8,11,944,805,1749
00313400,URSULINE COLLEGE                        ,OH,44124-4398,Private      ,1,34,35,623,1320,1943
00313500,WALSH UNIVERSITY                        ,OH,44720-3396,Private      ,2,10,12,2581,1479,4060
00314100,WILBERFORCE UNIVERSITY                  ,OH,45384-1001,Private      ,5,16,21,549,516,1065
00314200,WILMINGTON COLLEGE                      ,OH,45177-2499,Private      ,6,3,9,2209,500,2709
00314300,WITTENBERG UNIVERSITY                   ,OH,45501-2199,Private      ,5,6,11,3894,453,4347
00314400,XAVIER UNIVERSITY                       ,OH,45207-1035,Private      ,5,43,48,8494,3100,11594
00314500,YOUNGSTOWN STATE UNIVERSITY             ,OH,44555-0001,Public       ,15,45,60,9108,6737,15845
00398200,CLEVELAND INSTITUTE OF ART              ,OH,44106-1700,Private      ,3,4,7,1090,346,1436
00406000,WINEBRENNER THEOLOGICAL SEMINARY        ,OH,45840-0000,Private      ,0,1,1,2,67,69
00485200,CLARK STATE COMMUNITY COLLEGE           ,OH,45505-4795,Public       ,37,182,219,2048,6434,8482
00485300,BRADFORD SCHOOL                         ,OH,43219-0000,Proprietary  ,2,10,12,620,764,1384
00485500,DAVIS COLLEGE                           ,OH,43623-4307,Proprietary  ,1,14,15,147,658,805
00486100,UNIVERSITY OF NORTHWESTERN OHIO         ,OH,45805-1498,Private      ,18,22,40,4948,2030,6978
00486600,STAUTZENBERGER COLLEGE                  ,OH,43537-4007,Proprietary  ,7,37,44,491,1455,1946
00510200,SCH OF DIAGNOSTIC IMAGING-CLEVELAND     ,OH,44119-0000,Private      ,0,1,1,17,64,81
00531300,NORTH CENTRAL STATE COLLEGE             ,OH,44901-0000,Public       ,5,30,35,1398,2438,3836
00575300,OWENS STATE COMMUNITY COLLEGE           ,OH,43699-0000,Public       ,23,111,134,5366,9101,14467
00648700,AULTMAN COLLEGE OF NURSING AND HEALTH SC,OH,44710-1799,Private      ,0,9,9,202,545,747
00648900,CHRIST COLLEGE OF NURSING AND HEALTH SCI,OH,45219-2906,Private      ,6,8,14,420,941,1361
00649400,GOOD SAMARITAN COLG-NURSING/HEALTH      ,OH,45220-2489,Private      ,0,6,6,329,705,1034
00650700,TRINIT HEALTH SYSTEM SCH OF NURSING     ,OH,43952-2667,Private      ,1,1,2,82,167,249
00680400,LAKELAND COMMUNITY COLLEGE              ,OH,44094-5198,Public       ,15,72,87,3140,6278,9418
00686700,COLUMBUS STATE COMMUNITY COLLEGE        ,OH,43215-1786,Public       ,132,541,673,14419,24457,38876
00703500,KETTERING COLLEGE OF MEDICAL ARTS       ,OH,45429-1299,Private      ,2,14,16,590,794,1384
00708500,MOUNT VERNON NAZARENE UNIVERSITY        ,OH,43050-9500,Private      ,2,26,28,1512,1111,2623
00708501,MOUNT VERNON NAZARENE UNIV - AGS        ,OH,43050-0000,Private      ,0,6,6,80,478,558
00727500,EASTERN GATEWAY COMMUNITY COLLEGE       ,OH,43952-3598,Public       ,8,23,31,1377,2844,4221
00732920,ITT TECHNICAL INSTITUTE                 ,OH,45414-3456,Proprietary  ,16,82,98,424,1928,2352
00732992,ITT TECHNICAL INSTITUTE                 ,OH,44509-4098,Proprietary  ,14,108,122,477,1899,2376
00747300,CHOFFIN CAREER & TECHNICAL CENTER       ,OH,44503-1628,Public       ,0,3,3,78,264,342
00759800,HOCKING TECHNICAL COLLEGE               ,OH,45764-9582,Public       ,13,37,50,2995,2737,5732
00777701,EDUCATION AMERICA                       ,OH,44137-0000,Private      ,0,0,0,18,79,97
00812900,ADULT AND COMMUNITY EDUCATION @ HUDSON  ,OH,43211-2017,Public       ,0,17,17,73,544,617
00813200,TOLEDO SCHOOL OF PRACTICAL NURSING      ,OH,43613-5110,Public       ,1,11,12,116,533,649
00813300,ZANE STATE COLLEGE                      ,OH,43701-2626,Public       ,16,34,50,1333,1873,3206
00819400,AKRON SCHOOL OF PRACTICAL NRSG          ,OH,44311-0000,Public       ,1,3,4,161,308,469
00827800,TERRA COMMUNITY COLLEGE                 ,OH,43420-9670,Public       ,17,52,69,916,1824,2740
00867700,NORTHWEST STATE COMMUNITY COLLEGE       ,OH,43502-9542,Public       ,5,19,24,1056,2066,3122
00888600,PORTAGE LAKES CAREER CENTER             ,OH,44685-9554,Public       ,0,2,2,32,125,157
00915600,WAYNE COUNTY SCHOOLS CAREER CENTER      ,OH,44677-9672,Public       ,2,1,3,57,247,304
00941200,FORTIS COLLEGE                          ,OH,44221-2998,Proprietary  ,11,52,63,281,1390,1671
00953000,GERBER AKRON BEAUTY SCHOOL              ,OH,44313-6995,Proprietary  ,2,4,6,46,167,213
00953100,SPA SCHOOL (THE)                        ,OH,43214-1524,Proprietary  ,5,14,19,86,358,444
00966000,TIFFIN ACADEMY OF HAIR DESIGN           ,OH,44883-2833,Proprietary  ,2,0,2,37,70,107
00982805,EVEREST INSTITUTE - COLUMBUS            ,OH,43230-6653,Proprietary  ,10,47,57,153,744,897
00994100,BELMONT TECHNICAL COLLEGE               ,OH,43950-9766,Public       ,2,13,15,655,1140,1795
00994200,SHAWNEE STATE UNIVERSITY                ,OH,45662-4344,Public       ,13,23,36,4249,2344,6593
01001700,PAYNE THEOLOGICAL SEMINARY              ,OH,45384-0474,Private      ,0,2,2,2,174,176
01002700,JAMES A. RHODES STATE COLLEGE           ,OH,45804-3597,Public       ,4,24,28,1642,2570,4212
01016800,NATIONWIDE BEAUTY ACADEMY               ,OH,43228-1000,Proprietary  ,1,13,14,118,283,401
01028000,OHIO STATE BEAUTY ACADEMY               ,OH,45801-0000,Proprietary  ,3,7,10,140,209,349
01032300,HANNAH E MULLINS SCH-PRAC NRSG          ,OH,44460-2906,Public       ,0,2,2,32,95,127
01034500,CINCINNATI STATE TECH & COMM CLG        ,OH,45223-2690,Public       ,60,308,368,5192,12245,17437
01045300,WASHINGTON STATE CMTY COLLEGE           ,OH,45750-9225,Public       ,3,24,27,871,1199,2070
01063000,NORTHERN INSTITUTE OF COSMETOLOGY       ,OH,44052-1803,Proprietary  ,2,8,10,25,113,138
01073600,MARION TECHNICAL COLLEGE                ,OH,43302-5694,Public       ,5,24,29,850,1862,2712
01088000,CHATFIELD COLLEGE                       ,OH,45118-9705,Private      ,11,30,41,123,461,584
01088100,STARK STATE COLLEGE                     ,OH,44720-7299,Public       ,16,89,105,4389,11828,16217
01090600,CINCINNATI CLG OF MORTUARY SCIENCE      ,OH,45224-1428,Private      ,0,6,6,91,234,325
01092300,UNION INSTITUTE & UNIVERSITY            ,OH,45206-1925,Private      ,0,128,128,65,2312,2377
01099300,HOBART INSTITUTE OF WELDING TECHNOLOGY  ,OH,45373-2400,Private      ,6,11,17,409,376,785
01100500,KAPLAN COLLEGE                          ,OH,43232-4827,Proprietary  ,0,0,0,12,81,93
01104600,CENTRAL OHIO TECHNICAL COLLEGE          ,OH,43055-1767,Public       ,7,51,58,1739,4336,6075
01170300,PENTA COUNTY JOINT VOCATIONAL SCH       ,OH,43551-0000,Public       ,1,3,4,30,146,176
01174400,NATIONAL BEAUTY COLLEGE                 ,OH,44720-0000,Proprietary  ,0,7,7,35,142,177
01174500,OHIO TECHNICAL COLLEGE                  ,OH,44103-1228,Proprietary  ,11,30,41,1488,1237,2725
01212800,SOUTHWESTERN COLLEGE                    ,OH,45402-3003,Proprietary  ,0,0,0,10,84,94
01212804,SOUTHWESTERN COLLEGE                    ,OH,45246-3121,Proprietary  ,0,0,0,21,62,83
01212806,LINCOLN COLLEGE OF TECHNOLOGY - TOLEDO  ,OH,43615-6800,Proprietary  ,0,0,0,20,45,65
01212808,LINCOLN COLLEGE OF TECHNOLOGY - CLEVELAN,OH,44114-3266,Proprietary  ,0,0,0,29,59,88
01216600,CAROUSEL BEAUTY COLLEGE                 ,OH,45402-8935,Proprietary  ,8,15,23,115,342,457
01216603,CAROUSEL BEAUTY COLLEGE - OF MIAMI VALLE,OH,45424-2063,Proprietary  ,1,1,2,11,34,45
01224800,CENTRAL SCHOOL OF PRACTICAL NURSING     ,OH,44131-2155,Private      ,1,1,2,70,375,445
01267200,CAROUSEL BEAUTY COLLEGE                 ,OH,45044-5113,Proprietary  ,0,1,1,16,55,71
01275000,EDISON COMMUNITY COLLEGE                ,OH,45356-9239,Public       ,8,30,38,913,2330,3243
01283800,LAURA AND ALVIN SIEGAL COLLEGE OF JUDAIC,OH,44122-7197,Private      ,0,0,0,1,3,4
01284800,MOLER-HOLLYWOOD BEAUTY COLLEGE          ,OH,45202-2577,Proprietary  ,0,15,15,32,177,209
01287000,SOUTHERN STATE COMMUNITY COLLEGE        ,OH,45133-9406,Public       ,34,68,102,1152,2345,3497
01289100,ANTONELLI COLLEGE                       ,OH,45202-2592,Proprietary  ,4,28,32,134,761,895
01289600,VIRGINIA MARTI COLLEGE OF ART AND DESIGN,OH,44107-0778,Proprietary  ,1,1,2,158,188,346
01303922,SOUTH UNIVERSITY - CLEVELAND            ,OH,44128-5919,Proprietary  ,3,58,61,92,922,1014
01313200,INTERNATIONAL CLG OF BROADCASTING       ,OH,45431-1898,Proprietary  ,1,1,2,94,228,322
02052000,KAPLAN COLLEGE                          ,OH,45439-1984,Proprietary  ,6,67,73,210,1640,1850
02054300,TRUMBULL BUSINESS COLLEGE               ,OH,44484-0000,Proprietary  ,1,2,3,45,385,430
02056800,DAYMAR COLLEGE                          ,OH,45601-1038,Proprietary  ,1,1,2,37,178,215
02056802,DAYMAR COLLEGE - LANCASTER              ,OH,43130-0000,Proprietary  ,0,11,11,42,190,232
02056803,DAYMAR COLLEGE - NEW BOSTON             ,OH,45662-4900,Proprietary  ,0,11,11,24,148,172
02056804,DAYMAR COLLEGE - JACKSON                ,OH,45640-1728,Proprietary  ,0,1,1,19,111,130
02066100,OHIO STATE COLLEGE/BARBER STYLING       ,OH,43213-0000,Proprietary  ,6,22,28,152,472,624
02073300,GALLIA-JACKSON-VINTON SCH ADULT ED      ,OH,45674-0000,Public       ,0,3,3,72,251,323
02110700,CLEVELAND INST OF DENTAL-MED ASST       ,OH,44115-2285,Proprietary  ,8,26,34,186,672,858
02116009,SANFORD-BROWN COLLEGE - MIDDLEBURG HEIGH,OH,44130-8362,Proprietary  ,0,1,1,13,145,158
02116900,UPPER VALLEY JVS                        ,OH,45356-0000,Public       ,1,2,3,43,279,322
02117300,GREAT OAKS INSTITUTE OF TECHNOLOGY      ,OH,45241-1581,Public       ,0,18,18,250,901,1151
02128600,THE ART INSTITUTE OF CINCINNATI         ,OH,45246-0000,Proprietary  ,3,6,9,490,353,843
02140700,CANTON CITY SCHOOLS ADULT CAREER & TECH ,OH,44702-1710,Public       ,1,4,5,24,244,268
02158417,"HARRISON COLLEGE - COLUMBUS, OH         ",OH,43123-0000,Proprietary  ,5,36,41,113,628,741
02158500,OHIO BUSINESS COLLEGE                   ,OH,44035-0701,Proprietary  ,13,33,46,124,583,707
02158501,OHIO BUSINESS COLLEGE                   ,OH,44870-9953,Proprietary  ,9,25,34,81,466,547
02158503,OHIO BUSINESS COLLEGE - COLUMBUS        ,OH,43229-3523,Proprietary  ,0,15,15,178,648,826
02158504,OHIO BUSINESS COLLEGE - DAYTON          ,OH,45417-4094,Proprietary  ,0,6,6,31,238,269
02168100,TRI-COUNTY JOINT VOCATIONAL SCHOOL      ,OH,45764-0000,Public       ,0,1,1,77,187,264
02187900,ASHTABULA CO JOINT VOC SCH ADULT ED     ,OH,44047-0000,Public       ,0,6,6,57,206,263
02189000,MID-EAST CAREER & TECH CENTERS-ADULT ED ,OH,43701-4600,Public       ,6,6,12,158,448,606
02190700,FORTIS COLLEGE                          ,OH,45459-0000,Proprietary  ,6,90,96,398,3177,3575
02192100,BUTLER TECHNOLOGY AND CAREER DEVELOPMENT,OH,45011-0000,Public       ,0,7,7,239,720,959
02196300,COLLINS CAREER CENTER                   ,OH,45619-0000,Public       ,1,9,10,207,632,839
02210800,MEDINA COUNTY CAREER CENTER             ,OH,44256-0000,Public       ,1,2,3,31,120,151
02220500,GOD'S BIBLE SCHOOL & COLLEGE            ,OH,45210-0000,Private      ,0,4,4,167,126,293
02220800,CAREER & TECHNOLOGY EDUCATION CENTERS OF,OH,43055-0000,Public       ,0,7,7,131,424,555
02239800,PIONEER CAREER & TECHNOLOGY CENTER      ,OH,44875-9704,Public       ,0,0,0,6,62,68
02245600,WARREN COUNTY CAREER CENTER             ,OH,45036-0000,Public       ,7,14,21,101,331,432
02246300,INSTITUTE OF MEDICAL-DENTAL TECH        ,OH,45246-3317,Proprietary  ,17,54,71,248,1048,1296
02263700,MIAMI VALLEY CAREER TECHNOLOGY CTR      ,OH,45315-0000,Public       ,7,19,26,133,617,750
02269400,EASTERN HILLS ACAD OF HAIR DESIGN       ,OH,45255-0000,Proprietary  ,0,0,0,20,73,93
02269500,WESTERN HILLS SCHOOL OF BEAUTY & HAIR DE,OH,45211-0000,Proprietary  ,7,22,29,62,340,402
02270100,OHIO HI-POINT CAREER CENTER             ,OH,43311-0000,Public       ,0,0,0,10,46,56
02272700,COLUMBIANA COUNTY CAREER CENTER         ,OH,44432-0000,Public       ,1,0,1,61,251,312
02287900,RAPHAEL'S SCHOOL OF BEAUTY CULTURE      ,OH,44446-0000,Proprietary  ,7,17,24,71,251,322
02301400,OHIO VALLEY COLLEGE OF TECHNOLOGY       ,OH,43920-9139,Proprietary  ,5,14,19,103,295,398
02303600,FORTIS COLLEGE - RAVENNA CAMPUS         ,OH,44266-0000,Proprietary  ,0,0,0,15,85,100
02304700,TRI-RIVERS CAREER CENTER                ,OH,43302-0000,Public       ,0,4,4,73,323,396
02311200,AMERICAN SCHOOL OF TECHNOLOGY           ,OH,43229-0000,Proprietary  ,4,32,36,127,654,781
02315500,TOLEDO ACADEMY OF BEAUTY CULTURE - EAST ,OH,43616-0000,Proprietary  ,1,5,6,46,183,229
02324400,ALLSTATE HAIRSTYLING & BARBER CLG       ,OH,44113-0000,Proprietary  ,0,10,10,68,367,435
02328500,MOLER-PICKENS BEAUTY COLLEGE            ,OH,45014-0000,Proprietary  ,0,8,8,25,89,114
02334300,EMPIRE BEAUTY SCHOOL                    ,OH,45239-3926,Proprietary  ,3,30,33,103,289,392
02336300,KNOX COUNTY CAREER CENTER               ,OH,43050-4298,Public       ,1,5,6,66,325,391
02336700,CUYAHOGA VALLEY CAREER CENTER           ,OH,44141-1296,Public       ,2,2,4,78,246,324
02337700,PROFESSIONAL SKILLS INSTITUTE           ,OH,43607-0000,Proprietary  ,0,6,6,129,657,786
02351500,WILLOUGHBY EASTLAKE SCH OF PRAC NSG     ,OH,44094-0000,Public       ,0,0,0,36,211,247
02352800,POLARIS CAREER CENTER-ADULT ED DEPT     ,OH,44130-0000,Public       ,1,4,5,144,490,634
02354200,SCIOTO COUNTY JOINT VOCATIONAL SCH      ,OH,45648-0000,Public       ,2,7,9,109,366,475
02359803,ITT TECHNICAL INSTITUTE -               ,OH,45212-2273,Proprietary  ,0,0,0,0,1,1
02454400,NORTHEAST OHIO MEDICAL UNIVERSITY       ,OH,44272-9621,Public       ,0,0,0,158,907,1065
02497800,GREENE COUNTY CAREER CENTER             ,OH,45385-0000,Public       ,0,2,2,32,127,159
02519300,OHIO STATE SCH COSMETOLOGY              ,OH,43110-2754,Proprietary  ,2,6,8,126,259,385
02522700,EASTLAND-FAIRFIELD CAREER AND TECHNICAL ,OH,43125-0000,Public       ,4,7,11,78,325,403
02528300,TDDS TECHNICAL INSTITUTE                ,OH,44429-0000,Proprietary  ,5,90,95,121,745,866
02529500,HAMRICK SCHOOL                          ,OH,44256-0000,Proprietary  ,4,45,49,28,371,399
02545800,INNER STATE BEAUTY SCHOOLS              ,OH,44124-0000,Proprietary  ,1,13,14,66,258,324
02553000,SCHOOL OF ADVERTISING ART               ,OH,45440-0000,Proprietary  ,0,0,0,263,60,323
02560000,CASAL AVEDA INSTITUTE                   ,OH,44515-0000,Proprietary  ,1,4,5,139,236,375
02560700,PICKAWAY ROSS CO JOINT VOC TECH SCH     ,OH,45601-0000,Public       ,1,6,7,102,395,497
02562300,APOLLO CAREER CENTER-ADULT EDUC         ,OH,45806-0000,Public       ,0,7,7,103,526,629
02563000,RAPHAELS SCHOOL OF BEAUTY CULTURE       ,OH,44601-2847,Proprietary  ,4,9,13,60,195,255
02568600,MAHONING COUNTY CAREER & TECH CENTR     ,OH,44406-0000,Public       ,0,0,0,28,124,152
02582900,KAPLAN CAREER INSTITUTE                 ,OH,44129-6810,Proprietary  ,0,3,3,37,391,428
02586400,TRUMBULL CAREER & TECH CENTER-ADULT     ,OH,44483-1997,Public       ,0,2,2,66,272,338
02588500,OHIO STATE SCHOOL OF COSMETOLOGY        ,OH,43081-0000,Proprietary  ,0,7,7,171,261,432
02599711,VATTEROTT COLLEGE - CLEVELAND           ,OH,44147-3502,Proprietary  ,7,37,44,78,475,553
02603800,LORAIN COUNTY JVS ADULT CAREER CTR      ,OH,44074-9799,Public       ,0,1,1,71,229,300
02611007,HERITAGE COLLEGE - COLUMBUS             ,OH,43213-4440,Proprietary  ,29,79,108,293,1095,1388
02620000,SANDUSKY CAREER CENTER                  ,OH,44870-4786,Public       ,0,0,0,21,175,196
03007900,GALLIPOLIS CAREER COLLEGE               ,OH,45631-2600,Proprietary  ,1,6,7,21,193,214
03015100,ALLIANCE HIGH SCH-CMTY SERVICES DIV     ,OH,44601-2899,Public       ,1,0,1,33,102,135
03015300,EHOVE CAREER CENTER                     ,OH,44846-9500,Public       ,1,10,11,84,442,526
03023700,MADISON ADULT CAREER CENTER             ,OH,44905-2718,Public       ,0,1,1,63,313,376
03024300,VALLEY BEAUTY SCHOOL                    ,OH,43725-2332,Proprietary  ,0,2,2,19,37,56
03026511,REMINGTON COLLEGE - CLEVELAND           ,OH,44125-1957,Private      ,1,22,23,191,794,985
03027100,FAIRVIEW ACADEMY                        ,OH,44126-2214,Proprietary  ,0,2,2,17,81,98
03034200,WASHINGTON COUNTY CAREER CENTER ADULT TE,OH,45750-9290,Public       ,0,7,7,111,475,586
03035801,HERITAGE INSTITUTE - HERITAGE COLLEGE/CL,OH,44130-3304,Proprietary  ,11,45,56,32,130,162
03051400,AUBURN CAREER CENTER                    ,OH,44077-9723,Public       ,0,6,6,88,259,347
03051500,US GRANT JOINT VOCATIONAL SCHOOL        ,OH,45106-9502,Public       ,0,0,0,4,27,31
03065900,BUCKEYE CAREER CENTER                   ,OH,44663-9437,Public       ,0,1,1,58,200,258
03067600,RAPHAEL'S SCHOOL OF BEAUTY CULTURE      ,OH,44512-2222,Proprietary  ,3,8,11,56,181,237
03068200,OHIO CENTER FOR BROADCASTING            ,OH,44125-6273,Proprietary  ,3,7,10,75,236,311
03068202,OHIO CENTER FOR BROADCASTING - COLUMBUS ,OH,43213-2571,Proprietary  ,2,1,3,60,287,347
03071900,MOUNT CARMEL COLLEGE OF NURSING         ,OH,43222-1598,Private      ,1,16,17,849,1218,2067
03078000,OHIO CENTER FOR BROADCASTING            ,OH,45227-1509,Proprietary  ,1,7,8,51,172,223
03079000,ETI TECHNICAL COLLEGE                   ,OH,44446-4398,Proprietary  ,4,15,19,84,357,441
03084800,DELAWARE AREA CAREER CENTER             ,OH,43015-8969,Public       ,0,1,1,16,71,87
03084801,DELAWARE AREA CAREER CENTER -           ,OH,43015-9001,Public       ,0,0,0,10,55,65
03095600,VANTAGE CAREER CENTER                   ,OH,45891-1378,Public       ,0,1,1,29,111,140
03097000,MERCY COLLEGE OF OHIO                   ,OH,43604-1132,Private      ,5,13,18,670,1518,2188
03100100,PARAMOUNT BEAUTY ACADEMY                ,OH,45662-4136,Proprietary  ,1,8,9,38,166,204
03116200,DAYTON BARBER COLLEGE                   ,OH,45342-4196,Proprietary  ,3,8,11,33,135,168
03116300,OHIO COLLEGE OF MASSOTHERAPY            ,OH,44321-1363,Private      ,0,2,2,41,152,193
03116400,VANGUARD-SENTINELL VOC SCH DISTRICT     ,OH,43420-1197,Public       ,0,1,1,10,80,90
03117000,ASHLAND COUNTY-W HOLMES CAREER CTR      ,OH,44805-0000,Public       ,0,3,3,34,159,193
03319300,CREATIVE IMAGES-A CERTIFIED MATRIX      ,OH,45414-2557,Proprietary  ,5,16,21,138,351,489
03319301,CREATIVE IMAGES-A CERTIFIED MATRIX      ,OH,45459-0000,Proprietary  ,0,10,10,82,241,323
03416400,VALLEY BEAUTY SCHOOL                    ,OH,43701-3624,Proprietary  ,0,0,0,27,65,92
03425300,ROSEDALE BIBLE COLLEGE                  ,OH,43029-9517,Private      ,0,0,0,63,10,73
03457300,ALLEGHENY WESLEYAN COLLEGE              ,OH,44460-9598,Private      ,1,0,1,58,24,82
03468400,NATIONAL INSTITUTE OF MASSOTHERAPY      ,OH,44319-2100,Proprietary  ,0,2,2,22,111,133
03468500,ATS INSTITUTE OF TECHNOLOGY             ,OH,44143-2216,Proprietary  ,3,58,61,87,899,986
03475400,TRI-STATE BIBLE COLLEGE                 ,OH,45680-8402,Private      ,0,1,1,4,80,84
03534400,AMERICAN INST OF ALTERNATIVE MEDICI     ,OH,43229-1113,Proprietary  ,0,11,11,82,809,891
03583300,OHIO INSTITUTE OF ALLIED HEALTH         ,OH,45424-3646,Private      ,0,3,3,9,74,83
03626300,BROWN AVEDA INSTITUTE                   ,OH,44060-6212,Proprietary  ,2,9,11,210,384,594
03700300,REGENCY BEAUTY INSTITUTE - CLEVELAND    ,OH,44094-0000,Proprietary  ,4,28,32,172,504,676
03726300,TEMPLE BAPTIST COLLEGE                  ,OH,45240-0000,Private      ,0,0,0,30,63,93
03747300,BEXLEY HALL SEMINARY                    ,OH,43209-2325,Private      ,0,1,1,3,49,52
03776400,HEALING ARTS INSTITUTE                  ,OH,43551-3138,Proprietary  ,0,2,2,28,98,126
03837300,AVEDA FREDRIC'S INSTITUTE               ,OH,45208-1304,Proprietary  ,1,4,5,175,270,445
04051307,ART INSTITUTE OF PHOENIX (THE) - BROWN M,OH,45215-1107,Proprietary  ,9,38,47,287,1493,1780
04051308,ART INSTITUTE OF PHOENIX (THE) - BROWN M,OH,44320-4420,Proprietary  ,4,13,17,174,700,874
04051317,ART INSTITUTE OF PHOENIX (THE) - BROWN M,OH,45840-6848,Proprietary  ,12,89,101,475,2261,2736
04051326,ART INSTITUTE OF PHOENIX (THE) - BROWN M,OH,44718-3674,Proprietary  ,8,35,43,154,784,938
04068300,FOUR COUNTY CAREER CENTER               ,OH,43512-9541,Public       ,0,0,0,11,44,55
04074300,HONDROS COLLEGE                         ,OH,43081-3855,Proprietary  ,2,36,38,539,4048,4587
04117300,DAYTON SCHOOL OF MEDICAL MASSAGE        ,OH,45429-1111,Proprietary  ,3,33,36,168,641,809
04118300,NORTHCOAST MEDICAL TRAINING ACADEMY     ,OH,44240-4174,Proprietary  ,3,8,11,77,255,332
04124500,TECHSKILLS                              ,OH,43231-0000,Proprietary  ,4,29,33,88,749,837
04126000,OHIO ACADEMY PAUL MITCHELL PARTNER SCHOO,OH,44087-3107,Proprietary  ,7,10,17,137,252,389
04137800,AVEDA INSTITUTE COLUMBUS                ,OH,43201-2333,Proprietary  ,12,32,44,359,617,976
04138000,INSTITUTE OF THERAPEUTIC MASSAGE        ,OH,45875-0350,Proprietary  ,0,0,0,24,39,63
04149100,PAUL MITCHELL THE SCHOOL CINCINNATI     ,OH,45241-1702,Proprietary  ,6,12,18,202,310,512
04149101,PAUL MITCHELL THE SCHOOL CINCINNATI - TO,OH,43560-2539,Proprietary  ,10,9,19,78,146,224
04151400,VANITY SCHOOL OF COSMETOLOGY            ,OH,44035-0000,Proprietary  ,1,4,5,34,89,123
04152100,TOLEDO RESTAURANT TRAINING CENTER       ,OH,43604-6508,Private      ,1,7,8,20,117,137
04152600,PIKE COUNTY CAREER TECHNOLOGY CENTER    ,OH,45661-9114,Public       ,0,1,1,22,102,124
04153300,OHIO ACADEMY COLUMBUS (THE)             ,OH,43231-6038,Proprietary  ,3,6,9,154,301,455
04166800,SALON PROFESSIONAL ACADEMY (THE)        ,OH,45551-0000,Proprietary  ,0,1,1,45,98,143
04167700,ARTISAN COLLEGE OF COSMETOLOGY (THE)    ,OH,45840-6848,Proprietary  ,1,1,2,22,51,73
04177300,OHIO MEDICAL CAREER COLLEGE             ,OH,45417-4094,Proprietary  ,3,34,37,22,211,233
04185900,ELITE SCHOOL OF COSMETOLOGY             ,OH,44857-2714,Proprietary  ,1,5,6,19,93,112
04189100,SALON INSTITUTE - TOLEDO CAMPUS         ,OH,43615-1731,Proprietary  ,3,7,10,112,161,273
04192200,ATHENA CAREER ACADEMY                   ,OH,43560-2796,Proprietary  ,3,20,23,65,470,535
04206700,ELITE WELDING ACADEMY                   ,OH,45246-1013,Proprietary  ,1,1,2,48,152,200
04220900,NATIONAL PERSONAL TRAINING INSTITUTE OF ,OH,43235-5739,Proprietary  ,4,6,10,34,182,216
04224300,VALOR CHRISTIAN COLLEGE                 ,OH,43216-0800,Private      ,3,3,6,63,111,174
04225700,LABARBERIA INSTITUTE OF HAIR            ,OH,44106-1923,Proprietary  ,3,16,19,32,161,193
        ,INVALID SCHOOL CODE                     ,  ,00000-0000,,41,269,310,1012,5657,6669
00134500,ADAMS STATE COLLEGE                     ,CO,81102-2373,Public       ,23,96,119,2997,2516,5513
00134600,ARAPAHOE COMMUNITY COLLEGE              ,CO,80160-9002,Public       ,48,161,209,3508,7331,10839
00134700,COLORADO COLLEGE                        ,CO,80903-3294,Private      ,5,21,26,3660,1109,4769
00134800,COLORADO SCHOOL OF MINES                ,CO,80401-1887,Public       ,7,6,13,7134,1463,8597
00134900,UNIVERSITY OF NORTHERN COLORADO         ,CO,80639-0001,Public       ,23,130,153,10886,5592,16478
00135000,COLORADO STATE UNIVERSITY               ,CO,80523-0100,Public       ,82,164,246,26235,11944,38179
00135200,DENVER  SEMINARY                        ,CO,80120-2192,Private      ,0,9,9,16,743,759
00135300,FORT LEWIS COLLEGE                      ,CO,81301-3999,Public       ,17,23,40,4919,1816,6735
00135400,ILIFF SCHOOL OF THEOLOGY                ,CO,80210-0000,Private      ,0,3,3,9,348,357
00135500,LAMAR COMMUNITY COLLEGE                 ,CO,81052-3999,Public       ,8,9,17,482,355,837
00135800,COLORADO MESA UNIVERSITY                ,CO,81501-3122,Public       ,18,88,106,7906,4231,12137
00135900,COLORADO NORTHWESTERN COMMUNITY COLLEGE ,CO,81648-3598,Public       ,2,15,17,544,549,1093
00136000,METROPOLITAN STATE UNIVERSITY OF DENVER ,CO,80204-3362,Public       ,114,316,430,13297,17979,31276
00136100,NORTHEASTERN JUNIOR COLLEGE             ,CO,80751-2399,Public       ,6,21,27,1260,572,1832
00136200,OTERO JUNIOR COLLEGE                    ,CO,81050-3346,Public       ,14,22,36,710,793,1503
00136300,REGIS UNIVERSITY                        ,CO,80221-1099,Private      ,5,129,134,3482,8645,12127
00136500,COLORADO STATE UNIVERSITY-PUEBLO        ,CO,81001-4901,Public       ,23,47,70,5600,3476,9076
00136800,TRINIDAD STATE JR COLLEGE               ,CO,81082-2396,Public       ,8,28,36,834,1183,2017
00137000,UNIVERSITY OF COLORADO-BOULDER          ,CO,80309-0077,Public       ,80,133,213,29360,10388,39748
00137100,UNIVERSITY OF DENVER                    ,CO,80208-2000,Private      ,22,221,243,10588,10687,21275
00137200,WESTERN STATE COLORADO UNIVERSITY       ,CO,81231-0000,Public       ,2,18,20,2333,727,3060
00405702,NATIONAL AMERICAN UNIVERSITY - COLORADO ,CO,80920-4001,Proprietary  ,1,16,17,48,491,539
00405703,NATIONAL AMERICAN UNIVERSITY            ,CO,80222-0000,Proprietary  ,0,3,3,35,287,322
00450300,EVEREST COLLEGE                         ,CO,80916-3548,Proprietary  ,3,39,42,187,1403,1590
00450600,COLORADO MOUNTAIN COLLEGE               ,CO,81602-0000,Public       ,19,69,88,2080,2347,4427
00450700,EVEREST COLLEGE                         ,CO,80229-4339,Proprietary  ,12,34,46,151,664,815
00450701,"EVEREST COLLEGE- EVEREST COLLEGE, AURORA",CO,80012-5692,Proprietary  ,7,41,48,201,731,932
00450800,UNIVERSITY OF COLORADO DENVER           ,CO,80204-2029,Public       ,52,264,316,11384,17655,29039
00450900,UNIV OF COLORADO AT COLO SPRINGS        ,CO,80918-3735,Public       ,37,132,169,10333,7842,18175
00559600,EMILY GRIFFITH OPPORTUNITY SCH          ,CO,80204-2197,Public       ,8,42,50,780,2400,3180
00729700,REDSTONE COLLEGE                        ,CO,80020-9988,Proprietary  ,7,18,25,298,773,1071
00732912,ITT TECHNICAL INSTITUTE                 ,CO,80229-5338,Proprietary  ,16,78,94,314,1666,1980
00754800,WESTWOOD COLLEGE - DENVER NORTH         ,CO,80221-3653,Proprietary  ,7,30,37,253,1281,1534
00754801,WESTWOOD COLLEGE - DENVER SOUTH         ,CO,80227-3653,Proprietary  ,3,20,23,135,834,969
00758200,AIMS COMMUNITY COLLEGE                  ,CO,80632-0000,Public       ,24,109,133,2338,4050,6388
00764900,ROCKY MOUNTAIN COLG OF ART & DESIGN     ,CO,80214-0000,Proprietary  ,27,67,94,968,1614,2582
00793300,FRONT RANGE COMMUNITY COLLEGE           ,CO,80031-2199,Public       ,120,339,459,8179,14306,22485
00793806,LINCOLN COLLEGE OF TECHNOLOGY - DENVER  ,CO,80239-3006,Proprietary  ,67,74,141,1422,1341,2763
00863500,INTELLITEC MEDICAL INSTITUTE            ,CO,80909-0000,Proprietary  ,10,40,50,133,716,849
00887100,CONCORDE CAREER INSTITUTE               ,CO,80203-0000,Proprietary  ,17,41,58,539,1931,2470
00889600,PIKES PEAK COMMUNITY COLLEGE            ,CO,80906-5498,Public       ,96,570,666,5534,14550,20084
00940100,COLORADO CHRISTIAN UNIVERSITY           ,CO,80226-7449,Private      ,5,110,115,2249,5571,7820
00954200,COMMUNITY COLLEGE OF DENVER             ,CO,80217-2026,Public       ,69,330,399,6608,12419,19027
00954300,RED ROCKS COMMUNITY COLLEGE             ,CO,80228-1255,Public       ,42,236,278,3555,6857,10412
00998100,MORGAN COMMUNITY COLLEGE                ,CO,80701-4399,Public       ,15,38,53,427,908,1335
01014800,COLORADO TECHNICAL UNIVERSITY           ,CO,80907-3896,Proprietary  ,11,201,212,476,5218,5694
01014802,COLORADO TECHNICAL UNIV - DENVER        ,CO,80111-3201,Proprietary  ,3,44,47,137,1255,1392
01014805,COLORADO TECH UNIV - ON LINE            ,CO,80907-0000,Proprietary  ,159,2457,2616,2537,47511,50048
01014812,COLORADO TECHNICAL UNIVERSITY - WESTMINS,CO,80021-3498,Proprietary  ,1,19,20,65,619,684
01014815,COLORADO TECHNCL UNIV PUEBLO            ,CO,81003-2315,Proprietary  ,0,0,0,77,249,326
01157200,COLORADO SCHOOL OF TRADES               ,CO,80215-2996,Proprietary  ,3,7,10,81,440,521
01267000,BEL-REA INST OF ANIMAL TECH             ,CO,80247-3048,Proprietary  ,6,16,22,435,711,1146
01285000,INTERNATIONAL SALON AND SPA ACADEMY     ,CO,80918-3684,Proprietary  ,2,21,23,110,394,504
01287500,PICKENS TECHNICAL COLLEGE               ,CO,80011-9307,Public       ,7,12,19,439,957,1396
01300700,NAZARENE BIBLE COLLEGE                  ,CO,80910-3704,Private      ,1,13,14,80,690,770
02078900,ART INSTITUTE OF COLORADO (THE)         ,CO,80203-2983,Proprietary  ,20,45,65,1870,2245,4115
02116300,PUEBLO COMMUNITY COLLEGE                ,CO,81004-0000,Public       ,44,203,247,2296,6398,8694
02117500,NAROPA UNIVERSITY                       ,CO,80302-0000,Private      ,1,12,13,407,1243,1650
02156200,DELTA - MONTROSE TECHNICAL COLLEGE      ,CO,81416-0000,Public       ,9,8,17,101,292,393
02165200,SALON PROFESSIONAL ACADEMY (THE)        ,CO,81504-5309,Proprietary  ,3,3,6,69,125,194
02171300,TRINIDAD STATE JUNIOR COLLEGE           ,CO,81101-0000,Proprietary  ,0,0,0,0,1,1
02211901,CHEEKS INTERNATIONAL ACADEMY OF BEAUTY C,CO,80525-3053,Proprietary  ,0,4,4,38,83,121
02211902,CHEEKS INTERNATIONAL ACDMY BTY CULT     ,CO,80631-0000,Proprietary  ,0,0,0,19,58,77
02253700,INTELLITEC COLLEGE                      ,CO,80909-0000,Proprietary  ,16,61,77,210,1255,1465
02267500,GLENWOOD BEAUTY ACADEMY                 ,CO,81601-0000,Proprietary  ,0,7,7,20,56,76
02276900,COMMUNITY COLLEGE OF AURORA             ,CO,80011-9036,Public       ,45,216,261,3255,7611,10866
02296004,PRINCE INSTITUTE - SOUTHEAST - PRINCE IN,CO,80031-2943,Proprietary  ,0,1,1,4,42,46
02518500,HAIR DYNAMICS EDUCATION CENTER          ,CO,80525-0000,Proprietary  ,5,6,11,120,201,321
02594300,COLLEGE AMERICA - DENVER                ,CO,80222-3380,Proprietary  ,8,129,137,377,2234,2611
02611000,HERITAGE COLLEGE                        ,CO,80212-7413,Proprietary  ,16,63,79,254,807,1061
03006300,INST OF BUSINESS & MEDICAL CAREERS      ,CO,80525-3044,Proprietary  ,23,89,112,481,1740,2221
03010622,VIRGINIA COLLEGE - ECOTECH INSTITUTE - A,CO,80012-4627,Proprietary  ,5,7,12,85,358,443
03012100,REMINGTON COLLEGE - COLORADO SPRINGS CAM,CO,80215-0000,Private      ,0,0,0,6,4,10
03014900,PLATT COLLEGE                           ,CO,80014-3141,Proprietary  ,2,8,10,75,367,442
03027400,XENON INTERNATIONAL ACADEMY III         ,CO,80014-1193,Proprietary  ,1,2,3,64,129,193
03030606,UTAH COLLEGE OF MASSAGE THERAPY - DENVER,CO,80031-2921,Proprietary  ,6,12,18,65,181,246
03030607,UTAH COLLEGE OF MASSAGE THERAPY - DENVER,CO,80012-2523,Proprietary  ,10,7,17,94,234,328
03066900,INTELLITEC COLLEGE                      ,CO,81506-3994,Proprietary  ,9,40,49,227,855,1082
03068201,OHIO CENTER FOR BROADCASTING - COLORADO ,CO,80214-4129,Proprietary  ,1,5,6,62,175,237
03076401,BRYMAN SCHOOL OF ARIZONA (THE) - ANTHEM ,CO,80014-2622,Proprietary  ,0,0,0,8,22,30
03289300,COLORADO HEIGHTS UNIVERSITY             ,CO,80236-2711,Private      ,4,26,30,164,425,589
03306300,MONTESSORI EDUC CRT OF THE ROCKIES      ,CO,80301-2587,Private      ,1,2,3,9,71,80
03534300,JONES INTERNATIONAL UNIVERSITY          ,CO,80112-3446,Proprietary  ,0,8,8,103,3688,3791
03545300,UNIVERSITY OF THE ROCKIES               ,CO,80903-3612,Proprietary  ,3,120,123,126,3269,3395
03584400,COLORADO SCHOOL OF HEALING ARTS         ,CO,80226-4332,Proprietary  ,1,2,3,80,299,379
03670300,TONI & GUY HAIRDRESSING ACADEMY         ,CO,80911-0000,Proprietary  ,5,12,17,121,257,378
03686300,COLORADO SCHOOL OF TRADITIONAL CHINESE M,CO,80206-2127,Proprietary  ,0,6,6,19,244,263
03776300,AUGUSTE ESCOFFIER SCHOOL OF CULINARY ART,CO,80305-5961,Proprietary  ,4,28,32,315,522,837
03976300,MASSAGE THERAPY INSTITUTE OF COLORADO   ,CO,80206-2127,Proprietary  ,2,9,11,105,255,360
04080300,ASPEN UNIVERSITY                        ,CO,80246-1930,Proprietary  ,5,42,47,173,1178,1351
04093300,ACADEMY OF NATURAL THERAPY              ,CO,80631-3425,Proprietary  ,2,10,12,59,167,226
04121200,INSTITUTE OF TAOIST EDUCATION AND ACUPUN,CO,80027-1028,Private      ,0,0,0,1,56,57
04125100,MONTESSORI CASA INTERNATIONAL           ,CO,80111-5263,Private      ,0,0,0,1,13,14
04127700,AMERICAN SENTINEL UNIVERSITY            ,CO,80014-6510,Proprietary  ,1,58,59,19,1860,1879
04139300,NATIONAL BEAUTY COLLEGE                 ,CO,80221-0000,Proprietary  ,1,6,7,57,167,224
04148300,DENVER SCHOOL OF NURSING                ,CO,80202-1213,Proprietary  ,4,12,16,453,1531,1984
04151100,SUMMIT SALON & BEAUTY SCHOOL            ,CO,80866-4569,Proprietary  ,0,0,0,1,0,1
04167100,AVEDA INSTITUTE DENVER                  ,CO,80202-0000,Proprietary  ,16,17,33,396,540,936
04170200,PAUL MITCHELL THE SCHOOL COLORADO SPRING,CO,80903-0000,Proprietary  ,3,29,32,153,454,607
04172500,ROLF INSTITUTE OF STRUCTURAL INTEGRATION,CO,80301-0000,Private      ,1,8,9,6,136,142
04173800,SALON PROFESSIONAL ACADEMY (THE)        ,CO,80918-2932,Proprietary  ,2,4,6,65,157,222
04177100,PIMA MEDICAL INSTITUTE-SOUTH DENVER     ,CO,80231-0000,Proprietary  ,9,26,35,392,989,1381
04179700,UNITED BEAUTY COLLEGE                   ,CO,80223-2936,Proprietary  ,1,10,11,54,183,237
04183700,HEALING ARTS INSTITUTE                  ,CO,80525-3479,Proprietary  ,1,3,4,46,176,222
04184900,COLLEGE OF INTERNATIONAL ESTHETICS      ,CO,80002-3754,Proprietary  ,3,8,11,43,207,250
04185000,COLORADO ACADEMY OF VETERINARY TECHNOLOG,CO,80906-4944,Proprietary  ,1,5,6,140,311,451
04185400,NATIONAL PERSONAL TRAINING INSTITUTE OF ,CO,80401-3304,Proprietary  ,1,7,8,33,148,181
04195300,LONGS PEAK ACADEMY                      ,CO,80501-6458,Proprietary  ,3,6,9,52,155,207
04202600,NEW DIMENSIONS BEAUTY ACADEMY           ,CO,80138-9801,Proprietary  ,2,6,8,30,76,106
04208700,COLORADO STATE UNIVERSITY - GLOBAL CAMPU,CO,80111-0000,Public       ,31,564,595,638,10243,10881
04218900,ROCKY VISTA UNIVERSITY COLLEGE OF OSTEOP,CO,80134-9498,Proprietary  ,0,1,1,6,608,614
04221400,PAUL MITCHELL THE SCHOOL DENVER         ,CO,80226-7395,Proprietary  ,8,5,13,147,198,345
00267811,BRYANT & STRATTON COLLEGE - VIRGINIA BEA,VA,23462-4417,Proprietary  ,3,52,55,653,2983,3636
00370200,AVERETT UNIVERSITY                      ,VA,24541-3692,Private      ,4,87,91,1513,1786,3299
00370300,BLUEFIELD COLLEGE                       ,VA,24605-1799,Private      ,4,23,27,975,876,1851
00370400,BRIDGEWATER COLLEGE                     ,VA,22812-1599,Private      ,5,5,10,3489,260,3749
00370500,COLLEGE OF WILLIAM & MARY               ,VA,23187-8795,Public       ,14,37,51,11646,3927,15573
00370600,CHRISTOPHER NEWPORT UNIVERSITY          ,VA,23606-3072,Public       ,6,20,26,8576,1439,10015
00370700,RICHARD BLAND COLLEGE                   ,VA,23805-7100,Public       ,7,15,22,1464,726,2190
00370800,EASTERN MENNONITE UNIVERSITY            ,VA,22802-2462,Private      ,1,8,9,1498,725,2223
00370900,EMORY & HENRY COLLEGE                   ,VA,24327-0010,Private      ,3,3,6,1622,216,1838
00371100,FERRUM COLLEGE                          ,VA,24088-2612,Private      ,4,3,7,3005,372,3377
00371200,TIDEWATER COMMUNITY COLLEGE             ,VA,23510-1910,Public       ,108,830,938,11991,28433,40424
00371300,HAMPDEN-SYDNEY COLLEGE                  ,VA,23943-0128,Private      ,0,1,1,1760,67,1827
00371400,HAMPTON UNIVERSITY                      ,VA,23668-0099,Private      ,25,42,67,9785,3650,13435
00371500,HOLLINS UNIVERSITY                      ,VA,24020-0000,Private      ,1,5,6,1017,640,1657
00371900,LONGWOOD UNIVERSITY                     ,VA,23909-1899,Public       ,10,15,25,6141,1094,7235
00372000,LYNCHBURG COLLEGE                       ,VA,24501-3199,Private      ,15,24,39,3694,1282,4976
00372100,JAMES MADISON UNIVERSITY                ,VA,22807-3780,Public       ,30,36,66,26086,3379,29465
00372300,MARY BALDWIN COLLEGE                    ,VA,24401-3610,Private      ,8,40,48,1882,1403,3285
00372400,MARYMOUNT UNIVERSITY                    ,VA,22207-4224,Private      ,8,31,39,2929,2611,5540
00372600,AMERICAN NATIONAL UNIVERSITY            ,VA,24153-4524,Proprietary  ,14,127,141,467,4251,4718
00372700,NORTHERN VA CMTY CLG                    ,VA,22003-3743,Public       ,264,803,1067,19711,25710,45421
00372800,OLD DOMINION UNIVERSITY                 ,VA,23529-0052,Public       ,75,293,368,20452,17702,38154
00373200,RADFORD UNIVERSITY                      ,VA,24142-6905,Public       ,25,20,45,11451,2957,14408
00373300,RANDOLPH-MACON COLLEGE                  ,VA,23005-5505,Private      ,3,2,5,2740,223,2963
00373400,RANDOLPH COLLEGE                        ,VA,24503-1526,Private      ,1,7,8,1195,273,1468
00373500,VIRGINIA COMMONWEALTH UNIVERSITY        ,VA,23284-9004,Public       ,78,140,218,26652,15949,42601
00373600,ROANOKE COLLEGE                         ,VA,24153-3794,Private      ,1,4,5,3682,368,4050
00373700,SHENANDOAH UNIVERSITY                   ,VA,22601-5195,Private      ,2,22,24,3272,2465,5737
00373800,SOUTHERN VIRGINIA UNIVERSITY            ,VA,24416-3038,Private      ,9,11,20,1144,376,1520
00374200,SWEET BRIAR COLLEGE                     ,VA,24595-9998,Private      ,0,0,0,1026,101,1127
00374300,UNION PRESBYTERIAN SEMINARY             ,VA,23227-0000,Private      ,0,1,1,3,96,99
00374400,UNIVERSITY OF RICHMOND                  ,VA,23173-0001,Private      ,6,21,27,6891,2913,9804
00374500,UNIVERSITY OF VIRGINIA - SFS            ,VA,22903-0000,Public       ,22,48,70,23081,8919,32000
00374600,UNIVERSITY OF MARY WASHINGTON           ,VA,22401-5358,Public       ,7,14,21,5915,1686,7601
00374700,UNIV OF VIRGINIA'S COLLEGE AT WISE      ,VA,24293-4412,Public       ,4,13,17,1900,655,2555
00374800,EASTERN SHORE COMMUNITY COLLEGE         ,VA,23410-3001,Public       ,2,14,16,374,656,1030
00374900,GEORGE MASON UNIVERSITY                 ,VA,22030-4444,Public       ,51,147,198,26100,16649,42749
00375100,PATRICK HENRY COMMUNITY COLLEGE         ,VA,24112-5311,Public       ,5,61,66,1333,2267,3600
00375200,VIRGINIA INTERMONT COLLEGE              ,VA,24201-4298,Private      ,0,0,0,236,97,333
00375300,VIRGINIA MILITARY INSTITUTE             ,VA,24450-2138,Public       ,4,0,4,2369,117,2486
00375400,VIRGINIA POLYTECH INST & STATE UNIV     ,VA,24061-2000,Public       ,145,64,209,28402,5694,34096
00375800,DANVILLE COMMUNITY COLLEGE              ,VA,24541-4004,Public       ,33,88,121,1641,2783,4424
00375900,J. SARGEANT REYNOLDS COMMUNITY CLG      ,VA,23285-0000,Public       ,50,317,367,6013,13481,19494
00376000,VIRGINIA WESTERN CMTY COLLEGE           ,VA,24038-0000,Public       ,28,111,139,3646,5012,8658
00376100,WYTHEVILLE COMMUNITY COLLEGE            ,VA,24382-3308,Public       ,42,56,98,1430,1897,3327
00376200,VIRGINIA UNIVERSITY OF LYNCHBURG        ,VA,24501-6400,Private      ,121,34,155,424,650,1074
00376400,VIRGINIA STATE UNIVERSITY               ,VA,23806-0001,Public       ,21,42,63,9340,3747,13087
00376500,NORFOLK STATE UNIVERSITY                ,VA,23504-8000,Public       ,28,81,109,7839,7585,15424
00376600,VIRGINIA UNION UNIVERSITY               ,VA,23220-1711,Private      ,19,17,36,4643,1957,6600
00376700,VIRGINIA WESLEYAN COLLEGE               ,VA,23502-5599,Private      ,11,13,24,2649,1056,3705
00376800,WASHINGTON & LEE UNIVERSITY             ,VA,24450-0303,Private      ,0,2,2,3322,1029,4351
00400400,JOHN TYLER COMMUNITY COLLEGE            ,VA,23831-5316,Public       ,47,196,243,4488,7234,11722
00450301,EVEREST COLLEGE -  MCLEAN               ,VA,22182-2214,Proprietary  ,1,3,4,53,282,335
00498800,CENTRAL VIRGINIA COMMUNITY COLLEGE      ,VA,24502-2498,Public       ,26,65,91,1946,2723,4669
00499200,MILLER-MOTTE TECHNICAL COLLEGE          ,VA,24505-0000,Proprietary  ,7,49,56,345,1299,1644
00499600,DABNEY S LANCASTER COMMUNITY CLG        ,VA,24422-1000,Public       ,12,16,28,530,603,1133
00522300,NEW RIVER COMMUNITY COLLEGE             ,VA,24084-1127,Public       ,9,29,38,1737,2581,4318
00662200,COLLEGE OF HEALTH SCIENCES - CHRV       ,VA,24031-0000,Private      ,2,9,11,740,1223,1963
00681900,BLUE RIDGE COMMUNITY COLLEGE            ,VA,24486-0080,Public       ,16,81,97,2421,2878,5299
00687100,THOMAS NELSON COMMUNITY COLLEGE         ,VA,23670-0000,Public       ,56,309,365,4591,10807,15398
00709900,VIRGINIA HIGHLANDS COMMUNITY CLG        ,VA,24210-4210,Public       ,5,22,27,1211,1711,2922
00726000,SOUTHWEST VIRGINIA COMMUNITY CLG        ,VA,24641-0000,Public       ,6,34,40,1302,1989,3291
00865900,LORD FAIRFAX COMMUNITY COLLEGE          ,VA,22645-0047,Public       ,34,87,121,2559,3482,6041
00866000,GERMANNA COMMUNITY COLLEGE              ,VA,22508-0339,Public       ,45,123,168,3331,4758,8089
00866100,SOUTHSIDE VIRGINIA CMTY CLG             ,VA,23821-2930,Public       ,34,156,190,1781,3335,5116
00915900,PAUL D CAMP COMMUNITY COLLEGE           ,VA,23851-0737,Public       ,8,54,62,535,1409,1944
00916000,RAPPAHANNOCK COMMUNITY COLLEGE          ,VA,23149-2616,Public       ,11,56,67,1043,1720,2763
00926700,EVEREST COLLEGE                         ,VA,23606-4203,Proprietary  ,4,36,40,141,942,1083
00926701,EVEREST COLLEGE - CHESAPEAKE            ,VA,23320-2637,Proprietary  ,8,75,83,205,1200,1405
00942000,SANFORD-BROWN COLLEGE                   ,VA,22102-4301,Proprietary  ,0,1,1,16,112,128
00953500,STAUNTON SCHOOL OF COSMETOLOGY          ,VA,24401-4323,Proprietary  ,0,1,1,21,73,94
00953700,VIRGINIA SCH OF HAIR DESIGN             ,VA,23669-0000,Proprietary  ,4,4,8,55,198,253
00962900,MOUNTAIN EMPIRE COMMUNITY COLLEGE       ,VA,24219-0700,Public       ,3,29,32,1154,1810,2964
00992800,PIEDMONT VIRGINIA COMMUNITY COLLEGE     ,VA,22902-7589,Public       ,30,104,134,1958,3363,5321
01004300,BON SECOURS MEMORIAL COLLEGE OF NURSING ,VA,23227-4612,Private      ,1,21,22,353,1005,1358
01019800,ECPI UNIVERSITY                         ,VA,23462-6542,Proprietary  ,44,383,427,1233,7244,8477
01019802,ECPI UNIVERSITY - NEWPORT NEWS          ,VA,23606-4298,Proprietary  ,19,84,103,470,2212,2682
01019807,ECPI UNIVERSITY - MANASSAS              ,VA,20109-2665,Proprietary  ,22,35,57,312,1045,1357
01019813,ECPI UNIVERSITY - CULINARY INSTITUTE OF ,VA,23513-2448,Proprietary  ,2,11,13,222,484,706
01019814,ECPI UNIVERSITY - VIRGINIA BEACH HEALTH ,VA,23462-6540,Proprietary  ,2,20,22,170,976,1146
01019815,ECPI UNIVERSITY - RICHMOND SOUTH        ,VA,23236-3659,Proprietary  ,7,48,55,374,1119,1493
01019816,ECPI UNIVERSITY - INNSBROOK             ,VA,23060-3359,Proprietary  ,6,27,33,160,472,632
01019817,ECPI UNIVERSITY - RICHMOND WEST         ,VA,23294-3730,Proprietary  ,6,23,29,227,799,1026
01033800,EASTERN VIRGINIA MEDICAL SCHOOL         ,VA,23501-1980,Public       ,0,9,9,121,2030,2151
01159600,SYLVAIN MELLOUL INTERNATIONAL HAIR ACADE,VA,24502-2652,Proprietary  ,3,8,11,67,187,254
01162601,WESTWOOD COLLEGE - SOUTH BAY - ARLINGTON,VA,22203-4167,Proprietary  ,10,42,52,243,765,1008
01162602,WESTWOOD COLLEGE - SOUTH BAY - ANNANDALE,VA,22003-2602,Proprietary  ,4,37,41,142,613,755
01274400,SOUTHSIDE REGIONAL MED CTR PROF SCHOOLS ,VA,23803-5133,Proprietary  ,1,7,8,116,354,470
02053000,LIBERTY UNIVERSITY                      ,VA,24502-0000,Private      ,257,4115,4372,23416,100068,123484
02108800,WARDS CORNER BEAUTY ACADEMY             ,VA,23505-0000,Proprietary  ,1,20,21,90,411,501
02111600,DANVILLE REGIONAL MEDICAL CENTER SCHOOL ,VA,24541-0000,Proprietary  ,1,3,4,41,119,160
02128700,CENTRAL SCHOOL OF PRACTICAL NURSING     ,VA,23502-2230,Public       ,1,4,5,102,394,496
02140000,RIVERSIDE SCHOOL OF HEALTH CAREERS      ,VA,23608-3802,Private      ,6,20,26,211,776,987
02149901,PAUL MITCHELL THE SCHOOL-JACKSONVILLE - ,VA,22102-0000,Proprietary  ,2,14,16,102,227,329
02149902,PAUL MITCHELL THE SCHOOL-JACKSONVILLE - ,VA,22192-0000,Proprietary  ,0,10,10,111,249,360
02175800,LYNCHBURG GENERAL HOSP SCH OF NURSG     ,VA,24501-0000,Private      ,1,6,7,116,317,433
02197600,WOODROW WILSON REHABILITATION CTR       ,VA,22939-0000,Public       ,0,2,2,55,42,97
02242400,HENRICO CTY ST MARYS HOSP PRAC NRSG     ,VA,23075-0000,Public       ,0,1,1,15,80,95
02320900,TIDEWATER TECH                          ,VA,23502-1747,Proprietary  ,15,92,107,312,1360,1672
02334400,CENTURA COLLEGE                         ,VA,23452-0000,Proprietary  ,24,122,146,385,2170,2555
02342700,FORTIS COLLEGE                          ,VA,23502-4101,Proprietary  ,6,36,42,264,1188,1452
02342701,FORTIS COLLEGE - RICHMOND CAMPUS        ,VA,23230-0000,Proprietary  ,14,58,72,314,1122,1436
02358500,BON SECOURS SAINT MARY'S HOSPITAL SCHOOL,VA,23227-4612,Private      ,1,6,7,139,413,552
02538800,SUFFOLK BEAUTY ACADEMY                  ,VA,23434-0000,Proprietary  ,0,6,6,35,114,149
02541200,STRATFORD UNIVERSITY                    ,VA,22043-0000,Proprietary  ,11,163,174,692,3711,4403
02541201,STRATFORD UNIVERSITY-WOODBRIDGE         ,VA,22192-0000,Proprietary  ,0,0,0,195,889,1084
02541204,STRATFORD UNIVERSITY - GLEN ALLEN CAMPUS,VA,23060-5937,Proprietary  ,0,0,0,4,22,26
02588900,MEDTECH INSTITUTE                       ,VA,22042-3013,Proprietary  ,35,177,212,536,2003,2539
02610100,WASHINGTON COUNTY ADULT SKILL CTR       ,VA,24210-2346,Public       ,5,7,12,77,194,271
02617508,EVEREST COLLEGE - WOODBRIDGE            ,VA,22192-6808,Proprietary  ,11,65,76,263,1050,1313
03002400,GRAHAM WEBB INTERNATIONAL ACAD HAIR     ,VA,22209-2129,Proprietary  ,1,5,6,58,195,253
03010700,BAR PALMA BEAUTY CAREERS  ACADEMY       ,VA,24014-2255,Proprietary  ,6,7,13,42,141,183
03042800,"VIRGINIA BEACH CITY SCHOOLS, SCH.-PR.NSG",VA,23456-0038,Public       ,1,4,5,63,243,306
03091300,REGENT UNIVERSITY                       ,VA,23464-9800,Private      ,12,290,302,1895,8171,10066
03092700,SKYLINE COLLEGE                         ,VA,24012-1603,Proprietary  ,3,13,16,98,465,563
03096500,SPRINGFIELD BEAUTY ACADEMY              ,VA,22003-3016,Proprietary  ,1,3,4,15,106,121
03106500,SENTARA COLLEGE OF HEALTH SCIENCES      ,VA,23320-2843,Private      ,1,11,12,212,1017,1229
03116900,BAPTIST THEOLOGICAL SEM.-RICHMOND       ,VA,23227-0000,Private      ,0,3,3,15,175,190
03126300,AVIATION INSTITUTE OF MAINTENANCE       ,VA,23320-5987,Proprietary  ,4,37,41,108,516,624
03126400,CENTURA COLLEGE                         ,VA,23235-5230,Proprietary  ,18,49,67,184,1016,1200
03127500,ADVANCED TECHNOLOGY INSTITUTE           ,VA,23462-2409,Proprietary  ,9,29,38,594,939,1533
03280400,VIRGINIA SCHOOL OF MASSAGE              ,VA,22903-0000,Proprietary  ,4,8,12,60,189,249
03409500,CHESTER CAREER COLLEGE                  ,VA,23836-2516,Proprietary  ,1,24,25,136,567,703
03455300,CRESCENT COSMETOLOGY UNIVERSITY         ,VA,23666-3115,Proprietary  ,0,2,2,10,54,64
03559300,APPALACHIAN SCHOOL OF LAW               ,VA,24614-0000,Private      ,0,0,0,15,337,352
03645400,RUDY & KELLY ACADEMY OF HAIR AND NA     ,VA,23464-6857,Proprietary  ,0,12,12,170,393,563
03654300,CAREER TRAINING SOLUTIONS               ,VA,22406-1014,Proprietary  ,9,38,47,159,882,1041
03709300,EDWARD VIA VIRGINIA CLG OSTEOPATHIC MED ,VA,24060-6360,Private      ,0,1,1,14,892,906
03862600,VIRGINIA BAPTIST COLLEGE                ,VA,22407-0000,Private      ,0,2,2,42,118,160
03872400,INSTITUTE FOR THE PSYCHOLOGICAL SCIENCES,VA,22202-3609,Private      ,2,5,7,26,186,212
03876300,CULPEPER COSMETOLOGY TRAINING CENTER    ,VA,22701-3155,Public       ,0,1,1,25,68,93
03883400,AVIATION INSTITUTE OF MAINTENANCE       ,VA,20110-4156,Proprietary  ,6,18,24,91,278,369
03966300,CENTRAL BAPTIST THEOLOGICAL SEMINARY OF ,VA,23464-6847,Private      ,0,2,2,0,7,7
04038400,AVI CAREER INSTITUTE                    ,VA,22066-1839,Proprietary  ,0,8,8,15,124,139
04110300,UNIVERSITY OF MANAGEMENT AND TECHNOLOGY ,VA,22209-1609,Proprietary  ,1,26,27,30,603,633
04124000,DOMINION SCHOOL OF HAIR DESIGN          ,VA,23062-2221,Proprietary  ,0,2,2,24,41,65
04127300,COLUMBIA COLLEGE                        ,VA,22031-4413,Proprietary  ,2,74,76,92,1005,1097
04133400,CENTURA COLLEGE                         ,VA,22312-2670,Proprietary  ,0,0,0,20,76,96
04137300,CAYCE/REILLY SCHOOL OF MASSOTHERAPY     ,VA,23451-2061,Private      ,1,6,7,20,128,148
04140000,GLOBAL HEALTH NURSE TRAINING SERVICES   ,VA,22314-4585,Proprietary  ,0,22,22,63,766,829
04153800,BETHEL COLLEGE                          ,VA,23666-3122,Private      ,0,4,4,43,162,205
04156200,INSTITUTE OF ADVANCED MEDICAL ESTHETICS ,VA,23294-4701,Proprietary  ,4,4,8,34,158,192
04169400,NORTHERN VIRGINIA SCHOOL OF THERAPEUTIC ,VA,22046-4302,Proprietary  ,3,7,10,45,166,211
04171500,COSMOPOLITAN BEAUTY & TECH SCHOOL       ,VA,22003-3204,Proprietary  ,0,30,30,20,254,274
04179900,TOMORROW'S IMAGE BARBER ACADEMY OF VIRGI,VA,23602-5532,Proprietary  ,0,5,5,16,114,130
04180600,APPALACHIAN COLLEGE OF PHARMACY         ,VA,24631-9210,Private      ,0,1,1,26,317,343
04214700,LUCKES BEAUTY ACADEMY                   ,VA,23601-1303,Proprietary  ,1,5,6,18,76,94
04218600,VIRGINIA TECH CARILION SCHOOL OF MEDICIN,VA,24016-4950,Private      ,0,2,2,218,449,667
04219000,IGLOBAL UNIVERSITY                      ,VA,22003-2400,Proprietary  ,1,0,1,6,37,43
04220100,NATIONAL PERSONAL TRAINING INSTITUTE    ,VA,22182-2412,Proprietary  ,1,2,3,17,86,103
04220400,CHRYSM INSTITUTE OF ESTHETICS (THE)     ,VA,23462-3650,Proprietary  ,1,5,6,31,218,249
04221000,"STANDARD HEALTHCARE SERVICES, COLLEGE OF",VA,22046-4612,Proprietary  ,0,8,8,23,382,405
04235400,SAINT MICHAEL COLLEGE OF ALLIED HEALTH  ,VA,22309-2348,Proprietary  ,1,15,16,3,58,61
04238700,DERMAL SCIENCE INTERNATIONAL AESTHETICS ,VA,20190-5226,Proprietary  ,1,8,9,2,25,27
04241500,WAVE LEADERSHIP COLLEGE                 ,VA,23454-2140,Private      ,5,5,10,8,9,17
00107000,THUNDERBIRD SCHOOL OF GLOBAL MANAGEMENT ,AZ,85306-6000,Private      ,0,0,0,30,537,567
00107100,ARIZONA WESTERN COLLEGE                 ,AZ,85366-0000,Public       ,100,130,230,5116,5243,10359
00107200,COCHISE COLLEGE                         ,AZ,85607-6190,Public       ,21,98,119,1790,3237,5027
00107300,EASTERN ARIZONA COLLEGE                 ,AZ,85552-0769,Public       ,21,25,46,1673,1675,3348
00107400,GRAND CANYON UNIVERSITY                 ,AZ,85017-3030,Proprietary  ,281,5834,6115,19395,84295,103690
00107600,GLENDALE COMMUNITY COLLEGE              ,AZ,85302-3090,Public       ,105,289,394,12179,16014,28193
00107700,MESA COMMUNITY COLLEGE                  ,AZ,85202-4866,Public       ,116,379,495,11961,19130,31091
00107800,PHOENIX COLLEGE                         ,AZ,85013-4234,Public       ,95,298,393,7340,14904,22244
00107900,YAVAPAI COLLEGE                         ,AZ,86301-3297,Public       ,34,116,150,2257,4756,7013
00108100,ARIZONA STATE UNIV (ALL CAMPUSES)       ,AZ,85287-0412,Public       ,341,1236,1577,63357,56224,119581
00108200,NORTHERN ARIZONA UNIVERSITY             ,AZ,86011-0001,Public       ,227,338,565,33303,16762,50065
00108300,UNIVERSITY OF ARIZONA                   ,AZ,85721-0066,Public       ,359,253,612,37674,18778,56452
00165701,MIDWESTERN UNIVERSITY                   ,AZ,85308-0000,Private      ,2,17,19,258,4411,4669
00446700,TUCSON COLLEGE                          ,AZ,85711-3781,Proprietary  ,15,49,64,346,765,1111
00711300,ARIZONA CHRISTIAN UNIVERSITY            ,AZ,85032-7097,Private      ,7,19,26,1429,896,2325
00726600,PIMA COUNTY COMMUNITY COLLEGE           ,AZ,85709-1110,Public       ,112,364,476,11081,17416,28497
00728300,CENTRAL ARIZONA COLLEGE                 ,AZ,85228-9779,Public       ,43,134,177,3244,5145,8389
00732911,ITT TECHNICAL INSTITUTE                 ,AZ,85282-9272,Proprietary  ,19,173,192,681,3300,3981
00732990,ITT TECHNICAL INSTITUTE                 ,AZ,85704-5829,Proprietary  ,72,307,379,909,3203,4112
00822100,UNIVERSAL TECHNICAL INSTITUTE           ,AZ,85323-7946,Proprietary  ,252,407,659,10684,9660,20344
00824600,DINÉ COLLEGE                            ,AZ,86556-0126,Public       ,10,34,44,814,1430,2244
00830300,GATEWAY COMMUNITY COLLEGE               ,AZ,85034-1795,Public       ,104,191,295,4030,9561,13591
00830302,MARICOPA SKILL CENTER                   ,AZ,85034-0000,Public       ,9,44,53,483,1673,2156
00830400,SCOTTSDALE COMMUNITY COLLEGE            ,AZ,85250-0000,Public       ,27,107,134,4626,5666,10292
00886400,ARIZONA ACADEMY OF BEAUTY               ,AZ,85712-5021,Proprietary  ,2,10,12,101,216,317
01085800,AVALON SCHOOL OF COSMETOLOGY            ,AZ,85210-4010,Proprietary  ,37,62,99,661,1135,1796
01168900,REFRIGERATION SCHOOL                    ,AZ,85034-0000,Proprietary  ,25,159,184,250,1317,1567
01180200,ARIZONA ACADEMY OF BEAUTY-NORTH         ,AZ,85705-2720,Proprietary  ,0,8,8,48,132,180
01186200,NORTHLAND PIONEER COLLEGE               ,AZ,86025-0610,Public       ,16,38,54,696,1993,2689
01186400,MOHAVE COMMUNITY COLLEGE                ,AZ,86409-1238,Public       ,29,93,122,1534,4220,5754
01218400,INTERNATIONAL ACADEMY OF HAIR DESIGN    ,AZ,85282-6730,Proprietary  ,2,9,11,96,255,351
02065300,PRESCOTT COLLEGE                        ,AZ,86301-0000,Private      ,3,16,19,616,1112,1728
02071200,KAPLAN COLLEGE                          ,AZ,85029-4349,Proprietary  ,0,0,0,139,935,1074
02098800,UNIVERSITY OF PHOENIX                   ,AZ,85040-0000,Proprietary  ,1025,19857,20882,18384,335302,353686
02100500,UNIVERSAL TECHNICAL INSTITUTE           ,AZ,85027-0000,Proprietary  ,212,374,586,7744,10639,18383
02100600,CARRINGTON COLLEGE                      ,AZ,85015-4096,Proprietary  ,49,219,268,2041,5824,7865
02100608,CARRINGTON COLLEGE - WESTSIDE           ,AZ,85017-1705,Proprietary  ,4,16,20,11,50,61
02100611,CARRINGTON COLLEGE - MESA               ,AZ,85210-5005,Proprietary  ,9,19,28,21,54,75
02113800,ROBERTO-VENN SCH OF LUTHIERY            ,AZ,85040-0000,Proprietary  ,2,0,2,49,71,120
02146600,SOUTH MOUNTAIN COMMUNITY COLLEGE        ,AZ,85040-0000,Public       ,49,97,146,2987,5159,8146
02160305,COLLINS COLLEGE                         ,AZ,85040-4000,Proprietary  ,2,2,4,137,401,538
02160306,INTERNATIONAL ACADEMY OF DESIGN AND TECH,AZ,85281-6705,Proprietary  ,1,7,8,45,100,145
02171500,WESTERN INTERNATIONAL UNIVERSITY        ,AZ,85021-0000,Proprietary  ,2,106,108,112,1666,1778
02177500,RIO SALADO COMMUNITY COLLEGE            ,AZ,85281-6948,Public       ,62,656,718,3247,18272,21519
02199900,AMERICAN INDIAN CLG-ASSEMBLIES GOD      ,AZ,85021-0000,Private      ,0,5,5,75,164,239
02217100,PIMA MEDICAL INSTITUTE                  ,AZ,85716-0000,Proprietary  ,206,514,720,4213,10806,15019
02218800,BROOKLINE COLLEGE                       ,AZ,85021-5815,Proprietary  ,27,199,226,523,2906,3429
02218804,BROOKLINE COLLEGE - MESA                ,AZ,85204-4448,Proprietary  ,9,45,54,204,986,1190
02218805,BROOKLINE COLLEGE - TUCSON              ,AZ,85711-5444,Proprietary  ,12,80,92,283,1134,1417
02263100,ANTHEM COLLEGE                          ,AZ,85014-4973,Proprietary  ,2,13,15,507,2074,2581
02280500,CHARLES OF ITALY BEAUTY COLLEGE         ,AZ,86403-0000,Proprietary  ,5,5,10,45,121,166
02295000,EVEREST COLLEGE                         ,AZ,85021-1610,Proprietary  ,23,213,236,922,7494,8416
02295002,EVEREST COLLEGE - MESA                  ,AZ,85206-4704,Proprietary  ,0,25,25,231,1323,1554
02306807,ARIZONA AUTOMOTIVE INSTITUTE            ,AZ,85301-3503,Proprietary  ,61,198,259,634,1912,2546
02317800,AMERICAN INSTITUTE OF TECHNOLOGY        ,AZ,85043-0000,Proprietary  ,10,148,158,253,1750,2003
02491500,SOUTHWEST UNIVERSITY OF VISUAL ARTS     ,AZ,85716-0000,Proprietary  ,1,6,7,217,396,613
02533200,FRANK LLOYD WRIGHT SCHOOL OF ARCHITECTUR,AZ,85261-4430,Private      ,1,2,3,25,67,92
02559000,UNIVERSITY OF ADVANCING TECHNOLOGY      ,AZ,85283-0000,Proprietary  ,9,23,32,1006,900,1906
02561900,BRILLARE HAIRDRESSING ACADEMY           ,AZ,85254-3301,Proprietary  ,0,0,0,33,64,97
02582700,CORTIVA INSTITUTE - TUCSON              ,AZ,85710-3503,Proprietary  ,10,27,37,123,392,515
02616700,LE CORDON BLEU COLLEGE OF CULINARY ARTS ,AZ,85251-2729,Proprietary  ,23,147,170,1033,4105,5138
02623600,PARADISE VALLEY COMMUNITY COLLEGE       ,AZ,85032-1210,Public       ,38,128,166,4024,5841,9865
02623800,CORTIVA INSTITUTE - SCOTTSDALE          ,AZ,85257-4218,Proprietary  ,1,6,7,29,169,198
03005000,SAFFORD COLLEGE OF BEAUTY CULTURE       ,AZ,85546-3309,Proprietary  ,1,10,11,14,60,74
03010613,VIRGINIA COLLEGE - GOLF ACADEMY OF AMERI,AZ,85225-3412,Proprietary  ,1,1,2,31,97,128
03030604,UTAH COLLEGE OF MASSAGE THERAPY - ARIZON,AZ,85282-0000,Proprietary  ,8,17,25,133,316,449
03030605,UTAH COLLEGE OF MASSAGE THERAPY - ARIZON,AZ,85051-3470,Proprietary  ,9,16,25,181,472,653
03034400,CONSERVATORY RECORDING ARTS & SCIS      ,AZ,85282-1707,Proprietary  ,21,19,40,759,797,1556
03072200,CHANDLER-GILBERT COMMUNITY COLLEGE      ,AZ,85225-2499,Public       ,73,154,227,6286,7493,13779
03076400,BRYMAN SCHOOL OF ARIZONA (THE)          ,AZ,85029-4919,Proprietary  ,0,7,7,176,680,856
03097800,CARSTEN INSTITUTE OF HAIR & BEAUTY      ,AZ,85282-5404,Proprietary  ,4,13,17,122,312,434
03100400,COCONINO COUNTY COMMUNITY COLLEGE       ,AZ,86001-0000,Public       ,17,40,57,2102,2462,4564
03107000,SOUTHWEST CLG OF NATUROPATHIC MED       ,AZ,85282-0000,Private      ,1,10,11,25,688,713
03115000,ARIZONA COLLEGE OF ALLIED HEALTH        ,AZ,85302-3843,Proprietary  ,33,134,167,515,1842,2357
03120300,COLLEGE AMERICA                         ,AZ,86004-3936,Proprietary  ,56,171,227,536,1911,2447
03156300,ESTRELLA MOUNTAIN COMMUNITY COLLEGE     ,AZ,85392-1010,Public       ,77,177,254,5615,8227,13842
03347300,INTERNATIONAL BAPTIST COLLEGE           ,AZ,85282-6799,Private      ,0,1,1,62,39,101
03445300,HDS TRUCK DRIVING INSTITUTE             ,AZ,85731-0000,Proprietary  ,1,33,34,36,312,348
03478400,PHOENIX SEMINARY                        ,AZ,85018-7611,Private      ,0,2,2,7,206,213
03572300,EAST VALLEY INSTITUTE OF TECHNOLOGY     ,AZ,85201-6910,Public       ,24,20,44,448,905,1353
03593300,SOUTHWEST INSTITUTE OF HEALING ARTS     ,AZ,85281-3658,Proprietary  ,2,51,53,220,2125,2345
03617500,PHOENIX INSTITUTE OF HERBAL MEDICINE & A,AZ,85012-0000,Proprietary  ,0,6,6,65,495,560
03695500,ARIZONA SCHOOL OF ACUPUNCTURE AND ORIENT,AZ,85712-1100,Proprietary  ,0,0,0,19,121,140
03784400,TOHONO O'ODHAM COMMUNITY COLLEGE        ,AZ,85634-3129,Public       ,1,2,3,89,153,242
03813300,NORTHCENTRAL UNIVERSITY                 ,AZ,86314-2336,Proprietary  ,3,822,825,89,10105,10194
03814300,TURNING POINT BEAUTY COLLEGE            ,AZ,85222-4229,Proprietary  ,1,5,6,26,102,128
04051300,ART INSTITUTE OF PHOENIX (THE)          ,AZ,85021-2859,Proprietary  ,204,898,1102,7734,24282,32016
04051306,ART INSTITUTE OF PHOENIX (THE) - ART INS,AZ,85712-2732,Proprietary  ,7,25,32,552,666,1218
04051325,ART INSTITUTE OF PHOENIX (THE) - BROWN M,AZ,85712-5300,Proprietary  ,12,43,55,256,1051,1307
04051327,ART INSTITUTE OF PHOENIX (THE) - BROWN M,AZ,85029-1348,Proprietary  ,2,7,9,194,468,662
04059300,TUCSON COLLEGE OF BEAUTY                ,AZ,85705-2451,Proprietary  ,4,10,14,86,219,305
04120900,ARIZONA CULINARY INSTITUTE              ,AZ,85259-4939,Proprietary  ,1,10,11,240,410,650
04131400,ARIZONA SUMMIT LAW SCHOOL               ,AZ,85004-4418,Proprietary  ,0,19,19,85,1274,1359
04139200,UNIVERSAL BARBER COLLEGE                ,AZ,85007-3914,Proprietary  ,0,0,0,1,1,2
04148700,AMERICAN INSTITUTE OF INTERIOR DESIGN   ,AZ,85268-3827,Proprietary  ,1,1,2,24,88,112
04152900,STUDIO ACADEMY OF BEAUTY (THE)          ,AZ,85224-3600,Proprietary  ,17,28,45,188,434,622
04157400,NATIONAL PARALEGAL COLLEGE              ,AZ,85014-1262,Proprietary  ,3,81,84,82,1858,1940
04174100,PAUL MITCHELL THE SCHOOL PHOENIX        ,AZ,85017-1919,Proprietary  ,7,17,24,219,526,745
04174200,ALL BEAUTY COLLEGE                      ,AZ,86426-8326,Proprietary  ,3,8,11,66,206,272
04175300,PENROSE ACADEMY                         ,AZ,85254-4065,Proprietary  ,8,23,31,127,226,353
04177500,PURE AESTHETICS                         ,AZ,85711-2328,Proprietary  ,4,8,12,44,164,208
04191200,CLASSIC COOKING ACADEMY                 ,AZ,85255-8699,Private      ,0,0,0,4,7,11
04194500,AVEDA INSTITUTE TUCSON                  ,AZ,85719-4876,Proprietary  ,6,14,20,244,418,662
04194501,AVEDA INSTITUTE TUCSON - PHOENIX        ,AZ,85284-1064,Proprietary  ,5,12,17,28,54,82
04217600,SESSIONS COLLEGE FOR PROFESSIONAL DESIGN,AZ,85281-2840,Proprietary  ,1,13,14,36,207,243
04233100,ARIZONA SCHOOL OF INTEGRATIVE STUDIES   ,AZ,86324-3106,Proprietary  ,0,4,4,16,68,84
04233101,ARIZONA SCHOOL OF INTEGRATIVE STUDIES - ,AZ,86001-5510,Proprietary  ,0,1,1,12,70,82
04233102,ARIZONA SCHOOL OF INTEGRATIVE STUDIES - ,AZ,86303-4711,Proprietary  ,0,2,2,17,93,110
04233103,ARIZONA SCHOOL OF INTEGRATIVE STUDIES - ,AZ,85705-8330,Proprietary  ,4,5,9,32,113,145
04246400,AVENTIS COLLEGE                         ,AZ,85282-1118,Proprietary  ,0,0,0,0,1,1
00142800,DELAWARE STATE UNIVERSITY               ,DE,19901-2277,Public       ,35,30,65,8463,2803,11266
00142900,GOLDEY BEACOM COLLEGE                   ,DE,19808-1993,Private      ,3,15,18,689,637,1326
00143100,UNIVERSITY OF DELAWARE                  ,DE,19716-0099,Public       ,63,58,121,27826,3644,31470
00143300,WESLEY COLLEGE                          ,DE,19901-3875,Private      ,12,12,24,2630,905,3535
00143301,WESLEY COLLEGE-CTR FOR ADULT STUDIE     ,DE,19720-0000,Private      ,0,0,0,1,0,1
00331301,WIDENER UNIV SCHOOL OF LAW - DE         ,DE,19803-0000,Private      ,0,4,4,81,1186,1267
00705300,DELAWARE TECHNICAL COMMUNITY COLLEGE - O,DE,19947-0000,Public       ,53,74,127,2742,3831,6573
00794800,WILMINGTON UNIVERSITY                   ,DE,19720-6491,Private      ,36,293,329,3608,12044,15652
01172700,DELAWARE TECHNICAL COMMUNITY COLLEGE    ,DE,19901-8736,Public       ,18,106,124,2411,3414,5825
02125200,BEEBE SCHOOL OF NURSING                 ,DE,19958-1462,Private      ,1,2,3,65,133,198
02144900,DELAWARE TECHNICAL  COMMUNITY COLLEGE   ,DE,19801-2412,Public       ,36,102,138,4406,5739,10145
02190400,SCHILLING DOUGLAS SCH OF HAIR DSGN      ,DE,19711-0000,Proprietary  ,6,5,11,99,119,218
02586902,STAR TECHNICAL INSTITUTE -              ,DE,19901-4615,Proprietary  ,0,5,5,29,110,139
03025800,DAWN TRAINING CENTRE                    ,DE,19805-1511,Proprietary  ,8,48,56,148,814,962
03543300,HARRIS SCHOOL OF BUSINESS               ,DE,19803-5341,Proprietary  ,19,80,99,191,702,893
03702300,DELAWARE LEARNING INSTITUTE OF COSMETOLO,DE,19939-9759,Proprietary  ,1,1,2,64,96,160
04130700,ACADEMY OF MASSAGE AND BODYWORK         ,DE,19701-1321,Proprietary  ,3,7,10,25,102,127
04139800,DELAWARE COLLEGE OF ART & DESIGN        ,DE,19801-3007,Private      ,3,2,5,420,200,620
04171100,PAUL MITCHELL THE SCHOOL-DELAWARE       ,DE,19702-5108,Proprietary  ,4,9,13,118,158,276
        ,FEDERAL STUDENT AID USE ONLY            ,DC,20202-0000,,0,0,0,0,2,2
00143400,AMERICAN UNIVERSITY                     ,DC,20016-8020,Private      ,13,52,65,13816,10070,23886
00143700,CATHOLIC UNIVERSITY OF AMERICA          ,DC,20064-0002,Private      ,10,35,45,5742,2869,8611
00143711,"CATHOLIC UNIV AMERICA, LAW SCHOOL       ",DC,20064-0000,Private      ,0,5,5,86,1112,1198
00144100,UNIV OF THE DISTRICT OF COLUMBIA        ,DC,20008-0000,Public       ,21,107,128,3057,7764,10821
00144102,UNIV OF THE DIST OF COLU -SCHOOL OF LAW ,DC,20008-1173,Public       ,2,12,14,63,858,921
00144300,GALLAUDET UNIVERSITY                    ,DC,20002-3695,Private      ,6,14,20,1004,1292,2296
00144400,GEORGE WASHINGTON UNIVERSITY            ,DC,20052-2353,Private      ,17,233,250,14821,12878,27699
00144402,GEORGE WASHINGTON UNIV LAW SCHL         ,DC,20052-0000,Private      ,0,5,5,92,3875,3967
00144403,GEORGE WASHINGTON UNIV SCH MED          ,DC,20052-0000,Private      ,1,14,15,130,1815,1945
00144437,GEORGE WASHINGTON UNIVERSITY            ,DC,20006-4804,Private      ,0,0,0,375,468,843
00144500,GEORGETOWN UNIVERSITY                   ,DC,20057-1252,Private      ,15,62,77,13084,5407,18491
00144501,"GEORGETOWN UNIV, SCH OF MEDICINE        ",DC,20007-0000,Private      ,0,6,6,114,1420,1534
00144502,GEORGETOWN UNIVERSITY - GRADUATE SCHOOL ,DC,20057-0004,Private      ,0,54,54,79,4905,4984
00144503,GEORGETOWN UNIV LAW CENTER              ,DC,20001-0000,Private      ,0,10,10,63,5111,5174
00144800,HOWARD UNIVERSITY                       ,DC,20059-0001,Private      ,30,66,96,15676,9635,25311
00145900,STRAYER UNIVERSITY                      ,DC,20005-2603,Proprietary  ,29,883,912,2144,51422,53566
00146000,TRINITY UNIVERSITY                      ,DC,20017-1004,Private      ,4,35,39,1485,3000,4485
00146400,WESLEY THEOLOGICAL SEMINARY             ,DC,20016-0000,Private      ,0,8,8,4,394,398
00207701,JOHNS HOPKINS UNIV SCH ADV INTL STU     ,DC,20036-0000,Private      ,0,12,12,99,1669,1768
01006500,WASHINGTON THEOLOGICAL UNION            ,DC,20012-0000,Private      ,0,0,0,2,13,15
01280300,DOMINICAN HOUSE OF STUDIES              ,DC,20017-1584,Private      ,0,1,1,3,35,38
02132800,NAT'L CONSERVATORY DRAMATIC ARTS        ,DC,20007-2758,Private      ,1,2,3,28,68,96
03104300,CAREER BLAZERS LEARNING CENTER OF WASHIN,DC,20037-1881,Proprietary  ,5,59,64,100,1153,1253
03218300,POTOMAC COLLEGE                         ,DC,20016-1860,Proprietary  ,2,9,11,69,416,485
03409600,BENNETT CAREER INSTITUTE                ,DC,20017-1754,Proprietary  ,3,25,28,141,495,636
03750300,TECHNICAL LEARNING CENTERS              ,DC,20006-3749,Proprietary  ,25,87,112,200,863,1063
04114400,INSTITUTE OF WORLD POLITICS (THE)       ,DC,20036-1464,Private      ,0,4,4,10,206,216
04142700,PONTIFICAL JOHN PAUL II INSTITUTE FOR ST,DC,20064-0001,Private      ,0,1,1,4,29,33
04190000,RADIANS COLLEGE                         ,DC,20005-3542,Proprietary  ,0,28,28,87,1168,1255
04202500,GRADUATE SCHOOL                         ,DC,20024-2520,Private      ,0,6,6,7,120,127
00154100,ABRAHAM BALDWIN AGRICULTURAL CLG        ,GA,31794-0000,Public       ,41,46,87,3649,2009,5658
00154200,AGNES SCOTT COLLEGE                     ,GA,30030-3770,Private      ,6,16,22,1570,639,2209
00154300,DARTON COLLEGE                          ,GA,31707-3098,Public       ,94,200,294,4556,7604,12160
00154400,ALBANY STATE UNIVERSITY                 ,GA,31705-2796,Public       ,61,133,194,6917,5944,12861
00154500,ANDREW COLLEGE                          ,GA,39840-1395,Private      ,2,0,2,491,120,611
00154600,ARMSTRONG ATLANTIC STATE UNIVERSITY     ,GA,31419-1997,Public       ,66,130,196,7040,7197,14237
00154700,POINT UNIVERSITY                        ,GA,30344-1999,Private      ,6,14,20,1208,1258,2466
00155200,AUGUSTA STATE UNIVERSITY                ,GA,30904-2200,Public       ,0,0,0,644,618,1262
00155400,BERRY COLLEGE                           ,GA,30149-5007,Private      ,11,18,29,4066,477,4543
00155500,THOMAS UNIVERSITY                       ,GA,31792-7499,Private      ,9,37,46,575,1600,2175
00155600,BRENAU UNIVERSITY                       ,GA,30501-3668,Private      ,6,168,174,2057,4301,6358
00155700,BREWTON PARKER COLLEGE                  ,GA,30445-0000,Private      ,22,4,26,655,230,885
00155800,COLLEGE OF COASTAL GEORGIA              ,GA,31520-3644,Public       ,25,62,87,2549,2919,5468
00155900,CLARK ATLANTA UNIVERSITY                ,GA,30314-4385,Private      ,65,72,137,11316,6598,17914
00156000,COLUMBIA THEOLOGICAL SEMINARY           ,GA,30031-0000,Private      ,0,6,6,8,268,276
00156100,COLUMBUS STATE UNIVERSITY               ,GA,31907-5645,Public       ,48,218,266,7301,8135,15436
00156200,GEORGIA PERIMETER COLLEGE               ,GA,30021-0000,Public       ,237,492,729,17594,25465,43059
00156300,EMMANUEL COLLEGE                        ,GA,30639-0000,Private      ,6,2,8,1000,206,1206
00156400,EMORY UNIVERSITY                        ,GA,30322-1960,Private      ,33,99,132,13862,11223,25085
00156600,FORT VALLEY STATE UNIVERSITY            ,GA,31030-3298,Public       ,40,56,96,4198,2996,7194
00156800,INTERDENOMINATIONAL THEOLOGY CENTER     ,GA,30314-0000,Private      ,0,5,5,8,594,602
00156900,GEORGIA INSTITUTE OF TECHNOLOGY         ,GA,30332-0325,Public       ,185,76,261,23852,7550,31402
00157000,SOUTHERN POLYTECHNIC STATE UNIV         ,GA,30060-2896,Public       ,13,65,78,5979,5325,11304
00157100,GEORGIA MILITARY COLLEGE                ,GA,31061-3398,Public       ,148,268,416,6461,8510,14971
00157200,GEORGIA SOUTHERN UNIVERSITY             ,GA,30460-8065,Public       ,464,269,733,25313,9361,34674
00157300,GEORGIA SOUTHWESTERN STATE UNIV         ,GA,31709-4693,Public       ,24,139,163,3034,2654,5688
00157400,GEORGIA STATE UNIVERSITY                ,GA,30303-3010,Public       ,382,429,811,36084,31654,67738
00157500,GORDON COLLEGE                          ,GA,30204-1762,Public       ,52,46,98,4662,3130,7792
00157700,KENNESAW STATE UNIVERSITY               ,GA,30144-5591,Public       ,239,386,625,27787,18228,46015
00157800,LAGRANGE COLLEGE                        ,GA,30240-2999,Private      ,21,56,77,1522,674,2196
00157900,GEORGIA REGENTS UNIVERSITY              ,GA,30912-0004,Public       ,41,90,131,4877,7027,11904
00158000,MERCER UNIVERSITY                       ,GA,31207-0003,Private      ,33,171,204,6516,10172,16688
00158100,MIDDLE GEORGIA STATE COLLEGE            ,GA,31014-1599,Public       ,67,163,230,6457,6683,13140
00158103,MIDDLE GEORGIA STATE COLLEGE - MACON CAM,GA,31206-5145,Public       ,0,0,0,448,487,935
00158200,MOREHOUSE COLLEGE                       ,GA,30314-3773,Private      ,24,19,43,4500,1632,6132
00158500,UNIVERSITY OF NORTH GEORGIA             ,GA,30597-0001,Public       ,198,137,335,14664,6501,21165
00158600,OGLETHORPE UNIVERSITY                   ,GA,30319-2737,Private      ,15,16,31,2390,840,3230
00158700,PAINE COLLEGE                           ,GA,30901-3182,Private      ,12,18,30,1614,1028,2642
00158800,PIEDMONT COLLEGE                        ,GA,30535-5644,Private      ,14,144,158,1404,2119,3523
00158900,REINHARDT UNIVERSITY                    ,GA,30183-2981,Private      ,6,12,18,1721,809,2530
00159000,SAVANNAH STATE UNIVERSITY               ,GA,31404-5298,Public       ,84,76,160,9482,4487,13969
00159100,SHORTER UNIVERSITY                      ,GA,30165-4298,Private      ,7,52,59,2043,2612,4655
00159200,SOUTH GEORGIA STATE COLLEGE             ,GA,31533-8104,Public       ,57,54,111,2211,1763,3974
00159203,SOUTH GEORGIA STATE COLLEGE - WAYCROSS C,GA,31503-0110,Public       ,0,0,0,429,364,793
00159400,SPELMAN COLLEGE                         ,GA,30314-4399,Private      ,20,31,51,6491,1894,8385
00159600,TOCCOA FALLS COLLEGE                    ,GA,30598-0001,Private      ,1,7,8,948,315,1263
00159700,TRUETT MCCONNELL COLLEGE                ,GA,30528-1264,Private      ,3,4,7,912,304,1216
00159800,UNIVERSITY OF GEORGIA                   ,GA,30602-6114,Public       ,203,186,389,34668,13029,47697
00159900,VALDOSTA STATE UNIVERSITY               ,GA,31698-0001,Public       ,119,227,346,13679,8225,21904
00160000,WESLEYAN COLLEGE                        ,GA,31210-4407,Private      ,1,21,22,667,912,1579
00160100,UNIV OF WEST GEORGIA                    ,GA,30118-0002,Public       ,167,218,385,14972,8199,23171
00160200,GEORGIA COLLEGE & STATE UNIVERSITY      ,GA,31061-0490,Public       ,87,79,166,8526,2820,11346
00160400,YOUNG HARRIS COLLEGE                    ,GA,30582-4137,Private      ,15,4,19,1687,216,1903
00348400,COVENANT COLLEGE                        ,GA,30750-4164,Private      ,4,4,8,1434,170,1604
00395600,DALTON STATE COLLEGE                    ,GA,30720-3797,Public       ,29,67,96,4620,3791,8411
00402400,GEORGIA NORTHWESTERN TECHNICAL COLLEGE  ,GA,30161-6757,Public       ,74,244,318,3251,7246,10497
00411700,GRADY HEALTH SYSTEM                     ,GA,30303-3050,Public       ,3,9,12,206,1075,1281
00489808,MCCANN SCHOOL OF BUSINESS & TECHNOLOGY -,GA,31210-0246,Proprietary  ,1,6,7,52,196,248
00525400,LANIER TECHNICAL COLLEGE                ,GA,30566-3499,Public       ,43,139,182,2152,4501,6653
00525500,MOULTRIE TECHNICAL COLLEGE              ,GA,31768-0000,Public       ,36,122,158,718,2354,3072
00525600,WIREGRASS GEORGIA TECHNICAL COLLEGE     ,GA,31602-0929,Public       ,52,274,326,2018,5460,7478
00551100,COASTAL PINES TECHNICAL COLLEGE         ,GA,31501-4016,Public       ,50,152,202,901,2285,3186
00551102,COASTAL PINES TECHNICAL COLLEGE - JESUP ,GA,31545-4465,Public       ,0,2,2,458,1262,1720
00559900,AUGUSTA TECHNICAL COLLEGE               ,GA,30906-3399,Public       ,52,272,324,2674,7092,9766
00560000,ATHENS TECHNICAL COLLEGE                ,GA,30601-1579,Public       ,41,161,202,3136,5612,8748
00560100,ALBANY TECHNICAL COLLEGE                ,GA,31701-2648,Public       ,72,289,361,1980,6866,8846
00561500,SOUTHWEST GEORGIA TECHNICAL COLLEGE     ,GA,31792-2622,Public       ,103,83,186,1338,2203,3541
00561700,SOUTH GEORGIA TECHNICAL COLLEGE         ,GA,31709-8167,Public       ,40,133,173,1084,1821,2905
00561800,SAVANNAH TECHNICAL COLLEGE              ,GA,31405-5594,Public       ,81,390,471,3086,9400,12486
00561900,NORTH GEORGIA TECHNICAL COLLEGE         ,GA,30523-0000,Public       ,50,123,173,1950,3083,5033
00562000,CHATTAHOOCHEE TECHNICAL COLLEGE         ,GA,30060-3398,Public       ,164,509,673,7032,13512,20544
00562100,SOUTHERN CRESCENT TECHNICAL COLLEGE     ,GA,30223-2097,Public       ,73,280,353,2714,7250,9964
00562200,GEORGIA PIEDMONT TECHNICAL COLLEGE      ,GA,30021-2397,Public       ,49,236,285,1757,7716,9473
00562400,COLUMBUS TECHNICAL COLLEGE              ,GA,31904-6572,Public       ,56,257,313,2365,5887,8252
00576300,CENTRAL GEORGIA TECHNICAL COLLEGE       ,GA,31206-3628,Public       ,131,630,761,3672,10872,14544
00854300,ATLANTA TECHNICAL COLLEGE               ,GA,30310-4499,Public       ,82,386,468,3614,14472,18086
00897600,CLAYTON STATE UNIVERSITY                ,GA,30260-0285,Public       ,56,152,208,6908,11351,18259
00927000,ART INSTITUTE OF ATLANTA (THE)          ,GA,30328-1649,Proprietary  ,78,121,199,8257,7594,15851
00950700,GEORGIA HIGHLANDS COLLEGE               ,GA,30162-0000,Public       ,63,107,170,5357,4649,10006
00982806,EVEREST INSTITUTE - JONESBORO           ,GA,30236-0000,Proprietary  ,5,47,52,169,1017,1186
00982807,EVEREST INSTITUTE - MARIETTA            ,GA,30067-8340,Proprietary  ,5,50,55,200,1147,1347
00982808,EVEREST INSTITUTE - EVEREST COLLEGE- ATL,GA,30331-2620,Proprietary  ,25,110,135,520,2338,2858
00982811,EVEREST INSTITUTE - NORCROSS            ,GA,30093-2813,Proprietary  ,11,76,87,254,1242,1496
01031903,FORTIS INSTITUTE - FORTIS COLLEGE       ,GA,30080-7630,Proprietary  ,5,56,61,247,950,1197
01048700,WEST GEORGIA TECHNICAL COLLEGE          ,GA,30182-6476,Public       ,99,260,359,4631,8693,13324
01077100,GUPTON JONES COLLEGE                    ,GA,30035-4022,Private      ,2,4,6,170,458,628
01099700,EAST GEORGIA COLLEGE                    ,GA,30401-2699,Public       ,70,52,122,3653,1731,5384
01107400,BAINBRIDGE COLLEGE                      ,GA,39819-8400,Public       ,50,102,152,1381,3178,4559
01157400,BAUDER COLLEGE                          ,GA,30313-2439,Proprietary  ,4,14,18,394,1887,2281
01205100,PRO WAY HAIR SCHOOL                     ,GA,30083-2884,Proprietary  ,8,30,38,109,413,522
01216500,ATLANTA METROPOLITAN COLLEGE            ,GA,30310-4498,Public       ,69,187,256,4336,9081,13417
01246109,LINCOLN COLLEGE OF TECHNOLOGY - MARIETTA,GA,30067-8638,Proprietary  ,5,40,45,160,664,824
01303900,SOUTH UNIVERSITY                        ,GA,31406-4881,Proprietary  ,149,2217,2366,3698,28862,32560
02060900,BROWN CLG OF COURT REPORTING & M.T.     ,GA,30318-2570,Proprietary  ,0,5,5,47,609,656
02074800,LIFE UNIVERSITY                         ,GA,30060-0000,Private      ,5,23,28,700,3292,3992
02113613,AMERICAN INTERCONTINENTAL UNIVERSITY    ,GA,30328-1649,Proprietary  ,8,101,109,728,3525,4253
02116000,SANFORD-BROWN COLLEGE                   ,GA,30328-4803,Proprietary  ,4,36,40,272,1495,1767
02141500,SAVANNAH COLLEGE OF ART & DESIGN        ,GA,31402-3146,Private      ,53,41,94,11803,5121,16924
02202800,AUGUSTA AREA DIET INTERN UNIV HOSP      ,GA,30901-0000,Private      ,0,1,1,23,108,131
02217200,PORTFOLIO CENTER                        ,GA,30309-0000,Proprietary  ,0,3,3,49,170,219
02266200,AMERICAN PROFESSIONAL INSTITUTE         ,GA,31201-3185,Private      ,1,10,11,70,369,439
02284300,INTERACTIVE COLLEGE OF TECHNOLOGY       ,GA,30341-0000,Proprietary  ,21,182,203,284,2083,2367
02284308,INTERACTIVE LEARNING SYSTEMS            ,GA,30260-0000,Proprietary  ,10,43,53,69,346,415
02284309,INTERACTIVE COLLEGE OF TECHNOLOGY       ,GA,30501-0000,Proprietary  ,3,51,54,106,497,603
02285500,"CREATIVE CIRCUS, THE                    ",GA,30324-0000,Proprietary  ,0,5,5,99,373,472
02288400,GWINNETT TECHNICAL COLLEGE              ,GA,30043-5702,Public       ,63,222,285,4622,11116,15738
02313902,WESTWOOD COLLEGE - O'HARE AIRPORT - ATLA,GA,30345-2807,Proprietary  ,5,47,52,223,916,1139
02321400,ROFFLER-MOLER HAIRSTYLING COLLEGE       ,GA,30062-0000,Proprietary  ,2,5,7,65,163,228
02482100,MOREHOUSE SCHOOL OF MEDICINE            ,GA,30310-0000,Private      ,2,3,5,231,984,1215
02520000,INTERNATIONAL SCH SKIN & NAILCARE       ,GA,30342-1119,Proprietary  ,3,46,49,125,632,757
02559315,(UNITED EDUCATION INSTITUTE) - UEI MORRO,GA,30260-2941,Proprietary  ,4,13,17,57,311,368
02577000,PAUL MITCHELL THE SCHOOL - ESANI        ,GA,30076-1507,Proprietary  ,6,19,25,172,333,505
02577700,BEAUTY COLLEGE OF AMERICA               ,GA,30297-0000,Proprietary  ,2,6,8,52,178,230
02580100,IVERSON INSTITUTE                       ,GA,30341-3662,Proprietary  ,0,0,0,28,177,205
02580200,ATLANTA SCHOOL OF MASSAGE               ,GA,30338-0000,Proprietary  ,12,41,53,177,936,1113
02583000,GWINNETT COLLEGE OF BUSINESS            ,GA,30047-3447,Proprietary  ,1,43,44,156,867,1023
02614206,MILLER - MOTTE TECHNICAL COLLEGE - COLUM,GA,31907-3222,Proprietary  ,5,57,62,269,1567,1836
02614207,MILLER - MOTTE TECHNICAL COLLEGE - AUGUS,GA,30907-0921,Proprietary  ,6,41,47,271,1477,1748
03005400,GEORGIA CAREER INSTITUTE                ,GA,30013-2076,Proprietary  ,27,72,99,325,906,1231
03010619,VIRGINIA COLLEGE - AUGUSTA              ,GA,30909-5515,Proprietary  ,3,30,33,291,1293,1584
03010623,VIRGINIA COLLEGE - MACON                ,GA,31206-3180,Proprietary  ,6,28,34,206,896,1102
03022601,WESTERN CULINARY INSTITUTE - LE CORDON B,GA,30084-5893,Proprietary  ,13,59,72,534,1471,2005
03030000,OGEECHEE TECHNICAL COLLEGE              ,GA,30458-8049,Public       ,42,149,191,1850,3705,5555
03042700,LAURUSTECHNICAL INSTITUTE               ,GA,30030-1506,Proprietary  ,0,1,1,112,804,916
03066500,SOUTHEASTERN TECHNICAL COLLEGE          ,GA,30474-8817,Public       ,39,106,145,798,2065,2863
03076300,BEULAH HEIGHTS BIBLE COLLEGE            ,GA,30316-1873,Private      ,4,25,29,44,1006,1050
03079202,WESTWOOD COLLEGE - ATLANTA MIDTOWN      ,GA,30309-2848,Proprietary  ,17,65,82,538,1731,2269
03081500,SOUTHEASTERN BEAUTY SCHOOL              ,GA,31917-0000,Proprietary  ,0,0,0,71,165,236
03089100,GEORGIA INSTITUTE OF COSMETOLOGY        ,GA,30606-3152,Proprietary  ,17,54,71,277,658,935
03090600,COBB BEAUTY COLLEGE                     ,GA,30144-2828,Proprietary  ,1,6,7,82,228,310
03100900,LUTHER RICE UNIVERSITY                  ,GA,30038-2454,Private      ,3,14,17,60,1301,1361
03102000,RIVERTOWN SCHOOL OF BEAUTY              ,GA,31904-4747,Proprietary  ,4,25,29,119,434,553
03104500,ATLANTA INSTITUTE OF MUSIC              ,GA,30096-4988,Proprietary  ,2,7,9,397,494,891
03116100,VOGUE BEAUTY AND BARBER SCHOOL          ,GA,30141-2226,Proprietary  ,5,13,18,94,293,387
03155500,OCONEE FALL LINE TECHNICAL COLLEGE      ,GA,31082-6179,Public       ,49,150,199,733,2250,2983
03173300,ATLANTA'S JOHN MARSHALL LAW SCHOOL      ,GA,30309-0000,Proprietary  ,2,12,14,71,1490,1561
03418300,GWINNETT COLLEGE-SANDY SPRINGS          ,GA,30328-3161,Proprietary  ,1,12,13,135,461,596
03445500,FAYETTE BEAUTY ACADEMY                  ,GA,30214-1191,Proprietary  ,4,19,23,54,220,274
03523300,AVIATION INSTITUTE OF MAINTENANCE       ,GA,30096-5038,Proprietary  ,28,134,162,362,1296,1658
03635300,CARVER BIBLE COLLEGE                    ,GA,30331-1300,Private      ,1,5,6,104,364,468
03748300,KEVOSNIK SCHOOL OF HAIR DESIGN          ,GA,31021-0000,Proprietary  ,0,0,0,10,45,55
03804400,MEDTECH INSTITUTE                       ,GA,30339-6040,Proprietary  ,3,30,33,224,990,1214
03812300,OMNITECH INSTITUTE                      ,GA,30035-1206,Proprietary  ,7,28,35,81,493,574
04021300,AUGUSTA SCHOOL OF MASSAGE               ,GA,30809-0000,Proprietary  ,0,3,3,23,128,151
04051331,ART INSTITUTE OF PHOENIX (THE) - BROWN M,GA,30319-3054,Proprietary  ,4,17,21,220,723,943
04142900,GEORGIA GWINNETT COLLEGE                ,GA,30043-7409,Public       ,133,105,238,12522,8323,20845
04147000,PAUL MITCHELL THE SCHOOL ATLANTA        ,GA,30318-5241,Proprietary  ,6,21,27,441,830,1271
04147700,LAKE LANIER SCHOOL OF MASSAGE           ,GA,30501-4546,Proprietary  ,5,29,34,47,279,326
04149900,PROFILE INSTITUTE OF BARBER-STYLING     ,GA,30315-8459,Proprietary  ,4,12,16,59,295,354
04150900,PROCESS INSTITUTE OF COSMETOLOGY (THE)  ,GA,30043-7344,Proprietary  ,2,8,10,135,237,372
04152300,GEORGIA BEAUTY ACADEMY                  ,GA,30721-3952,Proprietary  ,4,12,16,81,210,291
04156500,GEORGIA CHRISTIAN UNIVERSITY            ,GA,30047-3778,Private      ,1,1,2,52,188,240
04160200,ATLANTA BEAUTY ACADEMY                  ,GA,30340-1334,Proprietary  ,9,30,39,109,453,562
04203800,WOODRUFF MEDICAL TRAINING AND TESTING   ,GA,30033-6103,Proprietary  ,8,27,35,71,386,457
04204500,ELAINE STERLING INSTITUTE(THE)          ,GA,30342-2633,Proprietary  ,0,10,10,44,256,300
04206400,HELMS COLLEGE                           ,GA,31206-5309,Private      ,1,14,15,159,430,589
04206600,SAE INSTITUTE OF TECHNOLOGY - ATLANTA   ,GA,30303-1736,Proprietary  ,27,51,78,421,916,1337
04208000,TECHNOLOGY CENTER                       ,GA,30071-3519,Proprietary  ,0,0,0,18,213,231
04218000,UNITED MEDICAL AND BUSINESS INSTITUTE   ,GA,30344-6977,Proprietary  ,3,26,29,50,317,367
04221100,NEW HORIZONS MEDICAL INSTITUTE          ,GA,30071-2965,Proprietary  ,2,22,24,110,642,752
00149911,EVEREST COLLEGE - MERRIONETTE PARK      ,IL,60803-4517,Proprietary  ,0,4,4,135,513,648
00162800,AMERICAN ACADEMY OF ART                 ,IL,60604-4302,Proprietary  ,5,7,12,983,437,1420
00163300,AUGUSTANA COLLEGE                       ,IL,61201-2296,Private      ,3,4,7,4981,318,5299
00163400,AURORA UNIVERSITY                       ,IL,60506-4892,Private      ,17,162,179,4489,4237,8726
00163600,SOUTHWESTERN ILLINOIS COLLEGE           ,IL,62221-5899,Public       ,91,253,344,5207,7722,12929
00163800,BLACK HAWK COLLEGE                      ,IL,61265-5899,Public       ,19,96,115,2965,3418,6383
00163900,BLACKBURN COLLEGE                       ,IL,62626-1498,Private      ,1,3,4,921,205,1126
00164000,PRAIRIE STATE COLLEGE                   ,IL,60411-8226,Public       ,40,107,147,3766,6002,9768
00164100,BRADLEY UNIVERSITY                      ,IL,61625-0002,Private      ,6,7,13,8446,1360,9806
00164300,SPOON RIVER COLLEGE                     ,IL,61520-8907,Public       ,5,8,13,887,1038,1925
00164700,CITY COLLEGES OF CHICAGO                ,IL,60606-6998,Public       ,27,119,146,3866,6834,10700
00164800,TRUMAN COLLEGE                          ,IL,60640-5691,Public       ,37,141,178,3797,7267,11064
00164900,RICHARD J DALEY COLLEGE                 ,IL,60652-1299,Public       ,37,100,137,4522,6170,10692
00165000,CITY COLLEGES OF CHICAGO-MALCOLM X      ,IL,60612-3197,Public       ,45,242,287,5496,11135,16631
00165200,HAROLD WASHINGTON COLLEGE               ,IL,60601-2403,Public       ,70,199,269,10224,11584,21808
00165400,KENNEDY KING COLLEGE                    ,IL,60621-3798,Public       ,30,198,228,3404,9713,13117
00165500,WRIGHT COLLEGE                          ,IL,60634-1591,Public       ,43,172,215,7056,8320,15376
00165700,MIDWESTERN UNIVERSITY                   ,IL,60515-1200,Private      ,2,6,8,154,3829,3983
00165900,ROSALIND FRANKLIN UNIVERSITY OF MEDICINE,IL,60064-3095,Private      ,0,8,8,97,2893,2990
00166100,CHICAGO THEOLOGICAL SEMINARY            ,IL,60637-0000,Private      ,0,3,3,28,323,351
00166300,SPERTUS COLLEGE                         ,IL,60605-1995,Private      ,0,0,0,4,67,71
00166400,UNIVERSITY OF ST FRANCIS                ,IL,60435-6188,Private      ,4,76,80,2193,2707,4900
00166500,COLUMBIA COLLEGE                        ,IL,60605-1996,Private      ,36,70,106,15197,6043,21240
00166600,CONCORDIA UNIVERSITY                    ,IL,60305-1499,Private      ,5,84,89,3024,4534,7558
00166900,DANVILLE AREA COMMUNITY COLLEGE         ,IL,61832-5199,Public       ,19,52,71,1129,1748,2877
00167100,DEPAUL UNIVERSITY                       ,IL,60604-2287,Private      ,38,216,254,25162,17732,42894
00167400,EASTERN ILLINOIS UNIVERSITY             ,IL,61920-3099,Public       ,36,65,101,11724,4113,15837
00167500,ELGIN COMMUNITY COLLEGE                 ,IL,60123-7193,Public       ,19,56,75,4980,4924,9904
00167600,ELMHURST COLLEGE                        ,IL,60126-3296,Private      ,6,22,28,4505,1780,6285
00167800,EUREKA COLLEGE                          ,IL,61530-9976,Private      ,2,1,3,1137,230,1367
00168100,HIGHLAND COMMUNITY COLLEGE              ,IL,61032-9341,Public       ,16,37,53,1030,1249,2279
00168200,GARRETT-EVANGELICAL THEOLOGICAL SEM     ,IL,60201-0000,Private      ,0,0,0,2,259,261
00168400,GREENVILLE COLLEGE                      ,IL,62246-1199,Private      ,2,23,25,1794,686,2480
00168500,HEBREW THEOLOGICAL COLLEGE              ,IL,60077-3263,Private      ,5,0,5,511,37,548
00168800,ILLINOIS COLLEGE                        ,IL,62650-2299,Private      ,1,2,3,2004,260,2264
00168900,ILLINOIS COLLEGE OF OPTOMETRY           ,IL,60616-3878,Private      ,1,1,2,45,710,755
00169100,ILLINOIS INSTITUTE OF TECHNOLOGY        ,IL,60616-0000,Private      ,11,37,48,3955,2902,6857
00169103,CHICAGO KENT COLLEGE OF LAW             ,IL,60661-0000,Private      ,2,21,23,96,1639,1735
00169200,ILLINOIS STATE UNIVERSITY               ,IL,61790-1000,Public       ,40,63,103,25371,5613,30984
00169300,NORTHEASTERN ILLINOIS UNIV              ,IL,60625-4699,Public       ,24,117,141,8295,9567,17862
00169400,CHICAGO STATE UNIVERSITY                ,IL,60628-1598,Public       ,24,112,136,6796,13148,19944
00169600,ILLINOIS WESLEYAN UNIVERSITY            ,IL,61701-0000,Private      ,1,2,3,3492,265,3757
00169800,JOHN MARSHALL LAW SCHOOL                ,IL,60604-0000,Private      ,1,9,10,97,2239,2336
00169900,JOLIET JUNIOR COLLEGE                   ,IL,60431-8938,Public       ,49,122,171,8378,7674,16052
00170000,JUDSON UNIVERSITY                       ,IL,60123-1498,Private      ,4,34,38,1230,1073,2303
00170100,KASKASKIA COLLEGE                       ,IL,62801-7878,Public       ,29,66,95,1789,2385,4174
00170300,KENDALL COLLEGE                         ,IL,60622-4278,Proprietary  ,2,19,21,1154,2168,3322
00170400,KNOX COLLEGE                            ,IL,61401-4999,Private      ,0,1,1,2810,201,3011
00170500,ILLINOIS VALLEY COMMUNITY COLLEGE       ,IL,61348-9692,Public       ,28,39,67,1724,1848,3572
00170600,LAKE FOREST COLLEGE                     ,IL,60045-2399,Private      ,4,1,5,2616,280,2896
00170700,LEWIS UNIVERSITY                        ,IL,60446-2200,Private      ,11,64,75,6451,4241,10692
00170800,LINCOLN CHRISTIAN UNIVERSITY            ,IL,62656-2167,Private      ,0,4,4,452,708,1160
00170900,LINCOLN COLLEGE                         ,IL,62656-1699,Private      ,3,12,15,1415,765,2180
00171000,LOYOLA UNIVERSITY CHICAGO               ,IL,60626-0000,Private      ,24,130,154,20352,12534,32886
00171200,LUTHERAN SCHOOL OF THEOL AT CHICAGO     ,IL,60615-0000,Private      ,0,1,1,3,125,128
00171600,MACCORMAC COLLEGE                       ,IL,60602-4405,Private      ,0,15,15,77,326,403
00171700,MACMURRAY COLLEGE                       ,IL,62650-2590,Private      ,1,0,1,921,323,1244
00172100,MCCORMICK THEOLOGICAL SEMINARY          ,IL,60615-5108,Private      ,0,5,5,7,145,152
00172200,MCKENDREE UNIVERSITY                    ,IL,62254-1299,Private      ,2,43,45,2251,1823,4074
00172300,MEADVILLE LOMBARD THEOLOGICAL SCHOOL    ,IL,60637-1602,Private      ,0,4,4,1,99,100
00172400,MILLIKIN UNIVERSITY                     ,IL,62522-2084,Private      ,1,11,12,3352,1024,4376
00172500,MONMOUTH COLLEGE                        ,IL,61462-1963,Private      ,4,2,6,2566,199,2765
00172700,MOODY BIBLE INSTITUTE                   ,IL,60610-3214,Private      ,9,27,36,2322,2285,4607
00172800,MORTON COLLEGE                          ,IL,60804-4398,Public       ,25,55,80,3063,2647,5710
00173200,NATIONAL UNIV OF HEALTH SCIENCES        ,IL,60148-4583,Private      ,1,8,9,56,960,1016
00173300,NATIONAL-LOUIS UNIVERSITY               ,IL,60603-3032,Private      ,1,196,197,547,6906,7453
00173400,NORTH CENTRAL COLLEGE                   ,IL,60540-4690,Private      ,2,17,19,4991,1146,6137
00173500,NORTH PARK UNIVERSITY                   ,IL,60625-4895,Private      ,6,46,52,3501,2311,5812
00173600,NORTHERN BAPTIST THEOL SEMINARY         ,IL,60148-0000,Private      ,0,1,1,3,90,93
00173700,NORTHERN ILLINOIS UNIVERSITY            ,IL,60115-2854,Public       ,68,122,190,25791,11557,37348
00173900,NORTHWESTERN UNIV                       ,IL,60208-0001,Private      ,7,136,143,21451,11139,32590
00174100,OLIVET NAZARENE UNIVERSITY              ,IL,60914-2271,Private      ,3,51,54,4502,3254,7756
00174200,IL EASTERN COMM COLGS-OLNEY CENTRAL     ,IL,62450-1099,Public       ,13,27,40,621,735,1356
00174500,QUINCY UNIVERSITY                       ,IL,62301-2699,Private      ,4,3,7,1676,568,2244
00174600,ROBERT MORRIS UNIVERSITY ILLINOIS       ,IL,60605-1225,Private      ,23,82,105,5941,6040,11981
00174700,ROCK VALLEY COLLEGE                     ,IL,61114-5699,Public       ,35,120,155,4171,5604,9775
00174800,ROCKFORD UNIVERSITY                     ,IL,61108-2393,Private      ,2,15,17,1684,1452,3136
00174900,ROOSEVELT UNIVERSITY                    ,IL,60605-1394,Private      ,16,89,105,7169,8096,15265
00175000,DOMINICAN UNIVERSITY                    ,IL,60305-1066,Private      ,4,25,29,3977,2130,6107
00175200,SAUK VALLEY COMMUNITY COLLEGE           ,IL,61021-9112,Public       ,22,27,49,1152,1305,2457
00175300,SCHOOL OF ART INSTITUTE OF CHICAGO      ,IL,60603-3013,Private      ,10,17,27,4769,2593,7362
00175600,SHIMER COLLEGE                          ,IL,60616-3893,Private      ,0,1,1,96,60,156
00175700,SOUTHEASTERN ILLINOIS COLLEGE           ,IL,62946-4925,Public       ,12,19,31,744,948,1692
00175800,SOUTHERN ILL UNIV-CARBONDALE            ,IL,62901-0000,Public       ,45,153,198,19285,9673,28958
00175900,SOUTHERN ILL UNIV-EDWARDSVILLE          ,IL,62026-1060,Public       ,31,75,106,15387,6890,22277
00175924,SO IL UNIV-SCHL OF DENTAL MEDICINE      ,IL,62002-0000,Public       ,0,0,0,13,200,213
00176500,UNIVERSITY OF ST MARY OF THE LAKE       ,IL,60060-0000,Private      ,0,2,2,6,26,32
00176700,BENEDICTINE UNIVERSITY                  ,IL,60532-0900,Private      ,8,76,84,4290,4606,8896
00176800,ST XAVIER UNIVERSITY                    ,IL,60655-3199,Private      ,6,42,48,7404,3767,11171
00176900,SOUTH SUBURBAN COLLEGE                  ,IL,60473-9978,Public       ,34,146,180,3518,6636,10154
00177100,TRINITY CHRISTIAN COLLEGE               ,IL,60463-0929,Private      ,3,4,7,1426,1059,2485
00177200,TRINITY INTERNATIONAL UNIVERSITY        ,IL,60015-1283,Private      ,1,11,12,966,1159,2125
00177300,TRITON COLLEGE                          ,IL,60171-1995,Public       ,43,115,158,5207,6015,11222
00177400,UNIVERSITY OF CHICAGO                   ,IL,60637-1476,Private      ,15,32,47,19930,4644,24574
00177401,UNIV OF CHICAGO PRITZKER SCH OF MED     ,IL,60637-0000,Private      ,0,2,2,93,647,740
00177403,"UNIV OF CHICAGO, BOOTH SCH OF BUS       ",IL,60637-0000,Private      ,2,21,23,172,1525,1697
00177405,UNIVERSITY OF CHICAGO GRADUATE          ,IL,60637-0000,Private      ,0,19,19,167,4799,4966
00177500,UNIV OF ILLINOIS @ URBANA-CHAMPAIGN     ,IL,61820-5796,Public       ,65,122,187,35258,9496,44754
00177600,UNIV OF ILLINOIS AT CHICAGO             ,IL,60607-0000,Public       ,45,142,187,29855,20863,50718
00177800,VANDERCOOK COLLEGE OF MUSIC             ,IL,60616-3731,Private      ,0,5,5,192,138,330
00177900,IL EASTERN COMM COLGS-WABASH VALLEY     ,IL,62863-2699,Public       ,9,19,28,559,421,980
00178000,WESTERN ILLINOIS UNIVERSITY             ,IL,61455-1390,Public       ,27,59,86,14180,5447,19627
00178100,WHEATON COLLEGE                         ,IL,60187-5535,Private      ,3,8,11,3155,654,3809
00178300,WORSHAM COLLEGE OF MORTUARY SCIENCE     ,IL,60090-2646,Proprietary  ,0,3,3,74,195,269
00396100,HARPER COLLEGE                          ,IL,60067-7398,Public       ,65,131,196,6509,5769,12278
00456000,GEM CITY COLLEGE                        ,IL,62301-4949,Proprietary  ,1,2,3,28,71,99
00456800,MIDSTATE COLLEGE                        ,IL,61614-3558,Proprietary  ,1,31,32,115,1067,1182
00621400,BLESSING RIEMAN COLLEGE OF NURSING      ,IL,62301-0000,Private      ,0,7,7,176,235,411
00621401,BLESSING HOSPITAL - SCHOOL OF MEDICAL LA,IL,62305-7005,Private      ,0,0,0,14,41,55
00621402,BLESSING HOSPITAL - SCHOOL OF RADIOLOGIC,IL,62305-7005,Private      ,0,0,0,45,51,96
00622500,TRINITY COLLEGE OF NURSING AND HEALTH SC,IL,61201-5317,Private      ,0,5,5,165,300,465
00622800,METHODIST MED CTR OF ILL SCH NRSNG      ,IL,61636-0000,Private      ,0,7,7,363,732,1095
00624000,ST FRANCIS MED CLG OF NRSG              ,IL,61603-3783,Private      ,2,5,7,410,652,1062
00638500,CHAMBERLAIN COLLEGE OF NURSING          ,IL,60101-0000,Proprietary  ,14,383,397,2827,28809,31636
00665600,COLLEGE OF DUPAGE                       ,IL,60137-6599,Public       ,93,264,357,13419,12071,25490
00675300,ILLINOIS CENTRAL COLLEGE                ,IL,61635-0001,Public       ,48,129,177,4831,5911,10742
00693100,WAUBONSEE COMMUNITY COLLEGE             ,IL,60554-0000,Public       ,40,92,132,4158,4629,8787
00711800,PARKLAND COLLEGE                        ,IL,61821-1899,Public       ,48,89,137,5136,4453,9589
00711900,REND LAKE COLLEGE                       ,IL,62846-9801,Public       ,28,33,61,1353,1548,2901
00717000,LINCOLN LAND COMMUNITY COLLEGE          ,IL,62794-9256,Public       ,10,58,68,3307,4526,7833
00726500,CARL SANDBURG COLLEGE                   ,IL,61401-9576,Public       ,2,29,31,1213,1588,2801
00730307,LINCOLN COLLEGE OF TECHNOLOGY - MELROSE ,IL,60160-1605,Proprietary  ,45,46,91,761,717,1478
00754900,COYNE AMERICAN INSTITUTE                ,IL,60607-1300,Proprietary  ,10,49,59,500,1399,1899
00764400,LAKE LAND COLLEGE                       ,IL,61938-9366,Public       ,19,63,82,2459,2578,5037
00768400,KISHWAUKEE COLLEGE                      ,IL,60150-9699,Public       ,17,30,47,2605,2473,5078
00769000,KANKAKEE COMMUNITY COLLEGE              ,IL,60901-6505,Public       ,25,68,93,1763,2873,4636
00769100,MCHENRY COUNTY COLLEGE                  ,IL,60012-2761,Public       ,24,57,81,2775,2716,5491
00769200,MORAINE VALLEY COMMUNITY COLLEGE        ,IL,60465-0937,Public       ,89,141,230,8409,7017,15426
00769300,SHAWNEE COMMUNITY COLLEGE               ,IL,62992-9725,Public       ,40,67,107,819,1142,1961
00769400,COLLEGE OF LAKE COUNTY                  ,IL,60030-1198,Public       ,82,177,259,5720,6128,11848
00793700,MS ROBERTS ACADEMY OF BEAUTY CULT       ,IL,60181-2930,Proprietary  ,0,0,0,13,44,57
00807600,JOHN A LOGAN COLLEGE                    ,IL,62918-2500,Public       ,31,67,98,2288,2963,5251
00825900,EDUCATORS OF BEAUTY                     ,IL,61081-3611,Proprietary  ,5,4,9,68,125,193
00825901,EDUCATORS OF BEAUTY                     ,IL,61104-0000,Proprietary  ,0,1,1,56,123,179
00832800,ALVAREITA'S COLLEGE OF COSMETOLOGY      ,IL,62025-2041,Proprietary  ,0,0,0,60,123,183
00832904,ITT TECHNICAL INSTITUTE                 ,IL,60521-7595,Proprietary  ,0,0,0,0,1,1
00869402,RASMUSSEN COLLEGE - ROCKFORD            ,IL,61108-2513,Proprietary  ,4,24,28,304,1705,2009
00869403,RASMUSSEN COLLEGE - AURORA              ,IL,60506-6219,Proprietary  ,3,21,24,195,827,1022
00869404,RASMUSSEN COLLEGE - ROMEOVILLE          ,IL,60446-0000,Proprietary  ,2,29,31,246,1203,1449
00869418,RASMUSSEN COLLEGE -  MOKENA             ,IL,60448-0000,Proprietary  ,1,11,12,95,672,767
00888000,MORRISON INSTITUTE OF TECHNOLOGY        ,IL,61270-2959,Private      ,0,0,0,122,30,152
00893800,GRAHAM HOSPITAL SCH OF NURSING          ,IL,61520-2497,Private      ,0,1,1,45,109,154
00893900,CANNELLA SCHOOL OF HAIR DESIGN          ,IL,60406-2130,Proprietary  ,0,5,5,38,125,163
00914500,GOVERNORS STATE UNIVERSITY              ,IL,60466-0975,Public       ,18,101,119,2409,8332,10741
00923200,CATHOLIC THEOLOGICAL UNION              ,IL,60615-0000,Private      ,0,3,3,7,80,87
00933300,UNIV OF ILLINOIS AT SPRINGFIELD         ,IL,62703-5407,Public       ,2,57,59,3134,3906,7040
00947500,EDUCATORS OF BEAUTY                     ,IL,61301-2404,Proprietary  ,6,2,8,33,54,87
00959500,CANNELLA SCHOOL OF HAIR DESIGN          ,IL,60617-4303,Proprietary  ,0,7,7,99,248,347
00976700,OLIVE-HARVEY COLLEGE                    ,IL,60628-1696,Public       ,14,94,108,2556,5919,8475
00978600,IL EASTERN COMM COLGS-LINCOLN TRAIL     ,IL,62454-5708,Public       ,4,12,16,438,437,875
00980000,RUSH UNIVERSITY                         ,IL,60612-3806,Private      ,5,40,45,484,3799,4283
00982810,EVEREST INSTITUTE - EVEREST COLLEGE- BED,IL,60629-5819,Proprietary  ,0,3,3,187,616,803
00989600,OAKTON COMMUNITY COLLEGE                ,IL,60016-1268,Public       ,30,86,116,4508,4181,8689
00998700,SAINT ANTHONY COLLEGE OF NURSING        ,IL,61108-2468,Private      ,0,2,2,226,544,770
01002000,LEWIS AND CLARK COMMUNITY COLLEGE       ,IL,62035-2466,Public       ,35,81,116,2707,3184,5891
01050100,LAKEVIEW  COLLEGE OF NURSING            ,IL,61832-3781,Private      ,1,5,6,240,336,576
01069500,TRI-COUNTY BEAUTY ACADEMY               ,IL,62056-2036,Proprietary  ,0,2,2,16,27,43
01071000,CAPITAL AREA SCH OF PRAC NRSG           ,IL,62707-0000,Public       ,1,2,3,115,550,665
01072700,DEVRY UNIVERSITY                        ,IL,60618-5994,Proprietary  ,52,888,940,11840,82045,93885
01083600,PIVOT POINT ACADEMY                     ,IL,60626-0000,Proprietary  ,2,3,5,295,512,807
01087900,RICHLAND COMMUNITY COLLEGE              ,IL,62521-8513,Public       ,26,59,85,1315,2583,3898
01091303,ROCKFORD CAREER COLLEGE                 ,IL,61108-3900,Proprietary  ,10,61,71,385,1311,1696
01151002,EVEREST INSTITUTE - EVEREST COLLEGE     ,IL,60542-1610,Proprietary  ,0,0,0,106,247,353
01181000,TAYLOR BUSINESS INSTITUTE               ,IL,60606-5111,Proprietary  ,1,12,13,55,255,310
01185204,ITT TECHNICAL INSTITUTE - ORLAND PARK CA,IL,60467-4900,Proprietary  ,0,0,0,0,2,2
01185800,EVEREST COLLEGE                         ,IL,60077-1074,Proprietary  ,0,7,7,134,344,478
01185802,EVEREST COLLEGE - BURR RIDGE            ,IL,60527-7826,Proprietary  ,1,4,5,123,307,430
01185803,EVEREST COLLEGE - MELROSE PARK          ,IL,60160-1526,Proprietary  ,0,3,3,193,611,804
01236200,NORTHWESTERN COLLEGE                    ,IL,60630-2298,Proprietary  ,23,133,156,1954,4252,6206
01238500,BLOOMINGTON-NORMAL SCH RADIOGRAPHY      ,IL,61761-4604,Private      ,0,1,1,37,78,115
01258400,ILLINOIS INSTITUTE OF ART (THE)         ,IL,60654-1593,Proprietary  ,41,68,109,5521,4300,9821
01281300,JOHN WOOD COMMUNITY COLLEGE             ,IL,62305-0401,Public       ,18,48,66,1220,1510,2730
01308700,CAPRI BEAUTY COLLEGE                    ,IL,60629-1613,Proprietary  ,0,0,0,91,234,325
01308800,CAPRI OAK FOREST COLLEGE OF BEAUTY      ,IL,60452-2798,Proprietary  ,4,3,7,109,176,285
02055200,HARRINGTON COLLEGE OF DESIGN            ,IL,60606-3433,Proprietary  ,0,5,5,294,563,857
02068100,ADLER SCH OF PROFESSIONAL PSYCHLGY      ,IL,60601-0000,Private      ,2,22,24,140,1859,1999
02069300,VATTEROTT COLLEGE                       ,IL,62305-5938,Proprietary  ,3,16,19,116,334,450
02073200,TELSHE YESHIVA-CHICAGO                  ,IL,60625-0000,Private      ,7,0,7,47,15,62
02074400,IL EASTERN COMM COLGS-FRONTIER          ,IL,62837-0000,Public       ,11,14,25,195,342,537
02113600,AMERICAN INTERCONTINENTAL UNIVERSITY    ,IL,60192-3713,Proprietary  ,142,2099,2241,1903,32160,34063
02117400,BECK AREA CAREER CENTER                 ,IL,62278-0000,Public       ,0,3,3,40,183,223
02124400,UNIVERSITY OF SPA & COSMETOLOGY ART     ,IL,62704-0000,Proprietary  ,5,11,16,141,288,429
02150600,COSMETOLOGY AND SPA INSTITUTE (THE)     ,IL,60014-4003,Proprietary  ,10,9,19,139,225,364
02155300,THE CHICAGO SCHOOL OF PROF PSYCHOLOGY   ,IL,60610-4705,Private      ,0,51,51,92,5777,5869
02160300,INTERNATIONAL ACAD OF DESIGN & TECH     ,IL,60602-3319,Proprietary  ,0,8,8,280,479,759
02160304,INTERNATIONAL ACADEMY OF DESIGN AND TECH,IL,60173-5160,Proprietary  ,0,0,0,63,94,157
02168600,EAST WEST UNIVERSITY                    ,IL,60605-0000,Private      ,12,17,29,879,1419,2298
02179900,ARGOSY UNIVERSITY                       ,IL,60601-7757,Proprietary  ,200,2682,2882,8134,41882,50016
02185400,ST AUGUSTINE COLLEGE                    ,IL,60640-0000,Private      ,9,18,27,776,2412,3188
02192400,MR JOHNS SCHOOL OF COSMETOLOGY          ,IL,62521-0000,Proprietary  ,4,7,11,40,117,157
02202600,CANNELLA SCHOOL OF HAIR DESIGN          ,IL,60181-1321,Proprietary  ,2,2,4,12,72,84
02214100,RESURRECTION UNIVERSITY                 ,IL,60302-2519,Private      ,3,5,8,281,871,1152
02228100,MAC DANIEL'S BEAUTY SCHOOL              ,IL,60640-0000,Proprietary  ,3,7,10,51,122,173
02261200,HAIR PROFESSIONALS ACAD COSMETOLOGY     ,IL,60118-0000,Proprietary  ,4,16,20,81,286,367
02261201,HAIR PROFESSIONALS ACADEMY OF COSMETOLOG,IL,60118-9333,Proprietary  ,0,0,0,11,21,32
02262100,HAIR PROFESSIONALS SCH COSMETOLOGY      ,IL,60543-0000,Proprietary  ,7,2,9,44,93,137
02291200,CANNELLA SCHOOL OF HAIR DESIGN          ,IL,60639-0000,Proprietary  ,0,3,3,102,240,342
02295500,CANNELLA SCHOOL OF HAIR DESIGN          ,IL,60120-0000,Proprietary  ,0,3,3,20,74,94
02297500,OEHRLEIN SCHOOL OF COSMETOLOGY          ,IL,61611-0000,Proprietary  ,1,5,6,61,118,179
02312300,LA' JAMES COLLEGE HAIRSTYLING           ,IL,61244-0000,Proprietary  ,0,2,2,14,54,68
02313900,WESTWOOD COLLEGE - O'HARE AIRPORT       ,IL,60631-2801,Proprietary  ,8,31,39,268,812,1080
02317300,CONCEPT COLLEGE OF COSMETOLOGY          ,IL,61832-0000,Proprietary  ,3,11,14,50,148,198
02319200,LAKE FOREST GRAD SCHL OF MGMT           ,IL,60045-4824,Private      ,0,19,19,10,296,306
02323300,PROFESSIONAL'S CHOICE HAIR DSN ACAD     ,IL,60435-0000,Proprietary  ,0,2,2,51,111,162
02332200,HAIR PROFESSIONALS CAREER COLLEGE       ,IL,60178-0000,Proprietary  ,1,3,4,27,70,97
02349400,ALVAREITA'S COLLEGE OF COSMETOLOGY      ,IL,62035-0000,Proprietary  ,0,0,0,49,104,153
02349500,CANNELLA SCHOOL OF HAIR DESIGN          ,IL,60632-0000,Proprietary  ,5,6,11,130,296,426
02352200,LE CORDON BLEU COLLEGE OF CULINARY ARTS ,IL,60610-3050,Proprietary  ,17,56,73,1038,2063,3101
02498200,G SKIN & BEAUTY INSTITUTE               ,IL,60523-1805,Proprietary  ,4,18,22,126,438,564
02498201,HAIR PROFESSIONALS ACADEMY OF COSMETOLOG,IL,60563-0000,Proprietary  ,1,0,1,29,39,68
02522800,FOX COLLEGE                             ,IL,60638-1999,Proprietary  ,1,5,6,444,541,985
02522801,FOX COLLEGE -  VET TECH INSTITUTE       ,IL,60477-4451,Proprietary  ,0,0,0,38,32,70
02527600,LEXINGTON COLLEGE                       ,IL,60607-0000,Private      ,0,0,0,97,62,159
02536700,BELL MAR BEAUTY COLLEGE                 ,IL,60650-0000,Proprietary  ,1,6,7,44,98,142
02556100,ENVIRONMENTAL TECHNICAL INSTITUTE       ,IL,60143-0000,Proprietary  ,4,35,39,119,441,560
02556600,NILES SCHOOL OF COSMETOLOGY             ,IL,60714-0000,Proprietary  ,0,2,2,22,56,78
02573700,INSTITUTE FOR CLINICAL SOCIAL WORK      ,IL,60605-1229,Private      ,0,2,2,38,291,329
02584900,"FIRST INSTITUTE, INC.                   ",IL,60014-7489,Proprietary  ,1,7,8,127,377,504
02587700,HAIR PROFESSIONALS CAREER COLLEGE       ,IL,60465-1929,Proprietary  ,12,8,20,64,105,169
02599716,VATTEROTT COLLEGE - FAIRVIEW HEIGHTS    ,IL,62208-2029,Proprietary  ,9,60,69,228,927,1155
02622700,KNOWLEDGE SYSTEMS INSTITUTE             ,IL,60076-0000,Private      ,0,0,0,2,9,11
03002000,HAIRMASTERS INST OF COSMETOLOGY         ,IL,61701-5547,Proprietary  ,3,15,18,57,106,163
03027702,PACIFIC COLLEGE OF ORIENTAL MEDICINE - C,IL,60601-7296,Proprietary  ,0,9,9,38,313,351
03065300,TREND SETTERS COLL OF COSMETOLOGY       ,IL,60915-0000,Proprietary  ,4,3,7,120,178,298
03065301,PAUL MITCHELL THE SCHOOL TINLEY PARK    ,IL,60477-6273,Proprietary  ,4,5,9,72,117,189
03072701,WESTWOOD COLLEGE - RIVER OAKS           ,IL,60409-5503,Proprietary  ,7,36,43,164,692,856
03072702,WESTWOOD COLLEGE OF TECHNOLOGY          ,IL,60602-0000,Proprietary  ,7,50,57,326,1221,1547
03078400,CAMEO BEAUTY ACADEMY                    ,IL,60453-3196,Proprietary  ,6,9,15,60,125,185
03079200,WESTWOOD COLLEGE - DUPAGE               ,IL,60517-2321,Proprietary  ,4,10,14,189,517,706
03082900,ROSEL SCHOOL OF COSMETOLOGY             ,IL,60659-1913,Proprietary  ,0,20,20,43,174,217
03083800,HEARTLAND COMMUNITY COLLEGE             ,IL,61761-9446,Public       ,27,55,82,2720,2481,5201
03098000,ST JOHN'S COLLEGE OF NURSING            ,IL,62702-5321,Private      ,0,2,2,164,299,463
03098002,ST JOHN'S HOSP SCH MED TECH             ,IL,62769-5324,Private      ,0,1,1,34,94,128
03099700,CAIN'S BARBER COLLEGE                   ,IL,60615-3510,Proprietary  ,2,14,16,140,499,639
03099800,ILLINOIS SCHOOL OF HEALTH CAREERS       ,IL,60604-0000,Proprietary  ,0,6,6,292,922,1214
03101800,ILLINOIS CENTER FOR BROADCASTING        ,IL,60148-7015,Proprietary  ,0,10,10,142,401,543
03128500,NATIONAL LATINO EDUCATION INSTITUTE     ,IL,60609-2205,Private      ,1,4,5,74,150,224
03199300,CHRISTIAN LIFE COLLEGE                  ,IL,60056-2522,Private      ,0,0,0,16,29,45
03368300,MIDWEST TECHNICAL INSTITUTE             ,IL,62707-8805,Proprietary  ,60,257,317,1422,4323,5745
03416300,COMPUTER SYSTEMS INSTITUTE              ,IL,60077-0000,Proprietary  ,38,176,214,497,1873,2370
03448300,BUSINESS INDUSTRIAL RESOURCES           ,IL,60659-1298,Proprietary  ,0,0,0,314,2627,2941
03455700,CORTIVA INSTITUTE - CHICAGO             ,IL,60602-3315,Proprietary  ,15,36,51,246,594,840
03455701,CORTIVA INSTITUTE - CHICAGO             ,IL,60014-6285,Proprietary  ,0,1,1,25,55,80
03490301,PAUL MITCHELL THE SCHOOL CHICAGO        ,IL,60607-0000,Proprietary  ,8,22,30,591,762,1353
03490302,PAUL MITCHELL THE SCHOOL ESCANABA - PAUL,IL,60148-0000,Proprietary  ,2,6,8,81,114,195
03510300,ERIKSON INSTITUTE                       ,IL,60654-4510,Private      ,1,7,8,9,356,365
03643300,"MR. JOHN'S SCHOOL OF JACKSONVILLE,  INC,",IL,62650-3488,Proprietary  ,1,1,2,17,46,63
03655300,ILLINOIS CAREERPATH INSTITUTE           ,IL,60654-1103,Private      ,0,0,0,9,37,46
03684300,NORTHSHORE UNIVERSITY HEALTHSYSTEM SCHOO,IL,60201-9872,Private      ,1,1,2,13,73,86
03881400,EUROPEAN MASSAGE THERAPY SCHOOL         ,IL,60077-2269,Proprietary  ,5,27,32,42,237,279
03891300,SOMA INSTITUTE - THE NATIONAL SCHOOL OF ,IL,60604-4466,Proprietary  ,6,21,27,89,223,312
03914300,"CALC, INSTITUTE OF TECHNOLOGY           ",IL,62002-5946,Proprietary  ,2,12,14,57,279,336
04117500,SOLEX MEDICAL ACADEMY                   ,IL,60090-3104,Proprietary  ,0,0,0,4,25,29
04117600,LARRY'S BARBER COLLEGE                  ,IL,60628-2322,Proprietary  ,1,13,14,170,572,742
04118400,CHICAGO ORT TECHNICAL INSTITUTE         ,IL,60077-3210,Private      ,5,20,25,49,315,364
04124700,AMBRIA COLLEGE OF NURSING               ,IL,60192-3712,Proprietary  ,3,16,19,137,1002,1139
04136900,UNIVERSITY OF AESTHETICS (THE)          ,IL,60622-2151,Proprietary  ,0,3,3,28,92,120
04137000,UNIVERSITY OF AESTHETICS & COSMETOLOGY (,IL,60515-4607,Proprietary  ,0,3,3,30,60,90
04137500,TRICOCI UNIVERSITY OF BEAUTY CULTURE    ,IL,60656-1805,Proprietary  ,9,11,20,292,412,704
04139000,MIDWESTERN CAREER COLLEGE               ,IL,60606-3103,Proprietary  ,2,37,39,116,780,896
04141000,AVEDA INSTITUTE CHICAGO                 ,IL,60647-0000,Proprietary  ,3,13,16,294,540,834
04147100,TRICOCI UNIVERSITY OF BEAUTY CULTURE    ,IL,60048-2906,Proprietary  ,13,9,22,103,118,221
04147200,TRICOCI UNIVERSITY OF BEAUTY CULTURE    ,IL,60455-1824,Proprietary  ,4,10,14,125,233,358
04147300,TRICOCI UNIVERSITY OF BEAUTY CULTURE    ,IL,60139-3119,Proprietary  ,4,15,19,128,183,311
04147400,TRICOCI UNIVERSITY OF BEAUTY CULTURE    ,IL,61614-4831,Proprietary  ,6,12,18,88,197,285
04147500,TRICOCI UNIVERSITY OF BEAUTY CULTURE    ,IL,61108-2337,Proprietary  ,6,13,19,113,241,354
04160600,PAUL MITCHELL THE SCHOOL NORMAL         ,IL,61761-0000,Proprietary  ,5,1,6,111,100,211
04167800,INNOVATIONS DESIGN ACADEMY              ,IL,61520-2625,Proprietary  ,2,5,7,27,78,105
04168500,SOLEX COLLEGE                           ,IL,60090-3192,Proprietary  ,2,28,30,33,499,532
04170800,UNITY COSMETOLOGY COLLEGE               ,IL,61764-9652,Proprietary  ,1,4,5,32,59,91
04171600,SALON PROFESSIONAL ACADEMY OF ELGIN (THE,IL,60123-2319,Proprietary  ,0,0,0,25,70,95
04174900,SKIN CARE AND SPA INSTITUTE             ,IL,60077-2200,Proprietary  ,0,17,17,16,133,149
04175000,UNIVERSAL SPA TRAINING ACADEMY          ,IL,60515-0000,Proprietary  ,0,13,13,35,211,246
04175800,J RENEE CAREER FACILITATION             ,IL,60014-7986,Proprietary  ,2,12,14,24,159,183
04179100,PCCTI  IT & HEALTHCARE                  ,IL,60523-0000,Proprietary  ,0,19,19,36,513,549
04179101,PCCTI  IT & HEALTHCARE -                ,IL,60606-0000,Proprietary  ,0,0,0,26,257,283
04186000,CHICAGO SCHOOL FOR PIANO TECHNOLOGY (THE,IL,60612-1630,Private      ,0,0,0,28,27,55
04187400,COSMETOLOGY CONCEPTS                    ,IL,60452-2501,Proprietary  ,2,8,10,108,292,400
04189200,SALON PROFESSIONAL ACADEMY (THE)        ,IL,60404-8789,Proprietary  ,1,4,5,40,71,111
04189400,SHEAR LEARNING ACADEMY OF COSMETOLOGY   ,IL,62523-1208,Proprietary  ,0,2,2,20,49,69
04189600,STATE CAREER SCHOOL                     ,IL,60085-5129,Proprietary  ,1,6,7,51,177,228
04192000,CURVE METRIC SCHOOL OF HAIR DESIGN      ,IL,60707-1118,Proprietary  ,1,5,6,11,38,49
04195600,TRIBECA FLASHPOINT MEDIA ARTS ACADEMY   ,IL,60602-2716,Proprietary  ,0,7,7,554,321,875
04224400,NETWORKS BARBER COLLEGE                 ,IL,60409-3401,Proprietary  ,1,5,6,19,62,81
04224500,TRENZ BEAUTY ACADEMY                    ,IL,60409-0000,Proprietary  ,1,3,4,32,103,135
04225300,CREATIVE TOUCH COSMETOLOGY SCHOOL       ,IL,62298-1609,Proprietary  ,0,3,3,11,27,38
04227900,MORTHLAND COLLEGE                       ,IL,62896-2742,Private      ,1,1,2,75,38,113
04229900,DEBUTANTES SCHOOL OF COSMETOLOGY AND NAI,IL,60115-3301,Proprietary  ,0,0,0,32,86,118
04232300,HVAC TECHNICAL INSTITUTE                ,IL,60632-4457,Proprietary  ,0,4,4,7,26,33
11072707,DEVRY UNIVERSITY - DOWNERS              ,IL,60515-0000,Proprietary  ,1,67,68,160,12197,12357
00195100,ALICE LLOYD COLLEGE                     ,KY,41844-9703,Private      ,2,1,3,1289,268,1557
00195200,ASBURY COLLEGE                          ,KY,40390-1198,Private      ,0,7,7,1875,783,2658
00195300,ASBURY THEOLOGICAL SEMINARY             ,KY,40390-0000,Private      ,0,8,8,26,1410,1436
00195400,BELLARMINE UNIVERSITY                   ,KY,40205-1877,Private      ,16,68,84,5716,2378,8094
00195500,BEREA COLLEGE                           ,KY,40403-0000,Private      ,5,5,10,3248,961,4209
00195800,BRESCIA UNIVERSITY                      ,KY,42301-3023,Private      ,4,18,22,1200,1218,2418
00195900,CAMPBELLSVILLE UNIVERSITY               ,KY,42718-2799,Private      ,1,28,29,2979,1974,4953
00196000,SPALDING UNIVERSITY                     ,KY,40203-2188,Private      ,6,29,35,1583,3240,4823
00196100,CENTRE COLLEGE                          ,KY,40422-1394,Private      ,0,3,3,2652,164,2816
00196200,UNIVERSITY OF THE CUMBERLANDS           ,KY,40769-1372,Private      ,2,77,79,2859,4263,7122
00196300,EASTERN KENTUCKY UNIVERSITY             ,KY,40475-3102,Public       ,72,213,285,15165,11840,27005
00196400,GEORGETOWN COLLEGE                      ,KY,40324-1628,Private      ,1,32,33,2477,808,3285
00196500,KENTUCKY CHRISTIAN UNIVERSITY           ,KY,41143-2205,Private      ,1,1,2,1105,324,1429
00196800,KENTUCKY STATE UNIVERSITY               ,KY,40601-2355,Public       ,11,18,29,3434,2176,5610
00196900,KENTUCKY WESLEYAN COLLEGE               ,KY,42301-6057,Private      ,1,5,6,1361,484,1845
00197100,LEXINGTON THEOLOGICAL SEMINARY          ,KY,40508-0000,Private      ,0,1,1,7,106,113
00197200,LINDSEY WILSON COLLEGE                  ,KY,42728-1223,Private      ,7,10,17,3145,1907,5052
00197400,LOUISVILLE PRESBYTERIAN THEOL SEM       ,KY,40205-0000,Private      ,0,1,1,18,202,220
00197500,MIDWAY UNIVERSITY                       ,KY,40347-1120,Private      ,0,33,33,621,1672,2293
00197600,MOREHEAD STATE UNIVERSITY               ,KY,40351-1689,Public       ,53,86,139,9206,5779,14985
00197700,MURRAY STATE UNIVERSITY                 ,KY,42071-0009,Public       ,32,96,128,8591,5023,13614
00197900,WEST KENTUCKY CMNTY & TECHNICAL COLG    ,KY,42002-7380,Public       ,49,107,156,2417,4905,7322
00198000,UNIVERSITY OF PIKEVILLE                 ,KY,41501-1194,Private      ,6,16,22,2617,1621,4238
00198300,ST. CATHARINE COLLEGE                   ,KY,40061-9499,Private      ,3,7,10,849,427,1276
00198700,TRANSYLVANIA UNIVERSITY                 ,KY,40508-1797,Private      ,1,4,5,2080,343,2423
00198800,UNION COLLEGE                           ,KY,40906-1499,Private      ,6,9,15,1474,911,2385
00198900,UNIVERSITY OF KENTUCKY                  ,KY,40506-0054,Public       ,73,104,177,26377,11098,37475
00198901,UNIV OF KY-COLLEGE OF DENTISTRY         ,KY,40536-0000,Public       ,0,2,2,82,336,418
00198902,UNIV OF KY-COLLEGE OF MEDICINE          ,KY,40536-0000,Public       ,0,3,3,154,707,861
00199000,ASHLAND COMMUNITY AND TECHNICAL COLLEGE ,KY,41101-3683,Public       ,13,79,92,1654,3384,5038
00199100,ELIZABETHTOWN COMMUNITY  AND TECHNICAL C,KY,42701-3081,Public       ,31,132,163,3024,5884,8908
00199300,HENDERSON COMMUNITY COLLEGE             ,KY,42420-4699,Public       ,4,21,25,707,1605,2312
00199400,HOPKINSVILLE COMMUNITY COLLEGE          ,KY,42241-2621,Public       ,14,156,170,1253,4563,5816
00199600,BIG SANDY COMMUNITY AND TECHNICAL COLG  ,KY,41653-1815,Public       ,9,73,82,2328,3725,6053
00199700,SOMERSET COMMUNITY COLLEGE              ,KY,42501-2973,Public       ,35,148,183,3366,7680,11046
00199800,SOUTHEAST KENTUCKY COMMUNITY AND TECHNIC,KY,40823-1099,Public       ,18,58,76,1394,2567,3961
00199900,UNIVERSITY OF LOUISVILLE                ,KY,40292-0000,Public       ,61,154,215,18369,14453,32822
00200100,THOMAS MORE COLLEGE                     ,KY,41017-3495,Private      ,6,33,39,1600,992,2592
00200200,WESTERN KENTUCKY UNIVERSITY             ,KY,42101-3576,Public       ,77,157,234,17836,10539,28375
00461800,SPENCERIAN COLLEGE                      ,KY,40216-2605,Proprietary  ,11,62,73,611,1719,2330
00461900,SULLIVAN UNIVERSITY                     ,KY,40205-3000,Proprietary  ,68,293,361,2273,6558,8831
00493402,DAYMAR COLLEGE - BOWLING GREEN          ,KY,42101-4063,Proprietary  ,6,41,47,111,530,641
00493403,DAYMAR COLLEGE - CLINTON                ,KY,42031-9998,Proprietary  ,0,0,0,1,13,14
00493406,DAYMAR COLLEGE - RUSSELLVILLE           ,KY,42276-1622,Proprietary  ,1,2,3,23,113,136
00524400,BLUEGRASS COMMUNITY & TECHNICAL COLLEGE ,KY,40506-0235,Public       ,52,257,309,6259,11155,17414
00527100,BOWLING GREEN TECHNICAL COLLEGE         ,KY,42101-3601,Public       ,15,70,85,2309,4103,6412
00527300,GATEWAY COMMUNITY & TECHNOLOGY COLL     ,KY,41011-0000,Public       ,23,107,130,1843,4649,6492
00696000,MAYSVILLE CMNTY & TECHNCL COLG          ,KY,41056-8910,Public       ,21,80,101,1415,3452,4867
00696100,JEFFERSON COMMUNITY AND TECHNICAL COLLEG,KY,40202-2005,Public       ,57,237,294,7741,15375,23116
00696200,HAZARD COMMUNITY COLLEGE                ,KY,41701-2402,Public       ,13,41,54,1516,2798,4314
00696203,KY TECH-KNOTT CO. TECHNOLOGY CTR        ,KY,41822-0000,Public       ,0,0,0,9,29,38
00696204,KY TECH-LESLIE COUNTY AREA TECH CTR     ,KY,41749-0000,Public       ,0,0,0,7,15,22
00696205,KY TECH-LEE COUNTY AREA TECH CTR        ,KY,41311-0000,Public       ,0,1,1,3,4,7
00696206,KY TECH-LETCHER CNTY AREA TECH CTR      ,KY,41858-0000,Public       ,0,1,1,36,70,106
00696207,KY TECH-BREATHITT COUNTY VOC ED CTR     ,KY,41339-0000,Public       ,0,0,0,21,60,81
00736205,MEDTECH COLLEGE - LEXINGTON             ,KY,40511-1200,Proprietary  ,5,62,67,184,1071,1255
00842500,DAYMAR COLLEGE                          ,KY,42001-0000,Proprietary  ,0,1,1,58,291,349
00901000,MADISONVILLE COMMUNITY COLLEGE          ,KY,42431-9199,Public       ,16,68,84,1308,2640,3948
00927500,NORTHERN KENTUCKY UNIVERSITY            ,KY,41099-0001,Public       ,23,79,102,11386,7892,19278
00931300,DAYMAR COLLEGE                          ,KY,42301-5830,Proprietary  ,13,97,110,126,1229,1355
00931302,DAYMAR COLLEGE - LOUISVILLE             ,KY,40219-1973,Proprietary  ,0,0,0,93,560,653
00931304,DAYMAR COLLEGE - ALBANY                 ,KY,42602-1235,Proprietary  ,0,0,0,6,17,23
00931305,DAYMAR COLLEGE - BELLEVUE               ,KY,41073-2416,Proprietary  ,0,2,2,15,63,78
00931308,DAYMAR COLLEGE -  SCOTTSVILLE           ,KY,42164-1505,Proprietary  ,0,0,0,6,56,62
00931309,DAYMAR COLLEGE - LOUISVILLE EAST        ,KY,40245-1629,Proprietary  ,0,0,0,44,270,314
00931310,DAYMAR COLLEGE -  MADISONVILLE          ,KY,42431-0000,Proprietary  ,1,31,32,26,193,219
01042400,SALON PROFESSIONAL ACADEMY THE          ,KY,40502-0000,Proprietary  ,3,17,20,161,492,653
01048901,NATIONAL COLLEGE - FLORENCE CAMPUS      ,KY,41042-1812,Proprietary  ,0,4,4,40,258,298
01048902,NATIONAL COLLEGE - PIKEVILLE CAMPUS     ,KY,41501-1518,Proprietary  ,1,19,20,169,576,745
01048903,NATIONAL COLLEGE - DANVILLE CAMPUS      ,KY,40422-1517,Proprietary  ,0,10,10,52,363,415
01048904,NATIONAL COLLEGE - RICHMOND CAMPUS      ,KY,40475-2309,Proprietary  ,1,12,13,57,411,468
01048906,NATIONAL COLLEGE - LOUISVILLE CAMPUS    ,KY,40216-4147,Proprietary  ,3,21,24,122,864,986
01048907,NATIONAL COLLEGE - LEXINGTON CAMPUS     ,KY,40509-2256,Proprietary  ,5,15,20,98,763,861
01172500,COLLINS SCHOOL OF COSMETOLOGY           ,KY,40965-2809,Proprietary  ,3,5,8,54,120,174
01208800,SULLIVAN COLLEGE OF TECHNOLOGY AND DESIG,KY,40218-4528,Proprietary  ,36,38,74,566,954,1520
01212801,SOUTHWESTERN COLLEGE                    ,KY,41042-1466,Proprietary  ,0,0,0,13,37,50
01272300,KY TECH-WAYNE COUNTY AREA TECH CTR      ,KY,42633-1088,Public       ,0,0,0,3,12,15
02159100,"APPALACHIAN BEAUTY SCHOOL, INC.         ",KY,41503-0000,Proprietary  ,2,4,6,36,69,105
02251500,TREND SETTERS ACAD OF BEAUTY CULT       ,KY,40258-0000,Proprietary  ,7,13,20,91,323,414
02275000,JENNY LEA ACADEMY OF COSMETOLOGY        ,KY,40831-0000,Proprietary  ,0,10,10,77,277,354
02284306,INTERACTIVE LEARNING SYSTEMS            ,KY,41042-0000,Proprietary  ,5,18,23,23,139,162
02323700,PAT WILSON'S BEAUTY COLLEGE             ,KY,42420-0000,Proprietary  ,1,6,7,20,120,140
02337200,PJ'S COLLEGE OF COSMETOLOGY             ,KY,42101-0000,Proprietary  ,5,29,34,127,540,667
02340800,PAUL MITCHELL THE SCHOOL LEXINGTON      ,KY,40514-1545,Proprietary  ,7,13,20,222,393,615
02351700,PAUL MITCHELL THE SCHOOL - LOUISVILLE   ,KY,40222-0000,Proprietary  ,5,15,20,255,436,691
02491100,BECKFIELD COLLEGE                       ,KY,41042-0000,Proprietary  ,18,187,205,407,2832,3239
02518900,BARRETT & COMPANY SCH HAIR DESIGN       ,KY,40356-0000,Proprietary  ,1,6,7,56,131,187
02526100,JENNY LEA ACADEMY OF COSMETOLOGY        ,KY,41858-0000,Proprietary  ,0,1,1,35,76,111
02535600,CLEAR CREEK BAPTIST BIBLE COLLEGE       ,KY,40977-0000,Private      ,0,1,1,45,162,207
02551100,PJ'S COLLEGE OF COSMETOLOGY             ,KY,42141-2434,Proprietary  ,1,4,5,46,125,171
02560800,SOUTHEAST SCHOOL OF COSMETOLOGY         ,KY,40962-0000,Proprietary  ,4,7,11,29,99,128
02576200,MID-CONTINENT UNIVERSITY                ,KY,42066-9007,Private      ,0,0,0,289,2341,2630
03002100,KENTUCKY MOUNTAIN BIBLE COLLEGE         ,KY,41385-0010,Private      ,0,0,0,54,45,99
03007000,FRONTIER SCH OF MIDWIFERY&FAMILY NU     ,KY,41749-0000,Private      ,0,28,28,13,2236,2249
03026200,HEAD'S WEST KENTUCKY BEAUTY COLLEGE     ,KY,42431-0000,Proprietary  ,0,2,2,29,98,127
03029200,NU-TEK ACADEMY OF BEAUTY                ,KY,40353-9767,Proprietary  ,2,2,4,17,51,68
03034500,OWENSBORO COMMUNITY & TECHNICAL COLLEGE ,KY,42303-1899,Public       ,24,71,95,1922,3182,5104
03083700,GALEN HEALTH INSTITUTES                 ,KY,40207-1047,Proprietary  ,11,54,65,985,6829,7814
03516500,EZELL'S COSMETOLOGY SCHOOL              ,KY,42071-2530,Proprietary  ,0,0,0,0,3,3
03611300,BRIGHTON CENTER'S CENTER FOR EMPLOY     ,KY,41071-1968,Private      ,0,18,18,17,138,155
03804300,BELLEFONTE ACADEMY OF BEAUTY            ,KY,41169-2015,Proprietary  ,1,9,10,48,250,298
03885300,EMPLOYMENT SOLUTIONS                    ,KY,40517-3260,Private      ,3,27,30,92,532,624
03886300,REGENCY SCHOOL OF HAIR DESIGN           ,KY,41653-1278,Proprietary  ,0,0,0,23,52,75
04038300,ATA CAREER EDUCATION                    ,KY,40223-3832,Proprietary  ,9,45,54,287,1284,1571
04038701,IDEAL BEAUTY ACADEMY - LOUISVILLE       ,KY,40223-5606,Proprietary  ,1,5,6,13,76,89
04051316,ART INSTITUTE OF PHOENIX (THE) - ATS - (,KY,41017-2136,Proprietary  ,0,3,3,98,481,579
04051319,ART INSTITUTE OF PHOENIX (THE) - BROWN M,KY,40219-1916,Proprietary  ,0,5,5,209,648,857
04051320,ART INSTITUTE OF PHOENIX (THE) - BROWN M,KY,42240-3579,Proprietary  ,2,10,12,66,325,391
04123900,LEXINGTON HEALING ARTS ACADEMY          ,KY,40503-1932,Proprietary  ,1,5,6,51,282,333
04177600,LINDSEY INSTITUTE OF COSMETOLOGY        ,KY,42103-8036,Proprietary  ,1,3,4,76,151,227
04177700,TRI-STATE INSTITUTE OF HAIR DESIGN      ,KY,40744-5234,Proprietary  ,2,4,6,40,158,198
04178000,SIMMONS COLLEGE OF KENTUCKY             ,KY,40203-3322,Private      ,0,11,11,71,315,386
04204800,AMERICAN COLLEGE OF BARBERING           ,KY,40229-2862,Proprietary  ,1,13,14,24,137,161
04229300,MEDQUEST COLLEGE                        ,KY,40243-1882,Proprietary  ,8,29,37,109,253,362
00200300,CENTENARY COLLEGE OF LOUISIANA          ,LA,71104-3396,Private      ,5,5,10,989,468,1457
00200400,DILLARD UNIVERSITY                      ,LA,70122-3097,Private      ,82,31,113,2980,1587,4567
00200500,NICHOLLS STATE UNIVERSITY               ,LA,70310-0001,Public       ,43,76,119,6254,3406,9660
00200600,GRAMBLING STATE UNIVERSITY              ,LA,71245-2215,Public       ,94,88,182,5706,4597,10303
00200700,LOUISIANA COLLEGE                       ,LA,71359-0000,Private      ,5,65,70,1295,867,2162
00200800,LOUISIANA TECH UNIVERSITY               ,LA,71272-0001,Public       ,66,78,144,8814,3758,12572
00201000,LOUISIANA STATE UNIV & A&M COLG         ,LA,70803-5710,Public       ,112,129,241,28928,9701,38629
00201100,LOUISIANA STATE UNIV-ALEXANDRIA         ,LA,71302-9121,Public       ,23,52,75,2512,2368,4880
00201200,LOUISIANA STATE UNIV-EUNICE             ,LA,70535-6726,Public       ,24,43,67,2353,2093,4446
00201300,LOUISIANA STATE UNIV-SHREVEPORT         ,LA,71115-2399,Public       ,24,169,193,3163,5178,8341
00201400,LA STATE UNIV HEALTH SCIENCES CTR       ,LA,70112-2223,Public       ,6,48,54,729,2918,3647
00201500,(THE) UNIVERSITY OF NEW ORLEANS         ,LA,70148-0001,Public       ,61,151,212,7805,8264,16069
00201600,LOYOLA UNIVERSITY NEW ORLEANS           ,LA,70118-6195,Private      ,14,42,56,5439,3288,8727
00201700,MCNEESE STATE UNIVERSITY                ,LA,70609-4510,Public       ,53,69,122,6214,4338,10552
00201900,NEW ORLEANS BAPTIST THEOL SEMINARY      ,LA,70126-0000,Private      ,0,7,7,67,331,398
00202000,UNIVERSITY OF LOUISIANA AT MONROE       ,LA,71209-9001,Public       ,54,106,160,7469,5395,12864
00202100,NORTHWESTERN STATE UNIVERSITY           ,LA,71497-0001,Public       ,65,193,258,6500,6717,13217
00202200,NOTRE DAME SEMINARY                     ,LA,70118-0000,Private      ,0,1,1,15,33,48
00202300,OUR LADY OF HOLY CROSS COLLEGE          ,LA,70131-7399,Private      ,5,34,39,721,1690,2411
00202400,SOUTHEASTERN LOUISIANA UNIV             ,LA,70402-0001,Public       ,107,120,227,12655,6375,19030
00202500,SOUTHERN UNIVERSITY A & M COLLEGE       ,LA,70813-9374,Public       ,136,114,250,8808,7936,16744
00202600,SOUTHERN UNIV NEW ORLEANS               ,LA,70126-0002,Public       ,71,87,158,2667,5409,8076
00202700,ST JOSEPH SEMINARY COLLEGE              ,LA,70457-9990,Private      ,0,1,1,72,30,102
00202900,TULANE UNIVERSITY                       ,LA,70118-5698,Private      ,22,87,109,12620,7862,20482
00203100,UNIV OF LOUISIANA AT LAFAYETTE          ,LA,70504-0001,Public       ,130,129,259,16148,7506,23654
00203200,XAVIER UNIVERSITY OF LOUISIANA          ,LA,70125-1098,Private      ,41,28,69,5191,2259,7450
00462100,AYERS CAREER COLLEGE                    ,LA,71108-5845,Proprietary  ,5,27,32,119,636,755
00462500,DELGADO COMMUNITY COLLEGE               ,LA,70119-0000,Public       ,154,453,607,9704,20568,30272
00546600,LOUISIANA TECHNICAL COLLEGE - T. H.  HAR,LA,70570-6113,Public       ,0,0,0,83,106,189
00546700,SOWELA TECHNICAL COMMUNITY COLLEGE      ,LA,70616-6950,Public       ,28,55,83,1866,2633,4499
00546702,SOWELA TECHNICAL COMMUNITY COLLEGE - MOR,LA,70546-1327,Public       ,4,4,8,105,207,312
00546800,LOUISIANA TECHNICAL COLLEGE - ACADIAN CA,LA,70526-3215,Public       ,0,0,0,19,45,64
00548000,"LOUISIANA TECHNICAL COLLEGE, HUEY P. LON",LA,71483-3599,Public       ,0,0,0,1,0,1
00548100,LOUISIANA TECHNICAL COLLEGE - HAMMOND AR,LA,70401-9501,Public       ,0,0,0,1,0,1
00548200,LOUISIANA TECHNICAL COLLEGE - GULF AREA ,LA,70510-0878,Public       ,0,0,0,32,66,98
00548400,LOUISIANA TECHNICAL COLLEGE - EVANGELINE,LA,70582-3104,Public       ,0,0,0,19,24,43
00548800,CAPITAL AREA TECHNICAL COLLEGE          ,LA,70807-0000,Public       ,10,50,60,448,1098,1546
00548808,LOUISIANA TECHNICAL COLLEGE - CHARLES B.,LA,70586-0296,Public       ,0,0,0,27,36,63
00548812,LOUISIANA TECH COLG-FOLKES CAMPUS       ,LA,70748-0000,Public       ,2,4,6,41,70,111
00548817,LOUISIANA TEC CLG-JUMONVILLE MEM CP     ,LA,70760-0000,Public       ,2,0,2,30,62,92
00548818,LOUISIANA TECHNICAL COLLEGE - LAFAYETTE ,LA,70502-4909,Public       ,0,0,0,97,196,293
00548832,LOUISIANA TECH COLG-SHELBY JACKSON      ,LA,71334-0000,Public       ,0,0,0,1,1,2
00548839,LOUISIANA TECHNICAL COLLEGE - TECHE AREA,LA,70562-1057,Public       ,0,0,0,58,87,145
00548842,LOUISIANA TECHNICAL COLLEGE - WESTSIDE C,LA,70765-0733,Public       ,0,3,3,42,104,146
00548900,CENTRAL LOUISIANA TECHNICAL COLLEGE     ,LA,71302-3137,Public       ,26,63,89,653,1612,2265
00552600,SOUTH CENTRAL LOUISIANA TECHNICAL COLG  ,LA,70381-2148,Public       ,5,18,23,149,404,553
00552602,SOUTH CENTRAL LOUISIANA TECHNICAL COLG  ,LA,70302-4336,Public       ,2,25,27,133,244,377
00552603,SOUTH CENTRAL LOUISIANA TECHNICAL COLG  ,LA,70084-6632,Public       ,9,28,37,483,795,1278
00576100,L. E. FLETCHER TECHNICAL COMMUNITY COLLE,LA,70360-2863,Public       ,20,35,55,1351,1554,2905
00675600,NORTHSHORE TECHNICAL COLLEGE            ,LA,70427-5866,Public       ,28,50,78,985,1558,2543
00768600,SOUTHERN UNIV AT SHREVEPORT/BOSSIER     ,LA,71107-4795,Public       ,114,94,208,2140,3709,5849
00806700,LSU HEALTH SCIENCES CENTR-SHREVEPOR     ,LA,71130-3932,Public       ,5,22,27,369,1272,1641
00989800,DEMMON SCHOOL OF BEAUTY                 ,LA,70607-2128,Proprietary  ,7,5,12,46,117,163
00997500,NORTHWEST LOUISIANA TECHNICAL COLLEGE   ,LA,71055-2422,Public       ,14,29,43,332,594,926
00997503,NORTHWEST LOUISIANA TECHNICAL COLLEGE   ,LA,71137-8527,Public       ,11,48,59,416,1419,1835
00997504,NORTHWEST LOUISIANA TECHNICAL COLLEGE   ,LA,71052-1236,Public       ,6,6,12,106,230,336
00997505,NORTHWEST LOUISIANA TECHNICAL COLLEGE   ,LA,71449-0790,Public       ,0,4,4,58,133,191
00997506,NORTHWEST LOUISIANA TECHNICAL COLLEGE   ,LA,71458-0657,Public       ,3,13,16,213,387,600
01109700,CLOYD'S BEAUTY SCHOOL #1                ,LA,71291-3131,Proprietary  ,1,9,10,45,170,215
01163100,"D-JAY'S SCHL OF BEAUTY, ARTS & SCI      ",LA,70806-0000,Proprietary  ,1,12,13,57,157,214
01184100,JOHN JAY BEAUTY COLLEGE                 ,LA,70124-2592,Proprietary  ,4,2,6,122,281,403
01282300,PAT GOINS RUSTON BEAUTY SCHOOL          ,LA,71270-4301,Proprietary  ,2,5,7,35,77,112
01287900,PAT GOINS BENTON ROAD BEAUTY SCHOOL     ,LA,71111-4838,Proprietary  ,5,7,12,32,116,148
01288000,CELEBRITY STYLIST BEAUTY SCHOOL         ,LA,71201-5167,Proprietary  ,0,9,9,43,124,167
01288001,CELEBRITY STYLIST BEAUTY SCHOOL - CELEBR,LA,71201-5133,Proprietary  ,0,2,2,0,2,2
02055400,BOSSIER PARISH COMMUNITY COLLEGE        ,LA,71111-0000,Public       ,95,209,304,4226,7647,11873
02055500,DELTA SCH OF BUSINESS & TECHNOLOGY      ,LA,70601-0000,Proprietary  ,1,13,14,169,462,631
02117800,AVEDA INSTITUTE LAFAYETTE               ,LA,70503-3246,Proprietary  ,5,16,21,182,314,496
02166100,NUNEZ COMMUNITY COLLEGE                 ,LA,70043-0000,Public       ,18,62,80,953,2379,3332
02166200,ITI TECHNICAL COLLEGE                   ,LA,70817-0000,Proprietary  ,13,52,65,617,1167,1784
02197500,BATON ROUGE SCHOOL OF COMPUTERS         ,LA,70809-8188,Proprietary  ,0,5,5,84,214,298
02234000,CAMERON COLLEGE                         ,LA,70119-0000,Proprietary  ,6,27,33,128,525,653
02258400,AVEDA INSTITUTE BATON ROUGE             ,LA,70816-2246,Proprietary  ,15,17,32,253,395,648
02260200,DIESEL DRIVING ACADEMY                  ,LA,71109-5617,Proprietary  ,13,56,69,105,717,822
02265600,JOHN JAY KENNER ACADEMY                 ,LA,70062-0000,Proprietary  ,2,6,8,54,162,216
02269300,STEVENSON'S ACADEMY OF HAIR DESIGN      ,LA,70116-0000,Proprietary  ,0,7,7,91,272,363
02327800,PINEVILLE BEAUTY SCHOOL                 ,LA,71360-0000,Proprietary  ,0,4,4,65,132,197
02335700,BATON ROUGE GENERAL MEDICAL CENTER      ,LA,70806-3889,Private      ,2,1,3,140,255,395
02335701,BATON ROUGE GEN MED CTR SCH NSG         ,LA,70821-0000,Private      ,2,7,9,142,393,535
02335702,BATON ROUGE GEN MED CTR-RAD TECH        ,LA,70806-0000,Private      ,3,5,8,95,218,313
02338000,"CLOYD'S BEAUTY SCHOOL #2, INC           ",LA,71202-3539,Proprietary  ,3,11,14,73,171,244
02352500,"CLOYD'S BEAUTY SCHOOL #3, INC           ",LA,71201-3211,Proprietary  ,1,12,13,58,162,220
02358600,"STAGE ONE THE HAIR SCHOOL, INC.         ",LA,70605-0000,Proprietary  ,8,6,14,112,191,303
02518300,SOUTH LOUISIANA BEAUTY COLLEGE          ,LA,70363-0000,Proprietary  ,2,6,8,44,86,130
02536400,LOUISIANA ACADEMY OF BEAUTY             ,LA,70535-0000,Proprietary  ,0,5,5,36,89,125
02538300,DELTA COLLEGE OF ARTS & TECH INC        ,LA,70806-1529,Proprietary  ,5,17,22,310,864,1174
02538301,DELTA COLLEGE OF ARTS & TECHNOLOGY - LAF,LA,70508-6831,Proprietary  ,5,19,24,172,544,716
02548500,COSMETOLOGY TRAINING CENTER             ,LA,70503-0000,Proprietary  ,1,4,5,131,161,292
02554800,VANGUARD COLLEGE OF COSMETOLOGY         ,LA,70458-8823,Proprietary  ,20,20,40,256,350,606
02582200,"GUY'S ACADEMY HAIR, SKIN & NAILS        ",LA,71105-2404,Proprietary  ,8,5,13,82,161,243
02600900,AVEDA INSTITUTE                         ,LA,70433-2922,Proprietary  ,90,125,215,1564,2340,3904
02601000,AMERICAN SCHOOL OF BUSINESS             ,LA,71105-5646,Proprietary  ,2,18,20,56,284,340
02601100,OPELOUSAS SCHOOL OF COSMETOLOGY         ,LA,70570-6156,Proprietary  ,2,3,5,39,68,107
02619200,DENHAM SPRINGS BEAUTY COLLEGE           ,LA,70726-3829,Proprietary  ,2,7,9,49,126,175
03010400,CRESCENT CITY SCH GAMING & BARTENDG     ,LA,70119-5507,Proprietary  ,7,100,107,130,1153,1283
03010624,VIRGINIA COLLEGE - BATON ROUGE          ,LA,70815-8604,Proprietary  ,10,30,40,197,669,866
03023500,CAMELOT CAREER COLLEGE                  ,LA,70805-7539,Proprietary  ,18,21,39,137,427,564
03026514,REMINGTON COLLEGE - LAFAYETTE           ,LA,70508-5760,Private      ,3,14,17,174,415,589
03026515,REMINGTON COLLEGE - BATON ROUGE         ,LA,70816-4040,Private      ,0,3,3,172,371,543
03027300,BLALOCK'S PROFESSIONAL BEAUTY COLLEGE   ,LA,71108-3246,Proprietary  ,1,3,4,26,92,118
03030900,DIESEL DRIVING ACADEMY                  ,LA,70815-8109,Proprietary  ,8,77,85,115,823,938
03106200,OUR LADY OF THE LAKE COLLEGE            ,LA,70808-4345,Private      ,10,70,80,1235,2292,3527
03294300,BLUE CLIFF SCH THERAPEUTIC MASSAGE      ,LA,70002-3458,Proprietary  ,67,293,360,876,3940,4816
03294303,BLUE CLIFF COLLEGE - LAFAYETTE          ,LA,70508-3256,Proprietary  ,4,17,21,133,419,552
03294306,BLUE CLIFF COLLEGE - SHREVEPORT         ,LA,71105-6520,Proprietary  ,6,37,43,119,557,676
03332600,DELTA COLLEGE                           ,LA,70433-9042,Proprietary  ,3,18,21,185,486,671
03332601,DELTA COLLEGE - SLIDELL                 ,LA,70460-2624,Proprietary  ,2,12,14,202,689,891
03356300,MEDICAL TRAINING COLLEGE                ,LA,70816-5820,Proprietary  ,6,26,32,224,544,768
03480300,FORTIS COLLEGE - BATON ROUGE            ,LA,70809-1908,Proprietary  ,6,37,43,163,607,770
03498400,OMEGA INSTITUTE OF COSMETOLOGY          ,LA,70360-0000,Proprietary  ,1,5,6,67,81,148
03727500,MOORE CAREER COLLEGE                    ,LA,70808-4191,Proprietary  ,0,8,8,36,159,195
03730300,BATON ROUGE COMMUNITY COLLEGE           ,LA,78806-4129,Public       ,118,232,350,7081,8451,15532
03789300,UNITECH TRAINING ACADEMY                ,LA,70503-5132,Proprietary  ,29,108,137,335,1125,1460
03789301,UNITECH TRAINING ACADEMY - WEST MONROE  ,LA,71291-2913,Proprietary  ,8,60,68,144,772,916
03789302,UNITECH TRAINING ACADEMY - HOUMA        ,LA,70363-5556,Proprietary  ,10,26,36,126,319,445
03789303,UNITECH TRAINING ACADEMY -  ALEXANDRIA  ,LA,71303-3625,Proprietary  ,15,43,58,149,483,632
03789304,UNITECH TRAINING ACADEMY - LAKE CHARLES ,LA,70601-7887,Proprietary  ,16,43,59,179,519,698
03789400,RIVER PARISHES COMMUNITY COLLEGE        ,LA,70778-0310,Public       ,19,41,60,1150,1290,2440
03795300,CASSIA BEAUTY COLLEGE                   ,LA,70126-0000,Proprietary  ,2,2,4,48,86,134
03810500,COURT REPORTING INSTITUTE OF LOUISI     ,LA,70816-0000,Proprietary  ,1,4,5,17,104,121
03956300,SOUTH LOUISIANA COMMUNITY COLLEGE       ,LA,70506-0000,Public       ,74,139,213,3943,4876,8819
04040300,COMPASS CAREER COLLEGE                  ,LA,70403-0653,Proprietary  ,10,18,28,236,539,775
04112300,LOUISIANA CULINARY INSTITUTE            ,LA,70816-4109,Proprietary  ,6,13,19,290,422,712
04130100,LOUISIANA DELTA COMMUNITY COLLEGE       ,LA,71203-3618,Public       ,53,136,189,2281,4189,6470
04149500,A & W HEALTHCARE EDUCATORS              ,LA,70122-3146,Proprietary  ,1,4,5,71,457,528
04151600,MY-LE'S BEAUTY COLLEGE                  ,LA,70056-3150,Proprietary  ,0,10,10,29,162,191
04217000,HEALTHCARE TRAINING INSTITUTE           ,LA,70062-7630,Proprietary  ,0,12,12,38,229,267
04225900,SETTING THE STANDARD BARBERING AND NATUR,LA,71109-4124,Proprietary  ,1,3,4,12,64,76
04226000,BOS-MAN'S BARBER COLLEGE                ,LA,71106-2653,Proprietary  ,0,1,1,23,119,142
04234600,PARK PLACE PREMIER BARBER SCHOOL        ,LA,70122-3808,Proprietary  ,1,6,7,25,87,112
04245400,INFINITY COLLEGE                        ,LA,70501-8833,Proprietary  ,1,4,5,1,4,5
00143600,CAPITOL COLLEGE                         ,MD,20708-9759,Private      ,0,12,12,481,653,1134
00205700,ALLEGANY COLLEGE OF MARYLAND            ,MD,21502-2596,Public       ,17,44,61,2769,2341,5110
00205800,ANNE ARUNDEL COMMUNITY COLLEGE          ,MD,21012-1895,Public       ,49,231,280,5806,9987,15793
00206100,BALTIMORE CITY COMMUNITY COLLEGE        ,MD,21215-7893,Public       ,33,143,176,4218,11477,15695
00206200,BOWIE STATE UNIVERSITY                  ,MD,20715-9465,Public       ,27,41,68,8134,6940,15074
00206300,COMMUNITY COLLEGE OF BALTIMORE COUNTY   ,MD,21228-5381,Public       ,96,347,443,11056,19710,30766
00206400,COLLEGE OF SOUTHERN MARYLAND            ,MD,20646-0910,Public       ,31,102,133,4294,6053,10347
00206500,NOTRE DAME OF MARYLAND UNIVERSITY       ,MD,21210-2476,Private      ,3,25,28,1187,2347,3534
00206700,WASHINGTON ADVENTIST UNIVERSITY         ,MD,20912-7796,Private      ,2,18,20,960,1153,2113
00206800,COPPIN STATE UNIVERSITY                 ,MD,21216-3698,Public       ,14,63,77,4243,6327,10570
00207100,FREDERICK COMMUNITY COLLEGE             ,MD,21702-9745,Public       ,20,67,87,2522,3494,6016
00207200,FROSTBURG STATE UNIVERSITY              ,MD,21532-1099,Public       ,10,16,26,7121,2133,9254
00207300,GOUCHER COLLEGE                         ,MD,21204-2794,Private      ,2,11,13,3264,1124,4388
00207400,HAGERSTOWN COMMUNITY COLLEGE            ,MD,21742-6514,Public       ,22,73,95,2322,3663,5985
00207500,HARFORD COMMUNITY COLLEGE               ,MD,21015-1696,Public       ,26,72,98,2837,3474,6311
00207600,HOOD COLLEGE                            ,MD,21701-8575,Private      ,5,20,25,2289,1026,3315
00207700,JOHNS HOPKINS UNIVERSITY                ,MD,21218-2693,Private      ,5,39,44,10786,2850,13636
00207702,JOHNS HOPKINS UNIV SCH ARTS/SCI/ENG     ,MD,21218-0000,Private      ,5,109,114,5062,2838,7900
00207703,JOHNS HOPKINS UNIV SCH OF BUS/ED        ,MD,21046-0000,Private      ,0,39,39,82,1458,1540
00207705,JOHNS HOPKINS BLOOMBERG SCH OF PH       ,MD,21205-0000,Private      ,0,13,13,89,1885,1974
00207706,JOHNS HOPKINS UNIV SCH OF MEDICINE      ,MD,21205-0000,Private      ,4,11,15,415,1199,1614
00207707,JOHNS HOPKINS UNIV SCH OF NURSING       ,MD,21205-0000,Private      ,2,20,22,427,1785,2212
00207708,JOHNS HOPKINS UNIV PEABODY CONSERV      ,MD,21202-2397,Private      ,1,7,8,530,471,1001
00207764,JOHNS HOPKINS UNIVERSITY - CAREY BUSINES,MD,21202-4649,Private      ,1,9,10,82,900,982
00207800,LOYOLA UNIVERSITY MARYLAND              ,MD,21210-2699,Private      ,7,36,43,10261,3151,13412
00208000,MARYLAND INST COLLEGE OF ART            ,MD,21217-4191,Private      ,1,6,7,2949,1091,4040
00208300,MORGAN STATE UNIVERSITY                 ,MD,21251-0002,Public       ,32,58,90,10874,7996,18870
00208600,MOUNT SAINT MARY'S UNIVERSITY           ,MD,21727-7799,Private      ,2,9,11,4181,562,4743
00208700,NER ISRAEL RABBINICAL COLLEGE           ,MD,21208-1198,Private      ,7,7,14,118,68,186
00208900,PRINCE GEORGES COMMUNITY COLLEGE        ,MD,20774-2199,Public       ,79,184,263,8037,13862,21899
00209100,SALISBURY UNIVERSITY                    ,MD,21801-6862,Public       ,16,17,33,12048,2887,14935
00209200,ST JOHN'S COLLEGE                       ,MD,21404-0000,Private      ,2,4,6,573,234,807
00209500,ST. MARY'S COLLEGE OF MARYLAND          ,MD,20686-3001,Public       ,4,6,10,2710,418,3128
00209600,ST MARY'S SEMINARY & UNIV               ,MD,21210-1994,Private      ,0,2,2,32,86,118
00209900,TOWSON UNIVERSITY                       ,MD,21252-0002,Public       ,42,69,111,27027,10201,37228
00210200,UNIVERSITY OF BALTIMORE                 ,MD,21201-5779,Public       ,10,66,76,2530,8453,10983
00210300,"UNIVERSITY OF MARYLAND, COLLEGE PARK    ",MD,20742-5145,Public       ,46,155,201,35634,15971,51605
00210400,"UNIVERSITY OF MARYLAND, BALTIMORE       ",MD,21201-1691,Public       ,14,78,92,5267,12233,17500
00210500,UMBC                                    ,MD,21250-0002,Public       ,25,69,94,11713,7161,18874
00210600,UNIVERSITY MARYLAND EASTERN SHORE       ,MD,21853-4053,Public       ,19,21,40,6062,2710,8772
00210700,STEVENSON UNIVERSITY                    ,MD,21153-0641,Private      ,9,30,39,6594,2497,9091
00210800,WASHINGTON COLLEGE                      ,MD,21620-1197,Private      ,3,3,6,2603,167,2770
00210900,MCDANIEL COLLEGE                        ,MD,21157-4390,Private      ,1,11,12,3407,813,4220
00458612,KAPLAN COLLEGE                          ,MD,21742-2797,Proprietary  ,15,99,114,262,2376,2638
00465000,CHESAPEAKE COLLEGE                      ,MD,21679-0008,Public       ,8,45,53,1383,1804,3187
00691100,MONTGOMERY COLLEGE                      ,MD,20850-1195,Public       ,67,235,302,13367,14028,27395
00734100,INTERNATIONAL BEAUTY SCHOOL             ,MD,21502-2370,Proprietary  ,0,0,0,18,143,161
00744700,DEL-MAR-VA BEAUTY ACADEMY               ,MD,21804-0000,Proprietary  ,1,5,6,67,169,236
00749100,TESST COLLEGE OF TECHNOLOGY             ,MD,21227-1063,Proprietary  ,19,73,92,475,1648,2123
00793600,LINCOLN TECHNICAL INSTITUTE             ,MD,21046-1544,Proprietary  ,53,74,127,715,1047,1762
00817500,HOWARD COMMUNITY COLLEGE                ,MD,21044-3197,Public       ,52,113,165,4588,5891,10479
00826300,AWARD BEAUTY SCHOOL                     ,MD,21740-5624,Proprietary  ,6,45,51,70,491,561
00830800,CECIL COLLEGE                           ,MD,21901-1999,Public       ,6,37,43,1308,1753,3061
00907906,EVEREST COLLEGE- EVEREST INSTITUTE      ,MD,20910-3737,Proprietary  ,0,0,0,237,747,984
01001400,GARRETT COMMUNITY COLLEGE               ,MD,21541-1265,Public       ,5,4,9,952,386,1338
01031900,FORTIS INSTITUTE                        ,MD,21204-2538,Proprietary  ,37,136,173,743,3127,3870
01041000,TESST COLLEGE OF TECHNOLOGY             ,MD,21286-2201,Proprietary  ,9,43,52,229,751,980
01164400,UNIV OF MARYLAND UNIVERSITY COLLEGE     ,MD,20783-8078,Public       ,54,1632,1686,3361,47493,50854
01164402,U OF MD UNIVERSITY COLLEGE - EUROPE     ,MD,20832-0000,Public       ,1,26,27,340,1017,1357
01164404,U OF MD UNIVERSITY COLLEGE - ASIA       ,MD,31207-0000,Public       ,1,48,49,115,1274,1389
02073900,WOR-WIC COMMUNITY COLLEGE               ,MD,21804-0000,Public       ,9,80,89,1724,3056,4780
02083600,TESST COLLEGE OF TECHNOLOGY             ,MD,20705-2698,Proprietary  ,17,42,59,263,770,1033
02127900,SOJOURNER DOUGLASS COLLEGE              ,MD,21205-0000,Private      ,0,9,9,258,2718,2976
02155100,MARYLAND COLLEGE OF ART AND DESIGN      ,MD,20902-0000,Private      ,0,3,3,170,218,388
02269700,"COLORLAB ACADEMY OF HAIR, THE           ",MD,21014-3639,Proprietary  ,0,1,1,54,99,153
02331000,MARYLAND BEAUTY ACADEMY OF ESSEX        ,MD,21221-0000,Proprietary  ,4,9,13,121,315,436
02333000,HAIR ACADEMY                            ,MD,20784-0000,Proprietary  ,8,68,76,198,753,951
02343800,MONTGOMERY BEAUTY SCHOOL                ,MD,20901-0000,Proprietary  ,3,22,25,104,328,432
02494700,BALTIMORE STUDIO OF HAIR DESIGN         ,MD,21201-0000,Proprietary  ,2,16,18,118,396,514
02495000,ROBERT PAUL ACAD COSMTGY ARTS & SCI     ,MD,21093-0000,Proprietary  ,3,3,6,68,91,159
02495100,MARYLAND BEAUTY ACADEMY                 ,MD,21136-0000,Proprietary  ,0,0,0,31,91,122
02545400,NORTH AMERICAN TRADE SCHOOLS            ,MD,21244-0069,Proprietary  ,18,46,64,284,1465,1749
02573800,"L' ACADEMIE DE CUISINE, INC.            ",MD,20877-0000,Proprietary  ,0,1,1,95,313,408
02578400,MARYLAND UNIVERSITY OF INTEGRATIVE HEALT,MD,20723-6010,Private      ,1,17,18,35,909,944
03027200,BLADES SCHOOL OF HAIR DESIGN            ,MD,20619-0226,Proprietary  ,5,8,13,48,150,198
03064900,AARON'S ACADEMY OF BEAUTY               ,MD,20602-2715,Proprietary  ,0,3,3,57,137,194
03097200,AESTHETICS INSTITUTE OF COSMETOLOGY     ,MD,20877-1305,Proprietary  ,1,9,10,45,158,203
03100700,CARROLL COMMUNITY COLLEGE               ,MD,21157-6913,Public       ,9,25,34,1489,1702,3191
03148300,AMERICAN BEAUTY ACADEMY                 ,MD,20902-1911,Proprietary  ,34,114,148,394,1023,1417
03296300,BALTIMORE SCHOOL OF MASSAGE             ,MD,21090-2261,Proprietary  ,15,76,91,210,829,1039
03327300,NEW CREATIONS ACADEMY OF HAIR DSN       ,MD,20746-0000,Proprietary  ,9,46,55,64,224,288
03455500,NATIONAL LABOR COLLEGE                  ,MD,20903-1790,Private      ,0,0,0,5,51,56
03493300,ALL-STATE CAREER SCHOOL                 ,MD,21224-6658,Proprietary  ,29,161,190,579,2634,3213
03667300,FAITH THEOLOGICAL SEMINARY              ,MD,21212-2624,Private      ,0,9,9,5,189,194
03822400,MAPLE SPRINGS BAPTIST BIBLE COLLEGE & SE,MD,20743-5711,Private      ,0,0,0,7,68,75
03937300,YESHIVA COLLEGE OF THE NATION'S CAPITAL ,MD,20902-1700,Private      ,0,0,0,15,36,51
03965500,HAIR EXPRESSIONS ACADEMY                ,MD,20852-1729,Proprietary  ,9,15,24,174,300,474
04121600,FILA ACADEMY (THE)                      ,MD,21061-1634,Proprietary  ,0,0,0,14,35,49
04139700,FREDERICK SCHOOL OF COSMETOLOGY         ,MD,21701-0000,Proprietary  ,2,2,4,44,89,133
04141600,OMEGA STUDIOS' SCHOOL OF APPLIED RECORDI,MD,20852-1731,Proprietary  ,5,7,12,105,209,314
04151800,TEMPLE (THE): A PAUL MITCHELL PARTNER SC,MD,21701-5409,Proprietary  ,9,12,21,172,233,405
04167602,FINGER LAKES SCHOOL OF MASSAGE (THE)    ,MD,21701-3030,Proprietary  ,0,10,10,23,144,167
04168900,HOLISTIC MASSAGE TRAINING INSTITUTE     ,MD,21218-2407,Proprietary  ,0,10,10,30,195,225
04171501,COSMOPOLITAN BEAUTY & TECH SCHOOL -     ,MD,20143-3370,Proprietary  ,0,3,3,24,80,104
04188400,BAIS HAMEDRASH AND MESIVTA OF BALTIMORE ,MD,21209-1613,Private      ,9,0,9,53,16,69
04204000,ASPEN BEAUTY ACADEMY - LAUREL           ,MD,20724-2013,Proprietary  ,3,6,9,50,164,214
04209600,INSTITUTE OF HEALTH SCIENCES            ,MD,21031-1408,Proprietary  ,1,24,25,33,271,304
04211700,HARMON'S BEAUTY SCHOOL                  ,MD,20785-2135,Proprietary  ,1,5,6,30,93,123
00211400,AMERICAN INTERNATIONAL COLLEGE          ,MA,01109-3189,Private      ,4,20,24,2251,3377,5628
00211500,AMHERST COLLEGE                         ,MA,01002-5000,Private      ,3,1,4,4738,395,5133
00211600,ANDOVER NEWTON THEOLOGICAL SCHOOL       ,MA,02459-0000,Private      ,0,1,1,3,201,204
00211700,ANNA MARIA COLLEGE                      ,MA,01612-1198,Private      ,0,24,24,1858,856,2714
00211800,ASSUMPTION COLLEGE                      ,MA,01615-1294,Private      ,1,9,10,4753,1021,5774
00212000,MERRIMACK COLLEGE                       ,MA,01845-5800,Private      ,4,7,11,6807,714,7521
00212100,BABSON COLLEGE                          ,MA,02457-0310,Private      ,2,8,10,2990,688,3678
00212200,BAY PATH COLLEGE                        ,MA,01106-2212,Private      ,1,47,48,1019,3022,4041
00212300,BECKER COLLEGE-WORCESTER                ,MA,01615-0071,Private      ,7,25,32,2925,1287,4212
00212400,BENTLEY UNIVERSITY                      ,MA,02452-4705,Private      ,2,12,14,6369,831,7200
00212600,BERKLEE COLLEGE OF MUSIC                ,MA,02215-3693,Private      ,16,17,33,4818,2085,6903
00212800,BOSTON COLLEGE                          ,MA,02467-3800,Private      ,12,12,24,16697,5638,22335
00212900,BOSTON CONSERVATORY OF MUSIC            ,MA,02215-9830,Private      ,0,2,2,1137,383,1520
00213000,BOSTON UNIVERSITY                       ,MA,02215-1789,Private      ,17,88,105,39011,17619,56630
00213300,BRANDEIS UNIVERSITY                     ,MA,02453-2728,Private      ,2,9,11,6546,1569,8115
00213900,CLARK UNIVERSITY                        ,MA,01610-1473,Private      ,2,4,6,4807,900,5707
00214000,ELMS COLLEGE                            ,MA,01013-2839,Private      ,2,5,7,1456,1237,2693
00214100,COLLEGE OF THE HOLY CROSS               ,MA,01610-2395,Private      ,1,2,3,5019,191,5210
00214300,CURRY COLLEGE                           ,MA,02186-2395,Private      ,5,14,19,5440,1626,7066
00214400,DEAN COLLEGE                            ,MA,02038-1994,Private      ,8,1,9,1986,349,2335
00214500,EASTERN NAZARENE COLLEGE                ,MA,02170-2999,Private      ,3,11,14,917,783,1700
00214507,EASTERN NAZARENE COLLEGE - OLD COLONY CA,MA,02170-3831,Private      ,0,0,0,47,369,416
00214600,EMERSON COLLEGE                         ,MA,02116-4624,Private      ,6,5,11,7959,1560,9519
00214700,EMMANUEL COLLEGE                        ,MA,02115-5798,Private      ,6,6,12,5047,525,5572
00214800,ENDICOTT COLLEGE                        ,MA,01915-2098,Private      ,4,19,23,5135,1118,6253
00214900,EPISCOPAL DIVINITY SCHOOL               ,MA,02138-0000,Private      ,0,9,9,0,84,84
00215000,FISHER COLLEGE                          ,MA,02116-1500,Private      ,13,52,65,1711,1809,3520
00215100,BENJAMIN FRANKLIN INSTITUTE OF TECH     ,MA,02116-6296,Public       ,1,0,1,604,509,1113
00215300,GORDON COLLEGE                          ,MA,01984-1899,Private      ,7,4,11,2380,249,2629
00215400,HELLENIC COLLEGE                        ,MA,02445-7496,Private      ,0,0,0,64,118,182
00215500,HARVARD UNIVERSITY                      ,MA,02138-3800,Private      ,1,11,12,4413,1091,5504
00215501,AMRCN REPERTORY THTR INST ADV THTR      ,MA,02138-0000,Private      ,0,1,1,6,114,120
00215502,HARVARD BUSINESS SCHOOL                 ,MA,02163-0000,Private      ,0,11,11,251,1679,1930
00215503,HARVARD EXTENSION SCHOOL                ,MA,02138-0000,Private      ,2,29,31,166,1927,2093
00215504,HARVARD SCH OF DENTAL MEDICINE          ,MA,02115-0000,Private      ,0,1,1,29,209,238
00215505,HARVARD UNIV GRAD SCH DESIGN            ,MA,02138-0000,Private      ,0,0,0,24,1055,1079
00215506,HARVARD DIVINITY SCHOOL                 ,MA,02138-0000,Private      ,0,1,1,19,589,608
00215507,HARVARD UNIV GRAD SCH ED                ,MA,02138-0000,Private      ,0,2,2,7,1259,1266
00215508,HARVARD UNIV GRAD S OF ARTS & SCIEN     ,MA,02138-0000,Private      ,0,4,4,63,839,902
00215509,HARVARD KENNEDY SCHOOL                  ,MA,02138-0000,Private      ,0,4,4,13,1239,1252
00215510,HARVARD LAW SCHOOL                      ,MA,02138-0000,Private      ,0,4,4,129,3208,3337
00215511,HARVARD UNIV MEDICAL SCHOOL             ,MA,02115-0000,Private      ,0,3,3,203,1109,1312
00215512,HARVARD UNIV SCH PUBLIC HEALTH          ,MA,02115-0000,Private      ,0,2,2,42,1127,1169
00215513,HARVARD UNIVERSITY-HARVARD COLLEGE      ,MA,02138-0000,Private      ,14,13,27,19231,1471,20702
00215700,HEBREW COLLEGE                          ,MA,02459-2237,Private      ,0,1,1,2,111,113
00215800,LASELL COLLEGE                          ,MA,02466-2716,Private      ,7,11,18,3187,613,3800
00216000,LESLEY UNIVERSITY                       ,MA,02138-2790,Private      ,4,128,132,3030,3630,6660
00216100,UMASS LOWELL                            ,MA,01854-3089,Public       ,30,100,130,15641,7462,23103
00216400,NEW ENGLAND COLLEGE OF OPTOMETRY        ,MA,02115-1129,Private      ,0,0,0,14,445,459
00216500,MASS. COLLEGE OF PHARMACY  & HEALTH SCIE,MA,02115-5804,Private      ,3,21,24,5865,4558,10423
00216700,BERKSHIRE COMMUNITY COLLEGE             ,MA,01201-5786,Public       ,3,11,14,1009,1545,2554
00216800,CAPE COD COMMUNITY COLLEGE              ,MA,02668-1599,Public       ,7,20,27,1642,2626,4268
00216900,GREENFIELD COMMUNITY COLLEGE            ,MA,01301-9739,Public       ,3,18,21,935,1712,2647
00217000,HOLYOKE COMMUNITY COLLEGE               ,MA,01040-1099,Public       ,25,63,88,4094,5119,9213
00217100,MASSACHUSETTS BAY COMMUNITY COLLEGE     ,MA,02181-0000,Public       ,20,69,89,2460,3217,5677
00217200,MOUNT WACHUSETT COMMUNITY COLLEGE       ,MA,01440-1000,Public       ,22,97,119,2201,3735,5936
00217300,NORTH SHORE COMMUNITY COLLEGE           ,MA,01923-4093,Public       ,11,82,93,3649,5149,8798
00217400,NORTHERN ESSEX COMMUNITY COLLEGE        ,MA,01830-2399,Public       ,36,129,165,3774,4944,8718
00217500,QUINSIGAMOND COMMUNITY COLLEGE          ,MA,01606-2092,Public       ,38,107,145,4726,7091,11817
00217600,BRISTOL COMMUNITY COLLEGE               ,MA,02720-7399,Public       ,30,118,148,4962,6711,11673
00217700,MASSASOIT COMMUNITY COLLEGE             ,MA,02302-3996,Public       ,14,59,73,4026,5191,9217
00217800,MASSACHUSETTS INST OF TECHNOLOGY        ,MA,02139-4307,Private      ,6,41,47,12822,3266,16088
00218000,MASSACHUSETTS COLLEGE OF ART AND DESIGN ,MA,02115-5803,Public       ,4,4,8,2618,933,3551
00218100,MASSACHUSETTS MARITIME ACADEMY          ,MA,02532-3400,Public       ,7,2,9,1698,194,1892
00218300,BRIDGEWATER STATE UNIVERSITY            ,MA,02325-0001,Public       ,18,40,58,12491,4425,16916
00218400,FITCHBURG STATE UNIVERSITY              ,MA,01420-2697,Public       ,11,24,35,6769,2029,8798
00218500,FRAMINGHAM STATE COLLEGE                ,MA,01702-2471,Public       ,8,15,23,7549,1917,9466
00218700,MASSACHUSETTS CLG OF LIBERAL ARTS       ,MA,01247-4100,Public       ,4,4,8,2636,607,3243
00218800,SALEM STATE UNIVERSITY                  ,MA,01970-5353,Public       ,82,49,131,9763,4781,14544
00218900,WESTFIELD STATE UNIVERSITY              ,MA,01086-1630,Public       ,10,10,20,8547,2256,10803
00219000,WORCESTER STATE COLLEGE                 ,MA,01602-2597,Public       ,8,23,31,6883,2960,9843
00219200,MOUNT HOLYOKE COLLEGE                   ,MA,01075-1492,Private      ,2,2,4,2533,359,2892
00219300,MOUNT IDA COLLEGE                       ,MA,02459-3323,Private      ,3,2,5,1924,473,2397
00219400,NEW ENGLAND CONSERVATORY OF MUSIC       ,MA,02115-5018,Private      ,0,0,0,748,600,1348
00219700,NICHOLS COLLEGE                         ,MA,01571-6346,Private      ,2,5,7,2364,467,2831
00219900,NORTHEASTERN UNIVERSITY                 ,MA,02115-5000,Private      ,33,159,192,35185,13960,49145
00220100,PINE MANOR COLLEGE                      ,MA,02167-0000,Private      ,1,0,1,438,163,601
00220200,BLESSED JOHN XXIII NATIONAL SEMINARY    ,MA,02493-0000,Private      ,0,0,0,0,3,3
00220500,QUINCY COLLEGE                          ,MA,02169-4324,Public       ,13,91,104,2150,4837,6987
00220600,REGIS COLLEGE                           ,MA,02193-0000,Private      ,5,8,13,2233,1092,3325
00220800,SIMMONS COLLEGE                         ,MA,02115-5898,Private      ,1,64,65,3255,5492,8747
00220900,SMITH COLLEGE                           ,MA,01063-2936,Private      ,3,0,3,3766,530,4296
00220901,"SMITH COLLEGE, SCH FOR SOCIAL WORK      ",MA,01063-0000,Private      ,0,0,0,12,536,548
00221000,UNIV OF MASSACHUSETTS-DARTMOUTH         ,MA,02747-2300,Public       ,8,46,54,12480,4161,16641
00221100,SPRINGFIELD COLLEGE                     ,MA,01109-3797,Private      ,5,101,106,4067,4784,8851
00221400,ST JOHN'S SEMINARY                      ,MA,02135-8839,Private      ,0,6,6,10,55,65
00221700,STONEHILL COLLEGE                       ,MA,02357-6110,Private      ,1,0,1,5911,221,6132
00221800,SUFFOLK UNIVERSITY                      ,MA,02108-2770,Private      ,8,9,17,8585,4436,13021
00221900,TUFTS UNIVERSITY                        ,MA,02155-5808,Private      ,0,7,7,11469,2418,13887
00221901,TUFTS UNIV SCH OF DENTAL MEDICINE       ,MA,02111-0000,Private      ,0,1,1,37,912,949
00221902,TUFTS UNIVERSITY - CUMMINGS SCHOOL OF VE,MA,01536-0000,Private      ,0,0,0,36,489,525
00221904,TUFTS UNIV SCHOOL OF MEDICINE           ,MA,02111-0000,Private      ,0,3,3,109,2264,2373
00222100,UNIV OF MASSACHUSETTS-AMHERST           ,MA,01003-0000,Public       ,32,76,108,41327,8424,49751
00222200,UNIV OF MASSACHUSETTS-BOSTON            ,MA,02125-3393,Public       ,30,149,179,13948,12555,26503
00222400,WELLESLEY COLLEGE                       ,MA,02481-8203,Private      ,2,0,2,3581,227,3808
00222500,WENTWORTH INSTITUTE OF TECHNOLOGY       ,MA,02115-5998,Private      ,4,15,19,6556,1194,7750
00222600,WESTERN NEW ENGLAND UNIVERSITY          ,MA,01119-2654,Private      ,11,9,20,6394,1845,8239
00222700,WHEATON COLLEGE                         ,MA,02766-2322,Private      ,0,1,1,2764,114,2878
00222800,WHEELOCK COLLEGE                        ,MA,02215-4176,Private      ,0,8,8,1675,863,2538
00222900,WILLIAMS COLLEGE                        ,MA,01267-2600,Private      ,0,0,0,3753,116,3869
00223300,WORCESTER POLYTECHNIC INSTITUTE         ,MA,01609-2280,Private      ,3,3,6,8589,765,9354
00267104,BARD COLLEGE - LONGY SCHOOL OF MUSIC    ,MA,02138-3599,Private      ,0,2,2,45,152,197
00396500,BAY STATE COLLEGE                       ,MA,02116-2901,Proprietary  ,1,12,13,1219,1549,2768
00396600,BOSTON ARCHITECTURAL COLLEGE            ,MA,02115-2795,Private      ,2,4,6,300,783,1083
00466100,HAMPSHIRE COLLEGE                       ,MA,01002-3359,Private      ,0,1,1,2557,243,2800
00466600,SALTER COLLEGE                          ,MA,01583-1700,Proprietary  ,46,298,344,618,3212,3830
00466700,SCHOOL OF MUSEUM OF FINE ARTS           ,MA,02115-5534,Private      ,0,1,1,549,315,864
00466900,UPPER CAPE COD REGIONAL VOC TECH        ,MA,02532-3310,Public       ,1,1,2,40,135,175
00527900,GREATER LOWELL REGNL VOC TECH SCH       ,MA,01879-0000,Public       ,0,2,2,26,133,159
00551900,DIMAN REGIONAL VOC TECH INST            ,MA,02723-3519,Public       ,1,3,4,39,191,230
00552300,BLUE HILLS REGIONAL VOC TECH            ,MA,02021-1398,Public       ,1,1,2,41,179,220
00555700,MCCANN TECHNICAL SCHOOL                 ,MA,01247-0000,Public       ,0,0,0,34,75,109
00613600,NATIONAL AVIATION ACADEMY - NEW ENGLAND ,MA,01730-2620,Proprietary  ,17,25,42,149,306,455
00632200,BROCKTON HOSPITAL SCH OF NURSING        ,MA,02302-0000,Private      ,1,1,2,156,606,762
00632400,LABOURE COLLEGE                         ,MA,02124-0000,Private      ,2,15,17,213,1165,1378
00633100,LAWRENCE MEM HOSPITAL SCH OF NRSNG      ,MA,02155-1643,Private      ,1,5,6,55,378,433
00635200,BAYSTATE MEDICAL CENTER                 ,MA,01199-0001,Private      ,1,3,4,47,120,167
00687300,MARIAN COURT COLLEGE                    ,MA,01907-2896,Private      ,1,5,6,129,131,260
00748100,GIBBS COLLEGE                           ,MA,02116-2904,Proprietary  ,0,0,0,8,26,34
00748400,NEWBURY COLLEGE                         ,MA,02445-5796,Private      ,7,1,8,1983,325,2308
00748600,THE NEW ENGLAND INSTITUTE OF ART        ,MA,02445-7295,Proprietary  ,3,4,7,833,476,1309
00748800,KAPLAN CAREER INSTITUTE                 ,MA,02129-1644,Proprietary  ,0,0,0,1,12,13
00807800,SPRINGFIELD TECHNICAL COMMUNITY CLG     ,MA,01105-0000,Public       ,22,49,71,3942,5868,9810
00809002,EVEREST COLLEGE - EVEREST INSTITUTE     ,MA,02150-2333,Proprietary  ,0,1,1,81,242,323
00891600,NEW ENGLAND SCHOOL OF LAW               ,MA,02116-0000,Private      ,0,2,2,25,1512,1537
00964500,BARD COLLEGE AT SIMON'S ROCK            ,MA,01230-9702,Private      ,4,0,4,415,9,424
00974700,GORDON-CONWELL THEOLOGICAL SEMINARY     ,MA,01982-0000,Private      ,1,7,8,12,562,574
00975600,UNIVERSITY OF MASS MEDICAL CENTER       ,MA,01655-0000,Public       ,0,10,10,64,902,966
00987700,HENRI'S SCHOOL OF HAIR DESIGN           ,MA,01420-5675,Proprietary  ,0,0,0,29,55,84
00989900,LOWELL ACADEMY HAIRSTYLING INST         ,MA,01852-1909,Proprietary  ,5,6,11,60,117,177
00993600,MIDDLESEX COMMUNITY COLLEGE             ,MA,01730-1197,Public       ,15,51,66,1977,2152,4129
00993602,"MIDDLESEX COMMUNITY COLLEGE, LOWELL     ",MA,01852-0000,Public       ,28,67,95,3389,3891,7280
01121000,BUNKER HILL COMMUNITY COLLEGE           ,MA,02129-2991,Public       ,20,90,110,7252,12303,19555
01151000,EVEREST INSTITUTE                       ,MA,02135-7638,Proprietary  ,0,0,0,41,113,154
01193000,ROXBURY COMMUNITY COLLEGE               ,MA,02120-3400,Public       ,3,73,76,1032,3522,4554
01204200,MANSFIELD BEAUTY SCHOOLS                ,MA,02169-5061,Proprietary  ,2,2,4,26,88,114
01206800,MANSFIELD BEAUTY SCHOOL                 ,MA,01103-1410,Proprietary  ,0,3,3,21,77,98
01218700,BLACKSTONE VALLEY VOCATIONAL REGIONAL SC,MA,01568-1499,Public       ,0,1,1,13,67,80
01238600,SOUTHEASTERN TECHNICAL INSTITUTE        ,MA,02375-1780,Public       ,1,2,3,62,232,294
01246108,LINCOLN TECHNICAL INSTITUTE - BROCKTON  ,MA,02401-1818,Proprietary  ,8,22,30,174,501,675
01246114,LINCOLN TECHNICAL INSTITUTE - LOWELL    ,MA,01852-5119,Proprietary  ,10,19,29,203,454,657
01246115,LINCOLN TECHNICAL INSTITUTE - SOMERVILLE,MA,02145-1102,Proprietary  ,10,30,40,166,464,630
01288100,MONTACHUSETT REG VOC TECH SCH           ,MA,01420-4649,Public       ,0,1,1,35,111,146
01294800,ROB ROY ACADEMY                         ,MA,02721-5330,Proprietary  ,2,6,8,46,99,145
02063000,MONTSERRAT COLLEGE OF ART               ,MA,01915-0000,Private      ,1,1,2,695,76,771
02079400,EMPIRE BEAUTY SCHOOL                    ,MA,01702-5232,Proprietary  ,47,131,178,853,2017,2870
02092100,MASSACHUSETTS SCHOOL OF BARBERING       ,MA,02169-5058,Proprietary  ,3,5,8,33,153,186
02122000,NEW ENGLAND HAIR ACADEMY                ,MA,02148-0000,Proprietary  ,7,11,18,79,186,265
02137000,ROB ROY ACADEMY                         ,MA,02780-0000,Proprietary  ,1,1,2,26,38,64
02137200,MASS GEN HOSP DIETETIC INTERNSHIP       ,MA,02114-0000,Private      ,0,0,0,5,40,45
02163500,NEW ENGLAND SCHOOL OF PHOTOGRAPHY       ,MA,02215-0000,Proprietary  ,0,3,3,78,102,180
02163600,MASS SCH OF PROFESSIONAL PSYCHOLOGY     ,MA,02132-0000,Private      ,0,5,5,34,900,934
02169900,ASSABET VALLEY REGIONAL VOC SCHOOL      ,MA,01752-0000,Public       ,0,1,1,18,122,140
02181600,ROB ROY ACADEMY                         ,MA,01609-0000,Proprietary  ,1,8,9,78,166,244
02182900,CAMBRIDGE COLLEGE                       ,MA,02138-5304,Private      ,3,156,159,454,3287,3741
02197900,NORTH BENNET STREET SCHOOL              ,MA,02113-0000,Private      ,0,0,0,49,164,213
02215100,HALLMARK INSTITUTE OF PHOTOGRAPHY       ,MA,01376-0000,Proprietary  ,0,0,0,127,142,269
02219501,MILDRED ELLEY - PITTSFIELD              ,MA,01201-5300,Proprietary  ,1,2,3,24,87,111
02220400,CATHERINE HINDS INST OF ESTHETICS       ,MA,01801-0000,Proprietary  ,4,5,9,83,235,318
02231600,MGH INSTITUTE OF HEALTH PROFESSION      ,MA,02129-0000,Private      ,1,11,12,101,1688,1789
02274300,CONWAY SCHOOL OF LANDSCAPE DESIGN       ,MA,01341-0179,Private      ,0,0,0,2,30,32
02325700,LABARON HAIRDRESSING ACADEMY            ,MA,02740-0000,Proprietary  ,0,2,2,23,47,70
02325800,LABARON HAIRDRESSING ACAD-BROCKTON      ,MA,02301-0000,Proprietary  ,1,2,3,16,46,62
02337400,BANCROFT SCHOOL OF MASSAGE THERAPY      ,MA,01604-4614,Proprietary  ,0,3,3,24,90,114
02338200,BAY STATE SCHOOL OF TECHNOLOGY          ,MA,02021-0000,Proprietary  ,0,11,11,51,220,271
02339400,ROB ROY ACADEMY                         ,MA,02746-0000,Proprietary  ,0,2,2,13,37,50
02491700,CORTIVA INSTITUTE -  BOSTON             ,MA,02472-2577,Proprietary  ,0,5,5,30,101,131
02523900,ELIZABETH GRADY SCHOOL OF ESTHETICS     ,MA,02155-0000,Proprietary  ,2,1,3,67,211,278
02579800,NEW ENGLAND SCHOOL OF ACUPUNCTURE       ,MA,02458-0000,Private      ,0,3,3,2,167,169
02616704,LE CORDON BLEU COLLEGE OF CULINARY ARTS ,MA,02142-1221,Proprietary  ,0,5,5,171,266,437
03066700,AILANO SCHOOL OF COSMETOLOGY            ,MA,02303-4740,Proprietary  ,1,3,4,24,70,94
03104000,SHAWSHEEN ADULT TECHNICAL INSTITUTE     ,MA,01821-5499,Public       ,0,1,1,18,81,99
03115200,MOTORING TECHNICAL TRAINING INST        ,MA,02771-5933,Proprietary  ,6,8,14,211,361,572
03120800,KAY HARVEY HAIRDRESSING ACADEMY         ,MA,01089-2701,Proprietary  ,4,3,7,25,64,89
03130500,URBAN COLLEGE OF BOSTON                 ,MA,02111-1093,Private      ,7,74,81,77,1019,1096
03194300,BOSTON GRAD SCH OF PSYCHOANALYSIS       ,MA,02446-4602,Private      ,0,0,0,2,82,84
03205400,JOLIE HAIR & BEAUTY ACADEMY             ,MA,01056-2769,Proprietary  ,3,11,14,46,168,214
03235300,MASSACHUSETTS SCHOOL OF LAW             ,MA,01810-1094,Private      ,0,1,1,3,502,505
03240300,TONI & GUY HAIRDRESSING ACADEMY         ,MA,01605-2213,Proprietary  ,2,3,5,91,123,214
03240301,TONI & GUY HAIRDRESSING ACADEMY - BRAINT,MA,02184-2807,Proprietary  ,0,6,6,98,91,189
03248300,BOSTON BAPTIST COLLEGE                  ,MA,02136-4030,Private      ,0,1,1,85,72,157
03316400,FUNERAL INSTITUTE OF THE NORTHEAST      ,MA,02062-4766,Proprietary  ,2,4,6,34,113,147
03504300,NATL GRAD SCH OF QUALITY SYSTM MGMT     ,MA,02540-0000,Private      ,0,5,5,1,112,113
03570500,NORTHPOINT BIBLE COLLEGE                ,MA,01835-0000,Private      ,1,3,4,222,183,405
03763300,MEDICAL PROFESSIONAL INSTITUTE          ,MA,02148-8143,Proprietary  ,1,15,16,49,420,469
03859300,E.I.N.E.                                ,MA,01876-4709,Proprietary  ,0,1,1,8,72,80
03927303,MARINELLO SCHOOL OF BEAUTY - NORTHAMPTON,MA,01060-3947,Proprietary  ,4,3,7,52,105,157
03946300,FRANKLIN W. OLIN COLLEGE OF ENGINEERING ,MA,02492-1200,Private      ,0,1,1,628,29,657
03965300,NEW ENGLAND COLLEGE OF FINANCE          ,MA,02110-1605,Proprietary  ,0,28,28,105,1050,1155
04116900,DIGRIGOLI SCHOOL OF COSMETOLOGY         ,MA,01089-4623,Proprietary  ,1,3,4,72,98,170
04122000,TRI COUNTY REGIONAL VOCATIONAL TECHNICAL,MA,02038-0000,Public       ,1,1,2,26,88,114
04128000,MILLENNIUM TRAINING INSTITUTE           ,MA,01801-6386,Proprietary  ,1,13,14,5,183,188
04128900,CENTRAL MASS SCHOOL OF MASSAGE AND THERA,MA,01562-1712,Proprietary  ,0,0,0,7,15,22
04143200,HULT INTERNATIONAL BUSINESS SCHOOL      ,MA,02141-1805,Private      ,0,5,5,104,288,392
04153200,SOUTHERN WORCESTER COUNTY REGIONAL VOC S,MA,01507-1331,Public       ,0,1,1,16,56,72
04193100,ALEXANDER ACADEMY                       ,MA,01420-0000,Proprietary  ,0,2,2,23,89,112
04229200,JUPITER BEAUTY ACADEMY                  ,MA,02122-2834,Proprietary  ,0,3,3,14,48,62
00401200,HEBREW UNIVERSITY OF JERUSALEM (THE)    ,FC,00000-0000,Public       ,0,0,0,26,96,122
00403000,UNIVERSITY OF CAMBRIDGE                 ,FC,00000-0000,Public       ,0,1,1,16,97,113
00503400,AMERICAN UNIVERSITY OF CAIRO            ,FC,00000-0000,Private      ,0,1,1,47,120,167
00667100,KATHOLIEKE UNIVERSITEIT LEUVEN          ,FC,00000-0000,Private      ,0,0,0,0,42,42
00669000,UNIVERSITY OF COPENHAGEN                ,FC,00000-0000,Public       ,0,0,0,2,50,52
00669100,UNIVERSITY OF CAMBRIDGE - PEMBROKE      ,FC,00000-0000,Public       ,0,0,0,0,10,10
00669200,UNIVERSITY OF LEEDS                     ,FC,00000-0000,Public       ,0,0,0,29,120,149
00669300,UNIV OF LONDON-LONDON SCHOOL ECON       ,FC,00000-0000,Public       ,0,1,1,16,438,454
00669400,UNIVERSITY OF LONDON - SCHOOL OF ORIENTA,FC,00000-0000,Public       ,0,0,0,16,191,207
00669500,UNIV OF LONDON-UNIVERSITY COLLEGE       ,FC,00000-0000,Public       ,0,0,0,53,461,514
00669600,UNIV OF LONDON-SCH ADVANCED STUDY       ,FC,00000-0000,Public       ,0,0,0,0,16,16
00669700,"QUEEN MARY, UNIVERSITY OF LONDON        ",FC,00000-0000,Public       ,0,0,0,49,170,219
00669900,UNIVERSITY OF SUSSEX                    ,FC,00000-0000,Public       ,0,1,1,20,78,98
00670000,"UNIVERSITY OF YORK, THE                 ",FC,00000-0000,Public       ,0,0,0,26,170,196
00670400,UNIVERSITY COLLEGE CORK                 ,FC,00000-0000,Public       ,0,0,0,28,82,110
00671300,UPPSALA UNIVERSITY                      ,FC,00000-0000,Public       ,0,0,0,5,43,48
00671500,UNIVERSITY OF GENEVA                    ,FC,00000-0000,Public       ,0,1,1,1,105,106
00683900,UNIVERSITY OF EDINBURGH                 ,FC,00000-0000,Public       ,2,1,3,283,779,1062
00684200,UNIVERSITY OF DUBLIN TRINITY COLLEG     ,FC,00000-0000,Public       ,0,2,2,70,242,312
00685000,UNIVERSITY OF CAMBRIDGE - DOWNING C     ,FC,00000-0000,Public       ,0,0,0,1,1,2
00763200,UNIVERSITY OF BRISTOL                   ,FC,00000-0000,Public       ,0,0,0,26,102,128
00768100,COLLEGE OF EUROPE                       ,FC,00000-0000,Private      ,0,0,0,0,8,8
00770500,ROYAL COLLEGE OF SURGEONS IN IRELAN     ,FC,00000-0000,Private      ,0,0,0,10,59,69
00788100,AMERICAN UNIVERSITY OF PARIS            ,FC,00000-0000,Private      ,3,2,5,563,322,885
00837100,AMERICAN UNIVERSITY OF BEIRUT           ,FC,00000-0000,Private      ,0,1,1,87,73,160
00837300,TEL-AVIV UNIVERSITY                     ,FC,00000-0000,Public       ,0,0,0,33,140,173
00837600,VRIJE UNIVERSITEIT AMSTERDAM            ,FC,00000-0000,Public       ,0,0,0,6,40,46
00837700,UNIVERSITEIT VAN AMSTERDAM(UNIVERSI     ,FC,00000-0000,Public       ,0,0,0,16,154,170
00838000,UNIVERSITY OF WARWICK                   ,FC,00000-0000,Public       ,0,2,2,10,67,77
00838300,UNIVERSITY OF GLASGOW                   ,FC,00000-0000,Public       ,0,1,1,95,424,519
00839300,UNIVERSITY OF OSLO                      ,FC,00000-0000,Public       ,0,0,0,10,30,40
00839400,UNIVERSITY OF OXFORD                    ,FC,00000-0000,Public       ,0,2,2,37,359,396
00839800,UNIVERSITY OF SHEFFIELD (THE)           ,FC,00000-0000,Public       ,0,0,0,12,92,104
00839900,UNIVERSITY OF SOUTHAMPTON               ,FC,00000-0000,Public       ,0,0,0,16,80,96
00845200,ABERYSTWYTH UNIVERSITY                  ,FC,00000-0000,Public       ,0,0,0,29,68,97
00845800,LOUGHBOROUGH UNIVERSITY                 ,FC,00000-0000,Public       ,0,0,0,4,16,20
00846000,UNIVERSITY OF NEWCASTLE UPON TYNE       ,FC,00000-0000,Public       ,0,0,0,27,99,126
00846100,UNIVERSITY OF SAINT ANDREWS             ,FC,00000-0000,Private      ,0,0,0,375,193,568
00850500,UNIVERSITY OF MELBOURNE                 ,FC,00000-0000,Public       ,0,0,0,23,200,223
00858600,SWANSEA UNIVERSITY                      ,FC,00000-0000,Public       ,0,0,0,16,57,73
00858700,UNIVERSITY OF DURHAM                    ,FC,00000-0000,Public       ,0,1,1,37,238,275
00866500,UNIVERSITY OF KENT AT CANTERBURY (THE)  ,FC,00000-0000,Public       ,0,0,0,47,178,225
00867000,UNIVERSITY OF NEW SOUTH WALES           ,FC,00000-0000,Public       ,0,0,0,23,98,121
00868700,UNIVERSITY OF ESSEX                     ,FC,00000-0000,Public       ,0,1,1,39,168,207
00869300,CITY UNIVERSITY                         ,FC,00000-0000,Public       ,0,1,1,32,211,243
00890800,THE UNIVERSITY OF BIRMINGHAM            ,FC,00000-0000,Public       ,0,0,0,28,145,173
00891000,UNIVERSITY OF HULL                      ,FC,00000-0000,Public       ,0,0,0,4,15,19
00892000,UNIVERSITY OF NOTTINGHAM                ,FC,00000-0000,Public       ,0,0,0,29,106,135
00900600,UNIVERSITY OF SALFORD (THE)             ,FC,00000-0000,Public       ,0,1,1,11,23,34
00908400,"UNIV OF LONDON, BIRKBECK                ",FC,00000-0000,Public       ,0,0,0,12,117,129
00908500,UNIV OF LONDON KING'S COLLEGE           ,FC,00000-0000,Public       ,0,3,3,130,506,636
00908600,UNIVERSITY OF LONDON - ROYAL HOLLOWAY   ,FC,00000-0000,Public       ,0,0,0,39,93,132
00914300,BAR-ILAN UNIVERSITY                     ,FC,00000-0000,Private      ,1,1,2,16,26,42
00924900,UNIVERSITY OF LIVERPOOL                 ,FC,00000-0000,Public       ,0,4,4,21,117,138
00936800,UNIVERSITY OF ABERDEEN                  ,FC,00000-0000,Public       ,0,0,0,51,158,209
00942300,ROYAL COLLEGE OF ART                    ,FC,00000-0000,Public       ,0,0,0,9,59,68
00942800,TECHNION-ISRAEL INST OF TECHLGY         ,FC,00000-0000,Public       ,0,2,2,5,76,81
00944200,UNIVERSITY OF EXETER                    ,FC,00000-0000,Public       ,0,0,0,26,108,134
00944400,UNIVERSITY OF LANCASTER                 ,FC,00000-0000,Public       ,0,0,0,12,45,57
00963400,UNIVERSITY OF OXFORD ST CATHERINE'S     ,FC,00000-0000,Public       ,0,0,0,1,7,8
00980800,UNIVERSITY OF STRATHCLYDE               ,FC,00000-0000,Public       ,0,0,0,15,50,65
00986000,UNIVERSITY OF SURREY                    ,FC,00000-0000,Public       ,0,0,0,14,52,66
00988800,KAROLINSKA INSTITUTET                   ,FC,00000-0000,Public       ,0,0,0,1,15,16
00990600,PONTIFICAL NORTH AMERICAN COLLEGE       ,FC,00000-0000,Private      ,0,0,0,1,4,5
00992700,UNIVERSITY OF CAMBRIDGE - FITZWILLI     ,FC,00000-0000,Public       ,0,0,0,0,9,9
01006700,LUND UNIVERSITY                         ,FC,00000-0000,Public       ,0,0,0,12,95,107
01008400,UNIVERSITY OF CAPE TOWN                 ,FC,00000-0000,Public       ,0,2,2,18,86,104
01008700,UNIVERSITY OF OXFORD ST PETER'S COL     ,FC,00000-0000,Public       ,0,0,0,0,7,7
01008800,UNIVERSITY OF OXFORD - CORPUS CHRIS     ,FC,00000-0000,Public       ,0,0,0,1,2,3
01008900,CENTRAL SCHOOL OF SPEECH AND DRAMA      ,FC,00000-0000,Private      ,0,0,0,24,69,93
01009000,UNIVERSITY OF OXFORD - BALLIOL COLL     ,FC,00000-0000,Public       ,0,0,0,3,9,12
01014300,UNIVERSITY OF READING                   ,FC,00000-0000,Public       ,0,1,1,10,62,72
01015700,CARDIFF UNIVERSITY                      ,FC,00000-0000,Public       ,0,0,0,31,80,111
01015900,PONTIFICIA UNIVERSITA GREGORIANA        ,FC,00000-0000,Private      ,0,0,0,2,5,7
01016000,CG JUNG INST                            ,FC,00000-0000,Private      ,0,0,0,0,3,3
01018800,UNIVERSITY COLLEGE DUBLIN               ,FC,00000-0000,Public       ,0,2,2,73,303,376
01019000,UNIVERSITY OF CAMBRIDGE CHURCHILL C     ,FC,00000-0000,Public       ,0,0,0,1,3,4
01022800,UNIVERSITY OF STIRLING                  ,FC,00000-0000,Public       ,0,1,1,34,55,89
01033200,UNIVERSITY OF CAMBRIDGE - CLARE COL     ,FC,00000-0000,Public       ,0,0,0,1,7,8
01045600,UNIVERSITY OF HAIFA                     ,FC,00000-0000,Public       ,0,1,1,7,56,63
01047200,INST EUROPEEN OPEEN D'ADMINISTRATIO     ,FC,00000-0000,Private      ,0,0,0,0,71,71
01049300,CRANFIELD UNIVERSITY                    ,FC,00000-0000,Public       ,0,0,0,0,20,20
01052000,TRINITY LABAN CONSERVATOIRE OF MUSIC AND,FC,00000-0000,Public       ,0,0,0,3,17,20
01052500,UNIVERSITY OF HERTFORDSHIRE             ,FC,00000-0000,Public       ,0,0,0,35,36,71
01057400,LONDON INTRNTL FILM SCHOOL              ,FC,00000-0000,Private      ,0,0,0,11,30,41
01058800,AUSTRALIAN NATIONAL UNIVERSITY          ,FC,00000-0000,Public       ,0,1,1,13,49,62
01058900,BANGOR UNIVERSITY                       ,FC,00000-0000,Public       ,0,0,0,23,28,51
01059400,"RICHMOND, THE AMERICAN INT UNI IN LONDON",FC,00000-0000,Private      ,1,0,1,425,87,512
01059900,INST D'ETUDES POLITIQUES DE PARIS       ,FC,00000-0000,Public       ,0,0,0,11,132,143
01068100,MACQUARIE UNIVERSITY                    ,FC,00000-0000,Public       ,0,0,0,8,36,44
01069200,UNIVERSITY OF QUEENSLAND (THE)          ,FC,00000-0000,Public       ,0,1,1,12,465,477
01078900,UNIVERSITY OF OXFORD - WORCESTER CO     ,FC,00000-0000,Public       ,0,0,0,0,3,3
01079700,"NATIONAL UNIVERSITY OF IRELAND, MAY     ",FC,00000-0000,Public       ,0,0,0,16,17,33
01081600,KINGSTON UNIVERSITY                     ,FC,00000-0000,Public       ,1,0,1,64,242,306
01083800,UNIVERSITITY OF BERGEN (UOB)            ,FC,00000-0000,Public       ,0,0,0,3,9,12
01086400,UNIV OF DUNDEE                          ,FC,00000-0000,Public       ,0,0,0,7,44,51
01086600,UNIVERSITY OF OXFORD - MAGDALEN COLLEGE ,FC,00000-0000,Public       ,0,0,0,1,11,12
01086700,UNIVERSITY OF OXFORD ST JOHN'S COLL     ,FC,00000-0000,Public       ,0,0,0,1,5,6
01091400,MONASH UNIVERSITY                       ,FC,00000-0000,Public       ,0,1,1,10,46,56
01091500,UNIV OF EAST ANGLIA                     ,FC,00000-0000,Public       ,0,0,0,24,108,132
01094200,UNIVERSITY OF OXFORD - ST HUGH'S CO     ,FC,00000-0000,Public       ,0,1,1,0,11,11
01097700,UNIVERSIDAD CENTRAL DEL ESTE            ,FC,00000-0000,Private      ,1,1,2,40,149,189
01098000,SOMERVILLE COLLEGE                      ,FC,00000-0000,Public       ,0,0,0,1,4,5
01099900,UNIV OF OXFORD - WADHAM COLLEGE         ,FC,00000-0000,Public       ,0,0,0,0,3,3
01104400,PONTIFICIA UNIVERSITA SAN TOMMASO       ,FC,00000-0000,Private      ,0,0,0,0,2,2
01105300,UNIVERSITY OF OXFORD - ST HILDA'S C     ,FC,00000-0000,Public       ,0,0,0,1,4,5
01105400,UNIVERSITY OF OXFORD - ST ANNE'S CO     ,FC,00000-0000,Public       ,0,1,1,1,10,11
01105500,UNIV OF OXFORD - LADY MARGARET HALL     ,FC,00000-0000,Public       ,0,1,1,0,8,8
01105600,UNIVERSITY OF OXFORD - UNIVERSITY C     ,FC,00000-0000,Public       ,0,1,1,18,62,80
01105700,UNIVERSITY OF OXFORD - TRINITY COLL     ,FC,00000-0000,Public       ,0,0,0,2,6,8
01105800,UNIVERSITY OF OXFORD-ST EDMUND HALL     ,FC,00000-0000,Public       ,0,0,0,1,9,10
01105900,UNIVERSITY OF OXFORD ST ANTONY'S CO     ,FC,00000-0000,Public       ,0,0,0,0,25,25
01106000,UNIVERSITY OF OXFORD - QUEEN'S COLL     ,FC,00000-0000,Public       ,0,0,0,0,7,7
01106100,UNIVERSITY OF OXFORD - PEMBROKE COL     ,FC,00000-0000,Public       ,0,0,0,1,10,11
01106200,UNIVERSITY OF OXFORD - ORIEL COLLEG     ,FC,00000-0000,Public       ,0,0,0,0,9,9
01106300,UNIVERSITY OF OXFORD - NUFFIELD COL     ,FC,00000-0000,Public       ,0,0,0,0,5,5
01106400,UNIVERSITY OF OXFORD - NEW COLLEGE      ,FC,00000-0000,Public       ,0,0,0,3,7,10
01106500,UNIVERSITY OF OXFORD MERTON COLLEGE     ,FC,00000-0000,Public       ,0,0,0,1,8,9
01106600,UNIVERSITY OF OXFORD - LINCOLN COLL     ,FC,00000-0000,Public       ,0,0,0,0,9,9
01106700,UNIVERSITY OF OXFORD - KEBLE COLLEG     ,FC,00000-0000,Public       ,0,0,0,1,6,7
01106800,UNIVERSITY OF OXFORD - JESUS COLLEG     ,FC,00000-0000,Public       ,0,0,0,1,6,7
01106900,UNIVERSITY OF OXFORD - HERTFORD COL     ,FC,00000-0000,Public       ,0,0,0,0,3,3
01107000,UNIVERSITY OF OXFORD EXETER COLLEGE     ,FC,00000-0000,Public       ,0,0,0,1,7,8
01107100,UNIV OF OXFORD - CHRIST CHURCH          ,FC,00000-0000,Public       ,0,1,1,0,14,14
01107200,UNIVERSITY OF OXFORD - BRASENOSE CO     ,FC,00000-0000,Public       ,0,0,0,0,7,7
01109100,FLINDERS UNIVERSITY OF S AUSTRALIA      ,FC,00000-0000,Public       ,0,0,0,2,29,31
01109400,UNIVERSITY OF WESTERN AUSTRALIA (THE)   ,FC,00000-0000,Public       ,0,0,0,3,27,30
01121400,UNIVERSITY OF THE WITWATERSRAND         ,FC,00000-0000,Public       ,0,0,0,4,26,30
01122600,AARHUS UNIVERSITY                       ,FC,00000-0000,Public       ,0,0,0,3,27,30
01156700,"IMPERIAL COLLEGE OF SCIENCE, TECHNOLOGY ",FC,00000-0000,Public       ,0,1,1,28,80,108
01167900,UNIVERSITY OF BATH                      ,FC,00000-0000,Public       ,0,0,0,20,34,54
01168300,FRANKLIN COLLEGE  SWITZERLAND           ,FC,00000-0000,Private      ,0,0,0,316,22,338
01175800,UNIV OF CAMBRIDGE - PETERHOUSE          ,FC,00000-0000,Public       ,0,0,0,0,3,3
01176400,ROYAL ACADEMY OF MUSIC                  ,FC,00000-0000,Public       ,0,0,0,15,19,34
01176500,GOLDSMITHS' COLLEGE-UNIV OF LONDON      ,FC,00000-0000,Public       ,1,0,1,59,194,253
01176600,UNIV OF LONDON - INST OF EDUC           ,FC,00000-0000,Public       ,0,0,0,0,49,49
01178000,BRUNEL UNIVERSITY                       ,FC,00000-0000,Public       ,0,0,0,16,53,69
01183800,UNIVERSITY OF OXFORD - MANSFIELD CO     ,FC,00000-0000,Public       ,0,1,1,0,5,5
01207500,UNIVERSITY CAMBRIDGE - TRINITY COLL     ,FC,00000-0000,Public       ,0,0,0,2,6,8
01207800,VICTORIA UNIV OF WELLINGTON             ,FC,00000-0000,Public       ,0,3,3,15,43,58
01209600,ECOLE HÔTELIERE DE LAUSANNE             ,FC,00000-0000,Private      ,0,0,0,8,12,20
01210100,UNIVERSITY OF CAMBRIDGE - GIRTON CO     ,FC,00000-0000,Public       ,0,0,0,0,10,10
01213600,VICTORIA UNIV OF MANCHESTER (THE)       ,FC,00000-0000,Public       ,0,0,0,41,157,198
01219800,UNIVERSITY OF BRADFORD                  ,FC,00000-0000,Public       ,0,0,0,4,28,32
01220100,UNIVERSITY OF OXFORD - REGENT'S PAR     ,FC,00000-0000,Public       ,0,0,0,3,3,6
01220600,JAMES COOK UNIVERSITY                   ,FC,00000-0000,Public       ,0,0,0,15,54,69
01221500,BIRMINGHAM CITY UNIVERSITY              ,FC,00000-0000,Public       ,0,0,0,12,31,43
01222300,JAGIELLONIAN UNIVERSITY COLLEGIUM M     ,FC,00000-0000,Public       ,0,0,0,5,26,31
01222500,UNIVERSITY OF SZEGED FACULTY OF MEDICINE,FC,00000-0000,Public       ,0,0,0,2,8,10
01225800,ASTON UNIVERSITY                        ,FC,00000-0000,Public       ,0,0,0,2,21,23
01227500,UNIVERSITY OF OXFORD - WOLFSON COLL     ,FC,00000-0000,Public       ,0,0,0,0,20,20
01230200,GONVILLE & CAIUS COLLEGE                ,FC,00000-0000,Public       ,0,0,0,0,1,1
01233500,ROYAL COLLEGE OF MUSIC                  ,FC,00000-0000,Public       ,0,0,0,11,22,33
01234100,UNIVERSITY OF WALES - ST DAVID'S UN     ,FC,00000-0000,Public       ,0,0,0,4,17,21
01242100,UNIV OF AUCKLAND                        ,FC,00000-0000,Public       ,0,0,0,26,98,124
01254000,UNIVERSIDAD DE NAVARRA                  ,FC,00000-0000,Private      ,0,0,0,14,29,43
01276500,UNIVERSITY OF OXFORD - LINACRE COLL     ,FC,00000-0000,Public       ,0,0,0,0,6,6
01276600,"NATIONAL UNIVERSITY IRELAND, GALWAY     ",FC,00000-0000,Public       ,0,0,0,31,116,147
01280200,PONTIFICIA UNIV CATOLICA MAD Y MAES     ,FC,00000-0000,Private      ,2,1,3,154,131,285
01281100,INST TECNOLOGICO DE SANTO DOMINGO       ,FC,00000-0000,Private      ,0,1,1,46,67,113
01283900,UNIVERSITY OF CAMBRIDGE - SAINT JOH     ,FC,00000-0000,Public       ,0,0,0,1,10,11
01297800,UNIVERSITY OF HUDDERSFIELD (THE)        ,FC,00000-0000,Public       ,0,0,0,15,22,37
01315300,MASSEY UNIVERSITY                       ,FC,00000-0000,Public       ,1,2,3,9,60,69
02052400,DARWIN COLLEGE                          ,FC,00000-0000,Public       ,0,0,0,0,12,12
02082400,UNIVERSITY OF CAMBRIDGE - QUEEN'S C     ,FC,00000-0000,Public       ,0,1,1,1,10,11
02083400,UNIVERSITY OF CAMBRIDGE - WOLFSON C     ,FC,00000-0000,Public       ,0,0,0,1,16,17
02087400,UNIVERSITY OF CAMBRIDGE - NEWNHAM C     ,FC,00000-0000,Public       ,0,0,0,1,8,9
02087900,OXFORD BROOKES UNIVERSITY               ,FC,00000-0000,Public       ,0,0,0,32,91,123
02094100,BEN-GURION UNIV                         ,FC,00000-0000,Public       ,0,0,0,3,111,114
02094400,UNIV OF CAMBRIDGE - ST EDMUND'S HOU     ,FC,00000-0000,Public       ,0,0,0,0,12,12
02095500,LONDON BUS SCHOOL                       ,FC,00000-0000,Public       ,0,0,0,2,113,115
02101900,ROEHAMPTON UNIVERSITY                   ,FC,00000-0000,Public       ,0,0,0,38,112,150
02108600,LONDON ACADEMY OF MUSIC & DRAMATIC      ,FC,00000-0000,Private      ,0,0,0,37,54,91
02115900,UNIVERSITY OF PORTSMOUTH                ,FC,00000-0000,Public       ,0,0,0,17,16,33
02116700,UNIVERSITY OF CAMBRIDGE - LUCY CAVE     ,FC,00000-0000,Public       ,0,0,0,0,7,7
02120000,UNIV OF LONDON - COURTALD INST OF A     ,FC,00000-0000,Public       ,0,0,0,2,30,32
02133400,UNIVERSITY OF CAMBRIDGE - SIDNEY SU     ,FC,00000-0000,Public       ,0,0,0,2,9,11
02142000,UNIVERSITY OF CAMBRIDGE - HOMERTON      ,FC,00000-0000,Public       ,0,0,0,0,11,11
02149700,UNIVERSITY OF WINCHESTER (THE)          ,FC,00000-0000,Public       ,0,0,0,24,18,42
02156800,UNIV OF OTAGO                           ,FC,00000-0000,Public       ,0,0,0,12,50,62
02162300,"IESE BUSINESS SCH, UNIV OF NAVARRA      ",FC,00000-0000,Private      ,0,0,0,5,75,80
02167400,UNIVERSITY OF CAMBRIDGE - CORPUS CH     ,FC,00000-0000,Public       ,0,0,0,0,4,4
02177700,KING'S COLLEGE- UNIV OF CAMBRIDGE       ,FC,00000-0000,Public       ,0,0,0,12,26,38
02180500,MIDDLESEX UNIVERSITY                    ,FC,00000-0000,Public       ,0,1,1,55,110,165
02181000,UNIVERSITY OF SOUTH AUSTRALIA           ,FC,00000-0000,Public       ,0,0,0,6,7,13
02183500,UNIV OF OXFORD - WYCLIFFE HALL          ,FC,00000-0000,Public       ,0,0,0,3,11,14
02186000,UNIVERSITY OF CAMBRIDGE - MAGDALENE     ,FC,00000-0000,Public       ,0,0,0,2,6,8
02186100,UNIVERSITY OF CAMBRIDGE - EMMANUEL      ,FC,00000-0000,Public       ,0,0,0,0,5,5
02189600,UNIVERSITY OF GRONINGEN                 ,FC,00000-0000,Public       ,0,0,0,1,13,14
02194800,UNIVERSITY OF THE WEST OF ENGLAND -     ,FC,00000-0000,Public       ,0,0,0,8,14,22
02195100,UNIV OF WESTMINSTER                     ,FC,00000-0000,Public       ,0,1,1,63,142,205
02196700,GUILDHALL SCHOOL OF MUSIC & DRAMA       ,FC,00000-0000,Public       ,0,0,0,15,18,33
02207300,UNIVERSITY OF CAMBRIDGE - CHRIST'S      ,FC,00000-0000,Public       ,0,0,0,1,6,7
02207400,CHINESE UNIVERSITY OF HONG KONG (THE)   ,FC,00000-0000,Public       ,0,0,0,17,37,54
02209500,UNIVERSITEIT UTRECHT                    ,FC,00000-0000,Public       ,0,0,0,13,59,72
02210000,UNIV OF LONDON - LONDON SCHOOL OF H     ,FC,00000-0000,Public       ,0,0,0,0,108,108
02225300,UNIVERSITY OF CANTERBURY                ,FC,00000-0000,Public       ,0,0,0,10,30,40
02229100,UNIVERSITY OF LEICESTER                 ,FC,00000-0000,Public       ,0,0,0,14,140,154
02229600,SACKLER SCHOOL OF MEDICINE              ,FC,00000-0000,Public       ,0,0,0,0,150,150
02232100,UNIVERSITY OF CAMBRIDGE                 ,FC,00000-0000,Public       ,0,1,1,2,39,41
02233300,"ST GEORGE'S UNIVERSITY, SCHOOL OF MEDICI",FC,00000-0000,Proprietary  ,0,4,4,24,3943,3967
02235300,LONDON METROPOLITAN UNIVERSITY          ,FC,00000-0000,Public       ,0,0,0,33,102,135
02244400,AMERICAN UNIV OF THE CARIBBEAN          ,FC,00000-0000,Proprietary  ,0,24,24,13,1782,1795
02266600,UNIVERSITY OF LONDON - SAINT GEORGE     ,FC,00000-0000,Public       ,0,0,0,3,53,56
02271700,UNIVERSITY OF CAMBRIDGE - CLARE HAL     ,FC,00000-0000,Public       ,0,0,0,1,4,5
02271900,UNIVERSITY OF OXFORD - BLACKFRIARS      ,FC,00000-0000,Public       ,0,0,0,1,2,3
02272200,UNIVERSITY OF CAMBRIDGE - MURRAY EDWARDS,FC,00000-0000,Public       ,0,0,0,1,2,3
02273600,QUEEN'S UNIV OF BELFAST (THE)           ,FC,00000-0000,Public       ,0,0,0,8,83,91
02273900,HERIOT WATT UNIVERSITY                  ,FC,00000-0000,Public       ,0,0,0,13,40,53
02276700,NYENRODE BUSINESS UNIVERSITEIT          ,FC,00000-0000,Private      ,0,0,0,0,6,6
02293400,ECOLE DES HAUTES ETUDES COMERCIALS      ,FC,00000-0000,Public       ,0,0,0,0,31,31
02296300,UNIVERSITY OF CAMBRIDGE - JESUS COL     ,FC,00000-0000,Public       ,0,0,0,0,12,12
02310500,DE MONTFORT UNIVERSITY                  ,FC,00000-0000,Public       ,0,0,0,4,14,18
02320500,ROYAL NORTHERN COLLEGE OF MUSIC         ,FC,00000-0000,Public       ,0,0,0,2,12,14
02335100,UNIV OF CAMBRIDGE - TRINITY HALL        ,FC,00000-0000,Public       ,0,0,0,2,10,12
02338900,UNIVERSITY  FOR THE CREATIVE ARTS       ,FC,00000-0000,Public       ,0,0,0,10,10,20
02351800,UNIVERSIDAD IBEROAMERICANA (UNIBE       ,FC,00000-0000,Private      ,4,2,6,109,406,515
02352100,UNIVERSITY OF PLYMOUTH                  ,FC,00000-0000,Public       ,0,1,1,11,26,37
02493000,ESCUELA SUPERIOR ADMINISTRACION Y D     ,FC,00000-0000,Private      ,0,0,0,1,35,36
02496700,NATIONAL FILM & TV SCHOOL               ,FC,00000-0000,Public       ,0,0,0,3,12,15
02545700,GLASGOW SCHOOL OF ART                   ,FC,00000-0000,Public       ,0,0,0,8,29,37
02561600,SOUTHAMPTON SOLENT UNIVERSITY           ,FC,00000-0000,Public       ,0,0,0,10,9,19
02579600,MURDOCH UNIVERSITY                      ,FC,00000-0000,Public       ,0,0,0,3,40,43
02588000,UNIVERSITY OF ULSTER                    ,FC,00000-0000,Public       ,0,0,0,8,25,33
02591800,CURTIN UNIVERSITY OF TECHNOLOGY         ,FC,00000-0000,Public       ,0,0,0,1,14,15
02611700,DUBLIN CITY UNIVERSITY                  ,FC,00000-0000,Public       ,0,1,1,16,44,60
02623200,UNIVERSITY OF NEWCASTLE (THE)           ,FC,00000-0000,Public       ,0,0,0,5,14,19
03012700,UNIVERSITY OF BUCKINGHAM                ,FC,00000-0000,Private      ,0,0,0,6,14,20
03029400,KEELE UNIVERSITY                        ,FC,00000-0000,Public       ,0,0,0,15,17,32
03029500,NORTHUMBRIA UNIVERSITY                  ,FC,00000-0000,Public       ,0,0,0,10,33,43
03033300,MANCHESTER METROPOLITAN UNIV            ,FC,00000-0000,Public       ,0,0,0,45,54,99
03045000,UNIVERSITY OF EAST LONDON               ,FC,00000-0000,Public       ,0,1,1,42,82,124
03050100,STUDIO ART CENTERS INTERNATIONAL        ,FC,00000-0000,Private      ,0,1,1,16,61,77
03066800,PONTIFICIO ATENEO DELLA SANTA CROCE     ,FC,00000-0000,Private      ,0,0,0,0,1,1
03067200,UNIVERSITY OF SYDNEY                    ,FC,00000-0000,Public       ,0,0,0,33,221,254
03073800,UNIV OF DEBRECEN MED & HEALTH SCI       ,FC,00000-0000,Public       ,0,0,0,8,24,32
03078700,UNIVERSITA COMMERCIALE L BOCCONI        ,FC,00000-0000,Private      ,0,0,0,2,27,29
03080300,SHEFFIELD HALLAM UNIVERSITY             ,FC,00000-0000,Public       ,0,0,0,2,9,11
03084300,UNIVERSITY OF LIMERICK                  ,FC,00000-0000,Public       ,1,0,1,27,72,99
03088700,ROYAL SCOTTISH ACAD MUSIC & DRAMA       ,FC,00000-0000,Public       ,0,0,0,25,34,59
03091400,UNIVERSITY OF WOLLONGONG                ,FC,00000-0000,Public       ,0,0,0,4,18,22
03091500,UNIVERSITY OF CANBERRA                  ,FC,00000-0000,Public       ,0,0,0,4,6,10
03091700,POZNAN UNIVERSITY OF MEDICAL SCIENCES   ,FC,00000-0000,Public       ,0,0,0,6,53,59
03092500,NOTTINGHAM TRENT UNIVERSITY             ,FC,00000-0000,Public       ,0,0,0,10,31,41
03095000,RMIT UNIVERSITY                         ,FC,00000-0000,Public       ,0,0,0,11,47,58
03095400,BOND UNIVERSITY                         ,FC,00000-0000,Private      ,0,2,2,18,67,85
03095900,ESSEC BUSINESS SCHOOL                   ,FC,00000-0000,Private      ,0,0,0,1,15,16
03096100,LA TROBE UNIVERSITY                     ,FC,00000-0000,Public       ,0,0,0,11,31,42
03096900,DEAKIN UNIVERSITY                       ,FC,00000-0000,Public       ,0,0,0,4,8,12
03097100,UNIVERSITY OF WESTERN SYDNEY            ,FC,00000-0000,Public       ,0,0,0,1,4,5
03097300,VICTORIA UNIVERSITY OF TECHNOLOGY       ,FC,00000-0000,Public       ,0,0,0,5,11,16
03097500,CENTRAL QUEENSLAND UNIVERSITY           ,FC,00000-0000,Public       ,0,0,0,0,7,7
03100000,UNIVERSITY OF ADELAIDE (THE)            ,FC,00000-0000,Public       ,0,2,2,3,25,28
03101600,ASIAN INSTITUTE OF MANAGEMENT           ,FC,00000-0000,Private      ,0,0,0,2,16,18
03102500,AMERICAN UNIVERSITY OF ROME             ,FC,00000-0000,Private      ,1,1,2,164,85,249
03102800,ROBERT GORDON UNIVERSITY (THE)          ,FC,00000-0000,Public       ,0,0,0,4,46,50
03104800,GRIFFITH UNIVERSITY                     ,FC,00000-0000,Public       ,0,0,0,15,46,61
03136300,AUSTRALIAN CATHOLIC UNIVERSITY          ,FC,00000-0000,Public       ,0,0,0,3,10,13
03140300,EDITH COWAN UNIVERSITY                  ,FC,00000-0000,Public       ,0,0,0,1,1,2
03140400,NORTHERN TERRITORY UNIVERSITY           ,FC,00000-0000,Public       ,0,0,0,0,2,2
03140500,QUEENSLAND UNIVERSITY OF TECHNOLOGY     ,FC,00000-0000,Public       ,0,0,0,3,16,19
03140600,SOUTHERN CROSS UNIVERSITY               ,FC,00000-0000,Public       ,0,0,0,1,12,13
03140700,SWINBURNE UNIVERSITY OF TECHNOLOGY      ,FC,00000-0000,Public       ,0,0,0,2,12,14
03150400,"UNIVERSITY OF TECHNOLOGY, SYDNEY        ",FC,00000-0000,Public       ,0,0,0,5,39,44
03287300,LIVERPOOL INSTITUTE FOR PERFORMING ARTS ,FC,00000-0000,Public       ,0,0,0,17,3,20
03300300,"2ND SCHOOL OF MEDICINE, CHARLES UNI     ",FC,00000-0000,Public       ,0,1,1,6,20,26
03300400,"FIRST FACULTY OF MEDICINE, CHARLES UNIV.",FC,00000-0000,Public       ,0,0,0,2,27,29
03329300,JOHN CABOT UNIVERSITY                   ,FC,00000-0000,Private      ,0,0,0,190,40,230
03333300,MEDICAL UNIVERSITY SCHOOL OF LUBLIN     ,FC,00000-0000,Public       ,0,6,6,6,180,186
03334300,UNIVERSIDAD NORDESTANA                  ,FC,00000-0000,Private      ,0,0,0,16,48,64
03335300,MEDICAL UNIVERSITY OF SILESIA           ,FC,00000-0000,Public       ,0,1,1,4,65,69
03342300,GLASGOW CALEDONIAN UNIVERSITY           ,FC,00000-0000,Public       ,0,0,0,7,32,39
03349400,"QUEEN MARGARET UNIVERSITY, EDINBURGH    ",FC,00000-0000,Public       ,0,0,0,3,22,25
03350300,BOURNEMOUTH UNIVERSITY                  ,FC,00000-0000,Public       ,0,0,0,11,33,44
03352300,LONDON SOUTH BANK UNIVERSITY            ,FC,00000-0000,Private      ,0,0,0,18,47,65
03364300,"FACULTY OF MEDICINE, PALACKY UNIVER     ",FC,00000-0000,Public       ,0,0,0,1,2,3
03365400,AUCKLAND INSTITUTE OF TECHNOLOGY        ,FC,00000-0000,Public       ,0,0,0,4,2,6
03378300,"THE 3RD FACULTY OF MEDICINE, CHARLE     ",FC,00000-0000,Public       ,0,0,0,0,1,1
03418400,NAPIER UNIVERSITY                       ,FC,00000-0000,Public       ,0,0,0,16,66,82
03435300,ANGLIA  RUSKIN UNIVERSITY               ,FC,00000-0000,Private      ,0,0,0,22,43,65
03460300,INTERNATIONALES THEOLOGISCHES INSTI     ,FC,00000-0000,Private      ,0,0,0,2,16,18
03473300,UNIVERSITY OF THE ARTS LONDON           ,FC,00000-0000,Public       ,0,0,0,173,195,368
03478300,ROYAL WELSH COLLEGE OF MUSIC AND DRAMA  ,FC,00000-0000,Public       ,0,0,0,22,21,43
03492300,UNIVERSITY OF OXFORD - GREEN TEMPLETON C,FC,00000-0000,Public       ,0,0,0,1,22,23
03492400,UNIV OF CAMBRIDGE-ST CATHERINE'S CG     ,FC,00000-0000,Public       ,0,0,0,2,4,6
03494400,UNIV OF CAMBRIDGE-SELWYN COLLEGE        ,FC,00000-0000,Public       ,0,0,0,1,4,5
03494600,UNIV OF OXFORD-HARRIS MANCHESTER        ,FC,00000-0000,Public       ,1,0,1,4,5,9
03501400,LEEDS METROPOLITAN UNIVERSITY           ,FC,00000-0000,Public       ,0,0,0,14,47,61
03507300,UNIVERSITY OF SUNDERLAND                ,FC,00000-0000,Public       ,0,0,0,9,10,19
03515300,UNIVERSITY OF CENTRAL LANCASHIRE        ,FC,00000-0000,Public       ,0,0,0,15,26,41
03517300,UNIVERSITY OF BRIGHTON                  ,FC,00000-0000,Public       ,0,1,1,21,35,56
03518300,EUROPEAN GRADUATE SCHOOL (EGS)          ,FC,00000-0000,Private      ,0,19,19,0,132,132
03527300,SOFIA UNIVERSITY ST. KLIMENT OHRIDSKI   ,FC,00000-0000,Public       ,0,0,0,4,10,14
03533300,BATH SPA UNIVERSITY                     ,FC,00000-0000,Public       ,0,1,1,11,19,30
03547300,UNIVERSITY OF SOUTH WALES               ,FC,00000-0000,Public       ,0,1,1,2,12,14
03547303,"UNIVERSITY OF SOUTH WALES - NEWPORT, CAE",FC,00000-0000,Public       ,0,0,0,2,10,12
03580300,LIVERPOOL JOHN MOORES UNIVERSITY        ,FC,00000-0000,Public       ,0,0,0,5,11,16
03589400,ARTS INSTITUTE AT BOURNEMOUTH (THE)     ,FC,00000-0000,Public       ,0,0,0,21,18,39
03590300,AVONDALE COLLEGE LIMITED                ,FC,00000-0000,Private      ,0,0,0,1,2,3
03594300,GROUP ESC GRENOBLE GRAD SCH OF BUS.     ,FC,00000-0000,Private      ,0,1,1,1,36,37
03597300,JAGIELLONIAN UNIVERSITY                 ,FC,00000-0000,Public       ,0,0,0,8,24,32
03601300,UNIVERSITAT JAUME I DE CASTELLO (UJI)   ,FC,00000-0000,Public       ,0,0,0,0,2,2
03619300,UNIVERSITY OF GREENWICH                 ,FC,00000-0000,Public       ,0,0,0,36,64,100
03653400,UNIVERSIDAD DE IBEROAMERICA - UNIBE     ,FC,00000-0000,Private      ,0,1,1,3,24,27
03674300,UNIVERSITY OF ABERTAY DUNDEE            ,FC,00000-0000,Public       ,0,0,0,3,3,6
03684400,UNIVERSITY OF LINCOLN                   ,FC,00000-0000,Public       ,0,0,0,8,25,33
03684500,MEDICAL UNIVERSITY OF GDANSK            ,FC,00000-0000,Public       ,0,0,0,1,11,12
03694300,UNIVERSITY OF CHICHESTER                ,FC,00000-0000,Public       ,0,0,0,5,4,9
03727400,UNIVERSITY OF WAIKATO (THE)             ,FC,00000-0000,Public       ,0,0,0,5,7,12
03728300,UNIVERSITY OF DERBY                     ,FC,00000-0000,Public       ,0,0,0,1,10,11
03738300,LONDON SCHOOL OF THEOLOGY               ,FC,00000-0000,Private      ,0,1,1,2,9,11
03741300,ALRA (ACADEMY OF LIVE AND RECORDED ARTS),FC,00000-0000,Private      ,0,0,0,8,10,18
03770300,NAZARENE THEOLOGICAL COLLEGE            ,FC,00000-0000,Private      ,0,0,0,0,4,4
03780300,SABA UNIVERSITY SCHOOL OF MEDICINE      ,FC,00000-0000,Proprietary  ,0,5,5,4,437,441
03784300,MEDICAL UNIVERSITY OF BIALYSTOK         ,FC,00000-0000,Public       ,0,0,0,3,4,7
03794400,ANGLO EUROPEAN COLLEGE OF CHIROPRACTIC  ,FC,00000-0000,Private      ,0,0,0,1,1,2
03807300,ROSE BRUFORD COLLEGE                    ,FC,00000-0000,Public       ,0,0,0,1,15,16
03816400,AMERICAN GRAD SCH OF INTERNTL REL & DIPL,FC,00000-0000,Private      ,0,0,0,7,64,71
03818300,LEIPZIG GRADUATE SCHOOL OF MANAGEMENT   ,FC,00000-0000,Private      ,0,0,0,1,12,13
03824300,"ROYAL VETERINARY COLLEGE (THE), UNIVERSI",FC,00000-0000,Public       ,0,0,0,2,109,111
03829300,INTERNATIONAL CHRISTIAN COLLEGE         ,FC,00000-0000,Private      ,0,1,1,1,2,3
03850500,MEDICAL UNIVERSITY OF LODZ              ,FC,00000-0000,Public       ,0,0,0,3,6,9
03859400,UNIVERSITY COLLEGE FALMOUTH             ,FC,00000-0000,Public       ,0,0,0,20,11,31
03873300,COPENHAGEN BUSINESS SCHOOL              ,FC,00000-0000,Public       ,0,0,0,3,28,31
03880300,UNIVERSITY OF GLOUCESTERSHIRE (THE)     ,FC,00000-0000,Public       ,0,0,0,5,12,17
03897400,INTERNATIONAL SPACE UNIVERSITY          ,FC,00000-0000,Private      ,0,0,0,2,9,11
03900300,MEDICAL UNIVERSITY OF THE AMERICAS      ,FC,00000-0000,Proprietary  ,0,36,36,0,91,91
03945300,UNIVERSITY OF WEST LONDON               ,FC,00000-0000,Public       ,0,0,0,1,1,2
03974300,"ST. GEORGE'S UNIVERSITY, SCHOOL OF VETER",FC,00000-0000,Proprietary  ,0,0,0,4,678,682
04015300,FRANKFURT SCHOOL OF FINANCE & MANAGEMENT,FC,00000-0000,Private      ,0,0,0,1,9,10
04021400,"AMERICAN COLLEGE, DUBLIN LIMITED (THE)  ",FC,00000-0000,Private      ,0,0,0,29,51,80
04021500,CENTRAL EUROPEAN UNIVERSITY             ,FC,00000-0000,Private      ,0,1,1,1,92,93
04032300,YORK ST JOHN UNIVERSITY                 ,FC,00000-0000,Public       ,0,0,0,8,8,16
04046300,HK UNIVERSITY OF SCI & TECH (HKUST)     ,FC,00000-0000,Public       ,0,0,0,8,21,29
04070300,"RAPHAEL RECANATI INTERNATIONAL SCHOOL, T",FC,00000-0000,Private      ,0,0,0,90,73,163
04076300,NEWCASTLE COLLEGE                       ,FC,00000-0000,Public       ,0,0,0,4,5,9
04085400,NEW ZEALAND COLLEGE OF CHIROPRACTIC     ,FC,00000-0000,Private      ,0,0,0,0,4,4
04113300,LEBANESE AMERICAN UNIVERSITY            ,FC,00000-0000,Private      ,0,1,1,63,31,94
04115900,LIVERPOOL HOPE UNIVERSITY               ,FC,00000-0000,Public       ,0,0,0,6,10,16
04116300,EDHEC BUSINESS SCHOOL                   ,FC,00000-0000,Private      ,0,0,0,1,27,28
04128600,UNIVERSITY OF WORCESTER                 ,FC,00000-0000,Public       ,0,0,0,6,5,11
04128700,HERTIE SCHOOL OF GOVERNANCE             ,FC,00000-0000,Private      ,0,0,0,2,34,36
04134200,LONDON CONTEMPORARY DANCE SCHOOL        ,FC,00000-0000,Private      ,0,0,0,6,5,11
04139100,UNIVERSITA DEGLI STUDI DI SCIENZE GASTRO,FC,00000-0000,Private      ,0,0,0,2,24,26
04143700,ST MARY'S UNIVERSITY COLLEGE TWICKENHAM ,FC,00000-0000,Public       ,0,0,0,10,28,38
04168200,EUROPEAN UNIVERSITY AT ST. PETERSBURG   ,FC,00000-0000,Private      ,0,0,0,4,32,36
04176500,ESMT EUROPEAN SCHOOL OF MANAGEMENT AND T,FC,00000-0000,Private      ,0,0,0,1,18,19
04180700,"HEYTHROP COLLEGE, UNIVERSITY OF LONDON  ",FC,00000-0000,Public       ,0,0,0,2,1,3
04218800,REGENT'S UNIVERSITY LONDON              ,FC,00000-0000,Private      ,0,0,0,3,6,9
04219400,UNIVERSIDAD TORCUATO DI TELLA           ,FC,00000-0000,Private      ,0,0,0,2,13,15
04244500,NORWICH UNIVERSITY OF THE ARTS          ,FC,00000-0000,Public       ,0,1,1,1,1,2
00380600,ALDERSON BROADDUS UNIVERSITY            ,WV,26416-1051,Private      ,3,0,3,1865,461,2326
00380700,MOUNTAIN STATE UNIVERSITY               ,WV,25801-5624,Private      ,0,5,5,99,240,339
00380800,BETHANY COLLEGE                         ,WV,26032-0417,Private      ,1,1,2,1242,168,1410
00380900,BLUEFIELD STATE COLLEGE                 ,WV,24701-2198,Public       ,7,31,38,1377,1932,3309
00381000,CONCORD UNIVERSITY                      ,WV,24712-0000,Public       ,9,38,47,2603,1571,4174
00381100,DAVIS & ELKINS COLLEGE                  ,WV,26241-3996,Private      ,4,5,9,1112,362,1474
00381200,FAIRMONT STATE UNIVERSITY               ,WV,26554-2470,Public       ,16,28,44,4769,3204,7973
00381300,GLENVILLE STATE COLLEGE                 ,WV,26351-1292,Public       ,5,9,14,1605,643,2248
00381500,MARSHALL UNIVERSITY                     ,WV,25755-3300,Public       ,35,117,152,10547,8091,18638
00381600,SOUTHERN WV COMMUNITY COLLEGE           ,WV,25637-2900,Public       ,3,26,29,1362,1676,3038
00381800,UNIVERSITY OF CHARLESTON                ,WV,25304-1099,Private      ,1,33,34,2092,2268,4360
00381900,OHIO VALLEY COLLEGE                     ,WV,26105-8000,Private      ,0,4,4,532,181,713
00382000,SALEM INTERNATIONAL UNIVERSITY          ,WV,26426-0500,Proprietary  ,8,63,71,330,825,1155
00382200,SHEPHERD UNIVERSITY                     ,WV,25443-5000,Public       ,5,14,19,4413,1754,6167
00382300,WEST LIBERTY UNIVERSITY                 ,WV,26074-0295,Public       ,2,14,16,2917,1122,4039
00382600,WEST VIRGINIA STATE UNIVERSITY          ,WV,25112-0000,Public       ,10,27,37,2675,2297,4972
00382700,WEST VIRGINIA UNIVERSITY                ,WV,26506-6201,Public       ,45,114,159,26396,10514,36910
00382711,WEST VIRGINIA UNIVERSITY - POTOMAC STATE,WV,26726-3000,Public       ,15,15,30,1860,748,2608
00382721,WEST VIRGINIA UNIV INST OF TECH         ,WV,25136-2436,Public       ,5,11,16,1557,747,2304
00382800,WEST VIRGINIA UNIV AT PARKERSBURG       ,WV,26101-9577,Public       ,9,46,55,1714,2815,4529
00383000,WEST VIRGINIA WESLEYAN COLLEGE          ,WV,26201-2600,Private      ,3,2,5,2195,329,2524
00383100,WHEELING JESUIT UNIVERSITY              ,WV,26003-6243,Private      ,4,25,29,1356,1023,2379
00500700,WEST VIRGINIA JUNIOR COLLEGE            ,WV,26505-5596,Proprietary  ,6,46,52,354,734,1088
00500800,MOUNTAIN STATE COLLEGE                  ,WV,26101-3993,Proprietary  ,3,19,22,69,431,500
00754400,APPALACHIAN BIBLE COLLEGE               ,WV,25818-1353,Private      ,1,0,1,249,100,349
00757800,HUNTINGTON SCHOOL OF BEAUTY CULTURE     ,WV,25705-2030,Proprietary  ,0,0,0,42,68,110
00760000,INTERNATIONAL BEAUTY SCHOOL             ,WV,25401-3231,Proprietary  ,4,9,13,38,142,180
00835500,JAMES RUMSEY TECHNICAL INSTITUTE        ,WV,25403-0259,Public       ,0,9,9,157,411,568
00895900,CLARKSBURG BEAUTY ACADEMY               ,WV,26301-2903,Proprietary  ,12,9,21,71,155,226
00904700,HUNTINGTON JUNIOR COLLEGE               ,WV,25701-2004,Proprietary  ,12,80,92,251,1358,1609
00905400,WEST VIRGINIA NORTHERN CMTY COLLEGE     ,WV,26003-0000,Public       ,10,42,52,1108,1918,3026
01014000,MINERAL COUNTY VOCATIONAL TECH CTR      ,WV,26726-0000,Public       ,0,1,1,30,89,119
01035600,EVEREST INSTITUTE                       ,WV,25313-1304,Proprietary  ,0,0,0,62,236,298
01057300,WEST VIRGINIA JUNIOR COLLEGE            ,WV,25322-0000,Proprietary  ,2,30,32,232,536,768
01057302,WEST VIRGINIA JUNIOR COLLEGE            ,WV,26330-0000,Proprietary  ,3,22,25,213,347,560
01086100,WEST VIRGINIA BUSINESS COLLEGE          ,WV,26301-0000,Proprietary  ,0,7,7,37,225,262
01124500,WEST VIRGINIA SCH OSTEOPATHIC MED       ,WV,24901-1128,Public       ,0,2,2,19,923,942
01174900,WOOD COUNTY SCH OF PRAC NURSING         ,WV,26101-6424,Public       ,0,1,1,34,141,175
01235900,B M SPURR SCHOOL OF PRAC NURSING        ,WV,26038-1660,Private      ,0,1,1,20,44,64
01257300,WEST VIRGINIA UNIV-HOSP-RAD TECH        ,WV,26506-8062,Private      ,0,1,1,173,164,337
01274300,BENJAMIN FRANKLIN CAREER&TECH           ,WV,25064-0000,Public       ,0,3,3,100,253,353
01290400,MONONGALIA CNTY TECH ED CTR             ,WV,26501-6841,Public       ,1,1,2,85,176,261
01290500,ACADEMY OF CAREERS AND TECHNOLOGY       ,WV,25801-0000,Public       ,2,4,6,159,495,654
02057400,ROANE-JACKSON TECHNICAL CENTER          ,WV,25252-0000,Public       ,0,1,1,37,69,106
02068000,UNITED TECHNICAL CENTER                 ,WV,26301-0000,Public       ,3,8,11,47,172,219
02073400,CARVER CAREER TECH ED CTR               ,WV,25306-6397,Public       ,0,8,8,254,527,781
02145100,SCOTT COLLEGE OF COSMETOLOGY            ,WV,26003-0000,Proprietary  ,2,2,4,77,109,186
02178200,CHARLESTON SCHOOL OF BEAUTY CULTURE     ,WV,25301-0000,Proprietary  ,3,14,17,119,276,395
02218200,GARNET CAREER CENTER                    ,WV,25301-0000,Public       ,1,10,11,128,519,647
02275300,CABELL COUNTY CAREER TECHNOLOGY CTR     ,WV,25705-0000,Public       ,2,7,9,130,405,535
02524500,RALPH R WILLIS VOCATIONAL CENTER        ,WV,25601-0000,Public       ,1,0,1,43,106,149
02534800,FRED W EBERLE TECHNICAL CENTER          ,WV,26201-0000,Public       ,0,5,5,78,128,206
02535500,MERCER COUNTY TECH EDUC CNTR            ,WV,24740-0000,Public       ,1,3,4,103,379,482
02579900,NORTH CENTRAL OPPORTUNITIES INDUSTRIALIZ,WV,26554-2936,Private      ,3,6,9,42,134,176
02609400,VALLEY COLLEGE                          ,WV,25404-5711,Proprietary  ,4,30,34,72,439,511
03052000,MEREDITH MANOR EQUESTRIAN CENTRE        ,WV,26184-9707,Proprietary  ,0,0,0,252,141,393
03076500,FAYETTE INSTITUTE OF TECHNOLOGY         ,WV,25901-2174,Public       ,0,1,1,32,103,135
03084200,VALLEY COLLEGE                          ,WV,24740-3141,Proprietary  ,6,19,25,68,270,338
03084400,VALLEY COLLEGE                          ,WV,25801-2643,Proprietary  ,8,43,51,115,651,766
03098300,PUTNAM CAREER & TECHNICAL CENTER        ,WV,25070-0000,Public       ,1,4,5,80,139,219
03102100,MORGANTOWN BEAUTY COLLEGE               ,WV,26505-5430,Proprietary  ,1,4,5,99,128,227
03123200,STANLEY TECHNICAL INSTITUTE             ,WV,26505-3751,Private      ,0,0,0,21,37,58
03327500,SOUTH BRANCH VOCATIONAL TECH CENTER     ,WV,26847-1698,Public       ,0,0,0,11,5,16
03734300,JOHN D. ROCKEFELLER IV CAREER CENTER    ,WV,26047-9424,Public       ,0,2,2,11,39,50
03819300,AMERICAN PUBLIC UNIVERSITY SYSTEM       ,WV,25414-1621,Proprietary  ,91,3075,3166,2818,76514,79332
03957300,BLUE RIDGE COMMUNITY AND TECHNICAL COLLE,WV,25401-3244,Public       ,9,49,58,1145,2517,3662
03960300,NEW RIVER COMMUNITY AND TECHNICAL COLLEG,WV,25801-2636,Public       ,8,55,63,1231,2681,3912
04028300,MOUNTAIN STATE SCHOOL OF MASSAGE        ,WV,25304-2025,Proprietary  ,0,2,2,22,94,116
04038500,PIERPONT COMMUNITY & TECHNICAL COLLEGE  ,WV,26554-2451,Public       ,11,29,40,1664,1883,3547
04038600,BRIDGEVALLEY COMMUNITY AND TECHNICAL COL,WV,25303-2735,Public       ,9,51,60,866,2081,2947
04038601,BRIDGEVALLEY COMMUNITY AND TECHNICAL COL,WV,25136-2435,Public       ,0,0,0,473,417,890
04041400,MOUNTWEST COMMUNITY AND TECHNICAL COLLEG,WV,25755-3300,Public       ,25,54,79,1163,2314,3477
04119000,EASTERN WEST VIRGINIA COMMUNITY & TECHNI,WV,26836-0000,Public       ,7,23,30,279,739,1018
04139900,FUTURE GENERATIONS GRADUATE SCHOOL      ,WV,26807-0000,Private      ,0,0,0,0,5,5
04212400,MINGO EXTENDED LEARNING CENTER          ,WV,25670-9797,Public       ,0,1,1,4,20,24
04234800,RANDOLPH TECHNICAL CENTER               ,WV,26241-9527,Public       ,0,0,0,2,34,36
00106100,ALASKA PACIFIC UNIVERSITY               ,AK,99508-4672,Private      ,6,10,16,513,940,1453
00106300,UNIVERSITY OF ALASKA FAIRBANKS          ,AK,99775-7500,Public       ,31,107,138,3800,4702,8502
00106500,UNIVERSITY OF ALASKA SOUTHEAST          ,AK,99801-8680,Public       ,5,54,59,930,1618,2548
00884300,ALASKA BIBLE COLLEGE                    ,AK,99588-0000,Private      ,0,1,1,36,39,75
01146200,UNIVERSITY OF ALASKA ANCHORAGE          ,AK,99514-1608,Public       ,38,176,214,7189,9710,16899
02541000,ALASKA CAREER COLLEGE                   ,AK,99507-1033,Proprietary  ,12,43,55,334,1192,1526
02576900,CHARTER COLLEGE                         ,AK,99508-0000,Proprietary  ,103,462,565,1145,4871,6016
03160300,AVTEC - ALASKA'S INSTITUTE OF TECHNOLOGY,AK,99664-0889,Public       ,2,0,2,275,415,690
03461300,ILISAGVIK COLLEGE                       ,AK,99723-0749,Public       ,0,3,3,41,77,118
04138600,ALASKA CHRISTIAN COLLEGE                ,AK,99669-9755,Private      ,0,1,1,40,119,159
00108500,UNIV ARKANSAS MONTICELLO                ,AR,71656-0000,Public       ,44,79,123,2667,2479,5146
00108600,UNIV OF ARKANSAS AT PINE BLUFF          ,AR,71601-2790,Public       ,165,45,210,3516,1977,5493
00108700,ARKANSAS BAPTIST COLLEGE                ,AR,72202-6099,Private      ,196,70,266,1275,1399,2674
00108800,LYON COLLEGE                            ,AR,72501-3699,Private      ,6,3,9,1270,196,1466
00108900,ARKANSAS TECH UNIVERSITY                ,AR,72801-2222,Public       ,40,148,188,7492,6360,13852
00109000,ARKANSAS STATE UNIVERSITY               ,AR,72467-0000,Public       ,69,512,581,10111,12210,22321
00109100,ARKANSAS STATE UNIVERSITY - BEEBE       ,AR,72012-1000,Public       ,12,66,78,2526,3287,5813
00109200,UNIVERSITY OF CENTRAL ARKANSAS          ,AR,72035-0001,Public       ,81,142,223,10810,5636,16446
00109300,CENTRAL BAPTIST COLLEGE                 ,AR,72034-6470,Private      ,1,7,8,740,726,1466
00109400,UNIVERSITY OF THE OZARKS                ,AR,72830-2880,Private      ,5,0,5,761,174,935
00109500,CROWLEYS RIDGE COLLEGE                  ,AR,72450-9775,Private      ,2,2,4,230,208,438
00109700,HARDING UNIVERSITY                      ,AR,72149-0001,Private      ,15,73,88,4270,2079,6349
00109800,HENDERSON STATE UNIVERSITY              ,AR,71999-0001,Public       ,44,31,75,4039,2075,6114
00109900,HENDRIX COLLEGE                         ,AR,72032-3080,Private      ,4,4,8,2190,332,2522
00110000,JOHN BROWN UNIVERSITY                   ,AR,72761-2747,Private      ,4,24,28,1667,1511,3178
00110100,UNIV ARKANSAS LITTLE ROCK               ,AR,72204-1099,Public       ,49,244,293,5937,11219,17156
00110200,OUACHITA BAPTIST UNIVERSITY             ,AR,71998-0001,Private      ,8,5,13,1966,266,2232
00110300,PHILANDER SMITH COLLEGE                 ,AR,72202-3718,Private      ,5,23,28,1044,999,2043
00110400,PHILLIPS COUNTY COMMUNITY COLLEGE       ,AR,72342-0000,Public       ,40,31,71,566,857,1423
00110500,SHORTER COLLEGE                         ,AR,72114-4885,Private      ,9,37,46,160,1105,1265
00110600,WILLIAMS BAPTIST COLLEGE                ,AR,72476-4661,Private      ,3,3,6,660,198,858
00110700,SOUTHERN ARKANSAS UNIVERSITY            ,AR,71754-0000,Public       ,32,67,99,3322,2164,5486
00110800,UNIV ARKANSAS FAYETTEVILLE              ,AR,72701-0000,Public       ,73,131,204,19169,8066,27235
00110900,UNIVERSITY OF ARKANSAS FOR MEDICAL SCIEN,AR,72205-7102,Public       ,1,31,32,728,3480,4208
00111000,UNIVERSITY OF ARKANSAS-FORT SMITH       ,AR,72904-7397,Public       ,30,88,118,4662,4390,9052
00524500,U OF A COMM COLLEGE AT MORRILTON        ,AR,72110-9601,Public       ,11,38,49,1318,2068,3386
00570700,SEARK COLLEGE                           ,AR,71603-0000,Public       ,40,102,142,838,2126,2964
00573200,UNIV AR COMMUNITY COLLEGE AT HOPE       ,AR,71801-0000,Public       ,15,40,55,695,1269,1964
00704400,CROWLEYS RIDGE TECHNICAL INSTITUTE      ,AR,72336-0000,Public       ,0,7,7,164,384,548
00732967,ITT TECHNICAL INSTITUTE                 ,AR,72204-7739,Proprietary  ,19,75,94,279,1141,1420
00773800,SOUTHERN ARKANSAS UNIVERSITY TECH       ,AR,71701-1900,Public       ,18,39,57,627,988,1615
00792100,PAUL MITCHELL THE SCHOOL ARKANSAS       ,AR,72701-0000,Proprietary  ,2,3,5,113,200,313
00997600,COLLEGE OF THE OUACHITAS                ,AR,72104-0816,Public       ,6,36,42,509,1330,1839
01074100,MELLIE'S BEAUTY COLLEGE                 ,AR,72901-3833,Proprietary  ,2,13,15,80,241,321
01210500,NATIONAL PARK COMMUNITY COLLEGE         ,AR,71913-9174,Public       ,21,65,86,1186,2743,3929
01226000,EAST ARKANSAS COMMUNITY COLLEGE         ,AR,72335-2204,Public       ,10,34,44,535,858,1393
01226100,NORTH ARKANSAS COLLEGE                  ,AR,72601-5508,Public       ,7,30,37,1060,1844,2904
01286000,ARKANSAS NORTHEASTERN COLLEGE           ,AR,72316-1109,Public       ,19,78,97,836,1437,2273
02052200,BLACK RIVER TECHNICAL COLLEGE           ,AR,72455-0000,Public       ,12,38,50,832,2005,2837
02073500,UNIVERSITY OF ARKANSAS COMMUNITY COLLEGE,AR,72503-0000,Public       ,17,33,50,676,1202,1878
02073700,NORTHWEST TECHNICAL INSTITUTE           ,AR,72765-0000,Public       ,0,10,10,310,619,929
02074600,SOUTH ARKANSAS COMMUNITY COLLEGE        ,AR,71731-0000,Public       ,15,78,93,752,2071,2823
02075300,PULASKI TECHNICAL COLLEGE               ,AR,72118-0000,Public       ,50,226,276,4392,13087,17479
02087000,OZARKA COLLEGE                          ,AR,72556-0000,Public       ,10,28,38,471,1299,1770
02111100,RICH MOUNTAIN COMMUNITY COLLEGE         ,AR,71953-0000,Public       ,4,12,16,307,574,881
02202400,PROFESSIONAL COSMETOLOGY EDUC CTR       ,AR,71730-5828,Proprietary  ,0,4,4,42,121,163
02220900,COSSATOT COMMUNITY COLLEGE              ,AR,71832-0000,Public       ,7,18,25,564,1076,1640
02272400,EASTERN COLLEGE OF HEALTH VOCATIONS     ,AR,72205-3535,Proprietary  ,9,43,52,237,857,1094
02284200,NEW TYLER BARBER COLLEGE INC            ,AR,72114-0000,Proprietary  ,1,12,13,71,227,298
02287400,MARSHA KAY BEAUTY COLLEGE               ,AR,72653-0000,Proprietary  ,0,0,0,7,20,27
02330800,JEFFERSON SCHOOL OF NURSING             ,AR,71603-0000,Private      ,3,2,5,92,254,346
02339800,SOUTHERN INSTITUTE OF COSMETOLOGY       ,AR,72301-0000,Proprietary  ,3,8,11,26,67,93
02341700,CAREER ACADEMY OF HAIR DESIGN           ,AR,72764-4304,Proprietary  ,0,8,8,38,128,166
02341701,CAREER ACADEMY OF HAIR DESIGN - ROGERS  ,AR,72756-2102,Proprietary  ,0,3,3,53,148,201
02341702,CAREER ACADEMY OF HAIR DESIGN - SILOAM  ,AR,72761-4217,Proprietary  ,0,3,3,23,58,81
02341703,CAREER ACADEMY OF HAIR DESIGN - FAYETTEV,AR,72701-7731,Proprietary  ,1,5,6,37,88,125
02348200,MID-SOUTH COMMUNITY COLLEGE             ,AR,72301-0000,Public       ,26,68,94,870,1836,2706
02363500,ARTHUR'S BEAUTY COLLEGE                 ,AR,72901-0000,Proprietary  ,2,17,19,66,265,331
02525800,LEE'S SCHOOL OF COSMETOLOGY             ,AR,72114-0000,Proprietary  ,0,7,7,43,148,191
02538500,ARTHUR'S BEAUTY COLLEGE                 ,AR,72076-0000,Proprietary  ,4,16,20,81,285,366
02569600,SEARCY BEAUTY COLLEGE                   ,AR,72143-0000,Proprietary  ,5,15,20,36,157,193
03005100,ARKANSAS BEAUTY SCHOOL                  ,AR,72209-5116,Proprietary  ,1,20,21,91,290,381
03007100,HOT SPRINGS BEAUTY COLLEGE              ,AR,71901-5432,Proprietary  ,1,4,5,40,160,200
03007600,ARKANSAS BEAUTY SCHOOL-CONWAY           ,AR,72032-4354,Proprietary  ,0,0,0,70,152,222
03023400,ARKANSAS COLLEGE OF BARBERING           ,AR,72114-5615,Proprietary  ,7,37,44,124,424,548
03063300,NORTHWEST ARKANSAS COMMUNITY COLLEG     ,AR,72712-5190,Public       ,42,145,187,3903,5948,9851
03065100,ABC BEAUTY COLLEGE                      ,AR,71923-4206,Proprietary  ,1,4,5,28,85,113
03066302,BRYAN UNIVERSITY - ROGERS               ,AR,72756-1825,Proprietary  ,3,23,26,70,361,431
03105200,BAPTIST HEALTH SCHOOLS LITTLE ROCK      ,AR,72210-2820,Private      ,2,21,23,590,1913,2503
03115102,HERITAGE COLLEGE - LITTLE ROCK          ,AR,72227-5544,Proprietary  ,33,114,147,303,1175,1478
03124900,IMAGINE -  PAUL MITCHELL PARTNER SCHOOL ,AR,72117-2516,Proprietary  ,18,28,46,269,500,769
03214300,VELVATEX COLLEGE OF BEAUTY CULTURE      ,AR,72202-5452,Proprietary  ,0,5,5,24,92,116
03254300,MARGARET'S HAIR ACADEMY                 ,AR,71655-4905,Proprietary  ,0,4,4,29,115,144
03519400,"LYNNDALE FUNDAMENTALS OF BEAUTY SCHOOL, ",AR,71730-4804,Proprietary  ,0,0,0,3,8,11
03855300,ECCLESIA COLLEGE                        ,AR,72762-8159,Private      ,2,8,10,220,173,393
03912300,CROSSETT SCHOOL OF COSMETOLOGY          ,AR,71635-0000,Proprietary  ,3,3,6,28,48,76
03997300,ARKANSAS BEAUTY COLLEGE                 ,AR,72801-3741,Proprietary  ,3,4,7,42,97,139
04183100,WASHINGTON BARBER COLLEGE               ,AR,72209-3820,Proprietary  ,2,20,22,58,242,300
04183400,SALON PROFESSIONAL ACADEMY (THE)        ,AR,72116-7310,Proprietary  ,1,6,7,64,177,241
04203400,ARKANSAS STATE UNIVERSITY - NEWPORT     ,AR,72112-9073,Public       ,14,39,53,1050,1960,3010
04220000,DESIGNER BARBER & STYLIST SCHOOL        ,AR,72903-3753,Proprietary  ,2,9,11,41,121,162
04238900,"BEAUTY SCHOOL, (THE)                    ",AR,72653-3275,Proprietary  ,2,1,3,2,1,3
04241800,ACADEMY OF PROFESSIONAL COSMETOLOGY     ,AR,72756-2028,Proprietary  ,0,11,11,14,60,74
04247600,NEW BEGINNINGS BEAUTY ACADEMY           ,AR,71601-5257,Proprietary  ,2,2,4,2,2,4
00133900,CORBAN UNIVERSITY                       ,OR,97301-9392,Private      ,2,6,8,2111,890,3001
00318600,BLUE MOUNTAIN COMMUNITY COLLEGE         ,OR,97801-0000,Public       ,3,20,23,1298,1931,3229
00318800,CENTRAL OREGON COMMUNITY COLLEGE        ,OR,97701-5998,Public       ,13,49,62,3237,6478,9715
00318900,CLATSOP COMMUNITY COLLEGE               ,OR,97103-3698,Public       ,1,5,6,550,1089,1639
00319100,CONCORDIA UNIVERSITY                    ,OR,97211-6099,Private      ,4,378,382,2291,11987,14278
00319300,EASTERN OREGON UNIVERSITY               ,OR,97850-2899,Public       ,8,27,35,2955,3369,6324
00319400,GEORGE FOX UNIVERSITY                   ,OR,97132-2697,Private      ,3,47,50,4319,2624,6943
00319600,LANE COMMUNITY COLLEGE                  ,OR,97405-0640,Public       ,15,77,92,6816,11689,18505
00319700,LEWIS & CLARK COLLEGE                   ,OR,97219-7899,Private      ,7,15,22,5811,3301,9112
00319800,LINFIELD COLLEGE                        ,OR,97128-6894,Private      ,4,10,14,3744,1260,5004
00319801,LINFIELD COLLEGE - PORTLAND CAMPUS      ,OR,97210-0000,Private      ,1,6,7,777,1273,2050
00319900,MARYLHURST UNIVERSITY                   ,OR,97036-7036,Private      ,0,27,27,141,1698,1839
00320300,MOUNT ANGEL SEMINARY                    ,OR,97373-9700,Private      ,0,0,0,10,25,35
00320400,MOUNT HOOD COMMUNITY COLLEGE            ,OR,97030-3300,Public       ,17,88,105,5592,9799,15391
00320600,MULTNOMAH UNIVERSITY                    ,OR,97220-5898,Private      ,1,11,12,496,1000,1496
00320700,PACIFIC NORTHWEST COLLEGE OF ART        ,OR,97209-3023,Private      ,1,3,4,762,874,1636
00320800,NORTHWEST CHRISTIAN UNIVERSITY          ,OR,97401-3727,Private      ,0,33,33,814,1010,1824
00320900,WESTERN OREGON UNIVERSITY               ,OR,97361-1394,Public       ,13,40,53,7984,3638,11622
00321000,OREGON STATE UNIVERSITY                 ,OR,97331-8507,Public       ,59,175,234,28295,17035,45330
00321100,OREGON INSTITUTE OF TECHNOLOGY          ,OR,97601-8801,Public       ,8,28,36,3171,2954,6125
00321200,PACIFIC UNIVERSITY                      ,OR,97116-1797,Private      ,5,8,13,4274,3452,7726
00321300,PORTLAND COMMUNITY COLLEGE              ,OR,97219-7198,Public       ,67,350,417,16484,38115,54599
00321311,PORTLAND COMMUNITY COLLEGE - TILLAMOOK B,OR,97141-2599,Public       ,0,0,0,169,257,426
00321600,PORTLAND STATE UNIVERSITY               ,OR,97207-0000,Public       ,59,275,334,18536,26649,45185
00321700,REED COLLEGE                            ,OR,97202-8199,Private      ,1,11,12,3499,908,4407
00321800,CHEMEKETA COMMUNITY COLLEGE             ,OR,97309-1500,Public       ,25,100,125,7095,13165,20260
00321900,SOUTHERN OREGON UNIVERSITY              ,OR,97520-5010,Public       ,12,71,83,6050,4099,10149
00322000,SOUTHWESTERN OREGON COMMUNITY CLG       ,OR,97420-2956,Public       ,1,13,14,1706,1838,3544
00322100,TREASURE VALLEY COMMUNITY COLLEGE       ,OR,97914-3423,Public       ,13,54,67,1686,2510,4196
00322200,UMPQUA COMMUNITY COLLEGE                ,OR,97470-0226,Public       ,0,20,20,1284,2612,3896
00322300,UNIVERSITY OF OREGON                    ,OR,97403-1226,Public       ,51,118,169,27387,11246,38633
00322400,UNIVERSITY OF PORTLAND                  ,OR,97203-5798,Private      ,9,27,36,11874,3682,15556
00322500,WARNER PACIFIC COLLEGE                  ,OR,97215-4099,Private      ,1,46,47,1273,2039,3312
00322700,WILLAMETTE UNIVERSITY                   ,OR,97301-3930,Private      ,5,5,10,5244,1526,6770
00487800,CLACKAMAS COMMUNITY COLLEGE             ,OR,97045-7998,Public       ,12,73,85,4329,6628,10957
00488200,OREGON HEALTH & SCIENCE UNIVERSITY      ,OR,97239-0000,Public       ,2,19,21,1228,4849,6077
00693800,LINN BENTON COMMUNITY COLLEGE           ,OR,97321-3774,Public       ,12,45,57,4045,5516,9561
00717800,WESTERN SEMINARY                        ,OR,97215-0000,Private      ,0,6,6,33,702,735
00723402,HEALD COLLEGE - PORTLAND                ,OR,97205-3432,Proprietary  ,0,13,13,333,1270,1603
00732969,ITT TECHNICAL INSTITUTE                 ,OR,97220-6819,Proprietary  ,16,103,119,568,2526,3094
00737101,MARINELLO SCHOOL OF BEAUTY - PORTLAND   ,OR,97212-3732,Proprietary  ,0,0,0,81,148,229
00781900,ART INSTITUTE OF PORTLAND (THE)         ,OR,97209-2911,Proprietary  ,11,22,33,1710,2062,3772
00888700,CONCORDE CAREER INSTITUTE               ,OR,97232-2242,Proprietary  ,5,28,33,465,1420,1885
00907900,EVEREST COLLEGE                         ,OR,97204-2296,Proprietary  ,3,30,33,284,1053,1337
00958100,SPRINGFIELD COLLEGE OF BEAUTY           ,OR,97477-5474,Proprietary  ,1,4,5,69,167,236
01012200,PHAGANS' MEDFORD BEAUTY SCHOOL          ,OR,97504-5297,Proprietary  ,3,3,6,85,253,338
01018200,ROGUE COMMUNITY COLLEGE                 ,OR,97527-0000,Public       ,21,62,83,2998,7122,10120
01050700,ACADEMY OF HAIR DESIGN                  ,OR,97301-3526,Proprietary  ,1,2,3,81,246,327
01230900,UNIVERSITY OF WESTERN STATES            ,OR,97230-3099,Private      ,0,4,4,127,889,1016
01234700,PHAGANS CENTRAL OREGON BEAUTY CLG       ,OR,97701-5175,Proprietary  ,5,6,11,122,272,394
01234800,PHAGANS BEAUTY COLLEGE                  ,OR,97333-4716,Proprietary  ,3,5,8,69,159,228
01235000,PHAGANS SCHOOL OF HAIR DESIGN           ,OR,97086-7721,Proprietary  ,6,7,13,126,231,357
01235100,PHAGANS SCHOOL OF BEAUTY                ,OR,97301-4732,Proprietary  ,0,3,3,89,269,358
01300800,PHAGANS TIGARD BEAUTY SCHOOL            ,OR,97223-0000,Proprietary  ,2,4,6,24,74,98
02101000,NORTHWEST COLLEGE OF HAIR DESIGN        ,OR,97086-7702,Proprietary  ,11,40,51,303,750,1053
02101002,NORTHWEST COLLEGE                       ,OR,97007-3954,Proprietary  ,0,1,1,41,98,139
02104900,SUMNER COLLEGE                          ,OR,97219-4063,Proprietary  ,4,12,16,127,601,728
02106100,COLLEGE OF COSMETOLOGY                  ,OR,97601-0000,Proprietary  ,1,8,9,62,144,206
02154400,BEAU MONDE CLG OF HAIR DESIGN           ,OR,97205-0000,Proprietary  ,5,8,13,149,340,489
02154401,BEAU MONDE COLLEGE OF HAIR DESIGN - BEAU,OR,97232-1315,Proprietary  ,2,9,11,26,84,110
02159700,NEW HOPE CHRISTIAN COLLEGE              ,OR,97405-1194,Private      ,0,4,4,287,298,585
02201900,PHAGANS' SCHOOL OF HAIR DESIGN          ,OR,97232-0000,Proprietary  ,3,5,8,170,484,654
02239203,ANTHEM COLLEGE - BEAVERTON              ,OR,97005-0000,Proprietary  ,0,0,0,133,333,466
02311000,PAUL MITCHELL THE SCHOOL                ,OR,97205-3724,Proprietary  ,5,10,15,263,413,676
02330100,PIONEER PACIFIC COLLEGE                 ,OR,97070-0000,Proprietary  ,5,30,35,388,1173,1561
02330102,PIONEER PACIFIC COLLEGE                 ,OR,97403-0000,Proprietary  ,4,23,27,280,1131,1411
02337900,COLLEGE OF HAIR DESIGN CAREERS          ,OR,97301-0000,Proprietary  ,1,1,2,78,233,311
02344100,ROSEBURG BEAUTY COLLEGE                 ,OR,97470-0000,Proprietary  ,0,2,2,53,169,222
02534000,NATIONAL COLLEGE OF NATURAL MEDICINE    ,OR,97201-0000,Private      ,0,7,7,101,1132,1233
02578800,NORTHWEST NANNIES INSTITUTE             ,OR,97035-0000,Proprietary  ,0,0,0,32,18,50
02603700,OREGON COL OF ORIENTAL MEDICINE         ,OR,97216-0000,Private      ,0,1,1,50,526,576
02617506,EVEREST COLLEGE - EVEREST INSTITUTE     ,OR,97223-6581,Proprietary  ,6,17,23,168,479,647
03007300,OREGON COLLEGE OF ART & CRAFT           ,OR,97225-6399,Private      ,1,7,8,361,589,950
03022600,LE CORDON BLEU COLLEGE OF CULINARY ARTS ,OR,97205-2793,Proprietary  ,8,40,48,854,1765,2619
03042500,CARRINGTON COLLEGE                      ,OR,97232-1302,Proprietary  ,19,59,78,290,1084,1374
03074400,PHAGANS NEWPORT ACAD CSMTLGY CAREER     ,OR,97365-4963,Proprietary  ,1,0,1,28,74,102
03074500,EAST-WEST COLLEGE OF THE HEALING ARTS   ,OR,97232-2765,Proprietary  ,0,6,6,113,556,669
03185300,PHAGANS GRANTS PASS COLLEGE OF BTY      ,OR,97527-0000,Proprietary  ,4,5,9,61,138,199
03428300,KLAMATH COMMUNITY COLLEGE               ,OR,97603-7121,Public       ,5,24,29,720,1676,2396
03642300,INSTITUTE OF TECHNOLOGY                 ,OR,97305-1373,Proprietary  ,10,33,43,224,811,1035
03668300,BIRTHINGWAY COLLEGE OF MIDWIFERY        ,OR,97266-4042,Private      ,0,4,4,47,305,352
03783400,ABDILL CAREER COLLEGE                   ,OR,97504-7137,Proprietary  ,5,7,12,105,432,537
04146500,PORTLAND ACTORS CONSERVATORY            ,OR,97201-2557,Private      ,0,2,2,68,173,241
04151900,COLUMBIA GORGE COMMUNITY COLLEGE        ,OR,97058-3434,Public       ,0,11,11,614,1027,1641
04167400,SAGE SCHOOL OF MASSAGE & HEALING ARTS   ,OR,97701-4082,Proprietary  ,0,1,1,36,193,229
04171400,AVEDA INSTITUTE PORTLAND                ,OR,97209-3144,Proprietary  ,11,15,26,425,670,1095
04194400,AMERICAN COLLEGE OF HEALTHCARE SCIENCES ,OR,97239-3719,Proprietary  ,2,25,27,208,1641,1849
04194900,TILLAMOOK BAY COMMUNITY COLLEGE         ,OR,97141-2807,Public       ,0,2,2,198,426,624
00137400,ALBERTUS MAGNUS COLLEGE                 ,CT,06511-1189,Private      ,3,50,53,1164,2254,3418
00137800,CENTRAL CONNECTICUT STATE UNIV          ,CT,06050-2490,Public       ,19,50,69,12258,5925,18183
00137900,CONNECTICUT COLLEGE                     ,CT,06320-4196,Private      ,1,1,2,3472,232,3704
00138000,WESTERN CONNECTICUT STATE UNIV          ,CT,06810-6826,Public       ,7,19,26,6302,2240,8542
00138500,FAIRFIELD UNIVERSITY                    ,CT,06430-0000,Private      ,5,18,23,7958,1279,9237
00138700,HARTFORD SEMINARY                       ,CT,06105-0000,Private      ,1,0,1,25,121,146
00138900,HOLY APOSTLES COLLEGE & SEMINARY        ,CT,06416-2027,Private      ,1,1,2,19,92,111
00139200,MANCHESTER COMMUNITY COLLEGE            ,CT,06045-1046,Public       ,21,45,66,4416,4750,9166
00139300,MITCHELL COLLEGE                        ,CT,06320-4498,Private      ,2,3,5,1073,332,1405
00139700,UNIVERSITY OF NEW HAVEN                 ,CT,06516-1999,Private      ,8,29,37,10128,2589,12717
00139728,LYME ACADEMY COLLEGE OF FINE ARTS       ,CT,06371-2333,Private      ,0,0,0,101,37,138
00139800,NORTHWESTERN CT COMMUNITY COLLEGE       ,CT,06098-1747,Public       ,3,14,17,670,853,1523
00139900,NORWALK COMMUNITY TECHNICAL COLLEGE     ,CT,06854-1655,Public       ,7,32,39,2843,3558,6401
00140100,POST UNIVERSITY                         ,CT,06723-3240,Proprietary  ,49,801,850,2292,15629,17921
00140200,QUINNIPIAC UNIVERSITY                   ,CT,06518-1908,Private      ,11,33,44,17889,3348,21237
00140201,QUINNIPIAC UNIVERSITY SCHOOL OF LAW     ,CT,06518-0000,Private      ,0,0,0,91,654,745
00140300,SACRED HEART UNIVERSITY                 ,CT,06825-1000,Private      ,13,68,81,9144,3649,12793
00140600,SOUTHERN CONNECTICUT STATE UNIV         ,CT,06515-1355,Public       ,24,61,85,10300,6258,16558
00140900,UNIVERSITY OF SAINT JOSEPH              ,CT,06117-2791,Private      ,5,21,26,1136,2317,3453
00141400,TRINITY COLLEGE                         ,CT,06106-3100,Private      ,5,6,11,3602,440,4042
00141600,UNIVERSITY OF BRIDGEPORT                ,CT,06601-5650,Private      ,11,40,51,3928,3966,7894
00141700,UNIVERSITY OF CONNECTICUT-STORRS        ,CT,06269-2151,Public       ,29,82,111,33420,6663,40083
00141702,UNIV CONN STAMFORD                      ,CT,06901-0000,Public       ,3,11,14,1145,803,1948
00141703,UNIV OF CONNECTICUT - TORINGTON         ,CT,06790-0000,Public       ,5,1,6,294,158,452
00141706,UNIV OF CONNECTICUT SCH LAW             ,CT,06105-0000,Public       ,0,0,0,65,966,1031
00141707,UNIV OF CT - SCH OF SOCIAL WORK         ,CT,06117-0000,Public       ,0,5,5,168,727,895
00141708,UNIVERSITY OF CONNECTICUT - SCHOOL OF ME,CT,06030-1920,Public       ,0,4,4,177,672,849
00141709,UNIVERSITY OF CONNECTICUT - SCHOOL OF DE,CT,06030-1920,Public       ,2,4,6,333,376,709
00142200,UNIVERSITY OF HARTFORD                  ,CT,06117-1599,Private      ,17,26,43,10415,2641,13056
00142400,WESLEYAN UNIVERSITY                     ,CT,06459-3208,Private      ,2,1,3,5245,356,5601
00142500,EASTERN CONNECTICUT STATE UNIV          ,CT,06226-2295,Public       ,7,16,23,7201,1747,8948
00142600,YALE UNIVERSITY                         ,CT,06520-8288,Private      ,12,15,27,19396,8497,27893
00280301,RENSSELAER POLYTECHNIC INSTITUTE-RENSSEL,CT,06120-2991,Private      ,0,1,1,18,41,59
00451300,HOUSATONIC COMMUNITY COLLEGE            ,CT,06604-4704,Public       ,13,48,61,3214,4924,8138
00618100,BRIDGEPORT HOSP SCHL OF NURSING         ,CT,06610-2896,Private      ,3,7,10,203,755,958
00619100,ST. VINCENT'S COLLEGE                   ,CT,06606-9966,Private      ,2,10,12,339,1066,1405
00698200,NAUGATUCK VALLEY COMM-TECH COLG         ,CT,06708-3089,Public       ,10,42,52,3771,4767,8538
00730000,ELI WHITNEY TECHNICAL HIGH SCHOOL       ,CT,06514-0000,Public       ,0,1,1,23,87,110
00730300,LINCOLN TECHNICAL INSTITUTE             ,CT,06051-0000,Proprietary  ,15,68,83,596,1365,1961
00730306,LINCOLN TECHNICAL INSTITUTE - EAST WINDS,CT,06088-9631,Proprietary  ,21,22,43,1090,674,1764
00730500,PORTER AND CHESTER INSTITUTE OF BRANFORD,CT,06405-4022,Proprietary  ,4,8,12,280,513,793
00731100,WINDHAM TECHNICAL HIGH SCHOOL           ,CT,06226-2100,Public       ,0,0,0,7,14,21
00745900,PAIER COLLEGE OF ART                    ,CT,06514-3902,Proprietary  ,0,1,1,119,71,190
00763500,CAPITAL COMMUNITY COLLEGE               ,CT,06103-1207,Public       ,8,38,46,2049,4868,6917
00803700,GATEWAY COMMUNITY-TECHNICAL COLLEGE     ,CT,06511-0000,Public       ,11,59,70,4265,6834,11099
00803800,MIDDLESEX COMMUNITY CLG                 ,CT,06457-4889,Public       ,3,20,23,1517,2071,3588
00887300,PAUL MITCHELL THE SCHOOL                ,CT,06810-6716,Proprietary  ,2,2,4,110,111,221
00887400,MARINELLO SCHOOL OF BEAUTY              ,CT,06450-4836,Proprietary  ,4,17,21,63,155,218
00887401,MARINELLO SCHOOL OF BEAUTY - HAMDEN     ,CT,06514-4132,Proprietary  ,3,24,27,33,136,169
00887402,MARINELLO SCHOOL OF BEAUTY - FAIRFIELD  ,CT,06825-4847,Proprietary  ,1,23,24,81,275,356
00887403,MARINELLO SCHOOL OF BEAUTY - WILLIMANTIC,CT,06226-1940,Proprietary  ,1,8,9,34,107,141
00927700,E C GOODWIN TECHNICAL HIGH SCHOOL       ,CT,06053-0000,Public       ,0,1,1,33,78,111
00940700,LINCOLN COLLEGE OF NEW ENGLAND          ,CT,06489-1057,Proprietary  ,10,16,26,594,794,1388
00976400,TUNXIS COMMUNITY COLLEGE                ,CT,06032-3187,Public       ,16,40,56,2444,2641,5085
00976500,THREE RIVERS COMMUNITY COLLEGE          ,CT,06360-6598,Public       ,13,45,58,2208,3549,5757
00982200,ALBERT I PRINCE TECHNICAL HIGH SCHOOL   ,CT,06106-3799,Public       ,0,2,2,32,101,133
01041700,MARINELLO SCHOOL OF BEAUTY              ,CT,06108-2220,Proprietary  ,12,56,68,152,354,506
01053000,QUINEBAUG VALLEY COMMUNITY COLLEGE      ,CT,06239-1440,Public       ,4,7,11,993,1498,2491
01077900,PORTER AND CHESTER INSTITUTE-ALLCAMPUSES,CT,06615-7158,Proprietary  ,44,82,126,1863,3769,5632
01115000,ASNUNTUCK COMMUNITY COLLEGE             ,CT,06082-3800,Public       ,10,21,31,759,1061,1820
01149600,BULLARD HAVENS VOC TECH SCHOOL          ,CT,06610-3499,Public       ,0,2,2,42,168,210
01169700,VINAL REGIONAL VOC TECH SCHOOL          ,CT,06457-4918,Public       ,0,0,0,6,39,45
01184300,NORWICH TECHNICAL HIGH SCHOOL           ,CT,06360-7097,Public       ,2,2,4,12,67,79
01242500,STONE ACADEMY                           ,CT,06516-4049,Proprietary  ,27,159,186,271,1235,1506
01242503,STONE ACADEMY -WATERBURY                ,CT,06705-3823,Proprietary  ,0,3,3,49,134,183
01242504,STONE ACADEMY -  EAST HARTFORD          ,CT,06118-0000,Proprietary  ,0,3,3,77,349,426
01287700,SANFORD-BROWN COLLEGE                   ,CT,06855-1436,Proprietary  ,0,0,0,20,35,55
01291300,LEON INSTITUTE OF HAIR DESIGN           ,CT,06604-4226,Proprietary  ,0,0,0,0,4,4
02074000,BRANFORD HALL CAREER INSTITUTE          ,CT,06405-0000,Proprietary  ,91,486,577,1177,4509,5686
02106600,AMERICAN INSTITUTE                      ,CT,06110-1922,Proprietary  ,12,47,59,151,605,756
02112300,RIDLEY LOWELL BUSINESS & TECH INST      ,CT,06320-0000,Proprietary  ,5,43,48,194,833,1027
02112700,NORTH HAVEN ACADEMY                     ,CT,06473-3108,Proprietary  ,1,3,4,139,129,268
02148700,CONNECTICUT INST OF HAIR DESIGN         ,CT,06716-0000,Proprietary  ,0,1,1,19,56,75
02202500,NEW ENGLAND TRACTOR TRAILER SCH         ,CT,06071-2036,Proprietary  ,16,135,151,176,1650,1826
02244900,GOODWIN COLLEGE                         ,CT,06118-9980,Private      ,69,172,241,1424,5897,7321
02245300,HOWELL CHENEY TECHNICAL HIGH SCHOOL     ,CT,06040-0000,Public       ,0,0,0,16,28,44
02265900,WINDHAM COMMUNITY MEM HOSP-RAD TECH     ,CT,06226-0000,Private      ,0,0,0,14,41,55
02296100,YALE-NEW HAVEN HOSP DIETETIC INTERN     ,CT,06510-8900,Private      ,0,1,1,28,54,82
02300000,W F KAYNOR TECHNICAL HIGH SCHOOL        ,CT,06708-0000,Public       ,0,1,1,25,77,102
02316600,CONNECTICUT CTR FOR MASSAGE THERAPY     ,CT,06111-3975,Proprietary  ,7,18,25,92,256,348
02316601,CONNECTICUT CENTER FOR MASSAGE THERAPY -,CT,06880-4619,Proprietary  ,1,11,12,42,173,215
02316603,CONNECTICUT CENTER FOR MASSAGE THERAPY -,CT,06340-4619,Proprietary  ,2,8,10,43,127,170
02565000,PLATT TECHNICAL HIGH SCHOOL             ,CT,06460-2105,Public       ,0,2,2,12,38,50
03094800,INDUSTRIAL MANAGEMENT & TRAINING        ,CT,06706-1211,Proprietary  ,0,3,3,50,145,195
03234300,CHARTER OAK STATE COLLEGE               ,CT,06053-2150,Public       ,3,64,67,175,2535,2710
03316300,LINCOLN TECHNICAL INSTITUTE - HARTFORD  ,CT,06105-3630,Proprietary  ,13,16,29,506,595,1101
03927300,MARINELLO SCHOOL OF BEAUTY              ,CT,06357-2447,Proprietary  ,0,10,10,27,103,130
03927301,MARINELLO SCHOOL OF BEAUTY  - TORRINGTON,CT,06790-5425,Proprietary  ,2,5,7,38,57,95
03927302,MARINELLO SCHOOL OF BEAUTY  -  ENFIELD  ,CT,06082-2946,Proprietary  ,0,0,0,14,28,42
04104300,ACADEMY DI CAPELLI - SCHOOL OF COSMETOLO,CT,06492-0000,Proprietary  ,1,3,4,83,127,210
04128800,BRANFORD ACADEMY OF HAIR & COSMETOLOGY  ,CT,06405-0000,Proprietary  ,2,0,2,20,76,96
04145400,OXFORD ACADEMY OF HAIR DESIGN           ,CT,06483-2911,Proprietary  ,4,5,9,63,81,144
04148400,EUROPEAN ACADEMY OF COSMETOLOGY AND HAIR,CT,06437-0000,Proprietary  ,0,0,0,24,22,46
04152400,INTERNATIONAL INSTITUTE OF COSMETOLOGY  ,CT,06109-0000,Proprietary  ,1,2,3,119,133,252
04219200,ACE COSMETOLOGY & BARBERING TRAINING CEN,CT,06716-0000,Proprietary  ,0,1,1,16,49,65
04224200,BELLE ACADEMY OF COSMETOLOGY            ,CT,06704-0135,Proprietary  ,2,3,5,31,87,118
04230900,RICCI'S ACADEMY OF COSMETOLOGY          ,CT,06470-0000,Proprietary  ,0,0,0,52,57,109
00146600,BARRY UNIVERSITY                        ,FL,33161-6695,Private      ,41,80,121,6091,9514,15605
00146601,BARRY UNIVERSITY - ORLANDO              ,FL,32807-3673,Private      ,2,19,21,470,2159,2629
00146700,BETHUNE COOKMAN UNIVERSITY              ,FL,32114-3099,Private      ,142,51,193,8567,2605,11172
00146800,ST THOMAS UNIVERSITY                    ,FL,33054-0000,Private      ,23,167,190,1846,3508,5354
00146900,FLORIDA INSTITUTE OF TECHNOLOGY         ,FL,32901-6988,Private      ,38,281,319,5492,9752,15244
00147000,EASTERN FLORIDA STATE COLLEGE           ,FL,32922-6503,Public       ,161,331,492,6860,11364,18224
00147100,COLLEGE OF CENTRAL FLORIDA              ,FL,34474-4415,Public       ,72,177,249,4990,8465,13455
00147200,CHIPOLA  COLLEGE                        ,FL,32446-2053,Public       ,16,26,42,1160,1500,2660
00147300,CLEARWATER CHRISTIAN COLLEGE            ,FL,33759-0000,Private      ,2,7,9,735,265,1000
00147500,DAYTONA STATE COLLEGE                   ,FL,32114-2800,Public       ,150,371,521,8814,14312,23126
00147700,FLORIDA SOUTHWESTERN STATE COLLEGE      ,FL,33919-5566,Public       ,132,224,356,9243,10825,20068
00147800,EDWARD WATERS COLLEGE                   ,FL,32209-6199,Private      ,19,29,48,1516,1283,2799
00147900,EMBRY-RIDDLE AERONAUTICAL UNIV          ,FL,32114-3900,Private      ,48,413,461,8101,11548,19649
00148000,FLORIDA A & M UNIVERSITY                ,FL,32307-3100,Public       ,295,126,421,16760,9054,25814
00148100,FLORIDA ATLANTIC UNIVERSITY             ,FL,33431-6498,Public       ,492,343,835,30423,20085,50508
00148101,FLORIDA ATLANTIC UNIVERSITY/DAVIE       ,FL,33314-0000,Public       ,38,104,142,3339,5987,9326
00148103,FLORIDA ATLANTIC UNIV-JUPITER/PSL       ,FL,33458-0000,Public       ,13,34,47,1589,1593,3182
00148200,FLORIDA COLLEGE                         ,FL,33617-5578,Private      ,4,2,6,605,135,740
00148400,FLORIDA STATE COLLEGE AT JACKSONVILLE   ,FL,32202-4030,Public       ,228,941,1169,15036,30737,45773
00148500,FLORIDA KEYS COMMUNITY COLLEGE          ,FL,33040-4397,Public       ,11,27,38,743,873,1616
00148600,FLORIDA MEMORIAL UNIVERSITY             ,FL,33054-6199,Private      ,61,41,102,3140,1761,4901
00148700,ECKERD COLLEGE                          ,FL,33711-4744,Private      ,9,24,33,3536,1205,4741
00148800,FLORIDA SOUTHERN COLLEGE                ,FL,33801-5698,Private      ,22,51,73,4589,1734,6323
00148900,FLORIDA STATE UNIVERSITY                ,FL,32306-2430,Public       ,734,304,1038,57090,21007,78097
00149000,GULF COAST STATE COLLEGE                ,FL,32401-1058,Public       ,42,140,182,2899,5742,8641
00149300,INDIAN RIVER STATE COLLEGE              ,FL,34981-5596,Public       ,184,371,555,8055,12080,20135
00149500,JACKSONVILLE UNIVERSITY                 ,FL,32211-3394,Private      ,29,173,202,4286,5181,9467
00149700,JONES COLLEGE                           ,FL,32205-5395,Private      ,1,18,19,150,1074,1224
00149900,EVEREST UNIVERSITY                      ,FL,32810-5601,Proprietary  ,10,100,110,738,4785,5523
00149901,EVEREST UNIVERSITY - ORLANDO SOUTH      ,FL,32819-7666,Proprietary  ,100,842,942,2629,30732,33361
00149902,EVEREST UNIVERSITY - MELBOURNE          ,FL,32905-6609,Proprietary  ,5,46,51,187,1284,1471
00149904,EVEREST UNIVERSITY - TAMPA              ,FL,33614-5801,Proprietary  ,11,105,116,531,3955,4486
00149905,EVEREST UNIVERSITY - BRANDON            ,FL,33619-1354,Proprietary  ,20,122,142,497,5516,6013
00149906,EVEREST UNIVERSITY - ORANGE PARK        ,FL,32073-1111,Proprietary  ,10,79,89,174,1228,1402
00149907,EVEREST UNIVERSITY - LARGO              ,FL,33770-2556,Proprietary  ,7,31,38,136,947,1083
00149908,EVEREST UNIVERSITY - LAKELAND           ,FL,33801-3801,Proprietary  ,5,70,75,247,1299,1546
00149909,EVEREST UNIVERSITY - JACKSONVILLE       ,FL,32256-0000,Proprietary  ,10,61,71,346,2057,2403
00149910,EVEREST UNIVERSITY - POMPANO            ,FL,33062-2522,Proprietary  ,8,61,69,267,3021,3288
00149913,EVEREST INSTITUTE - MIAMI               ,FL,33169-4759,Proprietary  ,0,0,0,197,687,884
00149914,EVEREST INSTITUTE - KENDALL             ,FL,33186-1410,Proprietary  ,0,0,0,138,455,593
00150000,BROWARD COLLEGE- DOWNTOWN CTR           ,FL,33301-2298,Public       ,286,662,948,11073,19197,30270
00150001,BROWARD COLLEGE - A. HUGH ADAMS CENTRAL ,FL,33314-1604,Public       ,255,336,591,11709,14191,25900
00150002,BROWARD COLLEGE - NORTH CAMPUS          ,FL,33066-1697,Public       ,144,300,444,7372,11781,19153
00150003,BROWARD  COLLEGE - JUDSON A. SAMUELS SOU,FL,33024-7225,Public       ,147,262,409,8208,11211,19419
00150100,FLORIDA GATEWAY COLLEGE                 ,FL,32025-2007,Public       ,31,85,116,1370,2934,4304
00150200,LAKE SUMTER COMMUNITY COLLEGE           ,FL,34788-8751,Public       ,43,66,109,2932,3374,6306
00150400,"STATE COLLEGE OF FLORIDA, MANATEE-SARASO",FL,34207-3596,Public       ,86,179,265,5843,8198,14041
00150500,LYNN UNIVERSITY                         ,FL,33431-5598,Private      ,15,26,41,3147,1454,4601
00150600,MIAMI DADE COLLEGE ADMINISTRATION ONLY  ,FL,33176-3393,Public       ,16,39,55,706,1075,1781
00150601,MIAMI DADE COLLEGE - NORTH CAMPUS       ,FL,33167-3495,Public       ,337,475,812,16348,19455,35803
00150602,MIAMI DADE COLLEGE - KENDALL CAMPUS     ,FL,33176-3393,Public       ,469,467,936,22636,18775,41411
00150603,MIAMI DADE COLLEGE - WOLFSON CAMPUS     ,FL,33132-2297,Public       ,372,378,750,13753,14140,27893
00150604,MIAMI DADE COLLEGE - MEDICAL CAMPUS     ,FL,33127-4693,Public       ,86,180,266,4280,8362,12642
00150605,MIAMI DADE COLLEGE - HOMESTEAD CAMPUS   ,FL,33030-6009,Public       ,81,132,213,3704,4742,8446
00150606,MIAMI DADE COLLEGE -INTERAMERICAN CAMPUS,FL,33135-0000,Public       ,113,240,353,5094,8451,13545
00150607,MIAMI DADE COLLEGE - HIALEAH CAMPUS     ,FL,33012-2918,Public       ,103,179,282,5237,5661,10898
00150800,NORTH FLORIDA COMMUNITY COLLEGE         ,FL,32340-1699,Public       ,10,29,39,619,1058,1677
00150900,NOVA SOUTHEASTERN UNIVERSITY            ,FL,33314-7796,Private      ,66,497,563,8015,31342,39357
00151000,NORTHWEST FLORIDA STATE COLLEGE         ,FL,32578-1295,Public       ,42,176,218,2467,5615,8082
00151200,PALM BEACH COMMUNITY COLLEGE            ,FL,33461-4796,Public       ,349,510,859,17119,18798,35917
00151300,PENSACOLA STATE COLLEGE                 ,FL,32504-8998,Public       ,73,292,365,5380,10417,15797
00151400,POLK STATE COLLEGE                      ,FL,33881-4256,Public       ,108,214,322,6019,9832,15851
00151500,ROLLINS COLLEGE                         ,FL,32789-4499,Private      ,10,22,32,3739,1665,5404
00151900,SANTA FE COLLEGE                        ,FL,32606-6200,Public       ,140,247,387,11036,10712,21748
00152000,SEMINOLE STATE COLLEGE OF FLORIDA       ,FL,32773-6199,Public       ,184,385,569,11182,16157,27339
00152100,SOUTHEASTERN UNIVERSITY                 ,FL,33801-6099,Private      ,27,76,103,4664,2506,7170
00152200,SOUTH FLORIDA COMMUNITY COLLEGE         ,FL,33825-9399,Public       ,20,42,62,1574,2287,3861
00152300,SAINT JOHNS RIVER STATE COLLEGE         ,FL,32177-3897,Public       ,45,135,180,3288,5258,8546
00152600,SAINT LEO UNIVERSITY                    ,FL,33574-6665,Private      ,39,562,601,4821,19813,24634
00152800,ST. PETERSBURG COLLEGE                  ,FL,33760-3768,Public       ,182,621,803,11984,28223,40207
00153100,STETSON UNIVERSITY                      ,FL,32723-3761,Private      ,20,31,51,7333,1175,8508
00153101,STETSON UNIVERSITY - COLLEGE OF LAW     ,FL,33707-3299,Private      ,2,7,9,126,1725,1851
00153300,TALLAHASSEE COMMUNITY COLLEGE           ,FL,32304-2895,Public       ,196,230,426,11880,10569,22449
00153500,UNIVERSITY OF FLORIDA                   ,FL,32611-3150,Public       ,640,334,974,51389,24018,75407
00153600,UNIVERSITY OF MIAMI                     ,FL,33146-6531,Private      ,90,123,213,23850,7499,31349
00153601,UNIV OF MIAMI SCHOOL OF LAW             ,FL,33124-0000,Private      ,1,5,6,209,2023,2232
00153602,UNIV OF MIAMI-SCH OF MEDICINE           ,FL,33136-0000,Private      ,14,18,32,1140,2141,3281
00153700,UNIVERSITY OF SOUTH FLORIDA             ,FL,33620-6960,Public       ,709,390,1099,47105,28934,76039
00153701,UNIV OF SOUTH FLORIDA-ST PETERSBURG     ,FL,33701-0000,Public       ,86,88,174,5479,4733,10212
00153702,UNIV OF SOUTH FLORIDA-SARASOTA          ,FL,34243-2025,Public       ,21,34,55,1424,2285,3709
00153705,UNIV OF SOUTH FLORIDA                   ,FL,33803-0000,Public       ,15,17,32,1414,1432,2846
00153706,UNIV OF SOUTH FLORIDA- MEDICINE         ,FL,33612-0000,Public       ,26,24,50,1962,2629,4591
00153800,UNIVERSITY OF TAMPA                     ,FL,33606-1490,Private      ,62,68,130,15092,4409,19501
00154000,WEBBER INTERNATIONAL UNIVERSITY         ,FL,33827-0096,Private      ,6,13,19,1540,481,2021
00173308,NATIONAL-LOUIS UNIVERSITY               ,FL,33609-0000,Private      ,0,4,4,21,132,153
00177201,TRINITY INTERNATIONAL UNIVERSITY - SOUTH,FL,33324-4611,Private      ,1,12,13,85,592,677
00349503,JOHNSON UNIVERSITY - FLORIDA            ,FL,34744-5301,Private      ,0,0,0,164,85,249
00395400,UNIV OF CENTRAL FLORIDA                 ,FL,32816-0001,Public       ,1226,530,1756,75288,37454,112742
00395500,UNIVERSITY OF WEST FLORIDA              ,FL,32514-5750,Public       ,59,232,291,10972,9804,20776
00407215,NORTHWOOD UNIVERSITY                    ,FL,33409-0000,Private      ,3,12,15,850,619,1469
00491005,KAPLAN COLLEGE JACKSONVILLE             ,FL,32216-3216,Proprietary  ,5,119,124,237,3369,3606
00558500,LIVELY TECHNICAL CENTER                 ,FL,32304-0000,Public       ,7,37,44,765,2404,3169
00558600,LINDSEY HOPKINS TECHNICAL ED CENTER     ,FL,33127-4692,Public       ,19,58,77,408,1367,1775
00559400,D G ERWIN TECHNICAL CENTER              ,FL,33610-8255,Public       ,13,57,70,784,2444,3228
00560500,PINELLAS TECH ED CTR-CLEARWATER         ,FL,33760-2194,Public       ,8,39,47,443,1765,2208
00560700,SARASOTA COUNTY TECHNICAL INSTITUTE     ,FL,34233-0000,Public       ,13,12,25,383,1050,1433
00560800,MAYNARD A. TRAVISS CAREER CENTER        ,FL,33803-9709,Public       ,3,18,21,441,1383,1824
00561200,MANATEE TECHNICAL INSTITUTE             ,FL,34210-0000,Public       ,4,22,26,627,1614,2241
00561201,MANATEE TECHNICAL INSTITUTE-EAST        ,FL,34211-0000,Public       ,3,7,10,357,909,1266
00675000,VALENCIA COMMUNITY COLLEGE              ,FL,32802-3028,Public       ,478,713,1191,36277,33475,69752
00732910,ITT TECHNICAL INSTITUTE                 ,FL,33634-7515,Proprietary  ,68,332,400,1251,5369,6620
00732947,ITT TECHNICAL INSTITUTE                 ,FL,32746-1607,Proprietary  ,20,168,188,590,3121,3711
00736206,MEDTECH COLLEGE - MEDTECH INSTITUTE - OR,FL,32826-4906,Proprietary  ,6,58,64,265,1353,1618
00752500,SUWANNEE-HAMILTON AREA VOC TECH CTR     ,FL,32060-0000,Public       ,0,2,2,90,329,419
00752600,WASHINGTON HOLMES TECHNICAL CENTER      ,FL,32428-1699,Public       ,5,14,19,228,547,775
00755800,LEE COUNTY HIGH TECH CENTER CENTRAL     ,FL,33916-2299,Public       ,7,15,22,536,1274,1810
00787000,HILLSBOROUGH COMMUNITY COLLEGE          ,FL,33606-3572,Public       ,227,492,719,17580,26255,43835
00789300,FLAGLER COLLEGE                         ,FL,32085-1027,Private      ,15,8,23,5435,1052,6487
00789301,FLAGLER COLLEGE - TALLAHASSEE COMMUNITY ,FL,32304-2895,Private      ,4,17,21,581,1039,1620
00807500,ST JOHN VIANNEY COLLEGE SEMINARY        ,FL,33165-3244,Private      ,0,0,0,44,32,76
00822300,ST VINCENT DE PAUL REGIONL SEMINARY     ,FL,33436-0000,Private      ,0,0,0,0,18,18
00841700,STENOTYPE INST OF JACKSONVILLE          ,FL,32207-0000,Proprietary  ,1,8,9,44,354,398
00869410,RASMUSSEN COLLEGE - OCALA               ,FL,34471-7051,Proprietary  ,23,214,237,889,7777,8666
00869411,RASMUSSEN COLLEGE - NEW PORT RICHEY     ,FL,34690-4554,Proprietary  ,5,37,42,242,1395,1637
00869413,RASMUSSEN COLLEGE - FORT MYERS          ,FL,33905-7805,Proprietary  ,6,41,47,413,1808,2221
00869420,RASMUSSEN COLLEGE - TAMPA               ,FL,33610-9558,Proprietary  ,4,39,43,275,1447,1722
00869422,RASMUSSEN COLLEGE - PASCO               ,FL,33558-0000,Proprietary  ,3,17,20,91,545,636
00884800,WARNER UNIVERSITY                       ,FL,33859-8725,Private      ,3,27,30,1131,1066,2197
00884900,PALM BEACH ATLANTIC UNIVERSITY          ,FL,33401-6505,Private      ,15,46,61,4245,3206,7451
00887800,MIAMI INTERNATIONAL UNIV ART&DESIGN     ,FL,33132-1418,Proprietary  ,18,46,64,2746,2685,5431
00910400,TONI & GUY HAIRDRESSING ACADEMY         ,FL,32256-3810,Proprietary  ,4,6,10,34,76,110
00963500,FLORIDA INTERNATIONAL UNIVERSITY        ,FL,33199-0001,Public       ,868,571,1439,47140,36814,83954
00984100,UNIVERSITY OF NORTH FLORIDA             ,FL,32224-2645,Public       ,287,193,480,18270,11665,29935
00990200,SHERIDAN TECHNICAL CENTER               ,FL,33021-3399,Public       ,11,65,76,915,2945,3860
01016100,"LORAINE'S ACADEMY, INC                  ",FL,33710-0000,Proprietary  ,5,18,23,65,361,426
01019500,ART INSTITUTE OF FT LAUDERDALE          ,FL,33316-3000,Proprietary  ,15,22,37,1835,2136,3971
01065200,PASCO-HERNANDO COMMUNITY CLG            ,FL,34654-5199,Public       ,122,239,361,6421,9083,15504
01072401,CARLOS ALBIZU UNIVERSITY                ,FL,33172-0000,Private      ,3,30,33,152,1305,1457
01082600,TOM P. HANEY TECHNICAL CENTER           ,FL,32405-5099,Public       ,11,23,34,361,1353,1714
01112700,GOODING INST OF NUR ANES BAY MED CT     ,FL,32401-0000,Proprietary  ,2,1,3,29,158,187
01226300,ATLANTIC TECHNICAL CENTER               ,FL,33063-3902,Public       ,6,39,45,723,1871,2594
01246117,LINCOLN COLLEGE OF TECHNOLOGY - WEST PAL,FL,33407-3105,Proprietary  ,16,29,45,585,1053,1638
01254400,FIRST COAST TECHNICAL COLLEGE           ,FL,32084-1921,Public       ,16,49,65,470,1325,1795
01257400,RINGLING SCHOOL OF ART AND DESIGN       ,FL,34234-5895,Private      ,10,3,13,2049,480,2529
01303904,SOUTH UNIVERSITY - WEST PALM BEACH CAMPU,FL,33409-5149,Proprietary  ,28,121,149,711,2751,3462
01323400,LORENZO WALKER INST OF TECHNOLOGY       ,FL,34104-4405,Public       ,6,13,19,430,883,1313
02089600,CONCORDE CAREER INSTITUTE               ,FL,32211-0000,Proprietary  ,13,86,99,378,2000,2378
02113609,AMERICAN INTERCONTINENTAL UNIV - WESTON ,FL,33326-3233,Proprietary  ,1,14,15,51,340,391
02115300,PINELLAS TECHNICAL EDUCATION CENTERS - S,FL,33711-0000,Public       ,12,44,56,583,2539,3122
02116006,SANFORD-BROWN INSTITUTE - FT. LAUDERDALE,FL,33309-1906,Proprietary  ,6,14,20,256,804,1060
02148200,FASHION FOCUS HAIR ACADEMY              ,FL,34231-0000,Proprietary  ,1,12,13,44,139,183
02148300,MANHATTAN BEAUTY SCHOOL                 ,FL,33611-0000,Proprietary  ,3,2,5,100,304,404
02149900,PAUL MITCHELL THE SCHOOL-JACKSONVILLE   ,FL,32205-0000,Proprietary  ,9,16,25,167,427,594
02151900,KEISER  UNIVERSITY                      ,FL,33309-0000,Private      ,344,1756,2100,6114,25673,31787
02156300,MARGATE SCHOOL OF BEAUTY                ,FL,33063-0000,Proprietary  ,0,1,1,0,1,1
02159600,BAPTIST COLLEGE OF FLORIDA (THE)        ,FL,32440-0000,Private      ,1,8,9,291,344,635
02172700,CONCORDE CAREER INSTITUTE               ,FL,33607-0000,Proprietary  ,5,37,42,233,1051,1284
02188900,HOBE SOUND BIBLE COLLEGE                ,FL,33475-0000,Private      ,1,0,1,98,122,220
02200100,BRADENTON BEAUTY & BARBER ACADEMY       ,FL,34209-0000,Proprietary  ,1,11,12,46,198,244
02215900,ATI CAREER TRAINING CENTER              ,FL,33309-1785,Proprietary  ,2,3,5,42,184,226
02218700,FLORIDA TECHNICAL COLLEGE               ,FL,32826-2707,Proprietary  ,98,319,417,1551,5226,6777
02218707,FLORIDA TECHNICAL COLLEGE - LAKELAND    ,FL,33813-2101,Proprietary  ,3,12,15,257,692,949
02218709,FLORIDA TECHNICAL COLLEGE - DELAND      ,FL,32720-7415,Proprietary  ,28,99,127,299,1488,1787
02218710,FLORIDA TECHNICAL COLLEGE -KISSIMMEE    ,FL,34741-0000,Proprietary  ,0,0,0,1,0,1
02228300,LAKE TECHNICAL CENTER                   ,FL,32726-0000,Public       ,2,20,22,581,1637,2218
02245500,FORTIS COLLEGE                          ,FL,32789-4679,Proprietary  ,2,11,13,102,704,806
02257900,INTERNATIONAL ACADEMY                   ,FL,32119-3541,Proprietary  ,4,39,43,94,362,456
02275100,CONCORDE CAREER INSTITUTE               ,FL,33025-0000,Proprietary  ,12,44,56,207,719,926
02278800,SOUTHWEST FLORIDA COLLEGE               ,FL,33907-0000,Proprietary  ,36,122,158,953,2612,3565
02278801,SOUTHWEST FLORIDA COLLEGE - TAMPA       ,FL,33619-1344,Proprietary  ,8,40,48,556,1297,1853
02278802,SOUTHWEST FLORIDA COLLEGE - INSTITUTUE O,FL,33928-9469,Proprietary  ,0,1,1,65,169,234
02278803,SOUTHWEST FLORIDA COLLEGE - PORT CHARLOT,FL,33953-3100,Proprietary  ,8,32,40,237,845,1082
02279600,CORTIVA INSTITUTE - FLORIDA             ,FL,33781-0000,Proprietary  ,10,24,34,152,395,547
02283800,BEAUTY SCHOOLS OF AMERICA               ,FL,33012-3322,Proprietary  ,50,289,339,598,3155,3753
02286502,ITT TECHNICAL INSTITUTE                 ,FL,32244-6630,Proprietary  ,0,0,0,0,2,2
02287100,LA BELLE BEAUTY SCHOOL                  ,FL,33012-3224,Proprietary  ,7,35,42,50,274,324
02293200,ATI CAREER TRAINING CENTER              ,FL,33309-5916,Proprietary  ,1,0,1,7,36,43
02293201,ATI CAREER TRAINING CENTER - MIAMI      ,FL,33122-1707,Proprietary  ,3,2,5,46,149,195
02293202,ATI CAREER TAINING CENTER - ATI COLLEGE ,FL,87109-2016,Proprietary  ,1,5,6,46,128,174
02293600,ADVANCED TECHNICAL CENTERS              ,FL,33266-1597,Private      ,0,11,11,53,148,201
02297000,CHARLOTTE TECHNICAL CENTER              ,FL,33948-0000,Public       ,1,6,7,208,489,697
02300900,WITHLACOOCHEE TECHNICAL INSTITUTE       ,FL,34450-0000,Public       ,2,11,13,243,723,966
02305700,FORTIS COLLEGE                          ,FL,33619-1283,Proprietary  ,0,0,0,4,11,15
02305800,FLORIDA CAREER COLLEGE                  ,FL,33012-7028,Proprietary  ,124,798,922,1560,8265,9825
02305810,FLORIDA CAREER COLLEGE - CLEARWATER     ,FL,33759-3924,Proprietary  ,0,0,0,93,366,459
02307400,GEORGE STONE AREA VOCATIONAL TECHNICAL  ,FL,32526-0000,Public       ,6,32,38,386,1548,1934
02314100,SCHILLER INTERNATIONAL UNIVERSITY       ,FL,33770-0000,Proprietary  ,1,10,11,78,341,419
02316200,MIAMI LAKES TECHNICAL EDUCATION CTR     ,FL,33014-0000,Public       ,60,112,172,547,1611,2158
02321200,ORANGE TECH EDUC CTR- WESTSIDE TECH     ,FL,34787-0000,Public       ,13,15,28,345,800,1145
02325100,KEY COLLEGE                             ,FL,33004-3046,Proprietary  ,0,5,5,13,111,124
02326303,MEDVANCE INSTITUTE - WEST PALM          ,FL,33461-2171,Proprietary  ,0,1,1,94,310,404
02326306,MEDVANCE INSTITUTE - MIAMI              ,FL,33173-3431,Proprietary  ,0,1,1,24,104,128
02326800,MERIDIAN COLLEGE                        ,FL,34240-8478,Proprietary  ,4,10,14,75,353,428
02326900,SUNSTATE ACADEMY OF HAIR DESIGN         ,FL,33907-1415,Proprietary  ,18,48,66,208,635,843
02329900,FLORIDA INSTITUTE OF ULTRASOUND         ,FL,32514-0000,Proprietary  ,2,5,7,115,443,558
02338400,FT PIERCE BEAUTY ACADEMY                ,FL,34982-0000,Proprietary  ,9,51,60,97,438,535
02346200,WYOTECH                                 ,FL,32174-1010,Proprietary  ,7,31,38,269,686,955
02362100,FULL SAIL UNIVERSITY                    ,FL,32792-0000,Proprietary  ,377,1231,1608,15937,28795,44732
02499000,ACADEMY OF COSMETOLOGY                  ,FL,32953-3311,Proprietary  ,3,9,12,77,275,352
02501500,"O*TEC, MID-FLORIDA TECH                 ",FL,32809-0000,Public       ,9,56,65,558,1892,2450
02502700,UEI (UNITED EDUCATION INSTITUTE)        ,FL,32207-5627,Proprietary  ,0,0,0,25,66,91
02504600,WINTER PARK TECH                        ,FL,32789-0000,Public       ,2,11,13,178,654,832
02508900,TALMUDIC COLLEGE OF FLORIDA             ,FL,33139-0000,Private      ,0,1,1,26,16,42
02511700,RIDGE TECHNICAL CENTER                  ,FL,33881-0000,Public       ,1,12,13,360,1171,1531
02513200,ORLANDO TECHNICAL CENTER                ,FL,32801-0000,Public       ,2,34,36,537,1720,2257
02515400,CITY COLLEGE                            ,FL,33309-3073,Private      ,51,134,185,622,2668,3290
02517100,SARASOTA SCHOOL OF MASSAGE THERAPY      ,FL,34243-6130,Proprietary  ,5,17,22,55,226,281
02524000,SUNSTATE ACADEMY OF HAIR DESIGN         ,FL,34624-0000,Proprietary  ,5,19,24,91,294,385
02524002,SUNSTATE ACADEMY - JONES TECHNICAL INSTI,FL,32256-0367,Proprietary  ,3,6,9,49,131,180
02524200,ROBERT MORGAN EDUCATIONAL CENTER        ,FL,33177-0000,Public       ,44,63,107,559,1127,1686
02531803,PAUL MITCHELL THE SCHOOL - ORLANDO      ,FL,32765-6444,Proprietary  ,10,13,23,225,310,535
02531805,PAUL MITCHELL THE SCHOOL -TAMPA         ,FL,33613-0000,Proprietary  ,11,18,29,221,416,637
02547600,FLORIDA NATIONAL COLLEGE                ,FL,33012-0000,Proprietary  ,17,97,114,525,1837,2362
02547601,FLORIDA NATIONAL UNIVERSITY - SOUTH CAMP,FL,33175-2478,Proprietary  ,35,92,127,812,1828,2640
02547602,FLORIDA NATIONAL UNIVERSITY - TRAINING A,FL,33012-4108,Proprietary  ,7,25,32,170,445,615
02554200,RADFORD LOCKLIN TECH CENTER             ,FL,32570-0000,Public       ,1,4,5,129,427,556
02573200,LA BELLE BEAUTY ACADEMY                 ,FL,33135-0000,Proprietary  ,15,39,54,120,420,540
02597100,HERITAGE INSTITUTE                      ,FL,33912-7132,Proprietary  ,44,86,130,533,1269,1802
02598200,SOUTHERN CAREER COLLEGE                 ,FL,32225-9828,Proprietary  ,2,9,11,80,449,529
02601600,HENRY W BREWSTER TECHNICAL CENTER       ,FL,33602-0000,Public       ,0,13,13,171,748,919
02612700,"SALON PROFESSIONAL ACADEMY - MELBOURNE, ",FL,32904-3919,Proprietary  ,8,21,29,74,244,318
02616400,SANFORD-BROWN INSTITUTE                 ,FL,32256-3520,Proprietary  ,1,18,19,218,941,1159
02616401,SANFORD-BROWN INSTITUTE - TAMPA         ,FL,33610-8304,Proprietary  ,0,0,0,85,314,399
02616705,LE CORDON BLEU COLLEGE OF CULINARY ARTS ,FL,33025-3929,Proprietary  ,3,12,15,447,666,1113
03003600,MCFATTER TECHNICAL CENTER               ,FL,33317-7499,Public       ,21,59,80,701,1630,2331
03008600,FLORIDA COLLEGE OF NATURAL HEALTH       ,FL,33064-1342,Proprietary  ,15,54,69,251,901,1152
03010608,VIRGINIA COLLEGE - PENSACOLA            ,FL,32501-5650,Proprietary  ,3,12,15,186,944,1130
03010612,VIRGINIA COLLEGE - GOLF ACADEMY OF AMERI,FL,32701-0000,Proprietary  ,1,2,3,36,90,126
03010618,VIRGINIA COLLEGE - JACKSONVILLE         ,FL,32207-5167,Proprietary  ,1,13,14,178,955,1133
03012300,ASM BEAUTY WORLD ACADEMY                ,FL,33021-0000,Proprietary  ,1,20,21,35,203,238
03018500,BENE'S INTERNATIONAL SCHOOL OF BEAUTY   ,FL,34652-1636,Proprietary  ,17,48,65,169,597,766
03026508,REMINGTON COLLEGE - TAMPA               ,FL,33619-1177,Private      ,1,12,13,142,667,809
03028200,TRINITY COLLEGE OF FLORIDA              ,FL,34655-4401,Private      ,1,1,2,191,240,431
03031400,INTERNATIONAL ACADEMY OF DESIGN AND TECH,FL,33634-6313,Proprietary  ,17,116,133,1016,3665,4681
03031402,INTERNATIONAL ACADEMY OF DESIGN AND TECH,FL,32809-4613,Proprietary  ,3,4,7,325,630,955
03031403,IADT - ORLANDO CULINARY ACADEMY         ,FL,32819-0000,Proprietary  ,3,28,31,219,422,641
03035800,HERITAGE INSTITUTE                      ,FL,32216-0948,Proprietary  ,7,42,49,143,792,935
03035900,NATIONAL AVIATION ACADEMY               ,FL,33760-3931,Proprietary  ,7,45,52,451,1008,1459
03037500,HODGES UNIVERSITY                       ,FL,34119-7932,Private      ,43,240,283,876,3878,4754
03054200,FORTIS COLLEGE                          ,FL,33144-2373,Proprietary  ,0,0,0,34,108,142
03071600,COLLEGE OF BUSINESS & TECHNOLOGY        ,FL,33176-0000,Proprietary  ,10,98,108,399,1568,1967
03076402,BRYMAN SCHOOL OF ARIZONA (THE) - ANTHEM ,FL,32803-3509,Proprietary  ,0,0,0,128,429,557
03078003,OHIO CENTER FOR BROADCASTING - MIAMI MED,FL,33130-3042,Proprietary  ,0,4,4,55,171,226
03079800,GEORGE T BAKER AVIATION                 ,FL,33142-5687,Public       ,12,12,24,463,595,1058
03079900,CITY COLLEGE                            ,FL,32714-3129,Private      ,6,41,47,143,739,882
03087601,ITT TECHNICAL INSTITUTE                 ,FL,33126-1823,Proprietary  ,0,0,0,0,2,2
03089200,NOUVELLE INSTITUTE                      ,FL,33125-4141,Proprietary  ,6,76,82,35,542,577
03096300,FORTIS INSTITUTE                        ,FL,33860-0000,Proprietary  ,0,4,4,33,165,198
03099600,MERCY HOSPITAL SCHOOL OF PRACTICAL NSG  ,FL,33133-4237,Proprietary  ,0,3,3,28,115,143
03100800,TAYLOR TECHNICAL INSTITUTE              ,FL,32348-0894,Public       ,1,2,3,64,182,246
03101900,TRINITY BAPTIST COLLEGE                 ,FL,32221-1398,Private      ,8,12,20,422,332,754
03103900,MARION COUNTY COMMUNITY TECH & ADUL     ,FL,34474-3172,Public       ,9,19,28,479,1643,2122
03108500,EVERGLADES UNIVERSITY                   ,FL,33431-0000,Private      ,14,131,145,289,2161,2450
03108600,COM-PU-MED VOCATIONAL CAREERS           ,FL,33012-4861,Proprietary  ,9,56,65,71,394,465
03113400,ACADEMY OF HEALING ARTS                 ,FL,33463-2113,Proprietary  ,2,11,13,43,157,200
03114700,PRAXIS INSTITUTE                        ,FL,33135-2657,Proprietary  ,5,34,39,49,380,429
03115500,ADVENTIST UNIVERSITY OF HEALTH SCIENCES ,FL,32803-1237,Private      ,18,55,73,1490,2941,4431
03123900,SOUTHEASTERN COLLEGE                    ,FL,33413-0000,Proprietary  ,15,67,82,400,1786,2186
03125600,MIAMI AD SCHOOL                         ,FL,33139-5203,Proprietary  ,2,10,12,85,396,481
03127900,TECHNICAL EDUCATION CTR OSCEOLA         ,FL,34744-4459,Public       ,10,30,40,477,1367,1844
03158300,LEE COUNTY HIGH TECH CENTER NORTH       ,FL,33993-2479,Public       ,2,9,11,199,530,729
03171300,UNIVERSITY OF ST. AUGUSTINE FOR HEALTH S,FL,32084-4215,Proprietary  ,4,62,66,146,2203,2349
03224300,NEW PROFESSIONS TECHNICAL INSTITUTE     ,FL,33134-1640,Proprietary  ,5,103,108,126,800,926
03230300,CHOICE HIGH SCHOOL AND TECHNICAL CENTER ,FL,32547-1299,Public       ,5,11,16,150,661,811
03238300,FLORIDA COLLEGE OF INTEGRATIVE MED      ,FL,32809-5721,Proprietary  ,1,6,7,137,463,600
03255300,FLORIDA GULF COAST UNIVERSITY           ,FL,33965-6565,Public       ,180,83,263,21972,6955,28927
03256300,YESHIVA GEDOLAH RABBINICAL COLLEGE      ,FL,33139-4708,Private      ,3,2,5,32,10,42
03264300,SOUTH FLORIDA BIBLE COLLEGE AND THEOLOGI,FL,33441-5768,Private      ,0,8,8,21,187,208
03346300,ACAD FOR PRAC NURSING & HEALTH OCCP     ,FL,33417-4574,Private      ,7,50,57,257,1227,1484
03348400,PROFESSIONAL TRAINING CENTERS           ,FL,33184-0000,Proprietary  ,16,70,86,216,968,1184
03373300,BEACON COLLEGE                          ,FL,34748-5224,Private      ,2,2,4,232,160,392
03374300,FLORIDA COASTAL SCHOOL OF LAW           ,FL,32256-0000,Proprietary  ,2,21,23,81,2300,2381
03382300,BRADFORD-UNION AREA CAREERTECHNICAL CENT,FL,32091-2434,Public       ,3,5,8,88,386,474
03390300,LINCOLN TECHNICAL INSTITUTE             ,FL,32730-2351,Proprietary  ,0,0,0,105,394,499
03411400,INTERNATIONAL TRAINING CAREERS          ,FL,33155-1462,Private      ,4,20,24,54,424,478
03414500,ACUPUNCTURE AND MASSAGE COLLEGE         ,FL,33176-1509,Proprietary  ,2,15,17,92,361,453
03425400,CENTRAL FLORIDA INSTITUTE               ,FL,34684-4436,Proprietary  ,0,0,0,40,129,169
03429600,ATLANTIC INST OF ORIENTAL MEDICINE      ,FL,33316-0000,Private      ,0,20,20,39,261,300
03429700,EAST WEST COLLG OF NATURAL MEDICINE     ,FL,34236-4959,Proprietary  ,1,8,9,28,249,277
03433400,NEW CONCEPT MASSAGE AND BEAUTY SCHO     ,FL,33135-0000,Proprietary  ,1,23,24,25,154,179
03434300,FORTIS COLLEGE                          ,FL,32073-2999,Proprietary  ,7,22,29,154,620,774
03480301,FORTIS COLLEGE - FORTIS INSTITUTE       ,FL,33313-7261,Proprietary  ,0,2,2,37,247,284
03480302,FORTIS COLLEGE - FORTIS INSTITUTE       ,FL,34952-0000,Proprietary  ,7,27,34,134,714,848
03491400,AMERICAN ADVANCED TECHNICIANS INST      ,FL,33014-4430,Proprietary  ,12,27,39,69,249,318
03549300,ULTIMATE MEDICAL ACADEMY                ,FL,33756-4917,Proprietary  ,324,3202,3526,2731,28299,31030
03553300,SOUTHEASTERN COLLEGE                    ,FL,32216-0000,Proprietary  ,5,19,24,334,1460,1794
03557300,NORTH FLORIDA COSMETOLOGY INSTITUTE     ,FL,32312-0000,Proprietary  ,2,14,16,163,466,629
03564300,"INTERNATIONAL SCHOOL OF HEALTH, BEAUTY &",FL,33311-1141,Proprietary  ,0,0,0,25,68,93
03570400,ENGLISH CENTER (THE)                    ,FL,33133-2703,Public       ,1,27,28,32,269,301
03611400,FLORIDA BARBER ACADEMY                  ,FL,33441-0000,Proprietary  ,9,62,71,67,454,521
03618300,FLORIDA INSTITUTE OF ANIMAL ARTS        ,FL,32792-0000,Proprietary  ,10,21,31,190,294,484
03627400,JACKSONVILLE BEAUTY INSTITUTE           ,FL,32208-1885,Proprietary  ,6,34,40,112,467,579
03627600,FLORIDA EDUCATION INSTITUTE             ,FL,33144-5036,Proprietary  ,8,34,42,94,492,586
03661400,SOUTH FLORIDA INSTITUTE OF TECHNOLO     ,FL,33135-0000,Proprietary  ,28,252,280,267,1694,1961
03691400,AVE MARIA SCHOOL OF LAW                 ,FL,34119-1376,Private      ,2,7,9,92,590,682
03696400,SABER                                   ,FL,33134-1604,Private      ,4,7,11,88,768,856
03698308,WEST COAST UNIVERSITY - MIAMI           ,FL,33178-2431,Proprietary  ,1,5,6,20,44,64
03706300,AMERICAN INSTITUTE                      ,FL,33319-0000,Proprietary  ,11,40,51,94,347,441
03757300,ADVANCE SCIENCE INSTITUTE               ,FL,33012-0000,Proprietary  ,4,14,18,43,103,146
03801400,BEAUTY INSTITUTE (THE)                  ,FL,33409-2972,Proprietary  ,2,10,12,55,172,227
03801401,BEAUTY INSTITUTE (THE) - MARGATE        ,FL,33068-5704,Proprietary  ,1,4,5,26,66,92
03816300,ARTISTIC NAILS & BEAUTY ACADEMY         ,FL,33605-5919,Proprietary  ,9,58,67,176,619,795
03823300,FLORIDA ACADEMY OF HEALTH & BEAUTY      ,FL,33311-0000,Proprietary  ,1,1,2,16,63,79
03832300,DADE MEDICAL COLLEGE                    ,FL,33126-5534,Proprietary  ,31,181,212,1157,4521,5678
03842500,CAMBRIDGE INSTITUTE OF ALLIED HEALTH    ,FL,32750-0000,Proprietary  ,0,8,8,38,302,340
03856300,UNIVERSAL BEAUTY SCHOOL                 ,FL,33174-4406,Proprietary  ,8,24,32,34,193,227
03856500,FLORIDA SCHOOL OF TRADITIONAL MIDWIFERY ,FL,32601-5507,Private      ,0,1,1,22,171,193
03875300,MCI INSTITUTE OF TECHNOLOGY             ,FL,33409-4937,Proprietary  ,5,46,51,106,475,581
03888300,DRAGON RISES COLLEGE OF ORIENTAL MEDICIN,FL,32601-5089,Private      ,0,1,1,6,67,73
03903500,SOUTHERN TECHNICAL COLLEGE              ,FL,32809-0000,Proprietary  ,40,227,267,456,2830,3286
03907301,PAUL MITCHELL THE SCHOOL FT MYERS       ,FL,33907-0000,Proprietary  ,15,2,17,135,224,359
03911300,TOTAL INTERNATIONAL CAREER INSTITUTE    ,FL,33012-0000,Proprietary  ,0,0,0,10,38,48
03939300,WOLFORD COLLEGE                         ,FL,34108-1931,Proprietary  ,1,0,1,32,327,359
03939400,CENTURA INSTITUTE                       ,FL,32807-3566,Proprietary  ,2,23,25,96,446,542
03939600,DAYTONA COLLEGE                         ,FL,32174-8445,Proprietary  ,3,36,39,152,594,746
03941300,AVE MARIA UNIVERSITY                    ,FL,34142-9505,Private      ,6,0,6,1542,219,1761
03957400,NEW COLLEGE OF FLORIDA                  ,FL,34243-2109,Public       ,12,6,18,2079,494,2573
03985300,COMMERCIAL DIVING ACADEMY               ,FL,32208-0000,Proprietary  ,14,57,71,439,1208,1647
03986300,AVIATOR COLLEGE OF AERONAUTICAL SCIENCE ,FL,34946-9022,Proprietary  ,0,13,13,93,278,371
04016500,AMERICAN INSTITUTE OF BEAUTY            ,FL,33773-0000,Proprietary  ,6,31,37,75,403,478
04029300,TRENDSETTERS OF FLORIDA SCHOOL OF BEAUTY,FL,32205-4737,Proprietary  ,0,7,7,39,202,241
04038302,ATA COLLEGE-ATA CAREER EDUCATION        ,FL,34606-4300,Proprietary  ,5,42,47,138,583,721
04039300,SULLIVAN AND COGLIANO TRAINING CENTERS  ,FL,33014-6427,Proprietary  ,4,168,172,93,1589,1682
04083400,CAMBRIDGE INSTITUTE OF ALLIED HEALTH & T,FL,33484-6543,Proprietary  ,7,35,42,101,499,600
04105400,PENSACOLA SCHOOL OF MASSAGE THERAPY & HE,FL,32504-7337,Proprietary  ,2,14,16,70,406,476
04106300,PALM BEACH ACADEMY OF HEALTH & BEAUTY   ,FL,33403-2130,Proprietary  ,7,33,40,82,482,564
04116400,FUTURE-TECH INSTITUTE                   ,FL,33135-4142,Proprietary  ,3,35,38,52,296,348
04116600,TAYLOR COLLEGE                          ,FL,34420-8714,Proprietary  ,1,8,9,103,714,817
04119400,AVEDA INSTITUTE - SAINT PETERSBURG      ,FL,33701-4242,Proprietary  ,22,45,67,534,925,1459
04120400,HI-TECH SCHOOL OF COSMETOLOGY           ,FL,33174-0000,Proprietary  ,2,7,9,105,161,266
04126900,ACADEMY OF CAREER TRAINING              ,FL,34741-4644,Proprietary  ,10,21,31,171,538,709
04127400,DIGITAL MEDIA ARTS COLLEGE              ,FL,33431-5919,Proprietary  ,23,8,31,377,245,622
04128400,MANAGEMENT RESOURCES INSTITUTE          ,FL,33126-5473,Proprietary  ,5,98,103,69,1182,1251
04129900,FLORIDA SCHOOL OF MASSAGE               ,FL,32608-5419,Proprietary  ,2,10,12,80,328,408
04130400,SHEAR EXCELLENCE INTERNATIONAL HAIR ACAD,FL,33614-2783,Proprietary  ,2,31,33,48,228,276
04133500,ACADEMY FOR FIVE ELEMENT ACUPUNCTURE    ,FL,32601-6811,Private      ,1,5,6,18,163,181
04133900,FUTURA CAREER INSTITUTE                 ,FL,33012-3325,Proprietary  ,11,31,42,40,209,249
04134800,AVEDA INSTITUTE - TALLAHASSEE           ,FL,32304-3186,Proprietary  ,24,33,57,482,807,1289
04135000,COZMO THE SCHOOL                        ,FL,34135-4810,Proprietary  ,0,9,9,19,114,133
04135900,ALLIED HEALTH INSTITUTE                 ,FL,33068-0000,Proprietary  ,3,43,46,78,1017,1095
04140800,NORTH FLORIDA ACADEMY                   ,FL,32065-7758,Proprietary  ,1,5,6,32,107,139
04143100,PROFESSIONAL HANDS INSTITUTE            ,FL,33135-1939,Proprietary  ,0,10,10,10,109,119
04145900,CELEBRITY SCHOOL OF BEAUTY              ,FL,33144-4153,Proprietary  ,4,28,32,96,298,394
04146200,WALTON CAREER DEVELOPMENT CENTER        ,FL,32433-1557,Public       ,2,5,7,63,257,320
04146300,MARCHMAN TECHNICAL EDUCATION CENTER     ,FL,34653-1211,Public       ,1,8,9,223,442,665
04148500,MEDICAL INSTITUTE OF PALM BEACH         ,FL,33463-3276,Proprietary  ,3,12,15,102,247,349
04150800,IMMOKALEE TECHNICAL CENTER              ,FL,34142-3146,Public       ,6,2,8,230,221,451
04151500,AMERICAN ACADEMY OF COSMETOLOGY         ,FL,32065-8026,Proprietary  ,3,12,15,70,237,307
04156300,UNIVERSITY OF FORT LAUDERDALE           ,FL,33313-5809,Private      ,0,3,3,68,150,218
04156400,AVIATION INSTITUTE OF MAINTENANCE       ,FL,32803-6487,Proprietary  ,9,36,45,273,642,915
04157100,AEROSIM FLIGHT ACADEMY                  ,FL,32773-9683,Proprietary  ,3,9,12,170,320,490
04158300,FLAGLER TECHNICAL INSTITUTE             ,FL,32137-4714,Public       ,2,4,6,111,334,445
04162000,JOSE MARIA VARGAS UNIVERSITY            ,FL,33025-4534,Proprietary  ,0,2,2,17,101,118
04162500,HOLLYWOOD INSTITUTE OF BEAUTY CAREERS   ,FL,33023-6720,Proprietary  ,22,117,139,231,1182,1413
04163000,SALON PROFESSIONAL ACADEMY (THE)        ,FL,33624-6321,Proprietary  ,6,11,17,120,247,367
04163100,SALON PROFESSIONAL ACADEMY (THE)        ,FL,32607-1672,Proprietary  ,3,19,22,110,264,374
04163200,SALON PROFESSIONAL ACADEMY (THE)        ,FL,32162-9311,Proprietary  ,4,7,11,79,227,306
04164500,EUREKA INSTITUTE OF HEALTH AND BEAUTY   ,FL,33174-4205,Proprietary  ,1,3,4,28,108,136
04164600,D. A. DORSEY EDUCATIONAL CENTER         ,FL,33147-6304,Public       ,4,22,26,76,295,371
04167300,SALON PROFESSIONAL ACADEMY (THE)        ,FL,33904-4824,Proprietary  ,2,5,7,43,115,158
04170300,BEAUTY ACADEMY OF SOUTH FLORIDA         ,FL,33012-3221,Proprietary  ,5,34,39,45,293,338
04172300,ETERNITY COSMETOLOGY SCHOOL             ,FL,33415-5719,Proprietary  ,4,16,20,58,283,341
04176800,PROGRESSIVE TRAINING CENTERS            ,FL,33060-9238,Proprietary  ,0,0,0,10,41,51
04176900,AMERICAN HEALTH INSTITUTE               ,FL,34654-3743,Proprietary  ,1,20,21,46,201,247
04182500,MILLENNIA ATLANTIC UNIVERSITY           ,FL,33178-2369,Proprietary  ,0,0,0,24,68,92
04188300,FLORIDA ACADEMY                         ,FL,33966-1155,Proprietary  ,2,21,23,138,467,605
04192100,AMERICAN MEDICAL ACADEMY                ,FL,33186-4830,Proprietary  ,5,29,34,194,384,578
04194000,"SCHOOL DISTRICT OF INDIAN RIVER COUNTY, ",FL,32960-3527,Public       ,5,15,20,15,45,60
04194200,APARICIO-LEVY TECHNICAL CENTER          ,FL,33610-9666,Public       ,0,9,9,28,120,148
04195100,AMBIANCE BEAUTY & BARBER ACADEMY        ,FL,32935-8771,Proprietary  ,0,4,4,23,170,193
04197600,"FLORIDA INSTITUTE OF RECORDING, SOUND AN",FL,32804-3309,Proprietary  ,6,14,20,258,424,682
04204600,BEAUTY AND HEALTH INSTITUTE             ,FL,33626-2610,Proprietary  ,1,29,30,89,370,459
04206300,FLORIDA VOCATIONAL INSTITUTE            ,FL,33155-3762,Proprietary  ,2,16,18,53,307,360
04207900,SAE INSTITUTE OF TECHNOLOGY - MIAMI     ,FL,33160-4307,Proprietary  ,13,12,25,193,337,530
04209500,SHEAR FINESSE HAIRSTYLING ACADEMY       ,FL,32208-5005,Proprietary  ,2,4,6,31,110,141
04210800,ULTRASOUND MEDICAL INSTITUTE            ,FL,33462-4221,Proprietary  ,0,2,2,31,47,78
04212600,COSMIX SCHOOL OF MAKEUP ARTISTRY        ,FL,33306-1640,Proprietary  ,2,11,13,123,231,354
04213200,KAIZEN BEAUTY ACADEMY                   ,FL,33024-6609,Proprietary  ,0,3,3,26,61,87
04214500,PRESTIGE HEALTH & BEAUTY SCIENCES ACADEM,FL,33160-4102,Proprietary  ,1,4,5,20,82,102
04216600,AZURE COLLEGE                           ,FL,33169-5345,Proprietary  ,3,42,45,130,1110,1240
04216900,SAN IGNACIO COLLEGE                     ,FL,33178-2350,Proprietary  ,1,4,5,9,22,31
04217800,BOCA BEAUTY ACADEMY                     ,FL,33434-4178,Proprietary  ,7,18,25,87,316,403
04220200,MORE TECH INSTITUTE                     ,FL,33012-2165,Proprietary  ,2,21,23,20,101,121
04221200,BLY'S SCHOOL OF COSMETOLOGY             ,FL,32601-4021,Proprietary  ,0,0,0,51,217,268
04222100,ANTON AESTHETICS ACADEMY                ,FL,33416-4629,Proprietary  ,0,0,0,14,55,69
04223400,INTERAMERICAN TECHNICAL INSTITUTE       ,FL,00174-2950,Proprietary  ,0,30,30,18,179,197
04225000,PARISIAN SPA INSTITUTE                  ,FL,32204-4127,Proprietary  ,3,19,22,43,246,289
04225200,YECHANLAZ INSTITUTO VOCACIONAL          ,FL,33144-4817,Proprietary  ,1,11,12,11,114,125
04225800,FRED D. LEAREY TECHNICAL CENTER         ,FL,33614-1892,Public       ,0,9,9,51,171,222
04227500,MERRYFIELD SCHOOL OF PET GROOMING       ,FL,33334-4925,Proprietary  ,2,6,8,16,83,99
04228900,BEAUTY ANATOMY INSTITUTE OF COSMETOLOGY ,FL,33069-4313,Proprietary  ,1,2,3,25,89,114
04229700,FIRST COAST BARBER ACADEMY              ,FL,32210-8054,Proprietary  ,1,2,3,29,131,160
04233200,UNILATINA INTERNATIONAL COLLEGE         ,FL,33025-3943,Proprietary  ,0,0,0,1,12,13
04233400,LEE PROFESSIONAL INSTITUTE              ,FL,33916-9320,Proprietary  ,2,14,16,39,179,218
04233900,ATLANTIS UNIVERSITY                     ,FL,33132-1417,Proprietary  ,2,9,11,28,66,94
04234500,BURNETT INTERNATIONAL COLLEGE           ,FL,33426-6591,Proprietary  ,0,13,13,9,115,124
04238400,FLORIDA INTERNATIONAL TRAINING INSTITUTE,FL,33172-1507,Proprietary  ,3,16,19,10,67,77
04242000,LATIN BEAUTY ACADEMY                    ,FL,33415-6104,Proprietary  ,1,15,16,2,28,30
04243600,INTERNATIONAL HAIR AND BARBER ACADEMY   ,FL,33433-3443,Proprietary  ,6,4,10,10,13,23
00160500,CHAMINADE UNIV OF HONOLULU              ,HI,96816-1578,Private      ,9,32,41,2328,2481,4809
00160600,BRIGHAM YOUNG UNIV-HAWAII CAMPUS        ,HI,96762-1294,Private      ,10,17,27,2217,1095,3312
00161000,UNIVERSITY OF HAWAII AT MANOA           ,HI,96822-2399,Public       ,34,64,98,15298,9947,25245
00161100,UNIVERSITY OF HAWAII AT HILO            ,HI,96720-4091,Public       ,15,27,42,4121,3111,7232
00161200,HONOLULU COMMUNITY COLLEGE              ,HI,96817-4598,Public       ,10,35,45,2611,3249,5860
00161300,KAPIOLANI COMMUNITY COLLEGE             ,HI,96816-4421,Public       ,20,60,80,3932,4144,8076
00161400,KAUAI COMMUNITY COLLEGE                 ,HI,96766-9591,Public       ,4,11,15,712,850,1562
00161500,UNIVERSITY OF HAWAII MAUI COLLEGE       ,HI,96732-1644,Public       ,11,26,37,1860,2902,4762
00454900,LEEWARD COMMUNITY COLLEGE               ,HI,96782-3393,Public       ,16,59,75,3373,4051,7424
00525800,HAWAII COMMUNITY COLLEGE                ,HI,96720-4075,Public       ,8,33,41,1829,2669,4498
00723401,HEALD COLLEGE - HONOLULU                ,HI,96814-0000,Proprietary  ,10,17,27,1011,2183,3194
00727900,HAWAII PACIFIC UNIVERSITY               ,HI,96813-2882,Private      ,14,76,90,5067,4070,9137
01122000,WINDWARD COMMUNITY COLLEGE              ,HI,96744-0000,Public       ,1,21,22,1177,1734,2911
02100300,MED-ASSIST SCHOOL OF HAWAII             ,HI,96813-0000,Proprietary  ,1,7,8,140,314,454
02107800,UNIVERSITY OF HAWAII - WEST OAHU        ,HI,96707-0000,Public       ,5,34,39,2325,2754,5079
02139500,HAWAII INSTITUTE OF HAIR DESIGN         ,HI,96817-5195,Proprietary  ,6,15,21,98,218,316
03017800,TRAVEL INSTITUTE OF THE PACIFIC         ,HI,96814-1946,Proprietary  ,0,7,7,63,237,300
03072500,WORLD MEDICINE INSTITUTE                ,HI,96826-0000,Private      ,0,3,3,50,177,227
03735300,INST OF CLINICAL ACUPUNCTURE & ORIENT MD,HI,96813-2307,Proprietary  ,0,4,4,13,114,127
03999400,TRADITIONAL CHINESE MEDICAL COLLEGE OF H,HI,96743-8324,Private      ,0,0,0,7,37,44
04165200,MAUNA LOA HELICOPTERS                   ,HI,96740-2650,Proprietary  ,1,1,2,24,76,100
04175100,PAUL MITCHELL THE SCHOOL HONOLULU       ,HI,96816-2433,Proprietary  ,4,14,18,154,260,414
04182200,HAWAII MEDICAL INSTITUTE                ,HI,96814-3518,Proprietary  ,13,38,51,342,821,1163
00161600,BOISE STATE UNIVERSITY                  ,ID,83725-1000,Public       ,47,172,219,14627,12345,26972
00161700,"COLLEGE OF IDAHO, THE                   ",ID,83605-4432,Private      ,4,11,15,2001,642,2643
00161900,COLLEGE OF SOUTHERN IDAHO               ,ID,83301-0000,Public       ,20,53,73,3379,4019,7398
00162000,IDAHO STATE UNIVERSITY                  ,ID,83209-5377,Public       ,42,97,139,6717,8511,15228
00162100,LEWIS-CLARK STATE COLLEGE               ,ID,83501-2698,Public       ,4,29,33,2735,2647,5382
00162300,NORTH IDAHO COLLEGE                     ,ID,83814-2199,Public       ,19,83,102,3138,4567,7705
00162400,NORTHWEST NAZARENE UNIVERSITY           ,ID,83686-5897,Private      ,1,34,35,1841,1739,3580
00162500,BRIGHAM YOUNG UNIVERSITY-IDAHO          ,ID,83460-1650,Private      ,261,311,572,16348,13922,30270
00162600,UNIVERSITY OF IDAHO                     ,ID,83844-4291,Public       ,16,56,72,10485,4796,15281
00732915,ITT TECHNICAL INSTITUTE                 ,ID,83713-1529,Proprietary  ,32,146,178,540,2225,2765
00987300,MR JUAN'S CLG OF HAIR DESIGN            ,ID,83301-4154,Proprietary  ,2,2,4,32,97,129
01113300,EASTERN IDAHO TECHNICAL COLLEGE         ,ID,83404-5788,Public       ,9,14,23,446,1227,1673
02218000,CARRINGTON COLLEGE                      ,ID,83704-0000,Proprietary  ,14,67,81,571,1964,2535
02234500,BOISE BIBLE COLLEGE                     ,ID,83714-1220,Private      ,0,2,2,227,145,372
02275800,MR LEONS SCHOOL OF HAIR DESIGN          ,ID,83843-8384,Proprietary  ,0,5,5,19,63,82
02275801,MR. LEON'S SCHOOL OF HAIR DESIGN        ,ID,83501-1910,Proprietary  ,1,0,1,9,27,36
02314000,SCHOOL OF HAIRSTYLING (THE)             ,ID,83202-0000,Proprietary  ,0,2,2,16,63,79
02319800,TONI&GUY HAIRDRESSING ACADEMY           ,ID,83814-2822,Proprietary  ,1,5,6,77,161,238
02319801,TONI&GUY HAIRDRESSING ACADEMY - BOISE   ,ID,83705-2636,Proprietary  ,3,8,11,112,185,297
02349200,HEADMASTERS SCHOOL OF HAIR DESIGN       ,ID,83501-0000,Proprietary  ,1,3,4,36,70,106
02559500,RAZZLE DAZZLE CLG OF HAIR DESIGN        ,ID,83686-5104,Proprietary  ,4,5,9,88,187,275
02607100,PAUL MITCHELL THE SCHOOL BOISE          ,ID,83709-1662,Proprietary  ,8,18,26,198,306,504
03098700,ACADEMY OF COURT REPORTING              ,ID,83704-8320,Proprietary  ,9,53,62,124,498,622
03832400,COSMETOLOGY SCHOOL OF ARTS & SCIENCES   ,ID,83318-1327,Proprietary  ,2,4,6,15,83,98
04051323,ART INSTITUTE OF PHOENIX (THE) - BROWN M,ID,83709-2746,Proprietary  ,0,2,2,59,225,284
04134300,EVANS HAIRSTYLING COLLEGE               ,ID,83440-5277,Proprietary  ,4,1,5,62,60,122
04144500,HAIR ACDMY PAUL MITCHELL PARTNER SCHOOL ,ID,83440-2600,Proprietary  ,3,5,8,105,136,241
04150600,D & L ACADEMY OF HAIR DESIGN            ,ID,83301-6229,Proprietary  ,0,3,3,18,76,94
04155200,OLIVER FINLEY ACADEMY OF COSMETOLOGY    ,ID,83704-8011,Proprietary  ,8,9,17,188,304,492
04163800,MASTER EDUCATORS BEAUTY SCHOOL          ,ID,83301-4118,Proprietary  ,2,1,3,45,69,114
04168600,COLLEGE OF MASSAGE THERAPY              ,ID,83221-1758,Proprietary  ,0,0,0,33,57,90
04176700,D'SHAW INSTITUTE OF COSMETOLOGY         ,ID,83704-4406,Proprietary  ,1,3,4,58,111,169
04194800,VELVET TOUCH ACADEMY OF COSMETOLOGY     ,ID,83687-5020,Proprietary  ,1,6,7,48,124,172
04203200,BOISE BARBER COLLEGE                    ,ID,83704-5919,Proprietary  ,3,2,5,32,141,173
04203500,AUSTIN KADE ACADEMY                     ,ID,83404-5540,Proprietary  ,9,21,30,99,352,451
04207200,ACADEMY DI FIRENZE                      ,ID,83338-2329,Proprietary  ,0,0,0,10,36,46
04211800,COLLEGE OF WESTERN IDAHO                ,ID,83687-5505,Public       ,62,188,250,5159,8948,14107
00149912,EVEREST UNIVERSITY - EVEREST COLLEGE - K,MO,64114-3246,Proprietary  ,16,58,74,120,710,830
00163200,AQUINAS INSTITUTE OF THEOLOGY           ,MO,63108-3323,Private      ,0,4,4,8,90,98
00244900,AVILA UNIVERSITY                        ,MO,64145-1698,Private      ,6,30,36,1578,1957,3535
00245000,CALVARY BIBLE COLLEGE                   ,MO,64147-1341,Private      ,0,3,3,192,248,440
00245300,CENTRAL METHODIST UNIVERSITY            ,MO,65248-1198,Private      ,9,66,75,2147,2613,4760
00245400,UNIVERSITY OF CENTRAL MISSOURI          ,MO,64093-5178,Public       ,44,129,173,9628,5565,15193
00245600,COLUMBIA COLLEGE                        ,MO,65216-4581,Private      ,42,710,752,3476,24125,27601
00245700,CONCORDIA SEMINARY                      ,MO,63105-3199,Private      ,0,12,12,4,457,461
00245800,COTTEY COLLEGE                          ,MO,64772-2790,Private      ,0,0,0,358,80,438
00245900,CROWDER COLLEGE                         ,MO,64850-9165,Public       ,53,89,142,3046,3575,6621
00246000,CULVER STOCKTON COLLEGE                 ,MO,63435-1299,Private      ,1,5,6,1465,248,1713
00246100,DRURY UNIVERSITY                        ,MO,65802-3791,Private      ,16,81,97,2690,4164,6854
00246200,EDEN THEOLOGICAL SEMINARY               ,MO,63119-0000,Private      ,0,2,2,2,155,157
00246300,EVANGEL UNIVERSITY                      ,MO,65802-2125,Private      ,2,28,30,2342,1220,3562
00246302,EVANGEL UNIVERSITY - ASSEMBLIES OF GOD T,MO,65802-2131,Private      ,0,0,0,192,179,371
00246400,FONTBONNE UNIVERSITY                    ,MO,63105-3098,Private      ,2,25,27,1344,2368,3712
00246600,HARRIS-STOWE STATE COLLEGE              ,MO,63103-2199,Public       ,12,26,38,1510,2159,3669
00246700,CONCEPTION SEMINARY COLLEGE             ,MO,64433-0502,Private      ,0,0,0,67,18,85
00246800,JEFFERSON COLLEGE                       ,MO,63050-2441,Public       ,57,69,126,3068,3352,6420
00247100,ST LOUIS COMMUNITY COLLEGE              ,MO,63102-0000,Public       ,132,375,507,12291,18086,30377
00247300,KANSAS CITY ART INSTITUTE               ,MO,64111-1874,Private      ,4,9,13,1295,464,1759
00247400,KANSAS CITY UNIV OF MED AND BIOSCIENCES ,MO,64106-0000,Private      ,1,6,7,113,1295,1408
00247600,KENRICK-GLENNON SEMINARY                ,MO,63119-4330,Private      ,0,0,0,29,14,43
00247700,A.T. STILL UNIV OF HEALTH SCIENCES      ,MO,63501-0000,Private      ,1,16,17,33,3098,3131
00247900,LINCOLN UNIVERSITY                      ,MO,65101-3500,Public       ,18,24,42,2715,1967,4682
00248000,LINDENWOOD UNIVERSITY                   ,MO,63301-1695,Private      ,27,179,206,7411,8417,15828
00248200,MARYVILLE UNIVERSITY                    ,MO,63141-7299,Private      ,13,195,208,2868,5682,8550
00248400,METROPOLITAN COMMUNITY COLLEGE          ,MO,64111-2408,Public       ,171,414,585,10323,15563,25886
00248500,MIDWESTERN BAPTIST THEOL SEMINARY       ,MO,64118-4697,Private      ,0,8,8,128,513,641
00248600,MINERAL AREA COLLEGE                    ,MO,63601-1000,Public       ,32,56,88,2205,2818,5023
00248800,MISSOURI SOUTHERN STATE UNIVERSITY      ,MO,64801-1595,Public       ,28,59,87,4720,4041,8761
00248900,MISSOURI VALLEY COLLEGE                 ,MO,65340-3197,Private      ,5,9,14,1813,532,2345
00249000,MISSOURI WESTERN STATE UNIVERSITY       ,MO,64507-2294,Public       ,11,41,52,4843,2909,7752
00249100,MOBERLY AREA COMMUNITY COLLEGE          ,MO,65270-1304,Public       ,84,100,184,3515,3577,7092
00249400,NAZARENE THEOLOGICAL SEMINARY           ,MO,64131-1246,Private      ,0,1,1,9,195,204
00249500,TRUMAN STATE UNIVERSITY                 ,MO,63501-4221,Public       ,7,9,16,6062,655,6717
00249600,NORTHWEST MISSOURI STATE UNIV           ,MO,64468-6001,Public       ,22,41,63,6641,1586,8227
00249800,PARK UNIVERSITY                         ,MO,64152-3795,Private      ,13,336,349,1647,10452,12099
00249900,ROCKHURST UNIVERSITY                    ,MO,64110-2561,Private      ,5,27,32,2482,1450,3932
00250000,COLLEGE OF THE OZARKS                   ,MO,65726-2502,Private      ,4,3,7,3736,428,4164
00250100,SOUTHEAST MISSOURI STATE UNIV           ,MO,63701-4799,Public       ,49,73,122,9600,4877,14477
00250200,SOUTHWEST BAPTIST UNIVERSITY            ,MO,65613-2597,Private      ,1,40,41,2198,1861,4059
00250300,MISSOURI STATE UNIVERSITY               ,MO,65897-0094,Public       ,71,104,175,17793,9582,27375
00250400,ST LOUIS COLLEGE OF PHARMACY            ,MO,63110-1088,Private      ,2,6,8,837,852,1689
00250600,SAINT LOUIS UNIVERSITY                  ,MO,63103-2097,Private      ,20,100,120,10757,8202,18959
00250900,SAINT PAUL SCHOOL OF THEOLOGY           ,MO,64127-2499,Private      ,0,1,1,2,128,130
00251200,STEPHENS COLLEGE                        ,MO,65215-0001,Private      ,0,7,7,1085,692,1777
00251400,NORTH CENTRAL MISSOURI COLLEGE          ,MO,64683-1824,Public       ,22,32,54,1035,968,2003
00251600,UNIVERSITY OF MISSOURI - COLUMBIA       ,MO,65211-1600,Public       ,94,182,276,29208,9779,38987
00251700,MISSOURI UNIVERSITY OF SCIENCE & TECHNOL,MO,65409-0250,Public       ,17,23,40,6733,1651,8384
00251800,UNIVERSITY OF MISSOURI-KANSAS CITY      ,MO,64110-2497,Public       ,29,129,158,8693,10614,19307
00251900,UNIVERSITY OF MISSOURI-ST LOUIS         ,MO,63121-4499,Public       ,30,147,177,7733,11718,19451
00252000,WASHINGTON UNIVERSITY                   ,MO,63130-4899,Private      ,17,42,59,16378,5921,22299
00252001,WASHINGTON UNIV-SCHOOL OF MEDICINE      ,MO,63110-0000,Private      ,1,7,8,211,1560,1771
00252100,WEBSTER UNIVERSITY                      ,MO,63119-3194,Private      ,11,153,164,3826,13316,17142
00252200,WENTWORTH MILITARY ACADEMY              ,MO,64067-1799,Private      ,4,8,12,358,244,602
00252300,WESTMINSTER COLLEGE                     ,MO,65251-1299,Private      ,2,0,2,1196,201,1397
00252400,WILLIAM JEWELL COLLEGE                  ,MO,64068-1896,Private      ,2,3,5,1349,334,1683
00252500,WILLIAM WOODS UNIVERSITY                ,MO,65251-2388,Private      ,6,89,95,1117,1625,2742
00405704,NATIONAL AMERICAN UNIVERSITY            ,MO,64057-1791,Proprietary  ,1,9,10,68,681,749
00441300,MERCY HOSPITAL SPRINGFIELD SCHOOL OF RAD,MO,65804-2263,Private      ,0,0,0,121,262,383
00470300,LOGAN COLLEGE OF CHIROPRACTIC           ,MO,63006-0000,Private      ,0,10,10,51,967,1018
00470700,COVENANT THEOLOGICAL SEMINARY           ,MO,63141-8697,Private      ,0,1,1,6,460,466
00471100,STATE TECHNICAL COLLEGE OF MISSOURI     ,MO,65051-9607,Public       ,31,5,36,1623,635,2258
00471300,THREE RIVERS COMMUNITY COLLEGE          ,MO,63901-2393,Public       ,68,104,172,2400,4044,6444
00528800,KIRKSVILLE AREA TECHNICAL CENTER        ,MO,63501-0000,Public       ,1,3,4,48,98,146
00528900,WAYNESVILLE CAREER CENTER               ,MO,65583-2131,Public       ,2,2,4,98,166,264
00542400,SOUTH CENTRAL CAREER CENTER             ,MO,65775-3052,Public       ,0,2,2,61,190,251
00542600,SIKESTON CAREER AND TECHNOLOGY CTR      ,MO,63801-0000,Public       ,3,3,6,120,308,428
00542900,ROLLA TECHNICAL INSTITUTE               ,MO,65401-3601,Public       ,1,10,11,293,418,711
00543000,POPLAR BLUFF TECHNICAL CAREER CNTR      ,MO,63901-0000,Public       ,2,5,7,68,260,328
00543800,SALINE COUNTY CAREER CENTER             ,MO,65340-0000,Public       ,0,0,0,16,64,80
00544500,TRUMAN MEDICAL CENTER SCHOOL OF NURSE AN,MO,64108-2677,Private      ,2,2,4,94,240,334
00553100,GRAND RIVER TECHNICAL SCHOOL            ,MO,64601-1299,Public       ,0,0,0,81,71,152
00553200,CAPE GIRARDEAU CAREER & TECHNOLOGY CENTE,MO,63703-7511,Public       ,1,7,8,364,704,1068
00638900,BARNES JEWISH COLLEGE OF NURSING AND ALL,MO,63110-1091,Private      ,2,13,15,639,1323,1962
00639200,RESEARCH COLLEGE OF NURSING             ,MO,64132-1199,Proprietary  ,1,6,7,151,422,573
00639201,RESEARCH MEDICAL CENTER - COLLEGE OF NUR,MO,64132-1199,Proprietary  ,2,3,5,67,228,295
00639202,RESEARCH MED CTR SCHL OF RAD TECH       ,MO,64132-0000,Proprietary  ,0,3,3,18,98,116
00666600,LUTHERAN  SCHOOL OF NURSING             ,MO,63118-3909,Proprietary  ,0,0,0,117,514,631
00732923,ITT TECHNICAL INSTITUTE                 ,MO,63045-1122,Proprietary  ,58,336,394,835,4180,5015
00754000,MISSOURI BAPTIST UNIVERSITY             ,MO,63141-8698,Private      ,7,79,86,1999,2887,4886
00808000,STATE FAIR COMMUNITY COLLEGE            ,MO,65301-0000,Public       ,59,115,174,2869,3990,6859
00826900,HILLYARD TECHNICAL CENTER               ,MO,64506-0000,Public       ,3,3,6,188,345,533
00855200,STEVENS INSTITUTE OF BUSINESS & ARTS    ,MO,63103-0000,Proprietary  ,3,4,7,125,293,418
00860600,TRI-COUNTY TECHNICAL SCHOOL             ,MO,65026-0000,Public       ,0,0,0,5,16,21
00886200,EAST CENTRAL COLLEGE                    ,MO,63084-0529,Public       ,28,61,89,2256,2590,4846
00908900,HANNIBAL-LAGRANGE COLLEGE               ,MO,63401-1999,Private      ,1,16,17,883,647,1530
00952000,NATIONAL ACADEMY OF BEAUTY ARTS         ,MO,63128-1307,Proprietary  ,0,10,10,114,331,445
00959000,INDEPENDENCE COLLEGE OF COSMETOLOGY     ,MO,64055-1105,Proprietary  ,0,4,4,55,136,191
00960700,HOUSE OF HEAVILIN BEAUTY COLLEGE        ,MO,64110-2826,Proprietary  ,1,5,6,43,168,211
00978200,SAINT LUKE'S COLLEGE OF HEALTH SCIENCES ,MO,64114-3237,Private      ,4,6,10,283,644,927
00979500,MISSOURI COLLEGE                        ,MO,63144-2901,Proprietary  ,11,36,47,298,803,1101
01014814,COLORADO TECHNL UNIV NORTH KANSAS CITY  ,MO,64116-3614,Proprietary  ,0,0,0,40,211,251
01027900,HICKEY COLLEGE                          ,MO,63146-0000,Proprietary  ,3,6,9,616,473,1089
01040500,PINNACLE CAREER INSTITUTE               ,MO,64131-3367,Proprietary  ,23,183,206,210,1992,2202
01040501,PINNACLE CAREER INSTITUTE - NORTH KANSAS,MO,64153-1151,Proprietary  ,6,30,36,90,451,541
01050303,WICHITA TECHNICAL INSTITUTE - WTI JOPLIN,MO,64801-2970,Proprietary  ,5,21,26,59,422,481
01102600,WARRENSBURG AREA VOC TECH SCH           ,MO,64093-0000,Public       ,0,0,0,53,119,172
01173500,PIKE/LINCOLN TECHNICAL CENTER           ,MO,63344-0000,Public       ,0,0,0,36,69,105
01250000,RANKEN TECHNICAL COLLEGE                ,MO,63113-2811,Private      ,19,59,78,1714,2371,4085
01258000,ST LOUIS CHRISTIAN COLLEGE              ,MO,63033-6499,Private      ,0,1,1,149,213,362
01320800,BAPTIST BIBLE COLLEGE                   ,MO,65803-3498,Private      ,1,1,2,310,289,599
02056100,FOUR RIVERS CAREER CENTER               ,MO,63090-0000,Public       ,0,1,1,23,79,102
02068200,COX HEALTH - COX COLLEGE                ,MO,65802-0000,Private      ,3,17,20,438,1355,1793
02119200,COURT REPORTING INSTITUTE OF ST LOUIS   ,MO,63105-3329,Proprietary  ,0,31,31,43,444,487
02119204,COURT REPORTING INSTITUTE OF DALLAS - CO,MO,63105-3329,Proprietary  ,0,0,0,24,270,294
02121100,MIDWEST INSTITUTE                       ,MO,63122-0000,Proprietary  ,0,12,12,81,216,297
02124500,FRANKLIN TECHNOLOGY CENTER              ,MO,64801-0000,Public       ,3,3,6,117,485,602
02142200,LEX LA RAY TECHNICAL CENTER             ,MO,64067-0000,Public       ,0,0,0,32,89,121
02154900,MISSOURI SCH OF BARB & HAIR             ,MO,63031-0000,Proprietary  ,0,6,6,20,110,130
02164200,FOREST INSTITUTE OF PROFESSIONAL PSYCHOL,MO,65807-1445,Private      ,0,4,4,13,311,324
02165900,CHILLICOTHE BEAUTY ACADEMY              ,MO,64601-0000,Proprietary  ,0,0,0,9,26,35
02180200,METRO BUSINESS COLLEGE                  ,MO,63701-0000,Proprietary  ,4,27,31,140,787,927
02188000,NORTHWEST TECHNICAL SCHOOL              ,MO,64468-0000,Public       ,0,0,0,48,39,87
02188100,NORTHLAND CAREER CENTER                 ,MO,64079-8333,Public       ,0,0,0,24,72,96
02202700,OZARK CHRISTIAN COLLEGE                 ,MO,64801-0000,Private      ,1,4,5,746,252,998
02203400,NEVADA REGIONAL TECHNICAL CENTER        ,MO,64772-0000,Public       ,0,1,1,53,86,139
02205200,SANFORD-BROWN COLLEGE                   ,MO,63026-7305,Proprietary  ,0,0,0,31,151,182
02205203,SANFORD BROWN COLLEGE-ST. PETERS        ,MO,63376-5950,Proprietary  ,0,0,0,16,60,76
02214500,SALEM COLLEGE OF HAIRSTYLING            ,MO,65401-0000,Proprietary  ,4,4,8,30,58,88
02239200,ANTHEM COLLEGE                          ,MO,63043-0000,Proprietary  ,0,2,2,61,232,293
02239202,ANTHEM COLLEGE - METRO SOUTH            ,MO,63026-0000,Proprietary  ,0,0,0,86,240,326
02250600,EVEREST COLLEGE                         ,MO,65807-2446,Proprietary  ,9,36,45,152,806,958
02263106,ANTHEM COLLEGE - ANTHEM COLLEGE - KANSAS,MO,64114-3232,Proprietary  ,0,0,0,19,91,110
02263400,LAKE CAREER AND TECHNICAL CENTER        ,MO,65020-0000,Public       ,1,1,2,23,65,88
02266400,CENTRAL CHRISTIAN CLG OF THE BIBLE      ,MO,65270-0000,Private      ,0,1,1,236,172,408
02277500,HOUSE OF HEAVILIN BEAUTY COLLEGE        ,MO,64014-3953,Proprietary  ,0,7,7,62,151,213
02289200,COLUMBIA AREA CAREER CENTER             ,MO,65203-0000,Public       ,1,7,8,188,524,712
02295700,MISSOURI BEAUTY ACADEMY                 ,MO,63640-1827,Proprietary  ,0,5,5,50,121,171
02300105,EVEREST COLLEGE - EARTH CITY            ,MO,63045-1100,Proprietary  ,1,2,3,95,364,459
02304000,MISSOURI TECH                           ,MO,63303-3887,Proprietary  ,2,1,3,96,245,341
02309100,AMERICAN COLLEGE OF HAIR DESIGN         ,MO,65301-2144,Proprietary  ,2,1,3,28,74,102
02313000,CASS CAREER CENTER                      ,MO,64701-0000,Public       ,0,0,0,15,92,107
02340500,ST LOUIS COLLEGE OF HEALTH CAREERS      ,MO,63110-0000,Proprietary  ,10,47,57,369,1393,1762
02342100,CAREER & TECHNOLOGY CTR AT FT OSAGE     ,MO,64058-0000,Public       ,0,2,2,19,71,90
02361600,CONCORDE CAREER COLLEGE                 ,MO,64111-0000,Proprietary  ,16,61,77,429,1841,2270
02497500,CLINTON TECHNICAL SCHOOL                ,MO,64735-2966,Public       ,0,1,1,23,121,144
02520800,MERRELL UNIV OF BTY ARTS & SCIENCES     ,MO,65109-0000,Proprietary  ,3,7,10,104,216,320
02530600,SAINT CHARLES COMMUNITY COLLEGE         ,MO,63376-0975,Public       ,44,67,111,4740,3556,8296
02543800,PARIS II EDUCATIONAL CENTER (THE)       ,MO,64118-0000,Proprietary  ,1,9,10,51,166,217
02564700,ELAINE STEVEN BEAUTY COLLEGE            ,MO,63136-0000,Proprietary  ,1,17,18,116,348,464
02564702,ELAINE STEVEN BEAUTY COLLEGE - ADVANCE B,MO,63401-2269,Proprietary  ,0,1,1,14,19,33
02568500,GRABBER SCHOOL OF HAIR DESIGN           ,MO,63011-0000,Proprietary  ,3,8,11,145,180,325
02599700,VATTEROTT COLLEGE                       ,MO,63134-2900,Proprietary  ,54,205,259,561,2352,2913
02599701,VATTEROTT COLLEGE - KANSAS CITY         ,MO,64117-0000,Proprietary  ,9,89,98,226,1454,1680
02599702,VATTEROTT COLLEGE - SPRINGFIELD LOCATION,MO,65807-5340,Proprietary  ,6,62,68,196,1107,1303
02599703,VATTEROTT COLLEGE - JOPLIN              ,MO,64801-5033,Proprietary  ,5,39,44,117,783,900
02599705,VATTEROTT COLLEGE - SUNSET HILLS        ,MO,63127-1516,Proprietary  ,10,67,77,175,1012,1187
02599712,VATTEROTT COLLEGE - O'FALLON            ,MO,63366-2748,Proprietary  ,6,42,48,177,744,921
02599714,VATTEROTT COLLEGE - EX'TREME INSTITUTE B,MO,63102-2115,Proprietary  ,18,53,71,370,914,1284
02608000,NEOSHO BEAUTY COLLEGE                   ,MO,64850-1525,Proprietary  ,1,0,1,22,42,64
02609202,VATTEROTT COLLEGE-ST JOSEPH             ,MO,64501-2911,Proprietary  ,1,37,38,80,476,556
02609203,VATTEROTT COLLEGE - L'ECOLE CULINAIRE   ,MO,63124-1103,Proprietary  ,10,31,41,154,592,746
02609206,VATTEROTT COLLEGE - L'ECOLE CULINAIRE   ,MO,64112-2110,Proprietary  ,6,29,35,97,525,622
02611004,HERITAGE COLLEGE-KANSAS CITY            ,MO,64131-4203,Proprietary  ,11,86,97,245,1002,1247
03042400,LEBANON TECHNOLOGY & CAREER CENTER      ,MO,65536-3296,Public       ,0,0,0,46,49,95
03066300,BRYAN CAREER COLLEGE                    ,MO,65806-2507,Proprietary  ,3,68,71,99,889,988
03066303,BRYAN COLLEGE - COLUMBIA                ,MO,65201-8248,Proprietary  ,5,14,19,111,429,540
03068600,SPECIAL SCHOOL DISTRICT OF ST. LOUIS CO.,MO,63127-1324,Public       ,3,3,6,67,510,577
03070200,CENTRAL COLLEGE OF COSMETOLOGY          ,MO,65583-0000,Proprietary  ,2,10,12,41,120,161
03070900,SE MO HOSP CLG NURSING & HEALTH SCI     ,MO,63703-4507,Private      ,0,6,6,194,520,714
03072800,DALLAS COUNTY CAREER CENTER             ,MO,65685-9152,Public       ,0,0,0,0,1,1
03077200,COSMETOLOGY CONCEPTS INSTITUTE          ,MO,65202-1972,Proprietary  ,3,7,10,72,165,237
03083000,OZARKS TECHNICAL COMMUNITY COLLEGE      ,MO,65802-3601,Public       ,123,268,391,8757,12855,21612
03092600,MESSENGER COLLEGE                       ,MO,64804-0000,Private      ,0,1,1,128,105,233
03097600,ST LOUIS HAIR ACADEMY                   ,MO,63107-1737,Proprietary  ,0,3,3,59,165,224
03101000,NEW DIMENSION SCHOOL OF HAIR DESIGN     ,MO,64801-5017,Proprietary  ,0,2,2,27,105,132
03106000,MISSOURI STATE UNIVERSITY - WEST PLAINS ,MO,65775-2715,Public       ,40,41,81,1439,1528,2967
03110900,HOUSE OF HEAVILIN BEAUTY COLLEGE        ,MO,64083-9195,Proprietary  ,3,2,5,32,44,76
03174300,HERNDON CAREER CENTER                   ,MO,64138-2695,Public       ,0,0,0,7,6,13
03519300,MISSOURI COLLEGE OF COSMETOLOGY NORTH   ,MO,65803-0000,Proprietary  ,0,5,5,87,225,312
03579300,TEXAS COUNTY TECHNICAL INSTITUTE        ,MO,65483-2700,Private      ,1,5,6,40,268,308
03616300,AVIATION INSTITUTE OF MAINTENANCE       ,MO,64129-1811,Proprietary  ,8,31,39,87,455,542
03878300,PROFESSIONAL MASSAGE TRAINING CENTER    ,MO,65803-2939,Proprietary  ,0,2,2,28,150,178
03916300,ECLIPS SCHOOL OF COSMETOLOGY AND BARBERI,MO,63703-5809,Proprietary  ,3,9,12,66,249,315
03924300,HAIR ACADEMY 110 (THE)                  ,MO,63501-2915,Proprietary  ,1,3,4,10,29,39
03970400,WELLSPRING SCHOOL OF ALLIED HEALTH      ,MO,64114-3313,Proprietary  ,4,16,20,82,350,432
04037500,ACADEMY OF HAIR DESIGN                  ,MO,65804-2303,Proprietary  ,2,9,11,96,364,460
04051329,ART INSTITUTE OF PHOENIX (THE) - BROWN M,MO,63026-2564,Proprietary  ,0,2,2,116,228,344
04118700,AMERICAN BUSINESS & TECHNOLOGY UNIVERSIT,MO,64506-2961,Proprietary  ,2,12,14,35,700,735
04119100,CITY VISION COLLEGE                     ,MO,64141-3188,Private      ,1,14,15,21,170,191
04122300,GRANTHAM UNIVERSITY                     ,MO,64153-2262,Proprietary  ,29,787,816,774,15942,16716
04130300,VICTORY TRADE SCHOOL                    ,MO,65803-2754,Private      ,0,0,0,15,63,78
04130600,"CENTER FOR HEALING ARTS (THE), LLC      ",MO,63143-2103,Proprietary  ,0,12,12,32,209,241
04133300,TREND SETTERS SCHOOL OF COSMETOLOGY     ,MO,63702-7607,Proprietary  ,1,4,5,55,126,181
04145200,TRANSFORMED BARBER AND COSMETOLOGY ACADE,MO,64137-1207,Proprietary  ,2,10,12,59,245,304
04145700,THE SYSTEM A PAUL MITCHELL PARTNER SCHL ,MO,65807-5969,Proprietary  ,1,7,8,116,226,342
04146100,URSHAN GRADUATE SCHOOL OF THEOLOGY      ,MO,63031-7526,Private      ,0,1,1,40,51,91
04152200,CARTHAGE R-9 SCHOOL DISTRICT/CARTHAGE TE,MO,64836-1332,Public       ,0,0,0,16,66,82
04170600,SALON PROFESSIONAL ACADEMY (THE)        ,MO,63301-1021,Proprietary  ,1,3,4,58,136,194
04170700,PAUL MITCHELL THE SCHOOL ST LOUIS       ,MO,63108-1554,Proprietary  ,3,5,8,240,333,573
04173900,COSMETOLOGY COLLEGE OF FRANKLIN COUNTY  ,MO,63077-3448,Proprietary  ,0,1,1,17,40,57
04174000,SKIN INSTITUTE                          ,MO,63128-1307,Proprietary  ,3,2,5,43,118,161
04174800,AMERICAN TRADE SCHOOL                   ,MO,63074-1807,Proprietary  ,3,8,11,48,191,239
04179000,"SALON PROFESSIONAL ACADEMY, THE         ",MO,65616-7216,Proprietary  ,0,0,0,17,67,84
04184400,SEYMOUR BEAUTY ACADEMY                  ,MO,65746-8743,Proprietary  ,2,3,5,14,45,59
04187000,DONNA'S ACADEMY OF HAIR DESIGN          ,MO,64089-9042,Proprietary  ,1,2,3,28,30,58
04212100,ACADEMY OF SALON PROFESSIONALS          ,MO,65301-6910,Proprietary  ,0,3,3,26,88,114
04218400,CITY POINTE BEAUTY ACADEMY              ,MO,64870-2502,Proprietary  ,0,2,2,57,80,137
00314600,WESTERN OKLAHOMA STATE COLLEGE          ,OK,73521-1397,Public       ,14,32,46,644,1067,1711
00314700,BACONE COLLEGE                          ,OK,74403-1597,Private      ,15,16,31,1197,796,1993
00314900,SOUTHERN NAZARENE UNIVERSITY            ,OK,73008-2694,Private      ,5,34,39,1272,2306,3578
00315000,CAMERON UNIVERSITY                      ,OK,73505-6377,Public       ,17,88,105,2370,4481,6851
00315100,OKLAHOMA WESLEYAN UNIVERSITY            ,OK,74006-6299,Private      ,2,34,36,1104,1557,2661
00315200,UNIV OF CENTRAL OKLAHOMA                ,OK,73034-5209,Public       ,53,151,204,10764,8713,19477
00315300,CONNORS STATE COLLEGE                   ,OK,74469-2204,Public       ,21,60,81,1375,1815,3190
00315400,EAST CENTRAL UNIVERSITY                 ,OK,74820-6999,Public       ,21,71,92,3020,2808,5828
00315500,EASTERN OKLAHOMA STATE COLLEGE          ,OK,74578-4999,Public       ,13,40,53,937,1326,2263
00315600,REDLANDS COMMUNITY COLLEGE              ,OK,73036-5304,Public       ,7,47,54,852,1179,2031
00315700,LANGSTON UNIVERSITY                     ,OK,73050-0000,Public       ,13,48,61,3291,2355,5646
00315800,MURRAY STATE COLLEGE                    ,OK,73460-3137,Public       ,19,58,77,1323,1787,3110
00316000,NORTHEASTERN OKLAHOMA A & M COLLEGE     ,OK,74354-6497,Public       ,57,39,96,2000,1444,3444
00316100,NORTHEASTERN STATE UNIVERSITY           ,OK,74464-2399,Public       ,12,114,126,5476,6662,12138
00316200,NORTHERN OKLAHOMA COLLEGE               ,OK,74653-0310,Public       ,23,53,76,2031,2084,4115
00316300,NORTHWESTERN OKLAHOMA STATE UNIV        ,OK,73717-2799,Public       ,7,26,33,1559,1091,2650
00316400,OKLAHOMA BAPTIST UNIVERSITY             ,OK,74801-2590,Private      ,6,5,11,3091,590,3681
00316500,OKLAHOMA CHRISTIAN UNIVERSITY           ,OK,73131-0000,Private      ,3,13,16,2607,1148,3755
00316600,OKLAHOMA CITY UNIVERSITY                ,OK,73106-1493,Private      ,12,33,45,2851,3063,5914
00316700,UNIV OF SCIENCE & ARTS OF OKLAHOMA      ,OK,73018-5322,Public       ,6,5,11,843,499,1342
00316800,ROGERS STATE UNIVERSITY                 ,OK,74017-3252,Public       ,23,66,89,2876,3221,6097
00317000,OKLAHOMA STATE UNIVERSITY               ,OK,74078-1026,Public       ,72,131,203,20900,9334,30234
00317200,OKLAHOMA STATE UNIVERSITY-OKMULGEE      ,OK,74447-3901,Public       ,17,56,73,2103,2302,4405
00317400,OKLAHOMA PANHANDLE STATE UNIVERSITY     ,OK,73939-0000,Public       ,7,11,18,970,491,1461
00317600,CARL ALBERT STATE COLLEGE               ,OK,74953-5208,Public       ,18,58,76,1426,1998,3424
00317800,SEMINOLE STATE COLLEGE                  ,OK,74818-0351,Public       ,18,34,52,1055,1327,2382
00317900,SOUTHEASTERN OKLAHOMA STATE UNIV        ,OK,74701-0609,Public       ,21,72,93,2654,2900,5554
00318000,SOUTHWESTERN CHRISTIAN UNIVERSITY       ,OK,73008-2335,Private      ,4,19,23,509,747,1256
00318100,SOUTHWESTERN OKLAHOMA STATE UNIV        ,OK,73096-3098,Public       ,13,56,69,3498,2318,5816
00318101,SOUTHWESTERN OK STATE UNIV AT SAYRE     ,OK,73662-0000,Public       ,2,6,8,150,215,365
00318300,ST GREGORY'S UNIVERSITY                 ,OK,74804-2499,Private      ,2,12,14,550,465,1015
00318308,SAINT GREGORY'S UNIVERSITY - IPD TULSA  ,OK,74135-2499,Private      ,0,2,2,56,262,318
00318400,UNIVERSITY OF OKLAHOMA                  ,OK,73019-4078,Public       ,49,173,222,19876,11471,31347
00318401,UNIVERSITY OF OKLAHOMA-HLTH SCI CTR     ,OK,73190-0000,Public       ,6,31,37,899,3764,4663
00318500,UNIVERSITY OF TULSA                     ,OK,74104-3189,Private      ,11,20,31,4137,2285,6422
00398500,ORAL ROBERTS UNIVERSITY                 ,OK,74171-0001,Private      ,9,60,69,3184,2262,5446
00531100,TULSA COUNTY AREA VOC TECH SCHOOL       ,OK,74145-0000,Public       ,9,26,35,729,2009,2738
00531200,RED RIVER TECHNOLOGY CENTER             ,OK,73533-2700,Public       ,0,2,2,49,189,238
00533900,METRO TECHNOLOGY CENTERS SCH DIST22     ,OK,73111-0000,Public       ,3,17,20,297,1314,1611
00533903,METRO TECHNOLOGY CENTERS SCH DIST22     ,OK,73129-0000,Public       ,1,12,13,162,861,1023
00694200,MID-AMERICA CHRISTIAN UNIVERSITY        ,OK,73170-4504,Private      ,7,124,131,611,3566,4177
00767800,SPARTAN COLLEGE OF AERONAUTICS AND TECHN,OK,74115-5800,Proprietary  ,11,29,40,926,897,1823
00791100,VIRGILS BEAUTY COLLEGE                  ,OK,74401-6802,Proprietary  ,0,2,2,24,78,102
00834300,AUTRY TECHNOLOGY CENTER                 ,OK,73703-2598,Public       ,1,2,3,122,308,430
00861900,TRI COUNTY TECHNOLOGY CENTER            ,OK,74006-6029,Public       ,0,1,1,41,149,190
00918500,ROSE STATE COLLEGE                      ,OK,73110-2799,Public       ,35,206,241,3186,5958,9144
00920400,KIAMICHI TECHNOLOGY CENTER              ,OK,74578-0548,Public       ,4,11,15,350,1053,1403
00961800,TULSA WELDING SCHOOL                    ,OK,74104-0000,Proprietary  ,167,264,431,2281,3188,5469
00964700,"OKLAHOMA STATE UNIV, OKLA CITY          ",OK,73107-6159,Public       ,36,207,243,3586,7657,11243
00970800,EVES COLLEGE OF HAIRSTYLING             ,OK,73501-0000,Proprietary  ,2,18,20,41,181,222
00976300,TULSA COMMUNITY COLLEGE                 ,OK,74135-6198,Public       ,83,376,459,8802,13939,22741
00996300,CADDO KIOWA VOC TECH CENTER             ,OK,73038-0000,Public       ,0,2,2,80,326,406
00996400,CENTRAL OKLAHOMA AREA VOC TECH SCH      ,OK,74030-9613,Public       ,0,7,7,107,364,471
00996500,CANADIAN VALLEY TECHNOLOGY CENTER       ,OK,73036-9117,Public       ,3,8,11,119,384,503
00996800,GORDON COOPER TECHNOLOGY CENTER         ,OK,74804-9913,Public       ,1,7,8,129,483,612
01005300,INDIAN CAPITAL TECHNOLGY CENTER #4      ,OK,74403-9907,Public       ,5,8,13,287,723,1010
01026600,HILLSDALE FREE WILL BAPTIST COLLEGE     ,OK,73153-0000,Private      ,1,2,3,224,117,341
01034200,SOUTHERN OKLAHOMA TECHNOLOGY CENTER     ,OK,73401-2100,Public       ,0,5,5,96,335,431
01039100,OKLAHOMA CITY COMMUNITY COLLEGE         ,OK,73159-4444,Public       ,93,316,409,5911,10684,16595
01050304,WTI TULSA CAMPUS                        ,OK,74112-3140,Proprietary  ,1,12,13,43,346,389
01071700,GREAT PLAINS TECHNOLOGY CENTER SCHOOL DI,OK,73505-8399,Public       ,1,12,13,212,778,990
01076200,WESTERN OK AREA VOC TECH SCH DIST12     ,OK,73624-1469,Public       ,0,1,1,53,136,189
01120600,PIONEER TECHNOLOGY CENTER               ,OK,74601-1106,Public       ,1,1,2,43,208,251
01128200,OKLAHOMA STATE UNV CLG OSTEOPTHC MD     ,OK,74107-0000,Public       ,1,3,4,171,823,994
01153700,MID-AMERICA TECHNOLOGY CENTER           ,OK,73095-0210,Public       ,0,1,1,30,136,166
01227200,MOORE-NORMAN TECHNOLOGY CENTER          ,OK,73069-8399,Public       ,1,18,19,306,1046,1352
02052700,NORTHEAST TECHNOLOGY CENTER             ,OK,74361-0487,Public       ,0,3,3,192,530,722
02060800,MERIDIAN TECHNOLOGY CENTER              ,OK,74074-0000,Public       ,1,5,6,192,350,542
02126500,ENID BEAUTY COLLEGE                     ,OK,73701-0000,Proprietary  ,2,5,7,32,65,97
02184400,SAND SPRINGS BEAUTY COLLEGE             ,OK,74063-0000,Proprietary  ,1,7,8,36,122,158
02197300,HOLLYWOOD COSMETOLOGY CENTER            ,OK,73189-0000,Proprietary  ,0,1,1,27,98,125
02222700,FRANCIS TUTTLE TECHNOLOGY CENTER        ,OK,73142-0000,Public       ,4,32,36,446,1900,2346
02238500,CENTRAL STATE BEAUTY ACADEMY            ,OK,73162-6007,Proprietary  ,6,21,27,102,402,504
02250900,E OK COUNTY AREA VO-TECH                ,OK,73020-0000,Public       ,1,3,4,55,100,155
02256200,"BROKEN ARROW BEAUTY COLLEGE, INC        ",OK,74012-0000,Proprietary  ,3,18,21,101,285,386
02282100,HIGH PLAINS AREA VOC-TECH               ,OK,73801-0000,Public       ,0,1,1,29,96,125
02306800,PLATT COLLEGE                           ,OK,74145-0000,Proprietary  ,13,55,68,329,1542,1871
02306811,PLATT COLLEGE - LAWTON                  ,OK,73501-3808,Proprietary  ,6,31,37,105,530,635
02510300,BEAUTY TECHNICAL COLLEGE                ,OK,74465-0000,Proprietary  ,0,3,3,24,59,83
02531200,WOODWARD BEAUTY COLLEGE                 ,OK,73801-0000,Proprietary  ,0,7,7,13,51,64
02554300,AMERICAN BEAUTY INSTITUTE               ,OK,74501-0000,Proprietary  ,0,0,0,10,26,36
02556500,YUKON BEAUTY COLLEGE                    ,OK,73099-4108,Proprietary  ,0,5,5,12,52,64
02560200,PHILLIPS THEOLOGICAL SEMINARY -         ,OK,74116-5612,Private      ,0,3,3,3,119,122
02581100,CLAREMORE BEAUTY COLLEGE                ,OK,74017-7034,Proprietary  ,0,3,3,15,51,66
02581200,CC'S COSMETOLOGY COLLEGE                ,OK,74129-0000,Proprietary  ,3,8,11,82,251,333
02591101,CAREER POINT INSTITUTE                  ,OK,74146-0000,Proprietary  ,3,7,10,83,400,483
02596501,ATI-CAREER TRAINING CENTER - OKLAHOMA CI,OK,73107-2442,Proprietary  ,0,3,3,9,111,120
02596502,ATI- CAREER TRAINING CENTER - OKLAHOMA C,OK,76101-2740,Proprietary  ,0,4,4,17,159,176
02597400,PONTOTOC TECHNOLOGY CENTER SCHOOL       ,OK,74820-8621,Public       ,1,1,2,65,194,259
02599706,VATTEROTT COLLEGE - TULSA               ,OK,74146-2205,Proprietary  ,3,33,36,82,495,577
02600000,NORTHWEST TECHNOLOG CTR SCH DIST 10     ,OK,73717-9600,Public       ,0,0,0,24,57,81
02600500,WES WATKINS TECHNOLOGY CENTER           ,OK,74883-9660,Public       ,0,2,2,33,143,176
02609205,VATTEROTT COLLEGE - OKLAHOMA CITY       ,OK,73127-2103,Proprietary  ,4,51,55,93,988,1081
03008700,SOUTHWEST TECHNOLOGY CENTER             ,OK,73521-1527,Public       ,1,3,4,61,199,260
03024700,STILLWATER BEAUTY ACADEMY               ,OK,74075-3467,Proprietary  ,1,3,4,36,77,113
03030700,OKLAHOMA SCHOOL OF PHOTOGRAPHY          ,OK,73160-3320,Proprietary  ,0,3,3,33,129,162
03030800,AMERICAN BROADCASTING SCHOOL            ,OK,73115-3334,Proprietary  ,4,23,27,41,309,350
03051100,CHISHOLM TRAIL TECHNOLOGY CENTER        ,OK,73764-6335,Public       ,0,1,1,17,78,95
03078500,TECH INST OF COSMETOLOGY ARTS & SCI     ,OK,74120-3610,Proprietary  ,1,1,2,33,115,148
03103800,SOUTHERN SCHOOL OF BEAUTY               ,OK,74701-5008,Proprietary  ,1,3,4,30,86,116
03109800,PONCA CITY BEAUTY COLLEGE               ,OK,74601-4201,Proprietary  ,1,5,6,15,52,67
03109801,BARTLESVILLE BEAUTY COLLEGE             ,OK,74003-2835,Proprietary  ,0,2,2,13,49,62
03115100,HERITAGE COLLEGE                        ,OK,73119-0000,Proprietary  ,25,112,137,304,1368,1672
03124901,IMAGINE -  PAUL MITCHELL PARTNER SCHOOL ,OK,73072-4831,Proprietary  ,7,28,35,139,283,422
03126200,GREEN COUNTRY AREA VOC TECH SCHOOL      ,OK,74447-1217,Public       ,2,10,12,65,224,289
03198400,MID-DEL AREA VOCATIONAL & TECH SCH      ,OK,73110-4825,Public       ,0,2,2,60,230,290
03329400,PRYOR BEAUTY COLLEGE                    ,OK,74361-0000,Proprietary  ,0,2,2,7,55,62
03329401,PRYOR BEAUTY COLLEGE - GROVE BEAUTY COLL,OK,74345-0009,Proprietary  ,0,0,0,6,34,40
03329402,PRYOR BEAUTY COLLEGE - NORTH EAST OKLAHO,OK,74338-0000,Proprietary  ,0,0,0,4,4,8
03367400,COMMUNITY CARE COLLEGE                  ,OK,74145-6420,Proprietary  ,35,162,197,627,2476,3103
03453400,SHAWNEE BEAUTY COLLEGE                  ,OK,74801-7014,Proprietary  ,1,2,3,10,71,81
03676300,FAMILY OF FAITH COLLEGE                 ,OK,74802-1805,Private      ,0,0,0,16,41,57
03831300,INSTITUTE OF HAIR DESIGN                ,OK,74804-0000,Proprietary  ,1,3,4,8,48,56
03928300,CENTRAL STATE MASSAGE ACADEMY           ,OK,73162-6007,Proprietary  ,1,2,3,30,162,192
04051324,ART INSTITUTE OF PHOENIX (THE) - BROWN M,OK,74146-5234,Proprietary  ,1,7,8,97,418,515
04060300,AMERICAN INSTITUTE OF MEDICAL TECHNOLOGY,OK,74146-5201,Proprietary  ,1,6,7,111,341,452
04133600,CUTTER'S EDGE SCHOOL OF COSMETOLOGY     ,OK,74023-2905,Proprietary  ,0,1,1,14,29,43
04144400,ACADEMY OF HAIR DESIGN (THE)            ,OK,73120-6808,Proprietary  ,1,5,6,62,225,287
04184300,PAUL MITCHELL THE SCHOOL ARDMORE        ,OK,73401-3912,Proprietary  ,0,6,6,27,88,115
04213600,RIVER VALLEY COSMETOLOGY INSTITUTE      ,OK,74953-5260,Proprietary  ,1,1,2,26,94,120
04224700,JB'S HAIR DESIGN AND BARBER COLLEGE     ,OK,73139-1602,Proprietary  ,0,10,10,44,206,250
04224900,COLLEGE OF THE MUSCOGEE NATION          ,OK,74447-0917,Public       ,4,12,16,144,238,382
04225100,COMANCHE NATION COLLEGE                 ,OK,73501-7434,Public       ,0,1,1,3,6,9
04240500,PAUL MITCHELL THE SCHOOL TULSA          ,OK,74134-1410,Proprietary  ,7,14,21,48,106,154
00163700,BETHANY THEOLOGICAL SEMINARY            ,IN,47374-0000,Private      ,0,0,0,3,65,68
00178400,ANCILLA COLLEGE-FINANCIAL AID OFFC      ,IN,46513-0001,Private      ,1,8,9,494,423,917
00178500,ANDERSON UNIVERSITY                     ,IN,46012-3495,Private      ,2,20,22,2750,1343,4093
00178600,BALL STATE UNIVERSITY                   ,IN,47306-0880,Public       ,38,163,201,24085,9609,33694
00178700,BETHEL COLLEGE INC                      ,IN,46545-5591,Private      ,2,31,33,1678,1577,3255
00178800,BUTLER UNIVERSITY                       ,IN,46208-3487,Private      ,14,34,48,9113,2600,11713
00178900,CHRISTIAN THEOLOGICAL SEMINARY          ,IN,46208-0000,Private      ,0,3,3,21,306,327
00179200,DEPAUW UNIVERSITY                       ,IN,46135-0037,Private      ,3,2,5,3476,212,3688
00179300,EARLHAM COLLEGE                         ,IN,47374-4095,Private      ,2,4,6,1589,188,1777
00179301,EARLHAM SCHOOL OF RELIGION              ,IN,47374-0000,Private      ,0,1,1,14,41,55
00179500,UNIVERSITY OF EVANSVILLE                ,IN,47722-0002,Private      ,6,6,12,3565,1009,4574
00179800,FRANKLIN COLLEGE OF INDIANA             ,IN,46131-2623,Private      ,2,3,5,2081,397,2478
00179900,GOSHEN COLLEGE                          ,IN,46526-4794,Private      ,1,6,7,944,601,1545
00180000,GRACE COLLEGE & THEO SEMINARY           ,IN,46590-1224,Private      ,1,6,7,2269,746,3015
00180100,HANOVER COLLEGE                         ,IN,47243-0108,Private      ,0,1,1,2328,154,2482
00180300,HUNTINGTON UNIVERSITY                   ,IN,46750-1299,Private      ,3,6,9,1405,582,1987
00180400,UNIVERSITY OF INDIANAPOLIS              ,IN,46227-3697,Private      ,8,50,58,7126,5904,13030
00180500,INDIANA INSTITUTE OF TECHNOLOGY         ,IN,46803-1297,Private      ,16,328,344,2928,9362,12290
00180700,INDIANA STATE UNIVERSITY                ,IN,47809-2501,Public       ,25,127,152,15637,8350,23987
00180800,UNIVERSITY OF SOUTHERN INDIANA          ,IN,47712-3596,Public       ,17,37,54,9233,4310,13543
00180900,INDIANA UNIVERSITY-BLOOMINGTON          ,IN,47405-7000,Public       ,52,87,139,36894,12475,49369
00181100,INDIANA UNIV-EAST                       ,IN,47374-1289,Public       ,3,46,49,2261,3257,5518
00181300,INDIANA UNIV-PURDUE UNIV INDPLS         ,IN,46202-5145,Public       ,45,244,289,25300,25576,50876
00181301,INDIANA UNIVERSITY - PURDUE UNIVERSITY I,IN,47203-1769,Public       ,6,17,23,2334,2379,4713
00181400,INDIANA UNIV KOKOMO                     ,IN,46902-3557,Public       ,14,34,48,2761,3050,5811
00181500,INDIANA UNIV-NORTHWEST                  ,IN,46408-1197,Public       ,24,66,90,4672,6153,10825
00181600,INDIANA UNIVERSITY - SOUTH BEND         ,IN,46615-0000,Public       ,13,58,71,5506,5951,11457
00181700,INDIANA UNIVERSITY-SOUTHEAST            ,IN,47150-6405,Public       ,13,68,81,4814,4538,9352
00182000,MANCHESTER UNIVERSITY                   ,IN,46962-1276,Private      ,1,2,3,2540,569,3109
00182100,MARIAN UNIVERSITY                       ,IN,46222-1997,Private      ,7,46,53,2651,3699,6350
00182200,INDIANA WESLEYAN UNIVERSITY             ,IN,46953-4974,Private      ,8,311,319,4614,18396,23010
00182300,ASSOCIATED MENNONITE BIBLICAL SEM       ,IN,46517-1999,Private      ,0,3,3,5,104,109
00182400,OAKLAND CITY UNIVERSITY                 ,IN,47660-1099,Private      ,2,33,35,583,794,1377
00182500,PURDUE UNIVERSITY                       ,IN,47907-2050,Public       ,31,103,134,35506,8781,44287
00182600,PURDUE UNIV NORTH CENTRAL CAMPUS        ,IN,46391-9542,Public       ,8,19,27,3323,2633,5956
00182700,PURDUE UNIV CALUMET                     ,IN,46323-2094,Public       ,18,93,111,5992,7396,13388
00182800,INDIANA UNIV-PURDUE UNIV FORT WAYNE     ,IN,46805-1499,Public       ,18,69,87,10457,8211,18668
00183000,ROSE HULMAN INSTITUTE OF TECHNOLOGY     ,IN,47803-3999,Private      ,1,3,4,3684,239,3923
00183200,UNIVERSITY OF SAINT FRANCIS             ,IN,46808-3994,Private      ,3,18,21,2548,2391,4939
00183300,ST JOSEPH'S COLLEGE                     ,IN,47978-0000,Private      ,1,4,5,1553,279,1832
00183400,CALUMET COLLEGE OF SAINT JOSEPH         ,IN,46394-2195,Private      ,0,8,8,654,909,1563
00183500,SAINT MARY-OF-THE-WOODS COLLEGE         ,IN,47876-0067,Private      ,0,9,9,451,1201,1652
00183600,ST MARY'S COLLEGE                       ,IN,46556-5007,Private      ,0,0,0,1988,113,2101
00183800,TAYLOR UNIVERSITY                       ,IN,46989-1001,Private      ,3,10,13,2522,354,2876
00183900,TRINE UNIVERSITY                        ,IN,46703-1764,Private      ,3,19,22,3147,1218,4365
00184000,UNIVERSITY OF NOTRE DAME                ,IN,46556-5602,Private      ,8,14,22,13389,3327,16716
00184200,VALPARAISO UNIVERSITY                   ,IN,46383-6493,Private      ,9,25,34,6130,2279,8409
00184300,VINCENNES UNIVERSITY                    ,IN,47591-1523,Public       ,36,178,214,7845,5637,13482
00184400,WABASH COLLEGE                          ,IN,47933-0352,Private      ,0,0,0,1499,98,1597
00457900,INTERNATIONAL BUSINESS COLLEGE          ,IN,46804-0000,Proprietary  ,0,1,1,726,456,1182
00457901,INTERNATIONAL BUSINESS COLLEGE          ,IN,46256-0000,Proprietary  ,2,3,5,743,650,1393
00625700,SAINT ELIZABETH SCHOOL OF NURSING       ,IN,47904-2198,Private      ,0,4,4,217,490,707
00638510,CHAMBERLAIN COLLEGE OF NURSING - INDIANA,IN,46240-2158,Proprietary  ,2,18,20,187,1563,1750
00726300,HOLY CROSS COLLEGE                      ,IN,46556-0308,Private      ,0,0,0,767,152,919
00727600,SAINT MEINRAD SCHOOL OF THEOLOGY        ,IN,47577-1002,Private      ,0,0,0,4,102,106
00732900,ITT TECHNICAL INSTITUTE                 ,IN,46268-1119,Proprietary  ,316,1926,2242,4467,23784,28251
00732933,ITT TECHNICAL INSTITUTE                 ,IN,46635-1512,Proprietary  ,2,46,48,361,1333,1694
00732962,ITT TECHNICAL INSTITUTE                 ,IN,47630-7430,Proprietary  ,55,363,418,875,4962,5837
00732968,ITT TECHNICAL INSTITUTE                 ,IN,46410-0000,Proprietary  ,9,29,38,303,1084,1387
00732993,ITT TECHNICAL INSTITUTE                 ,IN,46825-2393,Proprietary  ,54,259,313,1023,3772,4795
00736200,MEDTECH COLLEGE                         ,IN,46250-3970,Proprietary  ,7,45,52,382,2318,2700
00736202,MEDTECH COLLEGE - GREENWOOD             ,IN,46143-6478,Proprietary  ,0,16,16,184,1021,1205
00736204,MEDTECH COLLEGE - FORT WAYNE            ,IN,46804-2209,Proprietary  ,4,30,34,274,1268,1542
00793800,LINCOLN COLLEGE OF TECHNOLOGY           ,IN,46202-0000,Proprietary  ,56,62,118,1996,1400,3396
00931306,DAYMAR COLLEGE - ROCKPORT               ,IN,47635-1506,Proprietary  ,0,0,0,5,19,24
00951500,J MICHAEL HARROLD BEAUTY ACADEMY        ,IN,47807-3390,Proprietary  ,1,4,5,76,207,283
00961200,"APEX SCHOOL OF BEAUTY CULTURE, INC      ",IN,46016-0000,Proprietary  ,0,2,2,25,82,107
00961300,MERRILLVILLE BEAUTY COLLEGE             ,IN,46410-3401,Proprietary  ,3,6,9,72,271,343
00967300,RUDAE'S SCHOOL OF BEAUTY CULTURE        ,IN,46825-5444,Proprietary  ,4,13,17,178,307,485
00977700,KAPLAN COLLEGE                          ,IN,46278-1736,Proprietary  ,0,0,0,66,365,431
00977702,KAPLAN COLLEGE - TEMPORARY FACILITY EXPA,IN,46268-4111,Proprietary  ,0,0,0,2,8,10
00991700,IVY TECH COMMUNITY COLLEGE OF INDIANA   ,IN,46208-1763,Public       ,493,1910,2403,46547,102166,148713
01015100,VINCENNES BEAUTY COLLEGE                ,IN,47591-1297,Proprietary  ,2,8,10,112,138,250
01040900,LAFAYETTE BEAUTY ACADEMY                ,IN,47901-1149,Proprietary  ,4,7,11,105,249,354
01048900,NATIONAL COLLEGE                        ,IN,46250-1930,Proprietary  ,0,6,6,53,520,573
01048910,NATIONAL COLLEGE - SOUTH BEND           ,IN,46617-3123,Proprietary  ,0,9,9,89,543,632
01048911,NATIONAL COLLEGE - FORT WAYNE           ,IN,46826-4905,Proprietary  ,1,3,4,57,349,406
01061800,MID-AMERICA CLG FUNERAL SERVICE         ,IN,47130-9990,Private      ,0,5,5,62,152,214
01150500,CREATIVE HAIR STYLING ACADEMY           ,IN,46322-1554,Proprietary  ,9,23,32,137,310,447
02084800,RAVENSCROFT BEAUTY COLLEGE              ,IN,46815-0000,Proprietary  ,3,20,23,142,341,483
02087600,CONCORDIA THEOLOGICAL SEMINARY          ,IN,46825-0000,Private      ,0,7,7,13,230,243
02100402,EVEREST INSTITUTE - EVEREST COLLEGE     ,IN,46410-7064,Proprietary  ,1,1,2,280,1123,1403
02140800,MARTIN UNIVERSITY                       ,IN,46218-0000,Private      ,4,15,19,203,1381,1584
02158400,HARRISON COLLEGE                        ,IN,46204-2611,Proprietary  ,26,171,197,747,4292,5039
02158401,HARRISON COLLEGE - COLUMBUS             ,IN,47203-1843,Proprietary  ,4,27,31,178,769,947
02158402,HARRISON COLLEGE - LAFAYETTE            ,IN,47905-4859,Proprietary  ,8,34,42,216,822,1038
02158405,HARRISON COLLEGE - TERRE HAUTE          ,IN,47802-0000,Proprietary  ,1,29,30,156,873,1029
02158407,HARRISON COLLEGE - ANDERSON             ,IN,46013-0000,Proprietary  ,9,41,50,161,844,1005
02158409,HARRISON COLLEGE - EVANSVILLE           ,IN,47715-3901,Proprietary  ,9,32,41,209,702,911
02158410,HARRISON COLLEGE - EAST                 ,IN,46239-8903,Proprietary  ,9,58,67,318,1527,1845
02158412,HARRISON COLLEGE - FORT WAYNE           ,IN,46825-0000,Proprietary  ,3,41,44,165,875,1040
02158413,HARRISON COLLEGE - NORTHWEST            ,IN,46278-0000,Proprietary  ,4,16,20,243,562,805
02158415,HARRISON COLLEGE - MUNCIE               ,IN,47303-0000,Proprietary  ,1,4,5,115,293,408
02158416,HARRISON COLLEGE - ELKHART              ,IN,46516-0000,Proprietary  ,2,15,17,76,419,495
02158800,DON ROBERTS BEAUTY SCHOOLS              ,IN,46383-0000,Proprietary  ,0,3,3,38,102,140
02164300,DON ROBERTS SCHOOL OF HAIR DESIGN       ,IN,46375-9999,Proprietary  ,3,7,10,33,104,137
02180108,ROSS MEDICAL EDUCATION CENTER -         ,IN,46530-4479,Proprietary  ,1,4,5,49,226,275
02201800,KAPLAN COLLEGE                          ,IN,46324-3347,Proprietary  ,8,41,49,260,1015,1275
02201806,KAPLAN COLLEGE - SOUTHEAST INDIANAPOLIS ,IN,46227-1493,Proprietary  ,16,90,106,453,2101,2554
02241700,PJ'S COLLEGE OF COSMETOLOGY             ,IN,47129-0000,Proprietary  ,4,3,7,65,211,276
02245505,FORTIS COLLEGE - INDIANAPOLIS CAMPUS    ,IN,46268-0000,Proprietary  ,1,14,15,86,631,717
02302700,J EVERETT LIGHT CAREER CENTER           ,IN,46240-0000,Public       ,0,0,0,70,387,457
02304800,PJ'S COLLEGE OF COSMETOLOGY             ,IN,47374-0000,Proprietary  ,2,0,2,51,136,187
02308900,MASTER'S OF COSMETOLOGY COLLEGE         ,IN,46809-0000,Proprietary  ,0,1,1,147,216,363
02339600,ROGER'S ACADEMY OF HAIR DESIGN          ,IN,47712-0000,Proprietary  ,1,10,11,88,242,330
02351300,KNOX BEAUTY COLLEGE                     ,IN,46534-0000,Proprietary  ,0,1,1,18,47,65
02490500,HAIR FASHIONS BY KAYE BEAUTY CLG        ,IN,46250-0000,Proprietary  ,4,4,8,115,415,530
02490800,HAIR FASHIONS BY KAYE BEAUTY CLG        ,IN,46060-0000,Proprietary  ,1,7,8,61,102,163
02607000,HAIR ARTS ACADEMY                       ,IN,47404-2419,Proprietary  ,1,9,10,75,165,240
02615800,COLLEGE OF COURT REPORTING              ,IN,46342-5969,Proprietary  ,0,7,7,32,352,384
03100600,MARION COMM TUCKER AREA VOC SCHOOL      ,IN,46952-3831,Public       ,0,0,0,40,134,174
03176300,AVIATION INSTITUTE OF MAINTENANCE       ,IN,46241-1445,Proprietary  ,5,18,23,146,463,609
03456700,CROSSROADS BIBLE COLLEGE                ,IN,46219-4912,Private      ,0,1,1,71,472,543
03538300,ALEXANDRIA SCH OF SCIENTIFIC THERAP     ,IN,46001-0287,Proprietary  ,0,0,0,22,95,117
04038700,IDEAL BEAUTY ACADEMY                    ,IN,47130-4215,Proprietary  ,0,3,3,24,106,130
04051304,ART INSTITUTE OF PHOENIX (THE) - ART  IN,IN,46268-1170,Proprietary  ,6,18,24,1235,1330,2565
04051311,ART INSTITUTE OF PHOENIX (THE) - BROWN M,IN,46410-5608,Proprietary  ,13,40,53,227,893,1120
04051312,ART INSTITUTE OF PHOENIX (THE) - BROWN M,IN,46360-7362,Proprietary  ,0,2,2,68,286,354
04051318,ART INSTITUTE OF PHOENIX (THE) - BROWN M,IN,46204-1017,Proprietary  ,7,61,68,353,1961,2314
04051321,ART INSTITUTE OF PHOENIX (THE) - BROWN M,IN,46635-1176,Proprietary  ,2,29,31,172,783,955
04051322,ART INSTITUTE OF PHOENIX (THE) - BROWN M,IN,46805-0000,Proprietary  ,5,24,29,257,949,1206
04100300,SUCCESS SCHOOLS                         ,IN,46410-5310,Proprietary  ,2,7,9,105,303,408
04121000,TECHSKILLS - INDIANAPOLIS               ,IN,46240-4302,Proprietary  ,4,51,55,165,935,1100
04130900,HONORS BEAUTY COLLEGE                   ,IN,46256-3317,Proprietary  ,6,13,19,121,387,508
04155900,AVEDA FREDRIC'S INSTITUTE               ,IN,46250-4746,Proprietary  ,2,1,3,200,321,521
04166700,REM SPA INC                             ,IN,46013-3136,Proprietary  ,1,6,7,65,193,258
04171700,AVANT GARD THE SCHOOL                   ,IN,46214-6500,Proprietary  ,1,2,3,35,100,135
04172700,SALON PROFESSIONAL ACADEMY (THE)        ,IN,47715-7822,Proprietary  ,4,10,14,154,241,395
04184000,PAUL MITCHELL THE SCHOOL INDIANAPOLIS   ,IN,46227-6252,Proprietary  ,0,6,6,208,413,621
04186600,SALON PROFESSIONAL ACADEMY (THE)        ,IN,46901-6248,Proprietary  ,4,8,12,100,196,296
04205500,LIL LOU'S BARBER COLLEGE                ,IN,46409-2645,Proprietary  ,1,9,10,50,254,304
04230300,EXCEL ACADEMIES OF COSMETOLOGY - MERRILL,IN,46410-5540,Proprietary  ,2,2,4,59,89,148
00190100,ALLEN COUNTY COMMUNITY COLLEGE          ,KS,66749-1607,Public       ,13,35,48,1145,1560,2705
00190200,COWLEY COUNTY COMMUNITY COLLEGE & AREA V,KS,67005-2662,Public       ,24,113,137,1722,2629,4351
00190300,BAKER UNIVERSITY                        ,KS,66006-0065,Private      ,8,56,64,1455,2350,3805
00190400,BETHANY COLLEGE                         ,KS,67456-1897,Private      ,3,0,3,989,151,1140
00190500,BETHEL COLLEGE                          ,KS,67117-8061,Private      ,5,2,7,807,188,995
00190600,BUTLER COUNTY COMMUNITY COLLEGE         ,KS,67042-3280,Public       ,50,131,181,4630,5646,10276
00190700,CENTRAL BAPTIST THEOLOGY SEMINARY       ,KS,66226-3513,Private      ,0,0,0,1,70,71
00190800,CENTRAL CHRISTIAN COLLEGE OF KANSAS     ,KS,67460-5799,Private      ,2,107,109,466,1228,1694
00190900,CLOUD COUNTY COMMUNITY COLLEGE          ,KS,66901-1002,Public       ,15,31,46,812,1165,1977
00191000,COFFEYVILLE COMMUNITY COLLEGE           ,KS,67337-5064,Public       ,63,27,90,1108,600,1708
00191100,COLBY COMMUNITY COLLEGE                 ,KS,67701-4099,Public       ,14,28,42,723,559,1282
00191300,DODGE CITY COMMUNITY COLLEGE            ,KS,67801-2399,Public       ,37,34,71,1080,834,1914
00191400,DONNELLY COLLEGE                        ,KS,66102-4298,Private      ,10,23,33,412,741,1153
00191500,FORT HAYS STATE UNIVERSITY              ,KS,67601-4099,Public       ,17,179,196,4768,7452,12220
00191600,FORT SCOTT COMMUNITY COLLEGE            ,KS,66701-3199,Public       ,50,22,72,1309,1003,2312
00191700,BARCLAY COLLEGE                         ,KS,67059-0288,Private      ,0,1,1,166,148,314
00191800,FRIENDS UNIVERSITY                      ,KS,67213-3397,Private      ,7,43,50,1403,2298,3701
00191900,GARDEN CITY COMMUNITY COLLEGE           ,KS,67846-6398,Public       ,145,41,186,1330,792,2122
00192000,HESSTON COLLEGE                         ,KS,67062-2093,Private      ,0,5,5,474,180,654
00192100,HIGHLAND COMMUNITY COLLEGE              ,KS,66035-4062,Public       ,42,43,85,1421,1510,2931
00192300,HUTCHINSON COMMUNITY COLLEGE            ,KS,67501-5894,Public       ,62,113,175,2441,2982,5423
00192400,INDEPENDENCE COMMUNITY COLLEGE          ,KS,67301-0708,Public       ,65,28,93,786,466,1252
00192500,KANSAS CITY KANSAS COMMUNITY CLG        ,KS,66112-9978,Public       ,59,137,196,2384,5519,7903
00192600,PITTSBURG STATE UNIVERSITY              ,KS,66762-7500,Public       ,23,82,105,5740,3155,8895
00192700,EMPORIA STATE UNIVERSITY                ,KS,66801-5415,Public       ,4,42,46,3730,3095,6825
00192800,KANSAS STATE UNIVERSITY                 ,KS,66506-1104,Public       ,39,121,160,17718,7652,25370
00192900,KANSAS WESLEYAN UNIVERSITY              ,KS,67401-6196,Private      ,2,6,8,981,387,1368
00193000,LABETTE COMMUNITY COLLEGE               ,KS,67357-4299,Public       ,8,33,41,684,949,1633
00193100,MANHATTAN CHRISTIAN COLLEGE             ,KS,66502-4081,Private      ,0,6,6,334,136,470
00193300,MCPHERSON COLLEGE                       ,KS,67460-3899,Private      ,1,1,2,838,224,1062
00193600,NEOSHO COUNTY COMMUNITY COLLEGE         ,KS,66720-2699,Public       ,6,31,37,856,1270,2126
00193700,OTTAWA UNIVERSITY                       ,KS,66067-3399,Private      ,2,85,87,1128,2934,4062
00193800,PRATT COMMUNITY COLLEGE                 ,KS,67124-8432,Public       ,6,19,25,697,858,1555
00193900,NEWMAN UNIVERSITY                       ,KS,67213-2084,Private      ,7,57,64,1474,1861,3335
00194000,SOUTHWESTERN COLLEGE                    ,KS,67156-2499,Private      ,3,41,44,848,1476,2324
00194300,UNIVERSITY OF ST MARY                   ,KS,66048-5023,Private      ,4,58,62,768,1072,1840
00194500,STERLING COLLEGE                        ,KS,67579-1533,Private      ,3,8,11,985,202,1187
00194600,TABOR COLLEGE                           ,KS,67063-1799,Private      ,2,4,6,888,316,1204
00194800,UNIVERSITY OF KANSAS                    ,KS,66045-7535,Public       ,47,172,219,19724,10997,30721
00194900,WASHBURN UNIVERSITY                     ,KS,66621-1110,Public       ,12,52,64,3817,4255,8072
00194901,WASHBURN INSTITUTE OF TECHNOLOGY        ,KS,66604-2199,Public       ,11,26,37,474,1113,1587
00195000,WICHITA STATE UNIVERSITY                ,KS,67208-0000,Public       ,48,162,210,8975,9022,17997
00460800,BARTON COUNTY COMMUNITY COLLEGE         ,KS,67530-9283,Public       ,13,116,129,1063,2918,3981
00526400,FLINT HILLS TECHNICAL COLLEGE           ,KS,66801-5999,Public       ,2,5,7,349,499,848
00526500,NORTH CENTRAL KANSAS TECH COLG          ,KS,67420-0000,Public       ,2,7,9,424,386,810
00526700,NORTHWEST KANSAS TECHNICAL SCHOOL       ,KS,67735-3441,Public       ,4,4,8,327,119,446
00549800,WICHITA AREA TECHNICAL COLLEGE          ,KS,67211-2099,Public       ,20,100,120,987,3399,4386
00549900,SALINA AREA TECHNICAL COLLEGE           ,KS,67401-8195,Public       ,0,4,4,214,306,520
00550000,MANHATTAN AREA TECHNICAL COLLEGE        ,KS,66503-2499,Public       ,6,11,17,460,842,1302
00675500,BROWN MACKIE COLLEGE (THE)              ,KS,67401-7307,Proprietary  ,10,79,89,488,2080,2568
00703200,MID AMERICA NAZARENE UNIVERSITY         ,KS,66062-1899,Private      ,1,49,50,1096,1507,2603
00822800,SEWARD CO COMM CO/AREA TECHNICAL SCHOOL ,KS,67905-0000,Public       ,11,21,32,606,530,1136
00824400,JOHNSON COUNTY COMMUNITY COLLEGE        ,KS,66210-1299,Public       ,49,208,257,6503,8524,15027
00833200,MARINELLO SCHOOL OF BEAUTY              ,KS,66502-6082,Proprietary  ,4,13,17,50,132,182
00833201,MARINELLO SCHOOL OF BEAUTY - LAWRENCE   ,KS,66046-2743,Proprietary  ,0,0,0,43,96,139
00869423,RASMUSSEN COLLEGE - OVERLAND PARK       ,KS,66210-2786,Proprietary  ,1,7,8,27,238,265
00869424,RASMUSSEN COLLEGE - TOPEKA              ,KS,66606-2339,Proprietary  ,2,7,9,77,477,554
01025600,BENEDICTINE COLLEGE                     ,KS,66002-1499,Private      ,1,2,3,2550,205,2755
01043800,HASKELL INDIAN NATIONS UNIVERSITY       ,KS,66046-4800,Public       ,1,4,5,1140,754,1894
01050300,WICHITA TECHNICAL INSTITUTE             ,KS,67213-1927,Proprietary  ,3,26,29,232,1169,1401
01050302,WICHITA TECHNICAL INSTITUTE - WTI TOPEKA,KS,66609-1217,Proprietary  ,5,36,41,81,481,562
01050305,WICHITA TECHNICAL INSTITUTE - EAST CAMPU,KS,67208-4243,Proprietary  ,1,4,5,96,422,518
02090700,CLEVELAND CHIROPRACTIC COLLEGE          ,KS,66210-1613,Private      ,0,1,1,55,552,607
02134800,OLD TOWN BARBER AND BEAUTY COLLEGE      ,KS,67211-0000,Proprietary  ,4,5,9,52,190,242
02168900,KANSAS CITY COLLEGE & BIBLE SCHOOL      ,KS,66204-1975,Private      ,0,1,1,4,36,40
02257700,HAYS ACADEMY OF HAIR DESIGN             ,KS,67601-3685,Proprietary  ,1,3,4,70,76,146
02257702,HAYS ACADEMY OF HAIR DESIGN -           ,KS,67401-0000,Proprietary  ,4,3,7,45,83,128
02340700,LABARON HAIRDRESSING ACADEMY            ,KS,66204-0000,Proprietary  ,0,8,8,16,57,73
02590900,WRIGHT CAREER COLLEGE                   ,KS,66212-0000,Private      ,41,247,288,444,3556,4000
02599709,VATTEROTT COLLEGE - WICHITA             ,KS,67226-1304,Proprietary  ,5,22,27,103,603,706
02603100,XENON INTERNATIONAL ACADEMY             ,KS,67203-5428,Proprietary  ,3,10,13,150,304,454
02606300,PAUL MITCHELL THE SCHOOL WICHITA        ,KS,67226-2803,Proprietary  ,8,6,14,161,237,398
02611005,HERITAGE COLLEGE - WICHITA              ,KS,67210-1879,Proprietary  ,7,39,46,213,819,1032
02613000,PINNACLE CAREER INSTITUTE               ,KS,66046-2703,Proprietary  ,4,27,31,76,361,437
03031300,XENON INTERNATIONAL ACADEMY IV          ,KS,66061-3765,Proprietary  ,0,0,0,15,35,50
03066200,BRYAN COLLEGE                           ,KS,66604-2496,Proprietary  ,0,14,14,51,298,349
03450300,MARINELLO SCHOOL OF BEAUTY              ,KS,66611-1101,Proprietary  ,5,10,15,57,186,243
03450301,MARINELLO SCHOOL OF BEAUTY - WICHITA    ,KS,67207-5148,Proprietary  ,3,11,14,49,183,232
03450302,MARINELLO SCHOOL OF BEAUTY - OVERLAND PA,KS,66212-5451,Proprietary  ,5,24,29,99,272,371
03529300,SIDNEY'S HAIRDRESSING COLLEGE           ,KS,67501-7094,Proprietary  ,1,1,2,28,43,71
04132900,Z HAIR ACADEMY                          ,KS,66046-4040,Proprietary  ,4,7,11,81,103,184
04162700,ERIC FISHER ACADEMY                     ,KS,67212-3376,Proprietary  ,2,7,9,191,263,454
04175700,ACADEMY OF AESTHETIC ARTS               ,KS,66203-3502,Proprietary  ,0,0,0,10,39,49
04179600,ENTOURAGE INSTITUTE OF BEAUTY AND ESTHET,KS,66215-3803,Proprietary  ,2,7,9,48,154,202
04205300,MITSU SATO HAIR ACADEMY                 ,KS,66212-1457,Proprietary  ,1,3,4,18,59,77
04209300,PAUL MITCHELL THE SCHOOL - OVERLAND PARK,KS,66212-4050,Proprietary  ,4,17,21,153,211,364
00203300,UNIVERSITY OF MAINE-PRESQUE ISLE        ,ME,04769-2888,Public       ,1,4,5,864,592,1456
00203600,BATES COLLEGE                           ,ME,04240-6028,Private      ,1,0,1,3061,132,3193
00203800,BOWDOIN COLLEGE                         ,ME,04011-8451,Private      ,0,0,0,3930,125,4055
00203900,COLBY COLLEGE                           ,ME,04901-8841,Private      ,4,1,5,3009,110,3119
00204000,UNIVERSITY OF MAINE-FARMINGTON          ,ME,04938-1990,Public       ,3,10,13,2514,598,3112
00204100,UNIVERSITY OF MAINE-FORT KENT           ,ME,04743-1292,Public       ,4,25,29,750,671,1421
00204300,HUSSON UNIVERSITY                       ,ME,04401-2999,Private      ,7,16,23,3067,1711,4778
00204400,MAINE MARITIME ACADEMY                  ,ME,04420-0001,Public       ,0,1,1,1308,185,1493
00205000,UNIVERSITY OF NEW ENGLAND               ,ME,04005-9599,Private      ,4,65,69,4782,5408,10190
00205100,SAINT JOSEPH'S COLLEGE                  ,ME,04084-5236,Private      ,2,37,39,1773,1753,3526
00205200,THOMAS COLLEGE                          ,ME,04901-5097,Private      ,1,1,2,1162,349,1511
00205300,UNIVERSITY OF MAINE                     ,ME,04469-0001,Public       ,16,20,36,14048,3054,17102
00205400,UNIVERSITY OF SOUTHERN MAINE            ,ME,04104-0000,Public       ,5,30,35,6465,5739,12204
00205500,UNIVERSITY OF MAINE-MACHIAS             ,ME,04654-1397,Public       ,1,2,3,556,406,962
00458615,KAPLAN UNIVERSITY - PORTLAND            ,ME,04106-2415,Proprietary  ,3,33,36,157,1155,1312
00458616,KAPLAN UNIVERSITY - LEWISTON            ,ME,04240-0000,Proprietary  ,6,34,40,123,1118,1241
00458617,KAPLAN UNIVERSITY - AUGUSTA             ,ME,04330-8038,Proprietary  ,7,24,31,166,1126,1292
00520400,BEAL COLLEGE                            ,ME,04401-6896,Proprietary  ,3,17,20,279,783,1062
00527600,CENTRAL MAINE COMMUNITY COLLEGE         ,ME,04210-6498,Public       ,3,22,25,1719,2284,4003
00527700,EASTERN MAINE COMMUNITY COLLEGE         ,ME,04401-4280,Public       ,6,16,22,1898,1999,3897
00552500,SOUTHERN MAINE COMMUNITY  COLLEGE       ,ME,04106-1698,Public       ,11,45,56,4025,4479,8504
00576000,NORTHERN MAINE COMMUNITY COLLEGE        ,ME,04769-2016,Public       ,3,3,6,509,605,1114
00630500,CENTRAL MAINE MEDICAL CENTER COLLEGE OF ,ME,04243-9986,Private      ,1,3,4,120,370,490
00676000,UNIVERSITY OF MAINE-AUGUSTA             ,ME,04330-9410,Public       ,4,32,36,1755,5295,7050
00685800,UNITY COLLEGE                           ,ME,04988-9502,Private      ,1,2,3,1015,127,1142
00903800,MR BERNARD'S SCH HAIR FASHION INC       ,ME,04243-1163,Proprietary  ,0,0,0,55,125,180
00923100,WASHINGTON COUNTY COMMUNITY COLLEGE     ,ME,04619-9704,Public       ,1,3,4,291,279,570
00945900,EMPIRE BEAUTY SCHOOL                    ,ME,04101-3348,Proprietary  ,36,122,158,737,1802,2539
00982600,KENNEBEC VALLEY  COMMUNITY  COLLEGE     ,ME,04937-1367,Public       ,3,46,49,997,2042,3039
01138500,COLLEGE OF THE ATLANTIC                 ,ME,04609-1105,Private      ,0,1,1,661,103,764
01167300,MAINE COLLEGE OF ART                    ,ME,04101-3987,Private      ,2,3,5,776,258,1034
02104400,SPA TECH INSTITUTE                      ,ME,04093-0000,Proprietary  ,1,18,19,207,573,780
02347100,NEW ENGLAND SCHOOL OF COMMUNICATIONS    ,ME,04401-0000,Private      ,2,0,2,436,122,558
02361300,LANDING SCHOOL OF BOATBUILDING & DESIGN ,ME,04046-1490,Private      ,0,0,0,37,55,92
03122900,YORK COUNTY COMMUNITY COLLEGE           ,ME,04090-0529,Public       ,6,20,26,841,1116,1957
03429300,SEACOAST CAREER SCHOOLS                 ,ME,04073-0000,Proprietary  ,9,38,47,127,596,723
03612300,BIRTHWISE MIDWIFERY SCHOOL              ,ME,04009-1110,Proprietary  ,0,0,0,11,86,97
04177400,CAPILO SCHOOL OF HAIR DESIGN            ,ME,04330-0000,Proprietary  ,2,12,14,82,171,253
04185100,NORTHEAST TECHNICAL INSTITUTE           ,ME,04074-0000,Proprietary  ,13,52,65,172,866,1038
04188800,INSTITUTE FOR DOCTORAL STUDIES IN THE VI,ME,04102-0000,Private      ,0,4,4,2,77,79
04214100,COSMOTECH SCHOOL OF COSMETOLOGY         ,ME,04092-2878,Proprietary  ,0,1,1,38,62,100
00209300,ST JOHN'S COLLEGE                       ,NM,87505-4599,Private      ,2,7,9,371,197,568
00264900,SANTA FE UNIVERSITY OF ART AND DESIGN   ,NM,87505-7634,Proprietary  ,3,6,9,1312,410,1722
00265000,UNIVERSITY OF THE SOUTHWEST             ,NM,88240-9129,Private      ,3,46,49,350,1254,1604
00265100,EASTERN NEW MEXICO UNIV PORTALES        ,NM,88130-6000,Public       ,11,90,101,3437,3356,6793
00265101,EASTERN NEW MEXICO UNIV-ROSWELL CAM     ,NM,88202-0000,Public       ,20,72,92,1110,1710,2820
00265300,NEW MEXICO HIGHLANDS UNIVERSITY         ,NM,87701-4436,Public       ,12,43,55,2150,2819,4969
00265400,NEW MEXICO INST OF MINING & TECH        ,NM,87801-4796,Public       ,7,6,13,1482,561,2043
00265500,NEW MEXICO JUNIOR COLLEGE               ,NM,88240-9123,Public       ,36,44,80,882,1017,1899
00265600,NEW MEXICO MILITARY INSTITUTE           ,NM,88201-5173,Public       ,3,1,4,559,79,638
00265700,NEW MEXICO STATE UNIVERSITY             ,NM,88003-8001,Public       ,54,129,183,12116,8523,20639
00265701,NEW MEXICO STATE UNIV-ALAMOGORDO        ,NM,88311-0000,Public       ,8,54,62,580,1370,1950
00265702,NEW MEXICO STATE UNIV.-DONA ANA CLG     ,NM,88003-0000,Public       ,16,79,95,3565,4730,8295
00265703,NEW MEXICO STATE UNIV-CARLSBAD          ,NM,88220-0000,Public       ,7,30,37,412,703,1115
00265704,NEW MEXICO STATE UNIV-GRANTS            ,NM,87020-0000,Public       ,5,20,25,266,598,864
00266000,SAN JUAN COLLEGE                        ,NM,87402-4699,Public       ,39,140,179,2312,5502,7814
00266300,THE UNIVERSITY OF NEW MEXICO            ,NM,87131-0001,Public       ,167,357,524,20521,20920,41441
00266400,WESTERN NEW MEXICO UNIVERSITY           ,NM,88061-5417,Public       ,8,59,67,1574,2442,4016
00405701,NATIONAL AMERICAN UNIVERSITY            ,NM,87110-0000,Proprietary  ,2,13,15,125,735,860
00474200,CENTRAL NEW MEXICO COMMUNITY COLLEGE    ,NM,87106-4096,Public       ,190,758,948,9996,18945,28941
00474300,CLOVIS COMMUNITY COLLEGE                ,NM,88101-8381,Public       ,17,79,96,780,1896,2676
00996200,LUNA COMMUNITY COLLEGE                  ,NM,87701-0000,Public       ,6,12,18,535,679,1214
01063200,DEWOLFF CLG HAIRSTYLING/COSMETOLOGY     ,NM,87112-4113,Proprietary  ,3,6,9,104,241,345
01300500,OLYMPIAN UNIVERSITY OF COSMETOLOGY      ,NM,88310-5051,Proprietary  ,29,111,140,431,1380,1811
02083900,NORTHERN NEW MEXICO COLLEGE             ,NM,87530-0000,Public       ,2,11,13,561,873,1434
02146400,INSTITUTE OF AMERICAN INDIAN ARTS       ,NM,87508-0000,Public       ,2,3,5,201,359,560
02218808,BROOKLINE COLLEGE - ALBUQUERQUE         ,NM,87105-1649,Proprietary  ,10,37,47,306,861,1167
02278100,SANTA FE COMMUNITY COLLEGE              ,NM,87507-0000,Public       ,20,102,122,1256,2817,4073
02293203,ATI CAREER TRAINING CENTER - ALBUQUERQUE,NM,87109-2016,Proprietary  ,2,6,8,39,175,214
02357600,NAVAJO TECHNICAL COLLEGE                ,NM,87313-0000,Public       ,19,48,67,711,1715,2426
02511000,SOUTHWESTERN INDIAN POLYTECH INST       ,NM,87184-0000,Public       ,10,27,37,417,625,1042
02572003,COMPUTER CAREER CENTER - LAS CRUCES CAMP,NM,88011-8220,Proprietary  ,14,46,60,225,698,923
02622000,SOUTHWEST ACUPUNCTURE COLLEGE           ,NM,87505-0000,Proprietary  ,0,4,4,6,247,253
03076100,SOUTHWESTERN COLLEGE                    ,NM,87507-0000,Private      ,0,2,2,24,297,321
03206300,MESALANDS COMMUNITY COLLEGE             ,NM,88401-3352,Public       ,2,8,10,138,206,344
03430300,UNIVERSAL THERAPEUTIC MASSAGE INSTITUTE ,NM,87107-4403,Proprietary  ,1,7,8,60,215,275
03678300,PIMA MEDICAL INSTITUTE                  ,NM,87110-0000,Proprietary  ,5,29,34,480,1014,1494
03944300,MASSAGE THERAPY TRAINING INSTITUTE      ,NM,88007-0000,Proprietary  ,0,3,3,50,132,182
04162400,TONI AND GUY HAIRDRESSING  ACADEMY      ,NM,87110-4404,Proprietary  ,6,10,16,140,297,437
04174500,AVEDA INSTITUTE OF NEW MEXICO (THE)     ,NM,87110-3640,Proprietary  ,5,15,20,182,404,586
04178500,VOGUE COLLEGE OF COSMETOLOGY            ,NM,87505-7636,Proprietary  ,5,22,27,64,163,227
00223400,ADRIAN COLLEGE                          ,MI,49221-2575,Private      ,4,11,15,3209,438,3647
00223500,ALBION COLLEGE                          ,MI,49224-1831,Private      ,5,0,5,2741,180,2921
00223600,ALMA COLLEGE                            ,MI,48801-1599,Private      ,4,0,4,2738,189,2927
00223700,ALPENA COMMUNITY COLLEGE                ,MI,49707-1495,Public       ,5,19,24,1098,1085,2183
00223800,ANDREWS UNIVERSITY                      ,MI,49104-0750,Private      ,4,49,53,1934,1508,3442
00223900,AQUINAS COLLEGE                         ,MI,49506-1799,Private      ,4,7,11,2950,866,3816
00224000,BAY DE NOC COMMUNITY COLLEGE            ,MI,49829-2524,Public       ,7,16,23,1195,1494,2689
00224100,CALVIN COLLEGE                          ,MI,49546-4388,Private      ,2,4,6,4781,608,5389
00224200,CALVIN THEOLOGICAL SEMINARY             ,MI,49546-4387,Private      ,0,1,1,17,182,199
00224300,CENTRAL MICHIGAN UNIVERSITY             ,MI,48859-0001,Public       ,45,197,242,24639,12422,37061
00224600,CLEARY UNIVERSITY                       ,MI,48105-0000,Private      ,2,6,8,270,732,1002
00224800,CRANBROOK ACADEMY OF ART                ,MI,48303-0000,Private      ,0,3,3,46,239,285
00224900,DAVENPORT UNIVERSITY                    ,MI,49503-0000,Private      ,21,241,262,4235,12096,16331
00225100,DELTA COLLEGE                           ,MI,48710-0001,Public       ,34,87,121,6500,8336,14836
00225400,MICHIGAN STATE UNIVERSITY COLLEGE OF LAW,MI,48824-1300,Private      ,3,9,12,399,1905,2304
00225900,EASTERN MICHIGAN UNIVERSITY             ,MI,48197-2214,Public       ,52,153,205,19574,14936,34510
00226000,FERRIS STATE UNIVERSITY                 ,MI,49307-2251,Public       ,23,79,102,15981,8536,24517
00226100,CHARLES STEWART MOTT COMMUNITY CLG      ,MI,48503-2089,Public       ,38,190,228,6489,10544,17033
00226200,KETTERING UNIVERSITY                    ,MI,48504-4898,Private      ,5,5,10,2381,596,2977
00226300,GLEN OAKS COMMUNITY COLLEGE             ,MI,49032-9784,Public       ,6,21,27,649,826,1475
00226400,GOGEBIC COMMUNITY COLLEGE               ,MI,49938-1365,Public       ,1,10,11,738,550,1288
00226500,GRACE BIBLE COLLEGE                     ,MI,49509-1998,Private      ,1,69,70,562,972,1534
00226600,CORNERSTONE UNIVERSITY                  ,MI,49525-5897,Private      ,2,48,50,2327,2249,4576
00226700,GRAND RAPIDS COMMUNITY COLLEGE          ,MI,49503-3295,Public       ,55,205,260,12087,12101,24188
00226800,GRAND VALLEY STATE UNIVERSITY           ,MI,49401-9403,Public       ,32,103,135,28166,9416,37582
00226900,GREAT LAKES CHRISTIAN COLLEGE           ,MI,48917-1299,Private      ,0,4,4,202,222,424
00227000,HENRY FORD COMMUNITY COLLEGE            ,MI,48128-1495,Public       ,84,278,362,11300,16715,28015
00227300,HOPE COLLEGE                            ,MI,49423-3607,Private      ,3,4,7,5066,284,5350
00227400,JACKSON COMMUNITY COLLEGE               ,MI,49201-8399,Public       ,40,137,177,3944,5078,9022
00227500,KALAMAZOO COLLEGE                       ,MI,49006-3295,Private      ,2,6,8,2521,387,2908
00227600,KELLOGG COMMUNITY COLLEGE               ,MI,49017-3397,Public       ,23,137,160,3103,5787,8890
00227700,LAKE MICHIGAN COLLEGE                   ,MI,49022-1899,Public       ,22,83,105,2150,3249,5399
00227800,LANSING COMMUNITY COLLEGE               ,MI,48933-1293,Public       ,82,269,351,10450,11926,22376
00227900,LAWRENCE TECHNOLOGICAL UNIVERSITY       ,MI,48075-1058,Private      ,7,25,32,2455,1576,4031
00228200,MADONNA UNIVERSITY                      ,MI,48150-1173,Private      ,10,38,48,1886,3448,5334
00228400,MARYGROVE COLLEGE                       ,MI,48221-2599,Private      ,11,64,75,1397,3597,4994
00228800,ROCHESTER COLLEGE                       ,MI,48307-2764,Private      ,6,17,23,980,947,1927
00229000,MICHIGAN STATE UNIVERSITY               ,MI,48824-1113,Public       ,97,329,426,42449,16142,58591
00229200,MICHIGAN TECHNOLOGICAL UNIV             ,MI,49931-1295,Public       ,8,11,19,6723,1129,7852
00229300,LAKE SUPERIOR STATE UNIVERSITY          ,MI,49783-1691,Public       ,2,15,17,2701,978,3679
00229400,MONROE COUNTY COMMUNITY CLG             ,MI,48161-9746,Public       ,9,57,66,1952,2519,4471
00229500,MONTCALM COMMUNITY COLLEGE              ,MI,48885-9723,Public       ,9,28,37,1040,1570,2610
00229700,MUSKEGON COMMUNITY COLLEGE              ,MI,49442-1432,Public       ,12,68,80,3456,3550,7006
00229900,NORTH CENTRAL MICHIGAN COLLEGE          ,MI,49770-8740,Public       ,9,26,35,1249,1504,2753
00230100,NORTHERN MICHIGAN UNIVERSITY            ,MI,49855-5316,Public       ,15,30,45,8842,2906,11748
00230200,NORTHWESTERN MICHIGAN COLLEGE           ,MI,49686-3061,Public       ,15,44,59,2859,3015,5874
00230301,OAKLAND COMMUNITY COLLEGE - ORCHARD RIDG,MI,48334-4579,Public       ,48,110,158,4327,6360,10687
00230302,OAKLAND COMMUNITY COLLEGE - ROYAL OAK CA,MI,48067-3898,Public       ,57,142,199,5421,9203,14624
00230303,OAKLAND COMMUNITY COLLEGE - SOUTHFIELD C,MI,48075-4793,Public       ,51,170,221,4620,11244,15864
00230304,OAKLAND COMMUNITY COLLEGE - AUBURN HILLS,MI,48323-2845,Public       ,43,135,178,5703,7210,12913
00230305,OAKLAND COMMUNITY COLLEGE - HIGHLAND LAK,MI,48327-4187,Public       ,22,62,84,3003,4227,7230
00230700,OAKLAND UNIVERSITY                      ,MI,48309-4401,Public       ,64,128,192,18380,11656,30036
00230800,OLIVET COLLEGE                          ,MI,49076-9902,Private      ,45,8,53,1740,316,2056
00231000,ST. CLAIR COUNTY COMMUNITY COLLEGE      ,MI,48061-0000,Public       ,13,40,53,2335,2548,4883
00231100,KUYPER COLLEGE                          ,MI,49525-9749,Private      ,1,4,5,393,203,596
00231300,SACRED HEART MAJOR SEMINARY             ,MI,48206-1799,Private      ,1,9,10,45,218,263
00231400,SAGINAW VALLEY STATE UNIV               ,MI,48710-0001,Public       ,15,39,54,10808,4585,15393
00231500,SCHOOLCRAFT COLLEGE                     ,MI,48152-2696,Public       ,60,184,244,7905,11314,19219
00231600,SIENA HEIGHTS UNIVERSITY                ,MI,49221-1796,Private      ,1,22,23,1989,2466,4455
00231700,SOUTHWESTERN MICHIGAN COLLEGE           ,MI,49047-9793,Public       ,13,33,46,2475,2026,4501
00231800,SPRING ARBOR UNIVERSITY                 ,MI,49283-9984,Private      ,1,70,71,2490,3580,6070
00232200,FINLANDIA UNIVERSITY                    ,MI,49930-1882,Private      ,4,3,7,620,245,865
00232300,UNIVERSITY OF DETROIT MERCY             ,MI,48221-3038,Private      ,14,57,71,3733,4371,8104
00232303,UNIV OF DETROIT MERCY - LAW SCHOOL      ,MI,48226-0000,Private      ,2,7,9,69,713,782
00232330,UNIV OF DETROIT MERCY - DENTAL SCHOOL   ,MI,48208-2576,Private      ,1,9,10,190,736,926
00232500,UNIVERSITY OF MICHIGAN - ANN ARBOR      ,MI,48109-1316,Public       ,233,125,358,39262,13531,52793
00232501,UNIVERSITY OF MICHIGAN-MEDICAL SCH      ,MI,48109-0000,Public       ,3,2,5,333,1089,1422
00232503,UNIVERSITY OF MICHIGAN LAW SCHOOL       ,MI,48109-0000,Public       ,1,6,7,139,2364,2503
00232600,UNIVERSITY OF MICHIGAN-DEARBORN         ,MI,48128-2406,Public       ,27,83,110,8404,6690,15094
00232700,UNIVERSITY OF MICHIGAN-FLINT            ,MI,48502-1950,Public       ,21,87,108,5840,7521,13361
00232800,WASHTENAW COMMUNITY COLLEGE             ,MI,48106-0000,Public       ,54,192,246,6033,8840,14873
00232900,WAYNE STATE UNIVERSITY                  ,MI,48202-0000,Public       ,72,318,390,20709,23384,44093
00232901,WAYNE STATE UNIV SCH OF MEDICINE        ,MI,48201-3359,Public       ,5,22,27,943,2276,3219
00232902,WAYNE STATE UNIVERSITY - LAW SCHOOL     ,MI,48202-3424,Public       ,1,8,9,244,1095,1339
00233000,WESTERN MICHIGAN UNIVERSITY             ,MI,49008-3899,Public       ,38,114,152,23263,11407,34670
00233100,WESTERN THEOLOGICAL SEMINARY            ,MI,49423-0000,Private      ,0,2,2,6,184,190
00384256,CONCORDIA UNIVERSITY - WISCONSIN - ANN A,MI,48105-2750,Private      ,3,6,9,1149,412,1561
00407100,WALSH COLLEGE OF ACCT & BUS ADMN        ,MI,48007-7006,Private      ,3,71,74,409,2818,3227
00407200,NORTHWOOD UNIVERSITY                    ,MI,48640-2398,Private      ,7,30,37,2194,2066,4260
00467300,BAKER COLLEGE - FLINT                   ,MI,48507-5508,Private      ,29,169,198,2942,7314,10256
00467301,BAKER COLLEGE OF CADILLAC               ,MI,49601-0000,Private      ,11,41,52,662,1831,2493
00467302,BAKER COLLEGE OF CLINTON TOWNSHIP       ,MI,48035-0000,Private      ,15,95,110,1747,4794,6541
00467303,BAKER COLLEGE OF MUSKEGON               ,MI,49442-0000,Private      ,11,109,120,2675,3844,6519
00467304,BAKER COLLEGE OF OWOSSO                 ,MI,48867-0000,Private      ,18,49,67,1865,2226,4091
00467305,BAKER COLLEGE OF AUBURN HILLS           ,MI,48326-0000,Private      ,19,82,101,1229,3680,4909
00467306,BAKER COLLEGE OF PORT HURON             ,MI,48060-0000,Private      ,4,26,30,561,1113,1674
00467309,BAKER COLLEGE OF JACKSON                ,MI,49202-0000,Private      ,18,88,106,907,2838,3745
00467311,BAKER COLLEGE-CASS CITY                 ,MI,48726-0000,Private      ,1,1,2,183,376,559
00467313,BAKER COLLEGE - GRADUATE ON-LINE        ,MI,48507-0000,Private      ,8,176,184,555,6545,7100
00467317,BAKER COLLEGE-ALLEN PARK                ,MI,48101-0000,Private      ,13,97,110,1444,5092,6536
00467330,BAKER COLLEGE - CULINARY INSTITUTE OF MI,MI,49440-1246,Private      ,5,4,9,36,52,88
00467343,BAKER COLLEGE - CULINARY INSTITUTE OF MI,MI,48060-0000,Private      ,1,3,4,16,27,43
00467348,BAKER COLLEGE - AUTO DIESEL INSTITUTE OF,MI,48867-0000,Private      ,1,9,10,33,54,87
00469200,DORSEY SCHOOL OF BUSINESS               ,MI,48195-2334,Proprietary  ,3,28,31,87,411,498
00469201,DORSEY SCHOOL OF BUSINESS               ,MI,48184-0000,Proprietary  ,1,34,35,83,420,503
00469202,DORSEY SCHOOL OF BUSINESS               ,MI,48071-0000,Proprietary  ,9,43,52,168,534,702
00469204,DORSEY SCHOOL OF BUSINESS               ,MI,48066-0000,Proprietary  ,34,80,114,323,1005,1328
00469205,DORSEY BUSINESS SCHOOL - FARMINGTON HILL,MI,48334-3385,Proprietary  ,3,13,16,66,274,340
00469206,DORSEY BUSINESS SCHOOL - ROSEVILLE CULIN,MI,48066-4555,Proprietary  ,7,34,41,140,513,653
00469207,DORSEY BUSINESS SCHOOL - WATERFORD/PONTI,MI,48341-1037,Proprietary  ,13,46,59,136,520,656
00469208,DORSEY BUSINESS SCHOOL - SAGINAW CAMPUS ,MI,48603-5201,Proprietary  ,11,59,70,133,618,751
00469209,DORSEY SCHOOL OF BUSINESS - LANSING     ,MI,48911-5744,Proprietary  ,10,32,42,102,462,564
00469210,DORSEY SCHOOL OF BUSINESS - DEARBORN    ,MI,48228-3858,Proprietary  ,15,54,69,271,1022,1293
00491003,KAPLAN CAREER INSTITUTE - DEARBORN      ,MI,48228-0000,Proprietary  ,0,0,0,61,290,351
00676800,MID MICHIGAN COMMUNITY COLLEGE          ,MI,48625-9447,Public       ,19,61,80,2525,2919,5444
00677100,COLLEGE FOR CREATIVE STUDIES            ,MI,48202-4034,Private      ,6,11,17,2058,1023,3081
00694900,KALAMAZOO VALLEY COMMUNITY COLLEGE      ,MI,49003-4070,Public       ,39,165,204,6180,7377,13557
00717100,KIRTLAND COMMUNITY COLLEGE              ,MI,48653-0000,Public       ,6,25,31,985,1801,2786
00732991,ITT TECHNICAL INSTITUTE                 ,MI,49519-1851,Proprietary  ,20,224,244,723,3297,4020
00761700,CARNEGIE INSTITUTE                      ,MI,48083-1159,Proprietary  ,0,7,7,80,423,503
00795000,WEST SHORE COMMUNITY COLLEGE            ,MI,49454-0000,Public       ,1,7,8,633,927,1560
00817800,EMPIRE BEAUTY SCHOOL                    ,MI,49525-2440,Proprietary  ,51,145,196,885,1969,2854
00890600,MACOMB COMMUNITY COLLEGE                ,MI,48088-3896,Public       ,114,347,461,14404,16715,31119
00894600,PORT HURON COSMETOLOGY COLLEGE          ,MI,48329-1618,Proprietary  ,0,4,4,28,72,100
00923000,WAYNE COUNTY COMMUNITY CLG-DISTRICT     ,MI,48226-3010,Public       ,132,1003,1135,9498,28149,37647
00982800,EVEREST INSTITUTE                       ,MI,48033-4400,Proprietary  ,15,90,105,308,1658,1966
00982801,EVEREST INSTITUTE- DEARBORN             ,MI,48124-1927,Proprietary  ,12,68,80,333,1255,1588
00982803,EVEREST INSTITUTE - DETROIT             ,MI,48207-4291,Proprietary  ,6,42,48,365,1347,1712
01047000,KALAMAZOO BEAUTY ACADEMY                ,MI,49002-5220,Proprietary  ,0,3,3,38,77,115
01082700,DAVID PRESSLEY PROF SCH OF COSMTLGY     ,MI,48067-3219,Proprietary  ,9,9,18,177,316,493
01109800,FLINT INSTITUTE OF BARBERING            ,MI,48504-4395,Proprietary  ,0,1,1,53,232,285
01229100,WRIGHT BEAUTY ACADEMY                   ,MI,49015-2696,Proprietary  ,0,7,7,32,148,180
01262700,THOMAS M. COOLEY LAW SCHOOL             ,MI,48901-1586,Private      ,0,44,44,26,2686,2712
01321800,M J MURPHY BTY CLG MT PLEASANT          ,MI,48858-2502,Proprietary  ,6,4,10,73,111,184
02060300,MICHIGAN INSTITUTE OF AERONAUTICS       ,MI,48188-2533,Proprietary  ,12,37,49,612,792,1404
02099700,ROSS MEDICAL EDUCATION CENTER           ,MI,48532-0000,Proprietary  ,31,88,119,547,1728,2275
02099701,ROSS MEDICAL EDUCATION CENTER-SAGINAW   ,MI,48603-5227,Proprietary  ,0,1,1,66,186,252
02099702,ROSS MEDICAL EDUCATION CENTER-PORT HURON,MI,48060-1958,Proprietary  ,0,1,1,26,83,109
02099703,ROSS MEDICAL EDUCATION CENTER-ROOSEVELT ,MI,49441-4156,Proprietary  ,0,0,0,11,33,44
02100400,EVEREST INSTITUTE                       ,MI,49525-2301,Proprietary  ,0,5,5,191,788,979
02100401,EVEREST INSTITUTE - KALAMAZOO           ,MI,49009-3307,Proprietary  ,0,5,5,120,437,557
02125600,MICHIGAN COLLEGE OF BEAUTY              ,MI,48083-0000,Proprietary  ,3,13,16,211,407,618
02158600,MR BELA'S SCHOOL OF COSMETOLOGY         ,MI,48092-4637,Proprietary  ,2,12,14,68,178,246
02160303,INTERNATIONAL ACADEMY OF DESIGN AND TECH,MI,48083-2160,Proprietary  ,0,2,2,169,293,462
02180100,ROSS MEDICAL EDUCATION CENTER           ,MI,48092-0000,Proprietary  ,18,42,60,336,1110,1446
02180105,ROSS MEDICAL EDUCATION CENTER-REDFORD   ,MI,48239-1260,Proprietary  ,1,1,2,36,147,183
02198900,MICHIGAN SCHOOL OF PROFESSIONAL PSYCHOLO,MI,48334-4512,Private      ,0,1,1,29,295,324
02209200,TAYLORTOWN SCHOOL OF BEAUTY             ,MI,48180-0000,Proprietary  ,3,34,37,132,393,525
02237800,SPECS HOWARD SCHOOL OF MEDIA ARTS       ,MI,48075-0000,Proprietary  ,7,23,30,711,1016,1727
02285700,BAYSHIRE BEAUTY ACADEMY                 ,MI,48708-5614,Proprietary  ,1,8,9,46,182,228
02324500,MICHIGAN COLLEGE OF BEAUTY              ,MI,48161-3901,Proprietary  ,4,9,13,128,226,354
02339700,ROSS MEDICAL EDUCATION CENTER           ,MI,48116-0000,Proprietary  ,20,89,109,366,1439,1805
02339701,ROSS MEDICAL EDUCATION CENTER-ANN ARBOR ,MI,48108-1411,Proprietary  ,0,2,2,36,139,175
02339703,ROSS MEDICAL EDUCATION CENTER - DAVISON ,MI,48423-1751,Proprietary  ,0,0,0,17,76,93
02361500,MICHIGAN BARBER COLLEGE                 ,MI,48204-2244,Private      ,2,21,23,136,607,743
02363800,YESHIVA GEDOLAH OF GREATER DETROIT      ,MI,48237-0000,Private      ,2,0,2,37,9,46
02491000,WEST MI COLG OF BARBERING & BEAUTY      ,MI,49008-0000,Proprietary  ,0,8,8,48,148,196
02531806,PAUL MITCHELL THE SCHOOL -MICHIGAN      ,MI,48313-0000,Proprietary  ,2,7,9,234,317,551
02533600,ROSS MEDICAL EDUCATION CENTER           ,MI,48917-2108,Proprietary  ,23,77,100,320,1068,1388
02533601,ROSS MEDICAL EDUCATION CENTER - GRAND RA,MI,49546-2430,Proprietary  ,1,4,5,93,280,373
02588200,DOUGLAS J AVEDA INSTITUTE               ,MI,48823-4351,Proprietary  ,25,26,51,752,847,1599
02588201,DOUGLAS J AVEDA INSTITUTE - ANN ARBOR   ,MI,48104-2211,Proprietary  ,4,2,6,188,203,391
02595700,HILLSDALE BEAUTY COLLEGE                ,MI,49242-0000,Proprietary  ,3,4,7,88,49,137
02618400,MICHIGAN CAREER & TECHNICAL INST        ,MI,49080-9254,Public       ,33,6,39,480,156,636
03005700,DETROIT BUSINESS INST. DOWNRIVER        ,MI,48193-6761,Proprietary  ,2,5,7,40,222,262
03066600,BAY MILLS COMMUNITY COLLEGE             ,MI,49715-9750,Public       ,4,17,21,239,508,747
03075200,TWIN CITY BEAUTY COLLEGE                ,MI,49085-3305,Proprietary  ,10,6,16,151,220,371
03075201,TWIN CITY BEAUTY COLLEGE - TRAVERSE CITY,MI,49686-5119,Proprietary  ,0,2,2,32,58,90
03090000,SHARP'S ACADEMY OF HAIRSTYLING          ,MI,48439-1838,Proprietary  ,0,2,2,22,63,85
03109700,HOUGHTON LAKE INST OF COSMETOLOGY       ,MI,48629-0669,Proprietary  ,3,1,4,30,87,117
03110300,THE SCHOOL OF CREATIVE HAIR DESIGN      ,MI,49036-1139,Proprietary  ,0,11,11,39,111,150
03124000,NORTHWESTERN TECHNOLOGICAL INST         ,MI,48075-2412,Proprietary  ,7,25,32,138,582,720
03284300,MICHIGAN JEWISH INSTITUTE               ,MI,48237-0000,Private      ,10,39,49,1473,1646,3119
03490300,PAUL MITCHELL THE SCHOOL ESCANABA       ,MI,49829-0000,Proprietary  ,1,2,3,64,87,151
03588300,IRENE'S MYOMASSOLOGY INSTITUTE          ,MI,48033-2404,Proprietary  ,4,6,10,111,411,522
03704300,BLUE WATER COLLEGE OF COSMETOLOGY       ,MI,48040-2093,Proprietary  ,0,3,3,23,58,81
03772300,SAGINAW CHIPPEWA TRIBAL COLLEGE         ,MI,48858-0000,Public       ,0,2,2,35,146,181
03815300,IN SESSION-ARTS OF COSMETOLOGY BEAU     ,MI,48609-0000,Proprietary  ,1,8,9,66,166,232
03907300,PAUL MITCHELL THE SCHOOL GREAT LAKES    ,MI,48060-0000,Proprietary  ,6,6,12,88,124,212
03915300,CAREER QUEST LEARNING CENTER            ,MI,48910-4732,Proprietary  ,9,96,105,169,878,1047
03915301,CAREER QUEST LEARNING CENTER - JACKSON  ,MI,49201-2475,Proprietary  ,9,57,66,96,648,744
03915302,CAREER QUEST LEARNING CENTER - KALAMAZOO,MI,49002-1711,Proprietary  ,0,0,0,52,236,288
03968300,LAKEWOOD SCHOOL OF THERAPEUTIC MASSAGE  ,MI,48060-0000,Proprietary  ,0,0,0,26,67,93
03976500,ANN ARBOR INSTITUTE OF MASSAGE THERAPY  ,MI,48103-0000,Proprietary  ,0,3,3,67,168,235
04002400,ECUMENICAL THEOLOGICAL SEMINARY         ,MI,48201-3035,Private      ,1,4,5,11,170,181
04006300,NUVO COLLEGE OF COSMETOLOGY             ,MI,49441-3822,Proprietary  ,1,5,6,38,84,122
04014300,P&A SCHOLARS BEAUTY SCHOOL              ,MI,48204-0000,Proprietary  ,3,21,24,232,709,941
04094300,ROBERT B. MILLER COLLEGE (THE)          ,MI,49017-3306,Private      ,0,7,7,108,519,627
04121100,GALLERY COLLEGE OF BEAUTY (THE)         ,MI,48036-3591,Proprietary  ,2,18,20,69,225,294
04136300,FOCUS:  HOPE INFORMATION TECHNOLOGIES CE,MI,48238-2949,Private      ,2,8,10,130,491,621
04138400,SCHOOL OF DESIGNING ARTS                ,MI,49015-2853,Proprietary  ,1,7,8,75,146,221
04140900,INTERNATIONAL COSMETOLOGY ACADEMY       ,MI,49508-1308,Proprietary  ,2,5,7,68,160,228
04141100,FRENCH ACADEMY OF COSMETOLOGY           ,MI,49456-3207,Proprietary  ,1,5,6,52,75,127
04158400,L'ESPRIT ACADEMY                        ,MI,48150-0000,Proprietary  ,4,14,18,133,255,388
04159300,MARKETTI ACADEMY OF COSMETOLOGY         ,MI,48329-3506,Proprietary  ,1,5,6,58,101,159
04163300,COMPASS COLLEGE OF CINEMATIC ARTS       ,MI,49503-4227,Private      ,1,1,2,169,95,264
04164700,KEWEENAW BAY OJIBWA COMMUNITY COLLEGE   ,MI,49908-0000,Public       ,1,3,4,27,101,128
04169300,SCHOLARS COSMETOLOGY UNIVERSITY         ,MI,48108-0000,Proprietary  ,0,0,0,13,53,66
04183300,ABCOTT INSTITUTE                        ,MI,48075-5227,Proprietary  ,8,32,40,65,315,380
04184700,PROTEGE ACADEMY                         ,MI,48823-8660,Proprietary  ,2,10,12,88,196,284
04207000,SCHOOL OF MISSIONARY AVIATION TECHNOLOGY,MI,48846-7412,Private      ,0,0,0,31,42,73
04211200,BRIGHTON INSTITUTE OF COSMETOLOGY       ,MI,48116-8360,Proprietary  ,1,2,3,38,51,89
04222300,MANTHANO CHRISTIAN COLLEGE              ,MI,48185-1919,Private      ,0,1,1,10,54,64
04230200,EXCEL ACADEMIES OF COSMETOLOGY          ,MI,48085-1300,Proprietary  ,2,2,4,35,52,87
04230400,EXCEL ACADEMIES OF COSMETOLOGY          ,MI,48912-4686,Proprietary  ,0,6,6,39,108,147
04230500,EXCEL ACADEMIES OF COSMETOLOGY          ,MI,49512-1781,Proprietary  ,1,1,2,37,41,78
04231800,PRINCESS BEAUTY SCHOOL                  ,MI,48127-2999,Proprietary  ,0,6,6,12,43,55
00233200,ANOKA-RAMSEY CC-CAMBRIDGE/COONRAPID     ,MN,55433-3499,Public       ,30,108,138,4100,5212,9312
00233400,AUGSBURG COLLEGE                        ,MN,55454-1351,Private      ,39,53,92,3359,2563,5922
00233500,RIVERLAND COMMUNITY COLLEGE             ,MN,55912-1473,Public       ,11,38,49,1047,1776,2823
00233600,BEMIDJI STATE UNIVERSITY                ,MN,56601-2699,Public       ,8,58,66,3960,2411,6371
00233700,BETHANY LUTHERAN COLLEGE INC            ,MN,56001-6163,Private      ,0,0,0,666,92,758
00233900,CENTRAL LAKES COLG-BRAINERD/STAPLES     ,MN,56401-3900,Public       ,17,40,57,1387,1945,3332
00234000,CARLETON COLLEGE                        ,MN,55057-4001,Private      ,2,1,3,3500,107,3607
00234100,COLLEGE OF ST BENEDICT                  ,MN,56374-2099,Private      ,2,0,2,2208,84,2292
00234200,ST. CATHERINE UNIVERSITY                ,MN,55105-1789,Private      ,7,83,90,2985,3833,6818
00234300,COLLEGE OF ST SCHOLASTICA               ,MN,55811-4199,Private      ,10,95,105,2606,2845,5451
00234500,UNIVERSITY OF ST THOMAS                 ,MN,55105-1096,Private      ,13,119,132,7034,3845,10879
00234600,CONCORDIA COLLEGE-MOORHEAD              ,MN,56562-0001,Private      ,2,4,6,2885,224,3109
00234700,"CONCORDIA UNIVERSITY, ST PAUL, MN       ",MN,55104-5494,Private      ,8,136,144,1888,4207,6095
00235000,VERMILION COMMUNITY COLLEGE             ,MN,55731-1996,Public       ,4,1,5,496,168,664
00235300,GUSTAVUS ADOLPHUS COLLEGE               ,MN,56082-1498,Private      ,4,0,4,3486,117,3603
00235400,HAMLINE UNIVERSITY                      ,MN,55104-1284,Private      ,9,94,103,3515,2894,6409
00235500,HIBBING COMMUNITY COLLEGE               ,MN,55746-3300,Public       ,4,21,25,662,965,1627
00235600,ITASCA COMMUNITY COLLEGE                ,MN,55744-3397,Public       ,3,14,17,849,654,1503
00235700,LUTHER SEMINARY                         ,MN,55108-0000,Private      ,0,1,1,4,344,348
00235800,MACALESTER COLLEGE                      ,MN,55105-1899,Private      ,1,2,3,3653,225,3878
00236000,"MINNESOTA STATE UNIVERSITY, MANKATO     ",MN,56002-0000,Public       ,36,100,136,12541,4902,17443
00236100,MARTIN LUTHER COLLEGE                   ,MN,56073-3965,Private      ,2,1,3,714,69,783
00236200,MINNEAPOLIS COMM AND TECH COLLEGE       ,MN,55403-1779,Public       ,50,227,277,4376,10612,14988
00236500,MINNEAPOLIS COLLEGE OF ART & DESIGN     ,MN,55404-4343,Private      ,1,5,6,947,539,1486
00236600,CROSSROADS COLLEGE                      ,MN,55902-2382,Private      ,0,0,0,94,93,187
00236700,MINNESOTA STATE UNIVERSITY MOORHEAD     ,MN,56563-0001,Public       ,8,62,70,5066,2724,7790
00236900,NORTH CENTRAL UNIVERSITY                ,MN,55404-1391,Private      ,3,9,12,1277,518,1795
00237000,NORTH HENNEPIN COMMUNITY COLLEGE        ,MN,55445-2299,Public       ,34,136,170,3288,6299,9587
00237100,UNIVERSITY OF NORTHWESTERN- ST PAUL     ,MN,55113-1598,Private      ,6,27,33,2328,974,3302
00237300,ROCHESTER COMMUNITY/TECH COLLEGE        ,MN,55904-4999,Public       ,32,105,137,2888,4104,6992
00237500,SOUTHWEST MINNESOTA STATE UNIVERSITY    ,MN,56258-1598,Public       ,6,43,49,2139,1225,3364
00237700,ST CLOUD STATE UNIVERSITY               ,MN,56301-4498,Public       ,22,109,131,10143,5387,15530
00237900,SAINT JOHNS UNIVERSITY                  ,MN,56321-2000,Private      ,5,1,6,1983,118,2101
00238000,SAINT MARY'S UNIVERSITY                 ,MN,55987-1399,Private      ,3,99,102,1796,4072,5868
00238200,ST OLAF COLLEGE                         ,MN,55057-1098,Private      ,3,1,4,3806,134,3940
00238300,CROWN COLLEGE                           ,MN,55375-9001,Private      ,0,12,12,887,938,1825
00238500,NORTHLAND COMMUNITY & TECHNICAL CLG     ,MN,56701-2598,Public       ,8,28,36,1424,1889,3313
00238600,UNITED THEOLGCL SEMINRY TWIN CITIES     ,MN,55112-0000,Private      ,0,0,0,2,122,124
00238800,"UNIVERSITY OF MINNESOTA, DULUTH         ",MN,55812-2496,Public       ,20,19,39,10511,2458,12969
00238900,"UNIVERSITY OF MINNESOTA, MORRIS         ",MN,56267-2113,Public       ,1,3,4,2334,329,2663
00239100,WILLIAM MITCHELL COLLEGE OF LAW         ,MN,55105-0000,Private      ,0,7,7,4,972,976
00239300,MINNESOTA STATE COLLEGE-SE TECH         ,MN,55987-0409,Public       ,4,24,28,817,1531,2348
00239400,WINONA STATE UNIVERSITY                 ,MN,55987-5838,Public       ,12,29,41,7620,1994,9614
00396900,UNIVERSITY OF MINNESOTA-TWIN CITIES     ,MN,55455-0422,Public       ,50,220,270,35090,17744,52834
00400900,MESABI RANGE CMNTY & TECH COLLEGE       ,MN,55792-0000,Public       ,3,15,18,529,668,1197
00405708,NATIONAL AMERICAN UNIVERSITY            ,MN,55113-0000,Proprietary  ,1,2,3,19,279,298
00405715,NATIONAL AMERICAN UNIVERSITY - BLOOMINGT,MN,55425-5550,Proprietary  ,1,1,2,34,397,431
00406900,UNIVERSITY OF MINNESOTA-CROOKSTON       ,MN,56716-5001,Public       ,2,26,28,1126,1159,2285
00438600,VETERAN'S MEDICAL CTR- SCH RAD TECH     ,MN,55417-2399,Public       ,0,0,0,4,17,21
00464100,DUNWOODY COLLEGE OF TECHNOLOGY          ,MN,55403-1192,Private      ,7,17,24,700,1373,2073
00464200,GLOBE UNIVERSITY                        ,MN,55125-5408,Proprietary  ,5,11,16,986,3217,4203
00464500,MINNEAPOLIS BUSINESS COLLEGE            ,MN,55113-4036,Proprietary  ,0,2,2,294,199,493
00464600,MINNESOTA SCHOOL OF BUSINESS            ,MN,55423-0000,Proprietary  ,2,15,17,864,2823,3687
00525200,RIDGEWATER COLLEGE                      ,MN,56201-2098,Public       ,16,24,40,1960,1919,3879
00526300,MINNESOTA WEST CMNTY & TECH COLG        ,MN,56241-1096,Public       ,41,47,88,899,1465,2364
00553300,"SAINT PAUL COLLEGE, COMMUNITY/TECHNICAL ",MN,55102-1800,Public       ,30,161,191,3908,8072,11980
00553400,SAINT CLOUD TECHNICAL COLLEGE AND COMMUN,MN,56303-1240,Public       ,24,70,94,3146,3141,6287
00553500,PINE TECHNICAL COLLEGE                  ,MN,55063-2198,Public       ,11,17,28,257,873,1130
00553700,SOUTH CENTRAL COLLEGE                   ,MN,56003-0000,Public       ,14,36,50,1780,2216,3996
00554100,MINNESOTA STATE COMMUNITY AND TECHNICAL ,MN,56573-1405,Public       ,28,81,109,2321,3441,5762
00554400,ALEXANDRIA TECHNICAL COLLEGE            ,MN,56308-3799,Public       ,7,18,25,1321,925,2246
00575700,LAKE SUPERIOR COLLEGE                   ,MN,55811-3399,Public       ,16,71,87,2201,3232,5433
00575900,NORTHWEST TECHNICAL COLLEGE - BEMIDJI   ,MN,56601-4907,Public       ,6,27,33,428,971,1399
00677500,RAINY RIVER COMMUNITY COLLEGE           ,MN,56649-2187,Public       ,1,1,2,150,122,272
00735000,ANOKA-HENNEPIN TECHNICAL COLLEGE        ,MN,55303-1590,Public       ,12,53,65,1057,2719,3776
00735100,BROWN COLLEGE                           ,MN,55120-1004,Proprietary  ,1,15,16,170,564,734
00795400,NORMANDALE COMMUNITY COLLEGE            ,MN,55431-4399,Public       ,61,112,173,5020,5891,10911
00826700,NORTHWEST TECHNICAL INSTITUTE           ,MN,55121-5001,Proprietary  ,0,0,0,6,16,22
00869400,RASMUSSEN COLLEGE - ST. CLOUD           ,MN,56301-3713,Proprietary  ,2,28,30,312,1512,1824
00869401,RASMUSSEN COLLEGE - BROOKLYN PARK       ,MN,55445-1512,Proprietary  ,3,21,24,249,1373,1622
00869406,RASMUSSEN COLLEGE - EAGAN               ,MN,55122-1346,Proprietary  ,7,26,33,196,1247,1443
00869407,RASMUSSEN COLLEGE - BLOOMINGTON         ,MN,55435-5444,Proprietary  ,4,32,36,267,1621,1888
00869409,RASMUSSEN COLLEGE - MANKATO             ,MN,56001-8658,Proprietary  ,3,9,12,270,1042,1312
00869412,RASMUSSEN COLLEGE - LAKE ELMO           ,MN,55042-8624,Proprietary  ,3,19,22,164,964,1128
00869416,RASMUSSEN COLLEGE - MOORHEAD            ,MN,56560-4513,Proprietary  ,1,9,10,184,799,983
00869417,RASMUSSEN COLLEGE - BLAINE              ,MN,55014-0000,Proprietary  ,2,26,28,245,1232,1477
00905800,BETHEL UNIVERSITY                       ,MN,55112-6999,Private      ,1,67,68,3300,2545,5845
00960000,COSMETOLOGY CAREERS UNLTD-DULUTH        ,MN,55802-2031,Proprietary  ,0,2,2,23,45,68
00974000,INVER HILLS COMMUNITY COLLEGE           ,MN,55076-3224,Public       ,33,106,139,2654,4051,6705
00983100,MODEL COLLEGE OF HAIR DESIGN            ,MN,56301-4280,Proprietary  ,3,6,9,101,106,207
00989200,"DULUTH BUSINESS UNIV, INC.              ",MN,55807-0000,Proprietary  ,1,2,3,108,380,488
00999200,OAK HILLS CHRISTIAN COLLEGE             ,MN,56601-0000,Private      ,1,0,1,125,78,203
01024800,ART INSTITUTES INTL MINNESOTA           ,MN,55402-3137,Proprietary  ,10,16,26,988,1012,2000
01035602,EVEREST INSTITUTE - EAGAN               ,MN,55121-1696,Proprietary  ,0,0,0,41,263,304
01037400,METROPOLITAN STATE UNIVERSITY           ,MN,55106-5000,Public       ,17,160,177,2426,9941,12367
01040200,DAKOTA COUNTY TECHNICAL COLLEGE         ,MN,55068-2999,Public       ,34,51,85,1253,2198,3451
01049000,REGENCY BEAUTY INSTITUTE                ,MN,55428-0000,Proprietary  ,130,350,480,3575,7029,10604
01049100,HENNEPIN TECHNICAL COLLEGE              ,MN,55445-2399,Public       ,28,128,156,2105,6501,8606
01054600,CENTURY COLLEGE                         ,MN,55110-1894,Public       ,60,163,223,5134,7875,13009
01173200,"MAYO CLINIC, COLLEGE OF MEDICINE        ",MN,55905-0000,Private      ,1,4,5,77,437,514
01173201,MAYO SCHOOL OF HEALTH-RELATED SCIEN     ,MN,55905-0000,Private      ,0,3,3,98,262,360
01173206,MAYO GRAD SCHOOL                        ,MN,55901-0000,Private      ,0,1,1,8,57,65
01173207,MAYO MEDICAL SCHOOL                     ,MN,55901-0000,Private      ,0,0,0,33,167,200
01232800,NORTHWESTERN HEALTH SCIENCES UNIV       ,MN,55431-1599,Private      ,3,9,12,98,954,1052
02050300,ACADEMY COLLEGE                         ,MN,55420-1554,Proprietary  ,1,7,8,52,219,271
02097300,HASTINGS BEAUTY SCHOOL                  ,MN,55033-1205,Proprietary  ,2,5,7,21,51,72
02123200,AVEDA INSTITUTE                         ,MN,55414-0000,Proprietary  ,10,22,32,427,579,1006
02159800,COSMETOLOGY CAREERS UNLTD - HIBBING     ,MN,55746-0000,Proprietary  ,1,0,1,16,32,48
02160901,PCI ACADEMY - PCI ACADEMY               ,MN,55446-4928,Proprietary  ,0,5,5,36,99,135
02238100,MINNESOTA SCHOOL OF COSMETOLOGY         ,MN,55125-0000,Proprietary  ,3,10,13,169,266,435
02260500,SUMMIT ACAD OPPORTUNITIES IND CTR       ,MN,55405-0000,Private      ,14,55,69,123,835,958
02263102,ANTHEM COLLEGE - ST. LOUIS PARK         ,MN,55416-2467,Proprietary  ,0,0,0,5,28,33
02504200,WALDEN UNIVERSITY                       ,MN,55401-2511,Proprietary  ,14,2200,2214,455,66389,66844
02514100,AMERICAN INDIAN OPPORTUNITIES CTR       ,MN,55404-0000,Private      ,0,3,3,15,221,236
03001200,MCNALLY SMITH COLLEGE OF MUSIC          ,MN,55101-2220,Proprietary  ,4,5,9,614,277,891
03051900,ALFRED ADLER GRADUATE SCHOOL            ,MN,55305-0000,Private      ,0,10,10,0,357,357
03096400,LEECH LAKE TRIBAL COLLEGE               ,MN,56633-0000,Public       ,1,1,2,68,388,456
03129100,FOND DU LAC TRIBAL & COMMUNITY CLG      ,MN,55720-2984,Public       ,6,17,23,506,893,1399
03267300,CAPELLA UNIVERSITY                      ,MN,55402-3389,Proprietary  ,13,1795,1808,442,58956,59398
03833300,AMERICAN ACADEMY OF ACUPUNCTURE AND ORIE,MN,55113-0000,Proprietary  ,0,1,1,3,77,80
03921400,WHITE EARTH TRIBAL AND COMMUNITY COLLEGE,MN,56557-0478,Private      ,1,0,1,17,96,113
04044300,HAZELDEN GRADUATE SCHOOL OF ADDICTION ST,MN,55012-0000,Private      ,0,5,5,0,165,165
04130200,INST. OF PRODUCTION AND RECORDING       ,MN,55401-1315,Proprietary  ,3,6,9,297,317,614
04148800,CENTERPOINT MASSAGE & SHIATSU THERAPY SC,MN,55414-4525,Proprietary  ,2,5,7,43,211,254
04157600,NOVA ACADEMY OF COSMETOLOGY             ,MN,55906-4103,Proprietary  ,0,5,5,40,100,140
04160500,AVALON SCHOOL OF COSMETOLOGY            ,MN,56187-1930,Proprietary  ,2,2,4,18,41,59
04174400,ROCHESTER SCHOOL OF HAIR DESIGN         ,MN,55901-4310,Proprietary  ,3,2,5,29,60,89
04175600,PARK AVENUE SCHOOL OF COSMETOLOGY       ,MN,56470-3361,Proprietary  ,1,10,11,35,157,192
04227800,BETHANY GLOBAL UNIVERSITY               ,MN,55438-2849,Private      ,11,6,17,33,21,54
00239600,ALCORN STATE UNIVERSITY                 ,MS,39096-7500,Public       ,174,95,269,4734,4099,8833
00239700,BELHAVEN UNIVERSITY                     ,MS,39202-1789,Private      ,18,280,298,2150,6239,8389
00239800,BLUE MOUNTAIN COLLEGE                   ,MS,38610-9370,Private      ,4,7,11,630,407,1037
00240100,COAHOMA COMMUNITY COLLEGE               ,MS,38614-9799,Public       ,204,60,264,1927,2145,4072
00240200,COPIAH-LINCOLN COMMUNITY COLLEGE        ,MS,39191-0649,Public       ,97,67,164,2391,2349,4740
00240300,DELTA STATE UNIVERSITY                  ,MS,38733-0000,Public       ,64,77,141,3977,3286,7263
00240400,EAST CENTRAL COMMUNITY COLLEGE          ,MS,39327-0129,Public       ,66,60,126,2216,1954,4170
00240500,EAST MISSISSIPPI COMM COLLEGE           ,MS,39358-0000,Public       ,154,89,243,3879,3524,7403
00240700,HINDS COMMUNITY COLLEGE                 ,MS,39154-9799,Public       ,264,318,582,8890,11323,20213
00240800,HOLMES COMMUNITY COLLEGE                ,MS,39079-0000,Public       ,185,191,376,4749,6314,11063
00240900,ITAWAMBA COMMUNITY COLLEGE              ,MS,38843-1099,Public       ,136,111,247,4613,3926,8539
00241000,JACKSON STATE UNIVERSITY                ,MS,39217-0001,Public       ,260,229,489,9731,11376,21107
00241100,JONES COUNTY JUNIOR COLLEGE             ,MS,39437-3999,Public       ,131,108,239,4399,2828,7227
00241300,MERIDIAN COMMUNITY COLLEGE              ,MS,39307-5890,Public       ,32,74,106,2386,3082,5468
00241400,MILLSAPS COLLEGE                        ,MS,39201-0000,Private      ,16,10,26,1740,821,2561
00241500,MISSISSIPPI COLLEGE                     ,MS,39058-0001,Private      ,18,57,75,3282,3718,7000
00241501,MISSISSIPPI COLLEGE - SCHOOL OF LAW     ,MS,39201-1391,Private      ,2,12,14,132,890,1022
00241600,MISSISSIPPI DELTA CMTY COLLEGE          ,MS,38761-0000,Public       ,107,44,151,2558,2282,4840
00241700,MISSISSIPPI GULF CST CLG                ,MS,39573-0000,Public       ,124,265,389,5926,8289,14215
00242200,MISSISSIPPI UNIV FOR WOMEN              ,MS,39701-5818,Public       ,32,64,96,2088,2970,5058
00242300,MISSISSIPPI STATE UNIVERSITY            ,MS,39762-9698,Public       ,217,219,436,19036,8542,27578
00242400,MISSISSIPPI VALLEY STATE UNIVERSITY     ,MS,38941-1400,Public       ,190,77,267,3865,2973,6838
00242600,NORTHEAST MS CMNTY COLLEGE              ,MS,38829-1731,Public       ,68,38,106,3233,2353,5586
00242700,NORTHWEST MISSISSIPPI COMMUNITY CLG     ,MS,38668-1703,Public       ,127,129,256,6767,5935,12702
00243000,PEARL RIVER COMMUNITY COLLEGE           ,MS,39470-2201,Public       ,108,121,229,3801,3680,7481
00243300,RUST COLLEGE                            ,MS,38635-2328,Private      ,24,9,33,1659,811,2470
00243500,SOUTHEASTERN BAPTIST COLLEGE            ,MS,39440-0000,Private      ,0,1,1,28,87,115
00243600,SOUTHWEST MISSISSIPPI CMNTY CLG         ,MS,39666-8099,Public       ,40,30,70,1697,1539,3236
00243900,TOUGALOO COLLEGE                        ,MS,39174-9799,Private      ,32,16,48,1635,917,2552
00244000,UNIVERSITY OF MISSISSIPPI               ,MS,38677-1848,Public       ,229,156,385,18529,7629,26158
00244001,UNIVERSITY OF MISSISSIPPI - MED CTR     ,MS,39216-0000,Public       ,11,37,48,918,2936,3854
00244100,UNIVERSITY OF SOUTHERN MISSISSIPPI      ,MS,39406-0001,Public       ,165,255,420,13853,10936,24789
00244700,WILLIAM CAREY UNIVERSITY                ,MS,39401-5499,Private      ,23,153,176,2284,5090,7374
00489809,MCCANN SCHOOL OF BUSINESS & TECHNOLOGY -,MS,39503-3167,Proprietary  ,4,4,8,44,224,268
01289101,ANTONELLI COLLEGE - JACKSON             ,MS,39232-9514,Proprietary  ,4,75,79,182,1599,1781
01289102,ANTONELLI COLLEGE - HATTIESBURG         ,MS,39401-3056,Proprietary  ,5,30,35,182,882,1064
02074900,CHRIS' BEAUTY COLLEGE                   ,MS,39501-0000,Proprietary  ,2,14,16,70,210,280
02160500,NORTH MISSISSIPPI MED CTR MED TECH      ,MS,38801-0000,Private      ,0,0,0,77,188,265
02235900,ACADEMY OF HAIR DESIGN #4               ,MS,39208-0000,Proprietary  ,5,7,12,75,185,260
02244300,ACADEMY OF HAIR DESIGN #1               ,MS,39204-5008,Proprietary  ,2,19,21,165,410,575
02244305,ACADEMY OF HAIR DESIGN #1-ACADEMY OF HAI,MS,38901-5108,Proprietary  ,7,4,11,45,97,142
02249900,DELTA BEAUTY COLLEGE                    ,MS,38701-0000,Proprietary  ,2,7,9,64,125,189
02251600,ACADEMY OF HAIR DESIGN #6               ,MS,39401-7581,Proprietary  ,2,10,12,118,331,449
02251700,FOSTER'S COSMETOLOGY COLLEGE            ,MS,38663-0000,Proprietary  ,4,4,8,13,59,72
02302800,MISSISSIPPI COLLEGE OF BEAUTY CULT      ,MS,39440-0000,Proprietary  ,3,4,7,52,117,169
02320800,MAGNOLIA COLLEGE OF COSMETOLOGY         ,MS,39206-0000,Proprietary  ,9,21,30,130,423,553
02502100,CREATIONS COLLEGE OF COSMETOLOGY        ,MS,38803-0000,Proprietary  ,1,1,2,33,143,176
02516200,WESLEY BIBLICAL SEMINARY                ,MS,39206-0000,Private      ,0,2,2,12,160,172
02586000,J & J HAIR DESIGN COLLEGE               ,MS,39051-3716,Proprietary  ,3,15,18,43,144,187
03010603,VIRGINIA COLLEGE - JACKSON              ,MS,39206-5602,Proprietary  ,7,21,28,187,912,1099
03010610,VIRGINIA COLLEGE - BILOXI               ,MS,39532-2124,Proprietary  ,8,11,19,147,592,739
03032400,KC'S SCHOOL OF HAIR DESIGN              ,MS,38863-0000,Proprietary  ,0,3,3,44,128,172
03263300,TRAXLER'S SCHOOL OF HAIR                ,MS,39212-2529,Proprietary  ,1,3,4,39,111,150
03294305,BLUE CLIFF COLLEGE - GULFPORT           ,MS,39503-0000,Proprietary  ,1,10,11,112,443,555
03464300,ACADEMY OF HAIR DESIGN                  ,MS,39562-0000,Proprietary  ,0,9,9,19,73,92
03848300,DAY SPA CAREER COLLEGE                  ,MS,39564-0000,Proprietary  ,4,4,8,26,111,137
03963300,HEALING TOUCH CAREER COLLEGE            ,MS,39402-1300,Proprietary  ,1,14,15,86,368,454
04131300,CORINTH ACADEMY OF COSMETOLOGY          ,MS,38834-4813,Proprietary  ,0,7,7,52,191,243
04140200,"MISSISSIPPI INSTITUTE OF AESTHETICS, NAI",MS,39056-5628,Proprietary  ,1,6,7,53,201,254
00252600,CARROLL COLLEGE                         ,MT,59625-0002,Private      ,1,1,2,2465,282,2747
00252700,UNIVERSITY OF GREAT FALLS               ,MT,59405-4996,Private      ,2,15,17,987,713,1700
00252800,MILES COMMUNITY COLLEGE                 ,MT,59301-4799,Public       ,2,5,7,276,223,499
00252900,DAWSON COMMUNITY COLLEGE                ,MT,59330-1405,Public       ,0,1,1,229,149,378
00253000,MONTANA STATE UNIVERSITY - BILLINGS     ,MT,59101-0298,Public       ,7,53,60,3061,3507,6568
00253100,MONTANA TECH OF THE UNIV OF MONTANA     ,MT,59701-8997,Public       ,2,5,7,1695,1546,3241
00253200,MONTANA STATE UNIVERSITY - BOZEMAN      ,MT,59717-4160,Public       ,24,80,104,13711,5252,18963
00253300,MONTANA STATE UNIVERSITY-NORTHERN       ,MT,59501-3148,Public       ,3,23,26,901,881,1782
00253400,ROCKY MOUNTAIN COLLEGE                  ,MT,59102-1796,Private      ,3,5,8,1297,496,1793
00253600,UNIVERSITY OF MONTANA (THE)             ,MT,59812-0001,Public       ,22,69,91,8824,7711,16535
00253700,UNIVERSITY OF MONTANA WESTERN (THE)     ,MT,59725-3598,Public       ,3,2,5,1464,580,2044
00677700,FLATHEAD VALLEY COMMUNITY COLLEGE       ,MT,59901-2699,Public       ,6,31,37,928,1715,2643
00757000,HELENA COLLEGE OF TECHNOLOGY            ,MT,59601-3098,Public       ,4,19,23,562,1153,1715
00790000,BUTTE ACADEMY OF BEAUTY CULTURE         ,MT,59701-9197,Proprietary  ,1,2,3,32,85,117
00931400,GREAT FALLS COLLEGE MONTANA STATE UNIVER,MT,59405-4907,Public       ,7,32,39,758,1814,2572
02143400,SALISH KOOTENAI COLLEGE                 ,MT,59855-0000,Public       ,5,5,10,346,1002,1348
02286600,LITTLE BIG HORN COLLEGE                 ,MT,59022-0000,Public       ,0,2,2,106,193,299
02343000,FT PECK COMMUNITY COLLEGE               ,MT,59255-0000,Public       ,0,7,7,93,232,325
02510600,BLACKFEET COMMUNITY COLLEGE             ,MT,59417-0000,Private      ,1,2,3,190,497,687
02517500,FORT BELKNAP COLLEGE                    ,MT,59526-0000,Public       ,0,0,0,57,158,215
02545200,CHIEF DULL KNIFE COLLEGE                ,MT,59043-0098,Public       ,0,0,0,64,169,233
02610900,STONE CHILD COLLEGE                     ,MT,59521-9796,Public       ,10,12,22,92,241,333
02621300,ACADEMY OF COSMETOLOGY                  ,MT,59715-3544,Proprietary  ,1,0,1,51,76,127
03205300,MODERN BEAUTY SCHOOL                    ,MT,59801-8386,Proprietary  ,0,2,2,64,122,186
03763400,"ACADEMY OF NAIL, SKIN & HAIR            ",MT,59101-0000,Proprietary  ,2,7,9,89,205,294
03778300,HEALTH WORKS INSTITUTE                  ,MT,59715-0000,Proprietary  ,5,3,8,48,139,187
04163700,BITTERROOT SCHOOL OF COSMETOLOGY        ,MT,59840-3118,Proprietary  ,2,3,5,20,68,88
04164100,MONTANA ACADEMY OF SALON                ,MT,59405-0000,Proprietary  ,2,2,4,69,134,203
04187700,CREVIER'S SCHOOL OF COSMETOLOGY         ,MT,59901-4402,Proprietary  ,0,6,6,75,164,239
00253900,CHADRON STATE COLLEGE                   ,NE,69337-2690,Public       ,9,52,61,1960,1321,3281
00254000,COLLEGE OF ST MARY                      ,NE,68106-2606,Private      ,1,28,29,588,1274,1862
00254100,CONCORDIA UNIVERSITY                    ,NE,68434-1594,Private      ,2,159,161,1508,1235,2743
00254200,CREIGHTON UNIVERSITY                    ,NE,68178-0001,Private      ,10,39,49,6374,5690,12064
00254400,DOANE COLLEGE                           ,NE,68333-2421,Private      ,4,70,74,1693,1367,3060
00254700,GRACE UNIVERSITY                        ,NE,68108-3629,Private      ,1,10,11,475,422,897
00254800,HASTINGS COLLEGE                        ,NE,68901-7621,Private      ,0,3,3,1567,306,1873
00255100,UNIVERSITY OF NEBRASKA AT KEARNEY       ,NE,68849-0001,Public       ,8,95,103,4737,2532,7269
00255200,MCCOOK COMMUNITY COLLEGE                ,NE,69001-2631,Public       ,0,0,0,256,212,468
00255300,MIDLAND UNIVERSITY                      ,NE,68025-4254,Private      ,3,6,9,1701,418,2119
00255400,UNIVERSITY OF NEBRASKA-OMAHA            ,NE,68182-0001,Public       ,32,151,183,10068,7999,18067
00255500,NEBRASKA WESLEYAN UNIVERSITY            ,NE,68504-2796,Private      ,3,13,16,2018,928,2946
00255700,MID-PLAINS COMM. COLLEGE-ALL CAMPUSES   ,NE,69101-9420,Public       ,8,36,44,555,824,1379
00255900,PERU STATE COLLEGE                      ,NE,68421-0010,Public       ,10,80,90,1277,1196,2473
00256000,WESTERN NEBRASKA COMMUNITY COLLEGE      ,NE,69361-1815,Public       ,4,33,37,766,1065,1831
00256300,UNION COLLEGE                           ,NE,68506-4387,Private      ,2,3,5,913,462,1375
00256500,UNIVERSITY OF NEBRASKA-LINCOLN          ,NE,68588-0419,Public       ,41,76,117,17543,5736,23279
00256596,UNIVERSITY OF NEBRASKA - CURTIS         ,NE,69025-9522,Public       ,0,0,0,275,65,340
00256600,WAYNE STATE COLLEGE                     ,NE,68787-1172,Public       ,7,32,39,3262,1051,4313
00256700,YORK COLLEGE                            ,NE,68467-2699,Private      ,1,0,1,492,141,633
00443600,REGNL WST MEDCL CTR SCHL RAD            ,NE,69361-0000,Private      ,0,0,0,21,32,53
00458608,KAPLAN UNIVERSITY - OMAHA               ,NE,68134-1002,Proprietary  ,5,79,84,205,1870,2075
00458609,KAPLAN UNIVERSITY - LINCOLN             ,NE,68508-2668,Proprietary  ,4,74,78,136,1335,1471
00639900,BRYANLGH COLLEGE OF HEALTH SCIENCES     ,NE,68506-1398,Private      ,0,8,8,480,465,945
00640400,NEBR METHODIST CLG OF NURS ALLD HLTH    ,NE,68114-2852,Private      ,2,10,12,551,1200,1751
00689500,UNIVERSITY OF NEBRASKA-MED CTR          ,NE,68198-4265,Public       ,3,24,27,758,2602,3360
00750100,VATTEROTT COLLEGE                       ,NE,68137-1237,Proprietary  ,0,4,4,96,460,556
00849200,ALEGENT HEALTH SCHOOLS                  ,NE,68114-2767,Private      ,1,3,4,101,302,403
00952300,BAHNER COLLEGE OF HAIRSTYLING           ,NE,68025-3297,Proprietary  ,0,1,1,23,33,56
00961700,CAPITOL BEAUTY SCHOOL                   ,NE,68144-0000,Proprietary  ,1,8,9,169,259,428
00974300,BELLEVUE UNIVERSITY                     ,NE,68005-0000,Private      ,13,303,316,945,10013,10958
00986200,CLARKSON COLLEGE                        ,NE,68131-2739,Private      ,3,40,43,559,1550,2109
01151900,JOSEPH'S COLLEGE OF BEAUTY/ALL CAMPUSES ,NE,68510-2226,Proprietary  ,31,34,65,198,372,570
01166700,NORTHEAST COMMUNITY COLLEGE             ,NE,68702-0000,Public       ,15,29,44,2000,1502,3502
01258600,METROPOLITAN COMMUNITY COLLEGE          ,NE,68103-0000,Public       ,76,448,524,5726,13005,18731
01297600,NEBRASKA CHRISTIAN COLLEGE              ,NE,68046-4256,Private      ,1,0,1,159,72,231
02079700,COLLEGE OF HAIR DESIGN                  ,NE,68508-0000,Proprietary  ,6,10,16,191,286,477
02099500,CENTRAL COMMUNITY COLLEGE-ALL CAMPUSES  ,NE,68801-7299,Public       ,16,105,121,2080,2711,4791
02099501,CENTRAL COMMUNITY COLLEGE - HASTINGS CAM,NE,68902-7712,Public       ,0,0,0,1,0,1
02099502,CENTRAL COMMUNITY COLLEGE - COLUMBUS CAM,NE,68602-8031,Public       ,0,0,0,0,1,1
02508300,SOUTHEAST COMM. COLLEGE-ALL CAMPUSES    ,NE,68520-0000,Public       ,32,73,105,5051,6359,11410
02550800,NEBRASKA INDIAN COMMUNITY COLLEGE       ,NE,68039-0000,Public       ,0,6,6,40,139,179
02610500,XENON INTERNATIONAL ACADEMY II          ,NE,68127-3522,Proprietary  ,9,7,16,210,345,555
03164300,THE CREATIVE CENTER                     ,NE,68164-2911,Proprietary  ,0,2,2,140,96,236
03279300,MYOTHERAPY INSTITUTE                    ,NE,68516-0000,Proprietary  ,0,2,2,26,44,70
03323300,LITTLE PRIEST TRIBAL COLLEGE            ,NE,68071-0000,Private      ,0,1,1,34,154,188
03821400,UNIVERSAL COLLEGE OF HEALING ARTS       ,NE,68112-1810,Proprietary  ,0,1,1,27,124,151
00256800,UNIVERSITY OF NEVADA RENO               ,NV,89557-0002,Public       ,70,73,143,17760,7917,25677
00256900,UNIVERSITY OF NEVADA-LAS VEGAS          ,NV,89154-1001,Public       ,110,338,448,23215,20283,43498
00697700,GREAT BASIN COLLEGE                     ,NV,89801-3348,Public       ,5,27,32,771,1496,2267
00732954,ITT TECHNICAL INSTITUTE                 ,NV,89014-6712,Proprietary  ,13,63,76,366,1190,1556
00736700,MARINELLO SCHOOLS OF BEAUTY             ,NV,89110-3563,Proprietary  ,16,55,71,284,711,995
00736701,MARINELLO SCHOOLS OF BEAUTY -           ,NV,89014-2244,Proprietary  ,6,19,25,95,330,425
00737100,MARINELLO SCHOOL OF BEAUTY              ,NV,89502-6530,Proprietary  ,8,30,38,180,371,551
00844103,ANTHEM INSTITUTE - MORRISON UNIVERSITY  ,NV,89521-4826,Proprietary  ,0,0,0,98,533,631
00919200,SIERRA NEVADA COLLEGE                   ,NV,89451-0000,Private      ,1,39,40,584,838,1422
01036200,COLLEGE OF SOUTHERN NEVADA              ,NV,89146-1139,Public       ,211,1203,1414,18065,31760,49825
01036300,WESTERN NEVADA COLLEGE                  ,NV,89703-0000,Public       ,14,54,68,1359,3066,4425
01246110,LINCOLN TECHNICAL INSTITUTE-EUPH INST OF,NV,89117-8803,Proprietary  ,6,14,20,176,387,563
01246111,LINCOLN TECHNICAL INSTITUTE-EUPH INS OFB,NV,89052-4964,Proprietary  ,4,6,10,94,201,295
01246112,LINCOLN TECHNICAL INSTITUTE- EUPH INST O,NV,89131-1036,Proprietary  ,0,0,0,74,147,221
01323200,ACADEMY OF HAIR DESIGN                  ,NV,89146-1617,Proprietary  ,5,31,36,253,615,868
02107700,TRUCKEE MEADOWS COMMUNITY CLG           ,NV,89512-0000,Public       ,52,168,220,5070,8215,13285
02237500,EVEREST COLLEGE                         ,NV,89103-0000,Proprietary  ,22,91,113,881,2347,3228
02338512,GLENDALE CAREER COLLEGE - NEVADA CAREER ,NV,89131-3268,Proprietary  ,2,10,12,73,362,435
02616703,SCOTTSDALE CULINARY INSTITUTE - LE CORDO,NV,89144-7047,Proprietary  ,1,7,8,203,416,619
02621500,CAREER COLLEGE OF NORTHERN NEVADA       ,NV,89434-7905,Proprietary  ,21,48,69,339,1029,1368
03030603,UTAH CLG OF MASSAGE THERAPY-NSMT        ,NV,89123-0000,Proprietary  ,5,12,17,195,509,704
03031405,INTERNATIONAL ACADEMY OF DESIGN AND TECH,NV,89074-7750,Proprietary  ,3,2,5,264,461,725
03043200,KAPLAN COLLEGE                          ,NV,89102-8618,Proprietary  ,33,133,166,913,3060,3973
03076404,BRYMAN SCHOOL OF ARIZONA (THE) - ANTHEM ,NV,89102-4514,Proprietary  ,0,0,0,136,384,520
03088200,CARSON CITY BEAUTY ACADEMY              ,NV,89706-0000,Proprietary  ,0,0,0,26,103,129
03787300,EXPERTISE SCHOOL OF BEAUTY              ,NV,89106-2516,Private      ,2,24,26,123,431,554
03838500,NORTHWEST HEALTH CAREERS                ,NV,89128-0255,Proprietary  ,2,26,28,297,892,1189
03975300,INSTITUTE OF PROFESSIONAL CAREERS       ,NV,89119-7825,Proprietary  ,3,20,23,99,535,634
04051303,ART INSTITUTE OF PHOENIX (THE) - ART INS,NV,89074-7737,Proprietary  ,3,8,11,416,455,871
04065300,ROSEMAN UNIVERSITY OF HEALTH SCIENCES   ,NV,89014-2333,Private      ,2,10,12,363,2072,2435
04114300,NEVADA STATE COLLEGE                    ,NV,89002-9455,Public       ,30,70,100,2520,4511,7031
04142601,TOURO UNIVERSITY - NEVADA               ,NV,89014-8800,Private      ,1,7,8,129,935,1064
04144800,INTERNATIONAL ACADEMY OF STYLE          ,NV,89509-3450,Proprietary  ,1,10,11,108,219,327
04147600,AVEDA INSTITUTE LAS VEGAS               ,NV,89119-6103,Proprietary  ,8,28,36,220,582,802
04171000,ADVANCED TRAINING INSTITUTE             ,NV,89115-7504,Proprietary  ,21,87,108,288,1100,1388
04180500,ADVANCED BEAUTY SCHOOL OF COSMETOLOGY   ,NV,89103-5864,Proprietary  ,1,17,18,2,37,39
04186300,PAUL MITCHELL THE SCHOOL LAS VEGAS      ,NV,89123-8014,Proprietary  ,14,25,39,387,596,983
04190300,AMERICAN INSTITUTE OF MEDICAL SONOGRAPHY,NV,89146-6597,Proprietary  ,0,5,5,149,609,758
04191100,DESTINATION ACADEMY FOR SPA AND SALON PR,NV,89147-8397,Proprietary  ,0,0,0,8,16,24
04203100,PAUL MITCHELL THE SCHOOL RENO           ,NV,89501-3356,Proprietary  ,6,14,20,182,268,450
04226200,HEALTHCARE PREPARATORY INSTITUTE        ,NV,89130-2580,Proprietary  ,3,14,17,162,573,735
00257200,COLBY-SAWYER COLLEGE                    ,NH,03257-4648,Private      ,2,2,4,2653,148,2801
00257300,DARTMOUTH COLLEGE                       ,NH,03755-3529,Private      ,6,5,11,10625,1901,12526
00257500,FRANKLIN PIERCE UNIVERSITY              ,NH,03461-0060,Private      ,4,28,32,3370,1310,4680
00257900,NEW ENGLAND COLLEGE                     ,NH,03242-3293,Private      ,11,94,105,2550,2382,4932
00258000,SOUTHERN NEW HAMPSHIRE UNIVERSITY       ,NH,03106-1045,Private      ,173,2357,2530,9857,62362,72219
00258100,NHTI  - CONCORD'S COMMUNITY COLLEGE     ,NH,03301-7412,Public       ,9,27,36,2984,2340,5324
00258200,MANCHESTER COMMUNITY COLLEGE            ,NH,03102-8518,Public       ,9,39,48,1641,2167,3808
00258300,GREAT BAY COMMUNITY COLLEGE             ,NH,03801-0000,Public       ,3,19,22,1171,1465,2636
00258600,RIVIER UNIVERSITY                       ,NH,03060-5086,Private      ,4,30,34,1458,1305,2763
00258700,SAINT ANSELM COLLEGE                    ,NH,03102-1310,Private      ,2,3,5,3900,214,4114
00258900,UNIVERSITY OF NEW HAMPSHIRE             ,NH,03824-2511,Public       ,10,29,39,21781,3841,25622
00258903,UNIVERSITY OF NEW HAMPSHIRE - SCHOOL OF ,NH,03301-4115,Public       ,0,0,0,28,366,394
00259000,KEENE STATE COLLEGE                     ,NH,03431-0000,Public       ,6,3,9,7969,808,8777
00259100,PLYMOUTH STATE UNIVERSITY               ,NH,03264-1595,Public       ,4,7,11,6473,1578,8051
00301004,ANTIOCH UNIVERSITY                      ,NH,03431-0000,Private      ,0,4,4,13,820,833
00472900,MOUNT WASHINGTON COLLEGE                ,NH,03103-7230,Proprietary  ,8,34,42,303,1365,1668
00472901,HESSER COLLEGE - NASHUA CAMPUS          ,NH,03063-1286,Proprietary  ,0,0,0,82,319,401
00472904,HESSER COLLEGE - PORTSMOUTH CAMPUS      ,NH,03801-3245,Proprietary  ,0,0,0,12,33,45
00472905,HESSER COLLEGE - SALEM CAMPUS           ,NH,03079-2842,Proprietary  ,0,0,0,101,352,453
00472906,HESSER COLLEGE - CONCORD CAMPUS         ,NH,03301-3415,Proprietary  ,0,0,0,12,29,41
00473100,DANIEL WEBSTER COLLEGE                  ,NH,03063-1300,Proprietary  ,3,13,16,768,386,1154
00529100,WHITE MOUNTAINS COMMUNITY COLLEGE       ,NH,03570-3799,Public       ,3,6,9,368,554,922
00702500,LEBANON COLLEGE                         ,NH,03766-0000,Private      ,0,0,0,31,73,104
00755500,LAKES REGION COMMUNITY COLLEGE          ,NH,03246-1326,Public       ,7,9,16,719,827,1546
00756000,RIVER VALLEY COMMUNITY COLLEGE          ,NH,03743-9707,Public       ,4,5,9,393,873,1266
00864500,EMPIRE BEAUTY SCHOOL                    ,NH,03220-0000,Proprietary  ,5,9,14,135,180,315
00923600,NASHUA COMMUNITY COLLEGE                ,NH,03063-2052,Public       ,12,13,25,1317,1211,2528
01318900,CONTINENTAL ACADEMIE OF HAIR DESIGN     ,NH,03051-3754,Proprietary  ,0,1,1,68,46,114
02140400,ST JOSEPH SCH OF PRAC NRSG              ,NH,03060-0000,Private      ,1,15,16,54,266,320
02174800,MICHAEL'S SCHOOL OF HAIR DESIGN & ESTHET,NH,03110-0000,Proprietary  ,1,3,4,120,116,236
02179600,EMPIRE BEAUTY SCHOOL                    ,NH,03878-0000,Proprietary  ,2,9,11,98,173,271
02211600,PORTSMOUTH BTY SCH OF HAIR DESIGN       ,NH,03801-4084,Proprietary  ,0,1,1,38,44,82
02223300,NORTHEAST CATHOLIC COLLEGE              ,NH,03278-4012,Private      ,0,0,0,51,2,53
02245400,KEENE BEAUTY ACADEMY                    ,NH,03431-0000,Proprietary  ,0,1,1,47,53,100
02247000,NEW ENGLAND SCHOOL OF HAIR DESIGN       ,NH,03784-0000,Proprietary  ,1,3,4,33,54,87
03043100,THOMAS MORE COLLEGE OF LIBERAL ARTS     ,NH,03054-4818,Private      ,0,0,0,109,24,133
03101300,GRANITE STATE COLLEGE                   ,NH,03301-6400,Public       ,3,36,39,514,2647,3161
03182300,NEW HAMPSHIRE INSTITUTE OF ART          ,NH,03104-4858,Private      ,4,4,8,658,232,890
03437300,UPPER VALLEY TEACHER TRANING PROGRAM    ,NH,03766-1358,Private      ,0,0,0,2,40,42
03729300,NH INSTITUTE FOR THERAPEUTIC ARTS       ,NH,03051-4906,Proprietary  ,0,0,0,9,51,60
04162200,LAIRD INSTITUTE OF SPA THERAPY          ,NH,03102-5263,Proprietary  ,1,3,4,25,96,121
00267000,SUMMIT UNIVERSITY OF PENNSYLVANIA       ,PA,18411-1297,Private      ,2,10,12,601,539,1140
00322800,BRYN ATHYN COLLEGE OF THE NEW CHURCH    ,PA,19009-0717,Private      ,1,1,2,294,50,344
00322900,ALBRIGHT COLLEGE                        ,PA,19612-5234,Private      ,8,17,25,4826,1364,6190
00323000,ALLEGHENY COLLEGE                       ,PA,16335-3902,Private      ,1,0,1,3538,138,3676
00323100,COMM CLG OF ALLEGHENY-ALLEGHENY CMP     ,PA,15212-0000,Public       ,34,153,187,3439,6790,10229
00323101,"COMM CLG OF ALLEGHENY, BOYCE CAMPUS     ",PA,15146-0000,Public       ,19,64,83,1696,2723,4419
00323102,"COMM CLG OF ALLEGHENY, NORTH CAMPUS     ",PA,15237-0000,Public       ,21,59,80,2022,2729,4751
00323103,"COMM CLG OF ALLEGHENY, SOUTH CAMPUS     ",PA,15122-0000,Public       ,13,54,67,1823,2494,4317
00323300,ALVERNIA UNIVERSITY                     ,PA,19607-1799,Private      ,4,48,52,2575,1892,4467
00323500,ARCADIA UNIVERSITY                      ,PA,19038-3295,Private      ,6,19,25,6718,2119,8837
00323700,BRYN MAWR COLLEGE                       ,PA,19010-2899,Private      ,0,1,1,1828,550,2378
00323800,BUCKNELL UNIVERSITY                     ,PA,17837-2122,Private      ,3,4,7,5507,245,5752
00323900,BUCKS COUNTY COMMUNITY COLLEGE          ,PA,18940-1320,Public       ,32,82,114,4363,4292,8655
00324000,BUTLER COUNTY COMMUNITY COLLEGE         ,PA,16001-0000,Public       ,20,46,66,2138,1959,4097
00324100,CABRINI COLLEGE                         ,PA,19087-3698,Private      ,4,23,27,2051,988,3039
00324200,CARNEGIE MELLON UNIVERSITY              ,PA,15213-3890,Private      ,10,8,18,13544,1845,15389
00324201,CARNEGIE MELLON UNIV- THE HEINZ COLLEGE ,PA,15213-0000,Private      ,1,5,6,160,655,815
00324202,CARNEGIE MELLON- TEPPER SCHOOL OF BUSINE,PA,15213-0000,Private      ,0,4,4,253,535,788
00324300,CEDAR CREST COLLEGE                     ,PA,18104-6196,Private      ,3,25,28,1150,1527,2677
00324400,CHATHAM UNIVERSITY                      ,PA,15232-2826,Private      ,1,24,25,760,1919,2679
00324500,CHESTNUT HILL COLLEGE                   ,PA,19118-2693,Private      ,4,30,34,1816,2438,4254
00324700,MISERICORDIA  UNIVERSITY                ,PA,18612-1008,Private      ,0,16,16,2767,1537,4304
00324900,COMMUNITY COLLEGE OF PHILADELPHIA       ,PA,19130-3991,Public       ,138,522,660,13746,25360,39106
00325100,CURTIS INSTITUTE OF MUSIC               ,PA,19103-6187,Private      ,0,1,1,288,163,451
00325200,DELAWARE VALLEY COLLEGE                 ,PA,18901-2697,Private      ,6,14,20,2503,489,2992
00325300,DICKINSON COLLEGE                       ,PA,17013-2896,Private      ,1,1,2,3603,173,3776
00325600,DREXEL UNIVERSITY                       ,PA,19104-2875,Private      ,47,271,318,34486,19586,54072
00325800,DUQUESNE UNIVERSITY                     ,PA,15282-0001,Private      ,7,56,63,8148,3937,12085
00325900,EASTERN UNIVERSITY                      ,PA,19087-3696,Private      ,4,53,57,2380,2836,5216
00326200,ELIZABETHTOWN COLLEGE                   ,PA,17022-2298,Private      ,2,7,9,3048,774,3822
00326300,EVANGELICAL SCHOOL OF THEOLOGY          ,PA,17067-0000,Private      ,0,1,1,0,95,95
00326500,FRANKLIN & MARSHALL COLLEGE             ,PA,17604-0000,Private      ,2,4,6,3687,238,3925
00326600,GANNON UNIVERSITY                       ,PA,16541-0001,Private      ,4,16,20,3911,1493,5404
00326700,GENEVA COLLEGE                          ,PA,15010-3599,Private      ,2,13,15,1881,918,2799
00326800,GETTYSBURG COLLEGE                      ,PA,17325-1486,Private      ,2,1,3,4080,196,4276
00326900,GROVE CITY COLLEGE                      ,PA,16127-2104,Private      ,2,5,7,1883,69,1952
00327000,GWYNEDD-MERCY COLLEGE                   ,PA,19437-0901,Private      ,2,23,25,1562,1879,3441
00327200,HARCUM COLLEGE                          ,PA,19010-3476,Private      ,5,9,14,1001,2016,3017
00327300,HARRISBURG AREA COMMUNITY COLLEGE       ,PA,17110-2999,Public       ,120,441,561,10238,16453,26691
00327400,HAVERFORD COLLEGE                       ,PA,19041-1392,Private      ,1,0,1,2184,90,2274
00327500,HOLY FAMILY UNIVERSITY                  ,PA,19114-2094,Private      ,5,17,22,2029,2005,4034
00327600,IMMACULATA UNIVERSITY                   ,PA,19345-0647,Private      ,2,36,38,1822,1672,3494
00327700,INDIANA UNIVERSITY OF PENNSYLVANIA      ,PA,15705-1097,Public       ,92,75,167,15133,4063,19196
00327900,JUNIATA COLLEGE                         ,PA,16652-2196,Private      ,0,0,0,2548,114,2662
00328000,KEYSTONE COLLEGE                        ,PA,18440-0200,Private      ,6,8,14,1681,740,2421
00328200,KINGS COLLEGE                           ,PA,18711-0801,Private      ,7,3,10,3278,608,3886
00328300,LACKAWANNA COLLEGE                      ,PA,18509-9961,Private      ,9,14,23,1906,1282,3188
00328400,LAFAYETTE COLLEGE                       ,PA,18042-1768,Private      ,0,4,4,5072,177,5249
00328500,LANCASTER BIBLE COLLEGE                 ,PA,17601-5036,Private      ,5,28,33,874,1259,2133
00328600,LANCASTER THEOLOGICAL SEMINARY          ,PA,17603-0000,Private      ,0,1,1,1,131,132
00328700,LASALLE UNIVERSITY                      ,PA,19141-1199,Private      ,10,67,77,6789,4631,11420
00328800,LEBANON VALLEY COLLEGE                  ,PA,17003-1400,Private      ,1,2,3,3109,299,3408
00328900,LEHIGH UNIVERSITY                       ,PA,18015-1588,Private      ,4,14,18,8828,1050,9878
00329000,LINCOLN UNIVERSITY                      ,PA,19352-0999,Public       ,16,6,22,3280,1233,4513
00329100,LUTHERAN THEOLOG SEMINARY-GETTYSBRG     ,PA,17325-0000,Private      ,0,0,0,1,88,89
00329200,LUTHERAN THEOLOGICAL SEMINARY           ,PA,19119-0000,Private      ,0,2,2,2,206,208
00329300,LYCOMING COLLEGE                        ,PA,17701-5192,Private      ,1,1,2,2002,182,2184
00329400,MANOR COLLEGE                           ,PA,19046-3399,Private      ,2,4,6,759,628,1387
00329600,MARYWOOD UNIVERSITY                     ,PA,18509-1598,Private      ,3,14,17,2938,1577,4515
00329700,MERCYHURST UNIVERSITY                   ,PA,16546-0001,Private      ,6,13,19,3888,1753,5641
00329800,MESSIAH COLLEGE                         ,PA,17027-0000,Private      ,3,11,14,3455,612,4067
00330000,MOORE COLLEGE OF ART & DESIGN           ,PA,19103-1179,Private      ,3,4,7,756,426,1182
00330100,MORAVIAN COLLEGE                        ,PA,18018-6650,Private      ,6,5,11,2249,530,2779
00330101,MORAVIAN THEOLOGICAL SEMINARY           ,PA,18018-0000,Private      ,0,1,1,13,81,94
00330200,MOUNT ALOYSIUS COLLEGE                  ,PA,16630-1999,Private      ,0,5,5,1426,940,2366
00330300,CARLOW UNIVERSITY                       ,PA,15213-3165,Private      ,1,19,20,1267,2206,3473
00330400,MUHLENBERG COLLEGE                      ,PA,18104-5586,Private      ,1,6,7,3820,474,4294
00330600,VALLEY FORGE CHRISTIAN COLLEGE          ,PA,19460-2399,Private      ,2,9,11,822,349,1171
00330900,PEIRCE COLLEGE                          ,PA,19102-4699,Private      ,6,102,108,594,3100,3694
00331100,SALUS UNIVERSITY                        ,PA,19027-1598,Private      ,0,1,1,18,1169,1187
00331300,WIDENER UNIVERSITY                      ,PA,19013-5792,Private      ,14,58,72,5212,2953,8165
00331302,WIDENER UNIV SCH OF LAW- HARRISBURG     ,PA,17106-9381,Private      ,0,2,2,30,533,563
00331500,BLOOMSBURG UNIVERSITY OF PA             ,PA,17815-1301,Public       ,60,21,81,13530,2350,15880
00331600,CALIFORNIA UNIV OF PENNSYLVANIA         ,PA,15419-1394,Public       ,10,61,71,6305,4754,11059
00331700,CHEYNEY UNIVERSITY OF PENNSYLVANIA      ,PA,19319-0200,Public       ,5,11,16,1945,962,2907
00331800,CLARION UNIVERSITY OF PENNSYLVANIA      ,PA,16214-1232,Public       ,12,20,32,4858,2488,7346
00332000,EAST STROUDSBURG UNIVERSITY             ,PA,18301-2999,Public       ,48,40,88,8345,2289,10634
00332100,EDINBORO UNIVERSITY OF PENNSYLVANIA     ,PA,16444-0001,Public       ,11,45,56,5947,3220,9167
00332200,KUTZTOWN UNIVERSITY OF PENNSYLVANIA     ,PA,19530-9339,Public       ,27,23,50,11722,2394,14116
00332300,LOCK HAVEN UNIV OF PENNSYLVANIA         ,PA,17745-2439,Public       ,58,27,85,5702,1543,7245
00332400,MANSFIELD UNIVERSITY                    ,PA,16933-1123,Public       ,33,23,56,3191,873,4064
00332500,MILLERSVILLE UNIVERSITY OF PA           ,PA,17551-1800,Public       ,14,20,34,9102,2712,11814
00332600,SHIPPENSBURG UNIVERSITY                 ,PA,17257-2299,Public       ,19,22,41,9201,1935,11136
00332700,SLIPPERY ROCK UNIVERSITY                ,PA,16057-1326,Public       ,16,68,84,8947,2560,11507
00332800,WEST CHESTER UNIVERSITY                 ,PA,19383-0001,Public       ,90,53,143,18775,5520,24295
00332900,PENNSYLVANIA STATE UNIVERSITY (THE)     ,PA,16802-1503,Public       ,659,520,1179,77353,31322,108675
00335000,UNIVERSITY OF THE ARTS (THE)            ,PA,19102-9493,Private      ,4,8,12,3019,756,3775
00335100,CAIRN UNIVERSITY                        ,PA,19047-2942,Private      ,2,4,6,809,480,1289
00335200,PHILADELPHIA CLG OSTEOPATHIC MED        ,PA,19131-0000,Private      ,1,5,6,46,3488,3534
00335300,UNIVERSITY OF THE SCIENCES IN PHILADELPH,PA,19104-4495,Private      ,2,5,7,3518,1639,5157
00335400,PHILADELPHIA UNIVERSITY                 ,PA,19144-5497,Private      ,11,44,55,4755,2709,7464
00335600,PITTSBURGH THEOLOGICAL SEMINARY         ,PA,15206-0000,Private      ,0,2,2,3,187,190
00335700,POINT PARK UNIVERSITY                   ,PA,15222-1912,Private      ,7,51,58,3800,2511,6311
00335800,REFORMED PRESBYTERIAN THEOL SEMINAR     ,PA,15208-0000,Private      ,0,1,1,4,23,27
00335900,ROBERT MORRIS UNIVERSITY                ,PA,15108-1189,Private      ,7,39,46,5497,2403,7900
00336000,ROSEMONT COLLEGE                        ,PA,19010-1699,Private      ,1,12,13,700,721,1421
00336200,SETON HILL UNIVERSITY                   ,PA,15601-1599,Private      ,4,9,13,2282,937,3219
00336400,ST. CHARLES BORROMEO SEMINARY           ,PA,19096-0000,Private      ,0,0,0,29,29,58
00336600,SAINT FRANCIS UNIVERSITY                ,PA,15940-0600,Private      ,7,16,23,2154,846,3000
00336700,SAINT JOSEPH'S UNIVERSITY               ,PA,19131-1395,Private      ,11,106,117,8280,4308,12588
00336800,ST VINCENT COLLEGE                      ,PA,15650-2690,Private      ,2,1,3,2091,305,2396
00336900,SUSQUEHANNA UNIVERSITY                  ,PA,17870-1001,Private      ,1,1,2,3745,145,3890
00337000,SWARTHMORE COLLEGE                      ,PA,19081-1397,Private      ,1,0,1,3308,106,3414
00337100,TEMPLE UNIVERSITY                       ,PA,19122-6003,Private      ,69,178,247,37934,21136,59070
00337600,THIEL COLLEGE                           ,PA,16125-2181,Private      ,2,1,3,1897,165,2062
00337800,UNIVERSITY OF PENNSYLVANIA              ,PA,19104-6216,Private      ,28,100,128,23656,13208,36864
00337900,UNIVERSITY OF PITTSBURGH                ,PA,15260-0000,Public       ,53,125,178,32341,10629,42970
00337906,UNIVERSITY OF PITTSBURGH - SCHOOL OF MED,PA,15261-0001,Public       ,0,1,1,226,984,1210
00337907,UNIVERSITY OF PITTSBURGH - SCHOOL OF DEN,PA,15261-2523,Public       ,0,2,2,104,376,480
00338400,UNIVERSITY OF SCRANTON                  ,PA,18510-4622,Private      ,17,64,81,8316,1752,10068
00338500,URSINUS COLLEGE                         ,PA,19426-1000,Private      ,2,3,5,2633,115,2748
00338600,VALLEY FORGE MILITARY COLLEGE           ,PA,19087-3695,Private      ,2,0,2,640,98,738
00338800,VILLANOVA UNIVERSITY                    ,PA,19085-1699,Private      ,11,56,67,12858,3457,16315
00338801,VILLANOVA UNIV SCH OF LAW               ,PA,19085-0000,Private      ,0,4,4,43,938,981
00338900,WASHINGTON & JEFFERSON COLLEGE          ,PA,15301-4801,Private      ,2,0,2,2866,112,2978
00339100,WAYNESBURG UNIVERSITY                   ,PA,15370-1222,Private      ,0,17,17,1959,760,2719
00339200,WESTMINSTER COLLEGE                     ,PA,16172-0002,Private      ,1,3,4,1932,225,2157
00339300,WESTMINSTER THEOLOGICAL SEMINARY        ,PA,19038-0000,Private      ,0,2,2,3,303,306
00339400,WILKES UNIVERSITY                       ,PA,18766-0998,Private      ,8,105,113,3507,1680,5187
00339500,PENNSYLVANIA COLLEGE OF TECHNOLOGY      ,PA,17701-5779,Public       ,5,24,29,5327,2392,7719
00339600,WILSON COLLEGE                          ,PA,17201-1285,Private      ,1,15,16,574,489,1063
00339900,YORK COLLEGE OF PENNSYLVANIA            ,PA,17405-7199,Private      ,5,15,20,8631,1411,10042
00398600,DESALES UNIVERSITY                      ,PA,18034-9568,Private      ,2,16,18,2903,1632,4535
00398700,LA ROCHE COLLEGE                        ,PA,15237-5898,Private      ,2,15,17,1213,604,1817
00398800,NEUMANN UNIVERSITY                      ,PA,19014-1298,Private      ,7,44,51,3175,1611,4786
00405800,GRATZ COLLEGE                           ,PA,19027-3097,Private      ,0,6,6,4,124,128
00445200,MONTGOMERY COUNTY COMMUNITY COLLEGE     ,PA,19422-6300,Public       ,40,120,160,5718,6452,12170
00488900,CAMBRIA-ROWE BUSINESS COLLEGE           ,PA,15902-2494,Proprietary  ,5,4,9,112,197,309
00488901,CAMBRIA ROWE BUSINESS COLLEGE - INDIANA ,PA,15701-2804,Proprietary  ,3,5,8,72,139,211
00488902,CAMBRIA ROWE BUSINESS COLLEGE - SCHOOL O,PA,15904-1945,Proprietary  ,2,1,3,2,1,3
00489000,CENTRAL PENN COLLEGE                    ,PA,17093-0309,Proprietary  ,5,18,23,1094,1732,2826
00489300,DU BOIS BUSINESS COLLEGE                ,PA,15801-2401,Proprietary  ,0,5,5,143,274,417
00489400,ERIE BUSINESS CENTER                    ,PA,16501-1305,Proprietary  ,0,0,0,63,263,326
00489401,ERIE BUSINESS CENTER - NEW CASTLE CAMPUS,PA,16101-3950,Proprietary  ,0,0,0,28,107,135
00489800,MCCANN SCHOOL OF BUSINESS & TECHNOL     ,PA,17901-1335,Proprietary  ,68,290,358,1729,6337,8066
00489807,MCCANN SCHOOL OF BUSINESS & TECHNOLOGY -,PA,17013-3180,Proprietary  ,1,1,2,51,115,166
00489900,MERCY HOSP SCH OF NURSING               ,PA,15219-5166,Private      ,0,2,2,173,243,416
00490200,PENN COMMERCIAL BUSINESS/TECHNICAL SCHL ,PA,15301-2871,Proprietary  ,4,7,11,266,502,768
00491000,KAPLAN CAREER INSTITUTE                 ,PA,17111-3571,Proprietary  ,10,43,53,217,797,1014
00491001,THOMPSON INSTITUTE-PHILADEPHIA CAMPUS   ,PA,19104-3386,Proprietary  ,25,58,83,382,925,1307
00500701,WEST VIRGINIA CAREER INSTITUTE          ,PA,15456-0000,Proprietary  ,2,3,5,65,103,168
00531000,PITTSBURGH INST OF AERONAUTICS          ,PA,15236-0000,Private      ,0,6,6,408,361,769
00533000,FAYETTE CNTY AREA VOC TECH PRC NRSG     ,PA,15401-0000,Public       ,1,2,3,55,138,193
00533500,CENTRAL PENN INST OF SCI & TECH PNP     ,PA,16823-0000,Public       ,0,0,0,155,262,417
00536500,YORK CO AREA VOC-TECH SCH-PRAC NSG      ,PA,17402-0000,Public       ,0,14,14,83,431,514
00653400,CITIZENS SCHOOL OF NURSING              ,PA,15068-6591,Private      ,0,3,3,107,191,298
00653700,CONEMAUGH VLY MEM HOSP SCH NRSNG        ,PA,15905-4398,Proprietary  ,1,3,4,141,147,288
00653704,CONEMAUGH VLY MEM HOSP SCH RAD TECH     ,PA,15905-0000,Proprietary  ,0,0,0,35,28,63
00655100,ST MARGARET SCHL OF NURSING             ,PA,15238-3205,Private      ,0,3,3,127,239,366
00656000,OHIO VALLEY HOSP SCH OF NURSING         ,PA,15136-1694,Private      ,0,0,0,39,75,114
00656500,READING HOSPITAL SCHOOL OF HEALTH SCIENC,PA,19611-1744,Private      ,1,4,5,236,486,722
00657400,"ST LUKE'S HOSPITAL OF BETHLEHEM, PA     ",PA,18015-1065,Private      ,0,1,1,112,286,398
00657700,UPMC SHADYSIDE SCHOOL OF NURSING        ,PA,15232-1381,Private      ,1,5,6,287,499,786
00657800,SHARON REGIONAL HEALTH SYSTEM SCHOOL OF ,PA,16146-3395,Private      ,1,1,2,32,76,108
00658200,WASHINGTON HOSP SCH OF NURSING          ,PA,15301-3398,Private      ,0,2,2,47,117,164
00658202,WASHINGTON HOSP SCH OF RAD TECH         ,PA,15301-3398,Private      ,0,0,0,8,18,26
00658300,WESTERN PENN HOSP-SCH OF NURSING        ,PA,15224-1790,Private      ,0,1,1,137,243,380
00680700,COMMUNITY COLLEGE OF BEAVER COUNTY      ,PA,15061-2588,Public       ,12,50,62,1276,1581,2857
00681000,LEHIGH CARBON COMMUNITY COLLEGE         ,PA,18078-2598,Public       ,20,50,70,3586,4399,7985
00681100,LUZERNE COUNTY COMMUNITY COLLEGE        ,PA,18634-3899,Public       ,23,71,94,3294,3947,7241
00708700,ABINGTON MEM HOSP SCHL OF NURSING       ,PA,19090-1284,Private      ,0,1,1,126,440,566
00709100,EVEREST INSTITUTE                       ,PA,15222-1320,Proprietary  ,6,50,56,216,896,1112
00711000,DELAWARE COUNTY COMMUNITY COLLEGE       ,PA,19063-1094,Public       ,56,219,275,6840,9501,16341
00719100,NORTHAMPTON COMMUNITY COLLEGE           ,PA,18020-7599,Public       ,38,103,141,6991,6976,13967
00730305,LINCOLN TECHNICAL INSTITUTE - PHILADELPH,PA,19136-1530,Proprietary  ,17,35,52,362,635,997
00732955,ITT TECHNICAL INSTITUTE                 ,PA,19406-1212,Proprietary  ,11,77,88,245,880,1125
00743000,ANTONELLI INST OF ART & PHOTOGRAPHY     ,PA,19038-8242,Proprietary  ,0,1,1,253,53,306
00743600,KAPLAN CAREER INSTITUTE - ICM CAMPUS    ,PA,15222-1977,Proprietary  ,10,52,62,261,1012,1273
00743700,PITTSBURGH TECHNICAL INSTITUTE          ,PA,15071-3205,Proprietary  ,12,11,23,2379,1481,3860
00746900,"HUSSIAN SCHOOL OF ART, INC.             ",PA,19106-0000,Proprietary  ,1,1,2,140,59,199
00747000,"ART INSTITUTE OF PITTSBURGH, THE        ",PA,15219-1328,Proprietary  ,247,1310,1557,4356,17239,21595
00752900,"CHESTER COUNTY INTERMEDIATE UNIT, PNP   ",PA,19335-3043,Public       ,0,2,2,47,196,243
00777900,LANSDALE SCHOOL OF BUSINESS             ,PA,19454-4114,Proprietary  ,1,31,32,87,449,536
00778000,NEW CASTLE SCHOOL OF TRADES             ,PA,16143-0000,Proprietary  ,9,22,31,420,838,1258
00778100,CHI INSTITUTE/RETS CAMPUS               ,PA,19008-3516,Proprietary  ,11,49,60,144,471,615
00783900,TRIANGLE TECH                           ,PA,15214-3897,Proprietary  ,12,18,30,278,390,668
00791200,THADDEUS STEVENS CLG OF TECHNOLOGY      ,PA,17602-0000,Public       ,10,4,14,1416,651,2067
00791600,FRANKLIN CNTY CAREER & TECH CTR-PNP     ,PA,17201-0000,Public       ,0,5,5,51,130,181
00793807,LINCOLN TECHNICAL INSITUTE - ALLENTOWN  ,PA,18104-3212,Proprietary  ,16,56,72,446,820,1266
00820000,JAMESON MEMORIAL HOSP SCH NURSING       ,PA,16105-2595,Private      ,0,0,0,47,94,141
00835000,ART INSTITUTE OF PHILADELPHIA           ,PA,19103-5198,Proprietary  ,17,50,67,2816,2753,5569
00844100,ANTHEM INSTITUTE                        ,PA,19064-1243,Proprietary  ,0,3,3,55,263,318
00856800,VET TECH INSTITUTE                      ,PA,15222-3400,Proprietary  ,3,1,4,409,250,659
00865300,JEFFERSON CO DUBOIS VOC TECH-PR NSG     ,PA,15851-0000,Public       ,0,1,1,20,31,51
00895500,SALON PROFESSIONAL ACADEMY (THE)        ,PA,16602-0000,Proprietary  ,0,3,3,36,46,82
00915705,WYOTECH - BLAIRSVILLE                   ,PA,15717-8060,Proprietary  ,28,34,62,923,854,1777
00918600,DEAN INSTITUTE OF TECHNOLOGY            ,PA,15226-1197,Proprietary  ,4,9,13,54,181,235
00944900,PENNCO TECH                             ,PA,19007-0000,Proprietary  ,15,18,33,273,529,802
00966400,EMPIRE BEAUTY SCHOOL                    ,PA,18052-5730,Proprietary  ,41,138,179,759,1784,2543
00972100,BRADFORD SCHOOL                         ,PA,15219-2602,Proprietary  ,0,1,1,587,202,789
00972300,ARIA HEALTH SCHOOL OF NURSING           ,PA,19053-6939,Private      ,1,2,3,146,354,500
00983702,ITT TECHNICAL INSTITUTE                 ,PA,15220-3805,Proprietary  ,0,0,0,0,1,1
00986300,PENNSYLVANIA COLLEGE OF HEALTH SCIENCES ,PA,17602-4955,Private      ,7,15,22,736,1249,1985
01000600,GREATER JOHNSTOWN AREA VOC TECH SCH     ,PA,15904-0000,Public       ,1,1,2,92,248,340
01005500,CRAWFORD CNTY AREA VO-TECH PRAC NUR     ,PA,16335-0000,Public       ,0,1,1,23,41,64
01017600,WESTMORELAND COUNTY COMMUNITY CLG       ,PA,15697-1895,Public       ,51,135,186,3043,3674,6717
01038800,READING AREA COMMUNITY COLLEGE          ,PA,19603-1706,Public       ,57,176,233,2426,4302,6728
01054200,EMPIRE BEAUTY SCHOOL                    ,PA,18701-0000,Proprietary  ,57,121,178,825,1939,2764
01081400,PITTSBURGH INST MORTUARY SCIENCE        ,PA,15206-3706,Private      ,0,5,5,115,324,439
01086000,GREATER ALTOONA CAREER/TECH CENTER      ,PA,16602-0000,Public       ,1,2,3,117,258,375
01096300,GREENE COUNTY VOC-TECH SCHOOL           ,PA,15370-0000,Public       ,0,0,0,14,30,44
01099800,PENNSYLVANIA INSTITUTE OF TECH          ,PA,19063-4098,Private      ,6,49,55,510,1082,1592
01162100,AUTOMOTIVE TRAINING CENTER              ,PA,19341-1310,Proprietary  ,106,25,131,1019,470,1489
01162200,WELDER TRAINING & TESTING INST          ,PA,18109-3253,Proprietary  ,1,6,7,53,171,224
01171500,SCHUYLKILL HEALTH SCHOOL OF NURSING     ,PA,17901-3692,Private      ,0,1,1,69,67,136
01191900,BEAVER FALLS BEAUTY ACADEMY             ,PA,15010-4208,Proprietary  ,4,6,10,32,63,95
01205000,ROSEDALE TECHNICAL INSTITUTE            ,PA,15205-9791,Private      ,12,25,37,361,461,822
01239300,THOMAS JEFF UNIV-CLG ALLIED HEALTH      ,PA,19107-0000,Private      ,1,9,10,355,1611,1966
01239301,THOMAS JEFFERSON UNIVERSITY - JEFFERSON ,PA,19107-5001,Private      ,3,19,22,506,2737,3243
01239303,THOMAS JEFFERSON UNIVERSITY - COLLEGE OF,PA,19107-6731,Private      ,0,15,15,247,957,1204
01246104,LINCOLN TECHNICAL INSTITUTE             ,PA,19104-0202,Proprietary  ,11,38,49,371,973,1344
01246105,LINCOLN TECHNICAL INSTITUTE             ,PA,19116-4202,Proprietary  ,3,20,23,260,649,909
01252300,TALMUDICAL YESHIVA OF PHILA             ,PA,19131-1296,Private      ,1,0,1,53,1,54
01260600,EMPIRE BEAUTY SCHOOL                    ,PA,17901-3859,Proprietary  ,39,107,146,688,1597,2285
01292900,SOUTH HILLS BEAUTY ACADEMY              ,PA,15216-2335,Proprietary  ,2,7,9,78,231,309
01313400,YESHIVATH BETH MOSHE                    ,PA,18505-2196,Private      ,4,1,5,39,7,46
01321400,ROXBOROUGH MEM HOSP SCH OF NURSING      ,PA,19128-0000,Proprietary  ,0,3,3,98,442,540
01326300,SOUTH HILLS SCHOOL OF BUSINESS & TECHNOL,PA,16801-4516,Proprietary  ,2,2,4,539,522,1061
02061000,VENUS BEAUTY ACADEMY                    ,PA,19079-0000,Proprietary  ,0,4,4,59,83,142
02068300,DOUGLAS SCHOOL OF BUSINESS              ,PA,15062-0000,Proprietary  ,1,8,9,257,270,527
02090200,TRIANGLE TECH                           ,PA,16502-0000,Proprietary  ,5,2,7,84,98,182
02092500,LAUREL TECHNICAL INSTITUTE              ,PA,16146-0000,Proprietary  ,4,12,16,196,359,555
02092502,BUSINESS INSTITUTE OF PENNSYLVANIA      ,PA,16335-0000,Proprietary  ,0,0,0,13,33,46
02104003,HARRIS SCHOOL OF BUSINESS - UPPER DARBY ,PA,19082-2528,Proprietary  ,1,3,4,30,63,93
02107300,PENNSYLVANIA ACADEMY OF FINE ARTS       ,PA,19102-1424,Private      ,1,2,3,292,336,628
02112200,GREAT LAKES INSTITUTE OF TECHNOLOGY     ,PA,16509-0000,Proprietary  ,5,21,26,378,545,923
02114200,JOHNSON COLLEGE                         ,PA,18508-0000,Private      ,1,3,4,501,323,824
02116001,SANFORD-BROWN INSTITUTE - TREVOSE       ,PA,19053-4700,Proprietary  ,0,0,0,2,7,9
02118000,LEVITTOWN BEAUTY ACADEMY LLC            ,PA,19054-1713,Proprietary  ,1,7,8,30,58,88
02119300,PA ACAD OF COSMETOLOGY ARTS & SCI       ,PA,15904-0000,Proprietary  ,7,13,20,62,91,153
02120800,"YORKTOWNE BUSINESS INSTITUTE, INC.      ",PA,17404-0000,Proprietary  ,0,2,2,104,243,347
02127400,YORK TECHNICAL INSTITUTE                ,PA,17402-0000,Proprietary  ,18,57,75,1261,1742,3003
02129000,TRIANGLE TECH                           ,PA,15601-0000,Proprietary  ,8,28,36,281,360,641
02129001,TRIANGLE TECH - BUSINESS CAREERS INSTITU,PA,15601-3304,Proprietary  ,0,0,0,11,11,22
02144000,TONI & GUY  HAIRDRESSING ACADEMY        ,PA,18109-1629,Proprietary  ,3,13,16,46,168,214
02151500,CENTRAL SUSQUEHANNA LPN CENTER          ,PA,17837-8818,Public       ,0,0,0,55,174,229
02158300,JUNIATA-MIFFLIN CO AREA VOC TECH        ,PA,17044-0000,Public       ,0,0,0,20,65,85
02161400,NORTHEASTERN HOSP SCH OF NRSG           ,PA,19134-0000,Private      ,1,3,4,80,359,439
02169600,CLEARFIELD CTY CAREER AND TECH CNTR     ,PA,16830-0000,Public       ,1,8,9,48,120,168
02174400,TRIANGLE TECH                           ,PA,15801-0000,Proprietary  ,17,19,36,337,243,580
02178900,ACADEMY OF HAIR DESIGN                  ,PA,18202-1465,Proprietary  ,13,33,46,145,377,522
02183000,ORLEANS TECHNICAL INSTITUTE             ,PA,19111-0000,Private      ,8,17,25,209,543,752
02192800,WALNUT HILL COLLEGE                     ,PA,19104-0000,Proprietary  ,5,2,7,496,473,969
02202300,PITTSBURGH CAREER INSTITUTE             ,PA,15219-1907,Proprietary  ,3,25,28,81,298,379
02202301,SANFORD-BROWN INSTITUTE                 ,PA,15146-2141,Proprietary  ,0,0,0,10,22,32
02203900,ERIE INSTITUTE OF TECHNOLOGY            ,PA,16565-1002,Proprietary  ,19,19,38,205,366,571
02206200,TONI & GUY HAIRDRESSING ACADEMY         ,PA,19002-4527,Proprietary  ,3,9,12,113,212,325
02206300,STROUDSBURG SCHOOL OF COSMETOLOGY       ,PA,18360-0000,Proprietary  ,1,11,12,40,87,127
02212700,LANCASTER SCHOOL OF COSMETOLOGY         ,PA,17602-0000,Proprietary  ,2,13,15,84,234,318
02234200,ACADEMY OF MEDICAL ARTS & BUSINESS      ,PA,17112-0000,Proprietary  ,7,17,24,259,430,689
02240100,BARBER STYLING INSTITUTE                ,PA,17011-0000,Proprietary  ,0,0,0,0,1,1
02251200,SCHUYLKILL COUNTY AREA VOC TECH SCH     ,PA,17931-0000,Public       ,0,2,2,24,83,107
02251202,SCHUYLKILL COUNTY AREA VOC TECH SCH     ,PA,17931-0000,Public       ,0,1,1,10,25,35
02253900,BERKS TECHNICAL INSTITUTE               ,PA,19610-1168,Proprietary  ,31,116,147,1039,2311,3350
02255200,PENNSYLVANIA SCHOOL OF BUSINESS         ,PA,18101-1604,Proprietary  ,0,0,0,4,2,6
02269900,PENNSYLVANIA COLLEGE OF ART & DESIGN    ,PA,17603-3528,Private      ,2,2,4,459,117,576
02270500,BUCKS COUNTY SCHOOL OF BEAUTY CULT      ,PA,19053-0000,Proprietary  ,4,3,7,42,65,107
02273400,RECONSTRUCTIONIST RABBINICAL COLLEG     ,PA,19095-0000,Private      ,0,0,0,0,34,34
02276600,HANOVER PUBLIC SCH DIST PRAC NURSG      ,PA,17331-0000,Public       ,0,0,0,5,46,51
02282500,LENAPE SCHOOL OF PRACTICAL NURSING      ,PA,16226-0000,Public       ,1,2,3,69,174,243
02289500,PACE INSTITUTE                          ,PA,19601-0000,Proprietary  ,0,0,0,26,73,99
02289600,CONSOLIDATED SCHOOL OF BUSINESS         ,PA,17404-0000,Proprietary  ,2,5,7,75,221,296
02289700,ACADEMY OF CREATIVE HAIR DESIGN         ,PA,18702-0000,Proprietary  ,12,28,40,157,322,479
02289800,CHI INSTITUTE - FRANKLIN MILLS          ,PA,19154-0000,Proprietary  ,17,54,71,331,841,1172
02290400,"ALTOONA BEAUTY SCHOOL, INC              ",PA,16602-0000,Proprietary  ,0,2,2,53,100,153
02292700,LANSDALE SCHOOL OF COSMETOLOGY          ,PA,19446-0000,Proprietary  ,1,1,2,17,42,59
02299300,TRINITY EPISCOPAL SCHOOL MINISTRY       ,PA,15003-0000,Private      ,0,0,0,2,88,90
02301300,PRISM CAREER INSTITUTE                  ,PA,19082-2448,Proprietary  ,0,5,5,97,363,460
02304400,YTI CAREER INSTITUTE - MECHANICSBURG    ,PA,17055-0000,Proprietary  ,0,0,0,37,35,72
02306200,VENANGO COUNTY AREA VOC TECH SCHOOL     ,PA,16301-0000,Public       ,0,1,1,28,78,106
02310800,LANCASTER COUNTY CAREER & TECH CTR      ,PA,17584-0000,Public       ,4,22,26,215,599,814
02323000,BIBLICAL THEOLOGICAL SEMINARY           ,PA,19440-2421,Private      ,0,5,5,1,111,112
02330300,LEBANON CO CAREER & TECHNOLOGY CTR      ,PA,17042-0000,Public       ,0,2,2,72,265,337
02330600,PENNSYLVANIA GUNSMITH SCHOOL            ,PA,15202-0000,Proprietary  ,2,3,5,82,113,195
02350100,WESTERN AREA CAREER & TECHNOLOGY CT     ,PA,15317-0000,Public       ,0,1,1,28,97,125
02350200,INDIANA COUNTY TECH CTR SCH PR NSG      ,PA,15701-1465,Public       ,1,1,2,50,134,184
02353100,NORTHERN TIER CAREER CENTER             ,PA,18848-0000,Public       ,0,1,1,34,67,101
02362300,MERCER COUNTY AREA VOC TECH SCHOOL      ,PA,16137-0000,Public       ,0,0,0,16,49,65
02492600,EASTERN CTR ARTS AND TECH PR NSG        ,PA,19090-0000,Public       ,0,1,1,30,185,215
02495500,ALL-STATE CAREER SCHOOL                 ,PA,19029-0000,Proprietary  ,20,113,133,250,1260,1510
02529800,WILKES BARRE AREA CAREER AND TECHNICAL C,PA,18705-0000,Public       ,1,6,7,97,232,329
02536600,COMMONWEALTH TECH INSTIT @ HIRAM G      ,PA,15905-0000,Public       ,30,5,35,277,110,387
02544300,BUTLER BEAUTY SCHOOL                    ,PA,16001-0000,Proprietary  ,5,8,13,55,123,178
02545000,LAWRENCE COUNTY CAREER AND TECHNICAL CEN,PA,16101-0000,Public       ,0,0,0,16,32,48
02546200,LAUREL BUSINESS INSTITUTE               ,PA,15401-0877,Proprietary  ,5,14,19,203,266,469
02550000,CLARION CO AREA VOC-TECH PRAC NRSG      ,PA,16254-4637,Public       ,0,0,0,18,60,78
02554500,HAZLETON AREA CAREER CENTER PRACTICAL NU,PA,18201-0000,Public       ,0,1,1,40,62,102
02557800,ART INSTITUTE OF YORK (THE) - PENNSYLVAN,PA,17402-9012,Proprietary  ,2,2,4,525,268,793
02566400,ALBERT EINSTEIN MED CTR DEPT DNTL       ,PA,19141-3098,Private      ,0,0,0,25,95,120
02574800,PENNSYLVANIA INSTITUTE OF TAXIDERMY     ,PA,15931-0000,Proprietary  ,0,0,0,17,20,37
02609500,CAREER TRAINING ACADEMY                 ,PA,15068-6308,Proprietary  ,7,22,29,132,423,555
02609501,CAREER TRAINING ACADEMY                 ,PA,15146-0000,Proprietary  ,1,1,2,12,51,63
02616100,JEAN MADELINE ED CTR FOR COSM           ,PA,19147-1542,Proprietary  ,0,11,11,309,387,696
02617507,EVEREST COLLEGE - EVEREST INSTITUTE - BE,PA,19020-2062,Proprietary  ,0,3,3,126,368,494
03010800,FORTIS INSTITUTE                        ,PA,16506-1013,Proprietary  ,39,122,161,724,2067,2791
03011500,FORTIS INSTITUTE                        ,PA,18702-0000,Proprietary  ,5,20,25,78,282,360
03011600,FORTIS INSTITUTE                        ,PA,18509-2903,Proprietary  ,5,20,25,206,523,729
03029900,CONSOLIDATED SCHOOL OF BUSINESS         ,PA,17603-2389,Proprietary  ,2,7,9,93,175,268
03067000,ANTONELLI MEDICAL & PROF INST           ,PA,19464-9244,Proprietary  ,2,25,27,61,244,305
03072600,DCI CAREER INSTITUTE                    ,PA,15061-2307,Proprietary  ,2,5,7,49,144,193
03081900,YTI CAREER INSTITUTE - ALTOONA          ,PA,16602-4457,Proprietary  ,8,13,21,249,441,690
03090800,LAKE ERIE COLL OF OSTEOPATHIC MED       ,PA,16509-0000,Private      ,0,5,5,102,4184,4286
03098600,CAREER TECH CTR OF LACKAWANNA CNTY      ,PA,18508-0000,Public       ,0,2,2,79,241,320
03101400,FORBES ROAD CAREER & TECHNOLOGY CTR     ,PA,15146-1550,Public       ,1,1,2,21,42,63
03101500,BIDWELL TRAINING CENTER                 ,PA,15233-2233,Private      ,2,17,19,46,151,197
03103300,JNA INSTITUTE OF CULINARY ARTS          ,PA,19146-3119,Proprietary  ,0,6,6,142,278,420
03109100,METROPOLITAN CAREER CENTER              ,PA,19144-0000,Private      ,0,8,8,40,169,209
03110700,AVIATION INSTITUTE OF MAINTENANCE       ,PA,19114-1017,Proprietary  ,12,55,67,226,640,866
03120400,REGIONAL CAREER & TECHNICAL CENTER      ,PA,16509-4699,Public       ,0,1,1,7,33,40
03128400,DELAWARE COUNTY TECHNICAL SCHOOL        ,PA,19008-1928,Public       ,0,4,4,54,209,263
03180400,PENNSYLVANIA HIGHLANDS COMMUNITY COLLEGE,PA,15904-2927,Public       ,19,27,46,1008,1002,2010
03236400,L T INTERNATIONAL BEAUTY SCHOOL         ,PA,19130-2235,Proprietary  ,2,15,17,37,160,197
03353300,ACADEMY OF VOCAL ARTS                   ,PA,19103-6685,Private      ,1,0,1,42,112,154
03380301,STAR CAREER ACADEMY - STAR PHILADELPHIA ,PA,19114-2204,Proprietary  ,25,121,146,508,1640,2148
03380304,STAR CAREER ACADEMY - STAR NORRISTOWN   ,PA,19403-2422,Proprietary  ,10,28,38,99,283,382
03493302,ALL-STATE CAREER - WEST MIFFLIN CAMPUS  ,PA,15122-0000,Proprietary  ,0,0,0,31,67,98
03535300,HUNTINGDON COUNTY CAREER AND TECHNO     ,PA,17060-0905,Public       ,0,1,1,17,37,54
03561400,SUSQUEHANNA COUNTY CAREER & TECHNOL     ,PA,18816-0100,Public       ,2,0,2,27,80,107
03766300,PENNSYLVANIA SCHOOL OF MUSCLE THERAPY   ,PA,19406-3101,Proprietary  ,6,8,14,95,233,328
03781300,PRINCETON INFORMATION TECHNOLOGY CENTER ,PA,19038-4535,Proprietary  ,2,11,13,33,359,392
03899300,CALVARY BAPTIST THEOLOGICAL SEMINARY    ,PA,19446-4718,Private      ,0,0,0,0,4,4
03923300,PRECISION MANUFACTURING INSTITUTE       ,PA,16335-8380,Private      ,3,7,10,34,85,119
03948300,HARRISBURG UNIVERSITY OF SCIENCE AND TEC,PA,17101-2116,Private      ,10,8,18,579,351,930
03949300,WON INSTITUTE OF GRADUATE STUDIES       ,PA,19038-4535,Private      ,0,0,0,3,62,65
03950500,NORTHWEST REGIONAL TECHNOLOGY INSTITUTE ,PA,16508-2820,Proprietary  ,1,9,10,8,121,129
03952300,NATIONAL MASSAGE THERAPY INSTITUTE      ,PA,19116-3965,Proprietary  ,2,2,4,38,155,193
04024300,EDUCATION AND TECHNOLOGY INSTITUTE      ,PA,15601-9214,Private      ,0,0,0,11,19,30
04041300,BERKS CAREER & TECHNOLOGY CENTER        ,PA,19533-9112,Public       ,0,1,1,36,74,110
04118000,BYZANTINE CATHOLIC SEMINARY OF SAINTS CY,PA,15214-2229,Private      ,0,0,0,0,9,9
04124600,PROFESSIONAL ACADEMY OF COSMETOLOGY     ,PA,19401-0000,Proprietary  ,1,1,2,1,2,3
04127500,CDE CAREER INSTITUTE                    ,PA,18372-9034,Proprietary  ,1,10,11,23,109,132
04145800,PULSE BEAUTY ACADEMY A PAUL MITCHELL PAR,PA,19335-0000,Proprietary  ,1,5,6,92,103,195
04149800,SOMERSET COUNTY TECHNOLOGY CENTER       ,PA,15501-1444,Public       ,2,6,8,35,118,153
04151700,BELLA CAPELLI ACADEMY                   ,PA,15146-2388,Proprietary  ,1,0,1,72,93,165
04151701,BELLA CAPELLI ACADEMY -                 ,PA,15205-2388,Proprietary  ,3,3,6,98,111,209
04155100,INSTITUTE OF MEDICAL CAREERS            ,PA,15235-3718,Proprietary  ,0,11,11,51,266,317
04158000,METRO BEAUTY ACADEMY                    ,PA,18106-9693,Proprietary  ,3,8,11,154,256,410
04164900,BARONE BEAUTY ACADEMY                   ,PA,17701-5316,Proprietary  ,4,3,7,29,62,91
04167200,COMMONWEALTH MEDICAL COLLEGE (THE)      ,PA,18509-3240,Private      ,0,4,4,20,685,705
04167500,WORLD A CUTS BARBER INSTITUTE           ,PA,17401-1105,Proprietary  ,0,0,0,4,61,65
04175900,LEWISTOWN HOSPITAL SCHOOL OF NURSING    ,PA,17044-1167,Private      ,0,1,1,0,1,1
04215500,CHAMP'S BARBER SCHOOL                   ,PA,17603-3809,Proprietary  ,2,8,10,43,133,176
04221300,PHILADELPHIA TECHNICIAN TRAINING        ,PA,19138-1324,Private      ,9,51,60,90,488,578
04224600,BARBER SCHOOL OF PITTSBURGH             ,PA,15220-5537,Proprietary  ,4,8,12,43,173,216
04226300,DIVINE CROWN ACADEMY OF COSMETOLOGY     ,PA,17104-2103,Proprietary  ,2,3,5,31,102,133
04232000,STUDIO INCAMMINATI                      ,PA,19107-1105,Private      ,1,0,1,1,4,5
04236800,FOUNTAIN OF YOUTH ACADEMY OF COSMETOLOGY,PA,16046-2430,Proprietary  ,0,0,0,1,8,9
00267813,BRYANT & STRATTON COLLEGE - MIL DOWNTOWN,WI,53203-2608,Proprietary  ,28,132,160,954,3376,4330
00383200,ALVERNO COLLEGE                         ,WI,53234-3922,Private      ,2,15,17,1563,2604,4167
00383500,BELOIT COLLEGE                          ,WI,53511-5595,Private      ,1,5,6,2098,185,2283
00383700,CARDINAL STRITCH UNIVERSITY             ,WI,53217-9884,Private      ,5,42,47,1357,4150,5507
00383800,CARROLL UNIVERSITY                      ,WI,53186-5593,Private      ,6,9,15,4066,915,4981
00383900,CARTHAGE COLLEGE                        ,WI,53141-0000,Private      ,2,30,32,5114,1014,6128
00384000,WESTERN TECHNICAL COLLEGE               ,WI,54601-0908,Public       ,14,62,76,2202,2596,4798
00384200,CONCORDIA UNIVERSITY WISCONSIN          ,WI,53097-2402,Private      ,16,86,102,3894,5321,9215
00384800,EDGEWOOD COLLEGE                        ,WI,53711-1958,Private      ,1,17,18,1904,1464,3368
00385000,SILVER LAKE COLLEGE                     ,WI,54220-9319,Private      ,2,6,8,224,381,605
00385400,LAKELAND COLLEGE                        ,WI,53082-0000,Private      ,3,81,84,1297,2250,3547
00385600,LAWRENCE UNIVERSITY                     ,WI,54912-0599,Private      ,3,2,5,2332,153,2485
00386100,MARIAN UNIVERSITY                       ,WI,54935-4699,Private      ,2,35,37,1490,1060,2550
00386300,MARQUETTE UNIVERSITY                    ,WI,53201-1881,Private      ,33,44,77,17044,4310,21354
00386600,MILWAUKEE AREA TECH COLLEGE             ,WI,53233-1443,Public       ,86,346,432,7856,18855,26711
00386800,MILWAUKEE SCHOOL OF ENGINEERING         ,WI,53202-3109,Private      ,4,8,12,3207,976,4183
00386900,MOUNT MARY UNIVERSITY                   ,WI,53222-4597,Private      ,2,10,12,925,1432,2357
00387400,NASHOTAH HOUSE                          ,WI,53058-0000,Private      ,0,0,0,1,62,63
00387500,NORTHLAND COLLEGE                       ,WI,54806-3999,Private      ,1,2,3,931,123,1054
00388400,RIPON COLLEGE                           ,WI,54971-0248,Private      ,3,0,3,1403,103,1506
00389200,ST. NORBERT COLLEGE                     ,WI,54115-2099,Private      ,1,1,2,2625,134,2759
00389500,UNIVERSITY OF WISCONSIN-MADISON         ,WI,53715-1382,Public       ,30,46,76,27674,10174,37848
00389600,UNIVERSITY OF WISCONSIN-MILWAUKEE       ,WI,53201-3165,Public       ,45,154,199,18817,14084,32901
00389700,UNIVERSITY OF WISCONSIN COLLEGES        ,WI,53708-8680,Public       ,15,47,62,3020,2200,5220
00389701,UNIVERSITY OF WISCONSIN-BARABOO         ,WI,53913-1098,Public       ,3,5,8,449,224,673
00389702,UNIVERSITY OF WISCONSIN-BARRON          ,WI,54868-2497,Public       ,1,6,7,416,261,677
00389703,UNIVERSITY OF WISCONSIN-FOND DU LAC     ,WI,54935-2998,Public       ,3,2,5,546,304,850
00389704,UNIVERSITY OF WISCONSIN-FOX VALLEY      ,WI,54952-1297,Public       ,5,8,13,1265,572,1837
00389705,UNIVERSITY OF WISCONSIN-MANITOWOC       ,WI,54220-6699,Public       ,2,3,5,334,155,489
00389706,UNIVERSITY OF WISCONSIN-MARATHON        ,WI,54401-5396,Public       ,4,2,6,877,347,1224
00389707,UNIVERSITY OF WISCONSIN-MARINETTE       ,WI,54143-4299,Public       ,4,3,7,325,150,475
00389708,UNIVERSITY OF WISCONSIN-MARSHFIELD      ,WI,54449-3310,Public       ,3,0,3,351,202,553
00389709,UNIVERSITY OF WISCONSIN-RICHLAND        ,WI,53581-1399,Public       ,2,0,2,295,120,415
00389710,UNIVERSITY OF WISCONSIN COLLEGES - ROCK ,WI,53546-5699,Public       ,7,9,16,849,679,1528
00389711,UNIVERSITY OF WISCONSIN-SHEBOYGAN       ,WI,53081-4789,Public       ,2,2,4,581,351,932
00389712,UNIVERSITY OF WISCONSIN-WASHINGTON      ,WI,53095-3699,Public       ,4,5,9,679,305,984
00389713,UNIVERSITY OF WISCONSIN-WAUKESHA        ,WI,53188-2799,Public       ,10,14,24,1755,762,2517
00389900,UNIVERSITY OF WISCONSIN-GREEN BAY       ,WI,54311-7001,Public       ,9,32,41,4649,2919,7568
00391100,VITERBO UNIVERSITY                      ,WI,54601-4777,Private      ,5,43,48,1914,1376,3290
00391500,UNIVERSITY OF WISCONSIN-STOUT           ,WI,54751-0790,Public       ,13,41,54,6648,2451,9099
00391700,UNIVERSITY OF WISCONSIN-EAU CLAIRE      ,WI,54702-4004,Public       ,12,33,45,9529,2104,11633
00391900,UNIVERSITY OF WISCONSIN-LA CROSSE       ,WI,54601-3742,Public       ,8,15,23,9498,1833,11331
00392000,UNIVERSITY OF WISCONSIN-OSHKOSH         ,WI,54901-8604,Public       ,8,31,39,9544,3708,13252
00392100,UNIVERSITY OF WISCONSIN-PLATTEVILLE     ,WI,53818-3099,Public       ,6,34,40,7711,1997,9708
00392300,UNIVERSITY OF WISCONSIN-RIVER FALLS     ,WI,54022-5013,Public       ,14,42,56,4971,1562,6533
00392400,UNIVERSITY OF WISCONSIN-STEVENS POINT   ,WI,54481-3897,Public       ,11,10,21,8483,2158,10641
00392500,UNIVERSITY OF WISCONSIN-SUPERIOR        ,WI,54880-2898,Public       ,4,21,25,1738,1543,3281
00392600,UNIVERSITY OF WISCONSIN-WHITEWATER      ,WI,53190-1792,Public       ,30,65,95,10776,3080,13856
00400700,MADISON AREA TECHNICAL COLLEGE          ,WI,53704-2599,Public       ,27,106,133,5534,8869,14403
00501500,UNIVERSITY OF WISCONSIN-PARKSIDE        ,WI,53141-2000,Public       ,12,32,44,4089,2720,6809
00529400,WAUKESHA COUNTY TECHNICAL COLLEGE       ,WI,53072-4696,Public       ,9,34,43,1791,3598,5389
00530100,NORTHEAST WISCONSIN TECHNICAL COLLEGE   ,WI,54307-9042,Public       ,87,188,275,3489,5911,9400
00530400,CHIPPEWA VALLEY TECHNICAL COLLEGE       ,WI,54701-6162,Public       ,6,24,30,2534,3512,6046
00538000,MID-STATE TECHNICAL COLLEGE             ,WI,54494-5512,Public       ,5,43,48,978,2050,3028
00538400,NICOLET AREA TECHNICAL COLLEGE          ,WI,54501-0000,Public       ,7,24,31,584,899,1483
00538700,NORTHCENTRAL TECHNICAL COLLEGE          ,WI,54401-1899,Public       ,9,38,47,1541,3215,4756
00538900,GATEWAY TECHNICAL COLLEGE               ,WI,53144-1690,Public       ,20,80,100,2739,7631,10370
00539000,BLACKHAWK TECHNICAL COLLEGE             ,WI,53547-5009,Public       ,21,55,76,1104,2881,3985
00663900,BELLIN COLLEGE                          ,WI,54305-0000,Private      ,1,7,8,336,232,568
00732934,ITT TECHNICAL INSTITUTE                 ,WI,53220-4612,Proprietary  ,18,121,139,386,2118,2504
00766900,SOUTHWEST WISCONSIN TECH COLLEGE        ,WI,53809-0000,Public       ,2,7,9,844,922,1766
00821700,PAUL MITCHELL THE SCHOOL GREEN BAY      ,WI,54324-0257,Proprietary  ,0,10,10,106,138,244
00869405,RASMUSSEN COLLEGE - WAUSAU              ,WI,54401-7804,Proprietary  ,1,14,15,121,779,900
00869414,RASMUSSEN COLLEGE - GREEN BAY           ,WI,54303-2349,Proprietary  ,2,12,14,169,898,1067
00869419,RASMUSSEN COLLEGE - APPLETON            ,WI,54915-7305,Proprietary  ,1,14,15,87,697,784
00919400,LAKESHORE TECHNICAL COLLEGE             ,WI,53015-1412,Public       ,3,10,13,788,1676,2464
00925600,MORAINE PARK TECHNICAL COLLEGE          ,WI,54936-0000,Public       ,8,29,37,1098,2721,3819
00941900,STATE CLG OF BEAUTY CULT-WAUSAU         ,WI,54403-4667,Proprietary  ,0,2,2,41,81,122
00962100,HERZING UNIVERSITY                      ,WI,53718-4236,Proprietary  ,63,767,830,1347,12746,14093
00974400,FOX VALLEY TECHNICAL COLLEGE            ,WI,54913-0000,Public       ,25,146,171,3336,5924,9260
01091300,MADISON MEDIA INSTITUTE                 ,WI,53718-6787,Proprietary  ,13,14,27,600,568,1168
01148400,ADVANCED INSTITUTE OF HAIR DESIGN       ,WI,53225-0000,Proprietary  ,7,9,16,273,269,542
01182400,WISCONSIN INDIANHEAD TECH CLG WITC      ,WI,54871-9300,Public       ,8,41,49,1130,2283,3413
02077100,MILWAUKEE INST OF ART & DESIGN          ,WI,53202-0000,Private      ,3,5,8,1028,395,1423
02078000,SACRED HEART SCHOOL OF THEOLOGY         ,WI,53130-0000,Private      ,0,1,1,0,7,7
02136600,WISCONSIN LUTHERAN COLLEGE              ,WI,53226-0000,Private      ,3,14,17,1346,496,1842
02239204,ANTHEM COLLEGE - BROOKFIELD             ,WI,53005-4207,Proprietary  ,0,0,0,38,208,246
02271300,WI SCH OF PROFESSIONAL PSYCHOLOGY       ,WI,53225-0000,Private      ,1,2,3,41,187,228
02317200,MARANATHA BAPTIST UNIVERSITY            ,WI,53094-7638,Private      ,1,8,9,845,202,1047
02453500,MEDICAL COLLEGE OF WISCONSIN            ,WI,53226-0000,Private      ,1,4,5,114,1280,1394
02494300,GILL-TECH ACADEMY OF HAIR DESIGN        ,WI,54911-0000,Proprietary  ,2,2,4,51,101,152
02532200,LAC COURTE OREILLES OJIBWA CMTY CLG     ,WI,54843-0000,Public       ,2,30,32,102,590,692
03061200,MIDWEST COLLEGE OF ORIENTAL MEDICINE    ,WI,53403-9747,Proprietary  ,0,6,6,36,254,290
03125100,COLLEGE OF MENOMINEE NATION             ,WI,54135-0000,Private      ,1,8,9,118,465,583
03125102,COLLEGE OF  THE MENOMINEE NATION - GREEN,WI,54304-4964,Private      ,2,9,11,47,258,305
03220300,"SALON PROFESSIONAL ACADEMY, THE         ",WI,54701-7633,Proprietary  ,1,3,4,50,92,142
03309300,MONTESSORI INSTITUTE OF MILWAUKEE       ,WI,53207-0000,Private      ,0,1,1,11,48,59
03808300,INSTITUTE OF BEAUTY AND WELLNESS (AIM)  ,WI,53202-5715,Proprietary  ,3,11,14,200,310,510
03822300,PAUL MITCHELL THE SCHOOL - MONROE       ,WI,53566-0000,Proprietary  ,8,9,17,53,52,105
03872500,NORTHLAND INTERNATIONAL UNIVERSITY      ,WI,54119-9285,Private      ,0,0,0,197,53,250
03925300,BLUE SKY SCHOOL OF PROFESSIONAL MASSAGE ,WI,53024-9699,Private      ,0,0,0,10,29,39
03925301,BLUE SKY SCHOOL OF PROFESSIONAL MASSAGE ,WI,54115-7407,Private      ,0,0,0,11,30,41
03925303,BLUE SKY SCHOOL OF PROFESSIONAL MASSAGE ,WI,53713-2366,Private      ,0,1,1,14,64,78
04117400,MILWAUKEE CAREER COLLEGE                ,WI,53222-4305,Proprietary  ,10,21,31,316,711,1027
04118600,ACADEMY OF COSMETOLOGY                  ,WI,53548-3307,Proprietary  ,3,3,6,50,136,186
04124800,VISIONS IN HAIR DESIGN INSTITUTE OF COSM,WI,53210-1120,Proprietary  ,0,0,0,39,77,116
04132600,WISCONSIN ACADEMY (THE)                 ,WI,54157-1726,Proprietary  ,3,2,5,23,52,75
04137900,BRENSTEN EDUCATION                      ,WI,53186-0000,Proprietary  ,9,67,76,53,756,809
04138200,SALON PROFESSIONAL ACADEMY (THE)        ,WI,54914-3921,Proprietary  ,2,6,8,68,93,161
04157700,SALON PROFESSIONAL ACADEMY (THE)        ,WI,54650-8699,Proprietary  ,7,2,9,73,105,178
04159400,COLUMBIA COLLEGE OF NURSING             ,WI,53211-2952,Private      ,0,3,3,219,310,529
04165300,ACADEMY WAUKESHA (THE)                  ,WI,53072-5524,Proprietary  ,0,6,6,109,158,267
04179200,ADVANCED COLLEGE OF COSMETOLOGY         ,WI,53963-0000,Proprietary  ,0,0,0,27,34,61
04182100,FIRST CLASS COSMETOLOGY SCHOOL          ,WI,52511-0000,Proprietary  ,2,5,7,48,117,165
04183600,SALON PROFESSIONAL ACADEMY OF KENOSHA (T,WI,53142-4950,Proprietary  ,3,4,7,84,190,274
04193800,SHEPHERDS COLLEGE                       ,WI,53182-1527,Private      ,0,0,0,61,18,79
04202800,PANACHE ACADEMY OF BEAUTY               ,WI,53913-2596,Proprietary  ,2,4,6,24,63,87
04219300,EAST-WEST HEALING ARTS INSTITUTE        ,WI,53719-1133,Proprietary  ,0,2,2,18,103,121
04231400,BELLA ACADEMY OF COSMETOLOGY            ,WI,54901-4738,Proprietary  ,0,0,0,3,5,8
04237400,WRIGHT GRADUATE UNIVERSITY FOR THE REALI,WI,53121-2556,Private      ,1,2,3,3,24,27
00290500,NORTH CAROLINA A&T STATE UNIV           ,NC,27411-0001,Public       ,92,58,150,16707,7830,24537
00290600,APPALACHIAN STATE UNIVERSITY            ,NC,28608-2059,Public       ,41,61,102,18989,5391,24380
00290700,UNIVERSITY OF NC AT ASHEVILLE           ,NC,28804-3299,Public       ,8,12,20,4868,2284,7152
00290800,BARTON COLLEGE                          ,NC,27893-3104,Private      ,3,16,19,1681,965,2646
00291000,BELMONT ABBEY COLLEGE                   ,NC,28012-1802,Private      ,3,7,10,1499,1216,2715
00291100,BENNETT COLLEGE                         ,NC,27401-3239,Private      ,23,7,30,1200,556,1756
00291200,BREVARD COLLEGE                         ,NC,28712-3306,Private      ,4,2,6,1412,268,1680
00291300,CAMPBELL UNIVERSITY                     ,NC,27506-0036,Private      ,22,69,91,5573,4917,10490
00291400,CATAWBA COLLEGE                         ,NC,28144-2488,Private      ,4,5,9,2158,740,2898
00291500,CENTRAL PIEDMONT COMMUNITY COLLEGE      ,NC,28204-2297,Public       ,130,430,560,12289,21967,34256
00291600,CHOWAN UNIVERSITY                       ,NC,27855-1850,Private      ,9,7,16,2487,510,2997
00291700,COLLEGE OF THE ALBEMARLE                ,NC,27909-2327,Public       ,9,24,33,1096,1930,3026
00291800,DAVIDSON COLLEGE                        ,NC,28035-7157,Private      ,6,2,8,3859,299,4158
00291900,DAVIDSON COUNTY COMMUNITY COLLEGE       ,NC,27293-0000,Public       ,24,70,94,2196,5104,7300
00292000,DUKE UNIVERSITY                         ,NC,27708-0397,Private      ,19,18,37,19860,2923,22783
00292001,DUKE UNIV - SCHOOL OF MEDICINE          ,NC,27710-0000,Private      ,4,3,7,272,1073,1345
00292002,DUKE UNIV - SCHOOL OF LAW               ,NC,27708-0000,Private      ,0,1,1,90,2026,2116
00292003,DUKE UNIV - GRAD SCH ARTS & SCIENCE     ,NC,27708-0000,Private      ,1,5,6,181,830,1011
00292004,DUKE UNIV - FUQUA SCH OF BUSINESS       ,NC,27708-0000,Private      ,1,12,13,139,1041,1180
00292005,DUKE UNIV/NICHOLAS SCH OF ENVIRON.      ,NC,27708-0000,Private      ,0,0,0,36,389,425
00292006,DUKE UNIV - DIVINITY SCHOOL             ,NC,27708-0000,Private      ,0,5,5,373,864,1237
00292007,DUKE UNIV - SCHOOL OF NURSING           ,NC,27710-0000,Private      ,2,8,10,258,1661,1919
00292010,DUKE UNIVERSITY - SCHOOL OF PUBLIC POLIC,NC,27708-0239,Private      ,1,1,2,48,238,286
00292300,EAST CAROLINA UNIVERSITY                ,NC,27858-1818,Public       ,59,267,326,25278,14014,39292
00292600,ELIZABETH CITY STATE UNIVERSITY         ,NC,27909-7806,Public       ,17,26,43,2792,1474,4266
00292700,ELON UNIVERSITY                         ,NC,27244-2010,Private      ,8,16,24,7990,1457,9447
00292800,FAYETTEVILLE STATE UNIVERSITY           ,NC,28301-4298,Public       ,23,115,138,5665,8676,14341
00292900,GARDNER-WEBB UNIVERSITY                 ,NC,28017-0000,Private      ,5,61,66,3177,3985,7162
00293000,GREENSBORO COLLEGE                      ,NC,27401-1875,Private      ,6,31,37,1765,1342,3107
00293100,GUILFORD COLLEGE                        ,NC,27410-4171,Private      ,6,30,36,3139,2998,6137
00293300,HIGH POINT UNIVERSITY                   ,NC,27262-4221,Private      ,14,19,33,6456,966,7422
00293400,ISOTHERMAL COMMUNITY COLLEGE            ,NC,28160-0804,Public       ,17,32,49,976,1613,2589
00293500,LAUREL UNIVERSITY                       ,NC,27265-3197,Private      ,2,2,4,98,330,428
00293600,JOHNSON C SMITH UNIVERSITY              ,NC,28216-5398,Private      ,14,29,43,2749,2138,4887
00293700,KING'S COLLEGE-CHARLOTTE                ,NC,28204-2435,Proprietary  ,1,11,12,862,925,1787
00293900,LEES MCRAE COLLEGE                      ,NC,28604-0000,Private      ,1,1,2,1180,535,1715
00294000,LENOIR COMMUNITY COLLEGE                ,NC,28502-0188,Public       ,10,77,87,1242,3057,4299
00294100,LENOIR-RHYNE UNIVERSITY                 ,NC,28603-0000,Private      ,10,23,33,2928,1434,4362
00294200,LIVINGSTONE COLLEGE                     ,NC,28144-5298,Private      ,112,12,124,2010,737,2747
00294300,LOUISBURG COLLEGE                       ,NC,27549-2398,Private      ,46,5,51,1351,285,1636
00294400,MARS HILL COLLEGE                       ,NC,28754-0000,Private      ,5,9,14,2367,572,2939
00294500,MEREDITH COLLEGE                        ,NC,27607-5298,Private      ,1,14,15,2315,1118,3433
00294600,METHODIST UNIVERSITY                    ,NC,28311-1420,Private      ,17,30,47,3207,2420,5627
00294700,MITCHELL COMMUNITY COLLEGE              ,NC,28677-5264,Public       ,9,44,53,1366,2413,3779
00294800,MONTREAT COLLEGE                        ,NC,28757-1267,Private      ,0,31,31,595,803,1398
00294900,UNIVERSITY OF MOUNT OLIVE               ,NC,28365-1299,Private      ,17,151,168,1606,4563,6169
00295000,NORTH CAROLINA CENTRAL UNIVERSITY       ,NC,27707-3198,Public       ,84,130,214,10856,8221,19077
00295100,NORTH CAROLINA WESLEYAN COLLEGE         ,NC,27804-8699,Private      ,9,34,43,1603,2056,3659
00295300,WILLIAM PEACE UNIVERSITY                ,NC,27604-1194,Private      ,2,19,21,1529,988,2517
00295400,UNIV OF NORTH CAROLINA AT PEMBROKE      ,NC,28372-1510,Public       ,30,97,127,7246,4769,12015
00295500,PFEIFFER UNIVERSITY                     ,NC,28109-0000,Private      ,1,30,31,1046,1442,2488
00295600,PIEDMONT INTERNATIONAL UNIVERSITY       ,NC,27101-5025,Private      ,0,3,3,166,256,422
00295700,QUEENS UNIVERSITY OF CHARLOTTE          ,NC,28274-0001,Private      ,4,52,56,2699,2728,5427
00295800,ROCKINGHAM COMMUNITY COLLEGE            ,NC,27375-0000,Public       ,6,31,37,992,1638,2630
00296000,SALEM COLLEGE                           ,NC,27108-0000,Private      ,0,5,5,1053,976,2029
00296100,SANDHILLS COMMUNITY COLLEGE             ,NC,28374-8283,Public       ,20,75,95,1981,3675,5656
00296200,SHAW UNIVERSITY                         ,NC,27601-2393,Private      ,14,13,27,3260,2337,5597
00296300,SOUTHEASTERN BAPTIST THEOL SEMINARY     ,NC,27588-0000,Private      ,0,3,3,155,324,479
00296400,SOUTHEASTERN COMMUNITY COLLEGE          ,NC,28472-5422,Public       ,10,65,75,791,1314,2105
00296800,ST AUGUSTINES COLLEGE                   ,NC,27610-2298,Private      ,9,5,14,1917,926,2843
00297000,SURRY COMMUNITY COLLEGE                 ,NC,27017-0304,Public       ,8,30,38,1488,1933,3421
00297200,NORTH CAROLINA STATE UNIV-RALEIGH       ,NC,27695-7001,Public       ,51,134,185,28946,12317,41263
00297300,GASTON COLLEGE                          ,NC,28034-1499,Public       ,35,113,148,2593,5214,7807
00297400,UNIVERSITY OF N C-CHAPEL HILL           ,NC,27514-0000,Public       ,34,178,212,28633,14072,42705
00297500,UNIVERSITY OF NC AT CHARLOTTE           ,NC,28223-0001,Public       ,59,200,259,27784,15647,43431
00297600,UNIVERSITY OF N C - GREENSBORO          ,NC,27412-0001,Public       ,27,105,132,17979,11794,29773
00297800,WAKE FOREST UNIV - UNDERGRADUATE        ,NC,27109-7246,Private      ,5,7,12,7626,590,8216
00297801,WAKE FOREST UNIV - SCH OF MEDICINE      ,NC,27157-1090,Private      ,1,2,3,168,1258,1426
00297803,WAKE FOREST GRAD SCHOOLS OF BUSINESS    ,NC,27109-7659,Private      ,0,14,14,50,784,834
00297805,WAKE FOREST UNIV - SCH OF LAW           ,NC,27109-7206,Private      ,0,2,2,44,1118,1162
00297806,WAKE FOREST UNIV - GRAD A&S/DIVINITY    ,NC,27109-7246,Private      ,0,20,20,41,851,892
00297900,WARREN WILSON COLLEGE                   ,NC,28815-0000,Private      ,0,2,2,1345,508,1853
00298000,WAYNE COMMUNITY COLLEGE                 ,NC,27533-0000,Public       ,12,76,88,1672,3654,5326
00298100,WESTERN CAROLINA UNIVERSITY             ,NC,28723-9731,Public       ,104,68,172,11158,4675,15833
00298200,WESTERN PIEDMONT COMMUNITY COLLEGE      ,NC,28655-4504,Public       ,14,34,48,1196,1765,2961
00298300,WILKES COMMUNITY COLLEGE                ,NC,28697-2100,Public       ,9,35,44,1222,1661,2883
00298400,UNIVERSITY OF N C-WILMINGTON            ,NC,28403-3297,Public       ,31,131,162,16493,7126,23619
00298500,WINGATE UNIVERSITY                      ,NC,28174-0159,Private      ,7,13,20,4733,1592,6325
00298600,WINSTON-SALEM STATE UNIVERSITY          ,NC,27102-0000,Public       ,25,76,101,7678,5883,13561
00398100,UNC SCHOOL OF THE ARTS                  ,NC,27127-2188,Public       ,4,9,13,1592,523,2115
00403300,ASHEVILLE BUNCOMBE TECH CMTY CLG        ,NC,28801-4897,Public       ,23,82,105,2844,6230,9074
00406200,PITT COMMUNITY COLLEGE                  ,NC,28590-0000,Public       ,26,145,171,5054,8765,13819
00483500,CALDWELL COMMUNITY CLG & TECH INST      ,NC,28638-2626,Public       ,16,48,64,1652,2537,4189
00483800,GUILFORD TECHNICAL COMMUNITY CLG        ,NC,27282-0309,Public       ,57,225,282,7006,14088,21094
00484400,WAKE TECHNICAL COMMUNITY COLLEGE        ,NC,27603-5696,Public       ,88,344,432,10720,20175,30895
00484500,WILSON COMMUNITY COLLEGE                ,NC,27893-3310,Public       ,17,79,96,823,2340,3163
00499201,MILLER-MOTTE TECHNICAL COLLEGE - MILLER-,NC,27511-9209,Proprietary  ,9,37,46,152,777,929
00499202,MILLER-MOTTE TECHNICAL COLLEGE - MILLER-,NC,27604-6072,Proprietary  ,10,53,63,428,1824,2252
00499203,MILLER-MOTTE TECHNICAL COLLEGE - FAYETTE,NC,28311-7651,Proprietary  ,14,82,96,445,2660,3105
00499205,MILLER-MOTTE TECHNICAL COLLEGE - MILLER-,NC,28540-5901,Proprietary  ,9,56,65,172,1308,1480
00531600,COASTAL CAROLINA COMMUNITY COLLEGE      ,NC,28546-6816,Public       ,17,189,206,1767,6126,7893
00531700,FORSYTH TECHNICAL COMMUNITY COLLEGE     ,NC,27103-5197,Public       ,29,154,183,4579,10049,14628
00531800,CATAWBA VALLEY COMMUNITY COLLEGE        ,NC,28602-8302,Public       ,19,61,80,2682,3857,6539
00532000,CAPE FEAR COMMUNITY COLLEGE             ,NC,28401-3910,Public       ,57,148,205,4901,7480,12381
00544700,RANDOLPH COMMUNITY COLLEGE              ,NC,27204-1009,Public       ,12,59,71,1379,2634,4013
00544800,DURHAM TECHNICAL CMNTY COLLEGE          ,NC,27703-5023,Public       ,26,127,153,2442,6834,9276
00544900,CENTRAL CAROLINA COMMUNITY COLLEGE      ,NC,27330-9000,Public       ,19,75,94,1988,4757,6745
00546300,ALAMANCE COMMUNITY COLLEGE              ,NC,27253-0000,Public       ,24,85,109,2045,4149,6194
00546400,RICHMOND COMMUNITY COLLEGE              ,NC,28345-4522,Public       ,9,49,58,993,2280,3273
00575400,ROWAN-CABARRUS COMMUNITY COLLEGE        ,NC,28146-8357,Public       ,30,109,139,2622,6002,8624
00647700,CABARRUS COLLEGE OF HEALTH SCIENCES     ,NC,28025-0000,Private      ,2,6,8,416,980,1396
00647800,MERCY HOSP SCH OF NURSING               ,NC,28207-0000,Public       ,1,8,9,200,905,1105
00648300,WATTS SCHOOL OF NURSING                 ,NC,27704-0000,Private      ,5,3,8,114,432,546
00679900,CRAVEN COMMUNITY COLLEGE                ,NC,28562-0000,Public       ,14,75,89,1113,3930,5043
00703100,PAMLICO COMMUNITY COLLEGE               ,NC,28529-0000,Public       ,0,5,5,97,377,474
00764000,FAYETTEVILLE TECHNICAL CMTY COLLEGE     ,NC,28303-0236,Public       ,63,442,505,4435,17512,21947
00768700,JAMES SPRUNT COMMUNITY COLLEGE          ,NC,28349-0398,Public       ,1,14,15,430,1189,1619
00781400,BROOKSTONE COLLEGE OF BUSINESS          ,NC,28262-1294,Proprietary  ,2,10,12,132,740,872
00781401,BROOKSTONE COLLEGE OF BUSINESS          ,NC,27409-0000,Proprietary  ,2,9,11,106,541,647
00789200,SAMPSON COMMUNITY COLLEGE               ,NC,28328-0000,Public       ,2,24,26,650,1373,2023
00798500,SOUTH PIEDMONT COMMUNITY COLLEGE        ,NC,28135-9703,Public       ,11,41,52,1027,1987,3014
00798600,HALIFAX COMMUNITY COLLEGE               ,NC,27890-0089,Public       ,3,25,28,580,1288,1868
00798700,BLADEN COMMUNITY COLLEGE                ,NC,28332-0266,Public       ,10,37,47,643,1679,2322
00798800,MARTIN COMMUNITY COLLEGE                ,NC,27892-8307,Public       ,1,12,13,324,758,1082
00808100,CARTERET COMMUNITY COLLEGE              ,NC,28557-2989,Public       ,7,32,39,671,1712,2383
00808200,CLEVELAND COMMUNITY COLLEGE             ,NC,28150-0000,Public       ,7,52,59,1102,2725,3827
00808300,HAYWOOD COMMUNITY COLLEGE               ,NC,28721-0000,Public       ,3,24,27,672,1654,2326
00808500,MCDOWELL TECHNICAL COMMUNITY CLG        ,NC,28752-8728,Public       ,2,25,27,382,916,1298
00808700,MONTGOMERY COMMUNITY COLLEGE            ,NC,27371-0787,Public       ,5,8,13,351,789,1140
00846600,SOUTHWESTERN COMMUNITY COLLEGE          ,NC,28779-8581,Public       ,5,27,32,965,1839,2804
00855700,NASH COMMUNITY COLLEGE                  ,NC,27804-0488,Public       ,17,107,124,1608,3701,5309
00855800,BEAUFORT COUNTY COMMUNITY COLLEGE       ,NC,27889-7889,Public       ,5,24,29,785,2084,2869
00861200,ROBESON COMMUNITY COLLEGE               ,NC,28359-2151,Public       ,11,57,68,1228,3070,4298
00861300,ROANOKE-CHOWAN COMMUNITY COLLEGE        ,NC,27910-9522,Public       ,4,17,21,357,847,1204
00885500,EDGECOMBE COMMUNITY COLLEGE             ,NC,27886-9399,Public       ,9,93,102,899,3721,4620
00933600,JOHNSTON COMMUNITY COLLEGE              ,NC,27577-0000,Public       ,11,49,60,1825,3772,5597
00943000,TRI-COUNTY COMMUNITY COLLEGE            ,NC,28906-7919,Public       ,4,29,33,396,929,1325
00964600,PIEDMONT COMMUNITY COLLEGE              ,NC,27573-1197,Public       ,8,43,51,553,1229,1782
00968400,BLUE RIDGE COMMUNITY COLLEGE            ,NC,28731-9624,Public       ,12,44,56,779,1771,2550
00974701,GORDON-CONWELL THEO SEM - CHARLOTTE     ,NC,28273-0000,Private      ,0,6,6,12,319,331
00990300,VANCE-GRANVILLE CMTY COLLEGE            ,NC,27536-0917,Public       ,24,82,106,1333,3185,4518
01019804,ECPI UNIVERSITY - GREENSBORO            ,NC,27409-9048,Proprietary  ,3,14,17,232,1061,1293
01019805,ECPI UNIVERSITY - CHARLOTTE             ,NC,28208-5886,Proprietary  ,1,39,40,396,2157,2553
01019810,ECPI UNIVERSITY - RALEIGH               ,NC,27613-7387,Proprietary  ,10,70,80,374,1721,2095
01019812,ECPI UNIVERSITY - CONCORD               ,NC,28262-0000,Proprietary  ,4,14,18,151,721,872
01026400,SOUTH COLLEGE                           ,NC,28803-3152,Proprietary  ,10,58,68,182,896,1078
01119400,STANLY COMMUNITY COLLEGE                ,NC,28001-7458,Public       ,2,51,53,972,2504,3476
01119700,MAYLAND COMMUNITY COLLEGE               ,NC,28777-2777,Public       ,2,6,8,391,599,990
01179900,PAUL MITCHELL THE SCHOOL FAYETTEVILLE   ,NC,28303-5364,Proprietary  ,10,21,31,208,599,807
01192600,LEON'S BEAUTY SCHOOL                    ,NC,27403-2812,Proprietary  ,3,5,8,194,413,607
01303918,SOUTH UNIVERSITY - THE ART INSTITUTE OF ,NC,28217-4536,Proprietary  ,10,29,39,1680,1529,3209
02056500,MITCHELL'S HAIR STYLING ACADEMY         ,NC,27893-0000,Proprietary  ,0,3,3,35,108,143
02056501,MITCHELL'S HAIR STYLING ACADEMY - MITCHE,NC,27606-3326,Proprietary  ,2,10,12,97,303,400
02110502,ART INSTITUTE OF CHARLOTTE (THE) - THE A,NC,27701-3986,Proprietary  ,0,0,0,0,1,1
02158414,HARRISON COLLEGE - THE CHEF'S ACADEMY - ,NC,27560-0000,Proprietary  ,3,12,15,135,308,443
02170700,BRUNSWICK COMMUNITY COLLEGE             ,NC,28422-0000,Public       ,9,32,41,786,1274,2060
02205000,COLLEGE OF WILMINGTON                   ,NC,28403-0000,Proprietary  ,4,36,40,245,802,1047
02210400,FAYETTEVILLE BEAUTY COLLEGE             ,NC,28303-0000,Proprietary  ,4,18,22,112,515,627
02227800,MITCHELL'S HAIR STYLING ACADEMY         ,NC,27534-0000,Proprietary  ,2,4,6,33,105,138
02227900,MITCHELL'S HAIR STYLING ACADEMY         ,NC,27858-0000,Proprietary  ,0,0,0,17,42,59
02280900,MID-ATLANTIC CHRISTIAN UNIVERSITY       ,NC,27909-0000,Private      ,1,3,4,198,216,414
02326203,KAPLAN CAREER INSTITUTE - KAPLAN COLLEGE,NC,28212-6830,Proprietary  ,9,60,69,301,1980,2281
02558900,CHEVEUX SCHOOL OF HAIR DESIGN           ,NC,28540-0000,Proprietary  ,0,0,0,10,76,86
02560600,PINNACLE INSTITUTE OF COSMETOLOGY       ,NC,28115-8020,Proprietary  ,2,7,9,49,120,169
02614201,MILLER-MOTTE BUSINESS COLLEGE           ,NC,28403-0000,Proprietary  ,48,285,333,654,5996,6650
02614205,MILLER - MOTTE TECHNICAL COLLEGE - MILLE,NC,27834-5052,Proprietary  ,5,34,39,245,1183,1428
03009500,WINSTON-SALEM BARBER SCHOOL             ,NC,27107-0000,Proprietary  ,3,11,14,62,191,253
03064400,REGENCY BEAUTY INSTITUTE                ,NC,27127-0000,Proprietary  ,6,17,23,160,380,540
03089300,HERITAGE BIBLE COLLEGE                  ,NC,28335-0000,Private      ,2,3,5,30,92,122
03104200,CAROLINAS COLLEGE OF HEALTH SCIENCE     ,NC,28232-2861,Public       ,6,34,40,565,1707,2272
03109000,LIVING ARTS COLLEGE                     ,NC,27614-7076,Proprietary  ,9,15,24,515,823,1338
03361300,MEDICAL ARTS MASSAGE SCHOOL             ,NC,27616-6453,Proprietary  ,4,19,23,109,503,612
03513400,APEX SCHOOL OF THEOLOGY                 ,NC,27703-8024,Private      ,0,27,27,36,1382,1418
03555300,SOUTHEASTERN INSTITUTE                  ,NC,28217-0000,Proprietary  ,1,56,57,137,872,1009
03570300,CAROLINA CHRISTIAN COLLEGE              ,NC,27105-3241,Private      ,1,2,3,46,167,213
03663300,HOOD THEOLOGICAL SEMINARY               ,NC,28144-5768,Private      ,0,0,0,2,214,216
03748500,DURHAM BEAUTY ACADEMY                   ,NC,27707-3569,Proprietary  ,3,18,21,49,246,295
03777300,PAUL MITCHELL THE SCHOOL GASTONIA       ,NC,28054-0460,Proprietary  ,15,26,41,261,551,812
03827300,CHARLOTTE CHRISTIAN COLLEGE AND THEOLOGI,NC,28205-1648,Private      ,0,6,6,19,308,327
04073300,JUNG TAO SCHOOL OF CLASSICAL CHINESE MED,NC,28679-9657,Private      ,0,1,1,3,66,69
04101300,CAROLINA SCHOOL OF BROADCASTING         ,NC,28214-8085,Proprietary  ,2,8,10,160,404,564
04115700,REGINA'S COLLEGE OF BEAUTY              ,NC,28110-2831,Proprietary  ,3,20,23,53,258,311
04120300,HEALTH AND STYLE INSTITUTE              ,NC,27265-3114,Proprietary  ,15,49,64,140,485,625
04129400,CENTER FOR MASSAGE & NATURAL HEALTH     ,NC,28787-8331,Proprietary  ,3,6,9,25,132,157
04140700,AVEDA INSTITUTE CHAPEL HILL             ,NC,27516-2559,Proprietary  ,6,9,15,193,318,511
04143500,CHARLOTTE SCHOOL OF LAW                 ,NC,28208-2816,Proprietary  ,2,17,19,88,2408,2496
04146400,DAOIST TRADITIONS COLLEGE OF CHINESE MED,NC,28801-1060,Proprietary  ,0,0,0,7,136,143
04149300,PARK WEST BARBER SCHOOL                 ,NC,27701-4022,Proprietary  ,14,54,68,217,1019,1236
04154200,CAROLINA COLLEGE OF BIBLICAL STUDIES    ,NC,29303-5157,Private      ,0,9,9,31,353,384
04172800,BODY THERAPY INSTITUTE                  ,NC,27344-6728,Proprietary  ,1,0,1,17,114,131
04173000,SHEPHERDS THEOLOGICAL SEMINARY          ,NC,27518-9316,Private      ,0,0,0,6,32,38
04173700,GRACE COLLEGE OF DIVINITY               ,NC,28314-2343,Private      ,0,4,4,34,175,209
04178100,CAROLINA COLLEGE OF HAIR DESIGN         ,NC,28802-1232,Proprietary  ,0,6,6,53,152,205
04204700,PAUL MITCHELL THE SCHOOL RALEIGH        ,NC,27612-7358,Proprietary  ,3,7,10,155,314,469
04206500,MYCOMPUTERCAREER.COM                    ,NC,27606-3365,Proprietary  ,6,81,87,80,883,963
04214600,GRACE COLLEGE OF BARBERING              ,NC,28513-7178,Private      ,0,1,1,14,65,79
04219100,ALEXANDER PAUL INSTITUTE OF HAIR DESIGN ,NC,27858-3344,Proprietary  ,2,3,5,43,81,124
04227600,SHERRILL'S UNIVERSITY OF BARBER & COSMET,NC,27610-2431,Proprietary  ,1,16,17,56,215,271
04228400,BEYOND MEASURE BARBERING INSTITUTE      ,NC,27302-2323,Proprietary  ,3,4,7,17,84,101
00298800,BISMARCK STATE COLLEGE                  ,ND,58501-1299,Public       ,28,47,75,1958,1633,3591
00298900,DICKINSON STATE UNIVERSITY              ,ND,58601-4896,Public       ,2,8,10,876,618,1494
00299000,UNIVERSITY OF JAMESTOWN                 ,ND,58405-3401,Private      ,0,0,0,996,218,1214
00299100,LAKE REGION STATE COLLEGE               ,ND,58301-1598,Public       ,5,11,16,420,522,942
00299200,UNIVERSITY OF MARY                      ,ND,58504-9652,Private      ,4,28,32,1723,1433,3156
00299300,MAYVILLE STATE UNIVERSITY               ,ND,58257-1299,Public       ,5,12,17,753,370,1123
00299400,MINOT STATE UNIVERSITY                  ,ND,58707-0001,Public       ,2,37,39,1601,1523,3124
00299500,DAKOTA COLLEGE AT BOTTINEAU             ,ND,58318-1159,Public       ,1,8,9,440,299,739
00299600,NORTH DAKOTA STATE CLG OF SCIENCE       ,ND,58076-0002,Public       ,12,24,36,1802,799,2601
00299700,NORTH DAKOTA STATE UNIV - FARGO         ,ND,58102-0000,Public       ,35,48,83,10453,3420,13873
00299702,NORTH DAKOTA STATE UNIV NURSING         ,ND,58501-4425,Public       ,0,0,0,100,89,189
00300500,UNIVERSITY OF NORTH DAKOTA              ,ND,58202-8193,Public       ,34,115,149,8559,6117,14676
00300700,WILLISTON STATE COLLEGE                 ,ND,58802-1326,Public       ,5,22,27,321,461,782
00300800,VALLEY CITY STATE UNIVERSITY            ,ND,58072-0000,Public       ,6,13,19,831,423,1254
00775600,JOSEF'S SCHOOL OF HAIR DESIGN INC       ,ND,58102-4977,Proprietary  ,0,2,2,79,92,171
00869408,RASMUSSEN COLLEGE - FARGO               ,ND,58103-7196,Proprietary  ,0,10,10,180,724,904
00869415,RASMUSSEN COLLEGE - BISMARCK            ,ND,58503-0000,Proprietary  ,1,1,2,48,307,355
01040600,JOSEF'S SCHOOL OF HAIR DESIGN           ,ND,58201-6394,Proprietary  ,3,2,5,85,107,192
01205900,TRINITY BIBLE COLLEGE                   ,ND,58436-7150,Private      ,1,0,1,221,99,320
01229500,JZ TREND ACADEMY PAUL MITCHELL PARTNER S,ND,58501-0000,Proprietary  ,2,5,7,50,60,110
02188200,SITTING BULL COLLEGE                    ,ND,58538-9701,Public       ,1,4,5,89,373,462
02236500,LITTLE HOOP COMMUNITY COLLEGE           ,ND,58335-0000,Public       ,3,14,17,52,213,265
02242900,UNITED TRIBES TECHNICAL COLLEGE         ,ND,58504-0000,Private      ,5,28,33,298,774,1072
02298200,HEADQUARTERS ACADEMY OF HAIR DESIGN     ,ND,58701-0000,Proprietary  ,3,4,7,38,89,127
02301100,TURTLE MTN CMNTY COLG-FIN AID OFC       ,ND,58316-0000,Private      ,20,54,74,255,580,835
02553700,FORT BERTHOLD COMMUNITY COLLEGE         ,ND,58763-0000,Public       ,0,6,6,40,159,199
03087200,MOLER BARBER CLG OF HAIRSTYLING         ,ND,58103-0000,Proprietary  ,0,0,0,9,33,42
04031300,SALON PROFESSIONAL ACADEMY (THE)        ,ND,58103-3337,Proprietary  ,0,0,0,86,85,171
04139400,HAIR ACADEMY (THE)                      ,ND,58501-4929,Proprietary  ,1,1,2,41,63,104
04223500,LYNNES WELDING TRAINING                 ,ND,58102-4018,Proprietary  ,0,2,2,30,61,91
00301005,ANTIOCH UNIV/SEATTLE                    ,WA,98121-0000,Private      ,2,13,15,141,1400,1541
00376900,BELLEVUE COLLEGE                        ,WA,98007-6484,Public       ,34,121,155,6130,9088,15218
00377000,BIG BEND COMMUNITY COLLEGE              ,WA,98837-3299,Public       ,6,19,25,1309,2005,3314
00377100,CENTRAL WASHINGTON UNIVERSITY           ,WA,98926-7495,Public       ,38,113,151,13286,7404,20690
00377200,CENTRALIA COLLEGE                       ,WA,98531-4099,Public       ,10,27,37,1502,2579,4081
00377300,CLARK COLLEGE                           ,WA,98663-3598,Public       ,39,106,145,6013,10490,16503
00377400,COLUMBIA BASIN COLLEGE                  ,WA,99301-3379,Public       ,32,98,130,3977,5445,9422
00377500,EASTERN WASHINGTON UNIVERSITY           ,WA,99004-2447,Public       ,24,73,97,13636,8548,22184
00377600,EVERETT COMMUNITY COLLEGE               ,WA,98201-1352,Public       ,22,103,125,4408,8591,12999
00377700,HERITAGE UNIVERSITY                     ,WA,98948-9562,Private      ,0,14,14,743,1701,2444
00377800,GONZAGA UNIVERSITY                      ,WA,99258-0083,Private      ,15,74,89,8887,4208,13095
00377900,GRAYS HARBOR COLLEGE                    ,WA,98520-7599,Public       ,2,15,17,926,1990,2916
00378000,GREEN RIVER COMMUNITY COLLEGE           ,WA,98092-3622,Public       ,58,166,224,4057,6789,10846
00378100,HIGHLINE COMMUNITY COLLEGE              ,WA,98198-9800,Public       ,34,152,186,4276,7327,11603
00378200,LOWER COLUMBIA COLLEGE                  ,WA,98632-0310,Public       ,8,42,50,1497,3841,5338
00378300,NORTHWEST UNIVERSITY                    ,WA,98083-0000,Private      ,3,32,35,1700,1572,3272
00378400,OLYMPIC COLLEGE                         ,WA,98337-1600,Public       ,13,81,94,2615,6986,9601
00378500,PACIFIC LUTHERAN UNIVERSITY             ,WA,98447-0003,Private      ,9,30,39,5163,2772,7935
00378600,PENINSULA COLLEGE                       ,WA,98362-6660,Public       ,4,17,21,781,2219,3000
00378700,SEATTLE CENTRAL COMMUNITY COLLEGE       ,WA,98122-2413,Public       ,38,174,212,4293,9154,13447
00378703,SEATTLE VOCATIONAL INSTITUTE            ,WA,98144-0000,Public       ,8,29,37,230,1027,1257
00378800,SEATTLE PACIFIC UNIVERSITY              ,WA,98119-1997,Private      ,5,32,37,8073,3796,11869
00379000,SEATTLE UNIVERSITY                      ,WA,98122-1090,Private      ,26,52,78,10647,7705,18352
00379100,SHORELINE COMMUNITY COLLEGE             ,WA,98133-5696,Public       ,20,60,80,3203,6251,9454
00379200,SKAGIT VALLEY COLLEGE                   ,WA,98273-5899,Public       ,13,46,59,2110,4306,6416
00379300,SPOKANE COMMUNITY COLLEGE               ,WA,99207-5399,Public       ,16,97,113,4914,11412,16326
00379400,ST MARTIN'S UNIVERSITY                  ,WA,98503-7500,Private      ,3,17,20,1573,1519,3092
00379600,TACOMA COMMUNITY COLLEGE                ,WA,98466-6100,Public       ,64,235,299,5024,12635,17659
00379700,UNIVERSITY OF PUGET SOUND               ,WA,98416-1039,Private      ,3,25,28,5899,2529,8428
00379800,UNIVERSITY OF WASHINGTON                ,WA,98195-1122,Public       ,72,170,242,42153,33487,75640
00379900,WALLA WALLA UNIVERSITY                  ,WA,99324-1198,Private      ,9,17,26,2064,855,2919
00380000,WASHINGTON STATE UNIVERSITY             ,WA,99164-1035,Public       ,77,125,202,31281,16224,47505
00380100,WENATCHEE VALLEY COLLEGE                ,WA,98801-1799,Public       ,10,54,64,2094,2980,5074
00380200,WESTERN WASHINGTON UNIVERSITY           ,WA,98225-5946,Public       ,43,55,98,19309,6070,25379
00380300,WHITMAN COLLEGE                         ,WA,99362-2067,Private      ,2,2,4,3070,207,3277
00380400,WHITWORTH UNIVERSITY                    ,WA,99251-0001,Private      ,1,37,38,4527,1816,6343
00380500,YAKIMA VALLEY COMMUNITY COLLEGE         ,WA,98907-2520,Public       ,19,68,87,3403,5393,8796
00499900,BELLINGHAM TECHNICAL COLLEGE            ,WA,98225-0000,Public       ,13,38,51,1367,3494,4861
00500000,PIERCE COLLEGE                          ,WA,98498-1919,Public       ,24,151,175,4265,10134,14399
00500100,EDMONDS COMMUNITY COLLEGE               ,WA,98036-5999,Public       ,12,67,79,3161,6014,9175
00500600,WALLA WALLA COMMUNITY COLLEGE           ,WA,99362-9267,Public       ,16,56,72,2144,3112,5256
00530600,BATES TECHNICAL COLLEGE                 ,WA,98405-0000,Public       ,21,130,151,1391,5307,6698
00537200,SOUTH PUGET SOUND COMMUNITY COLLEGE     ,WA,98512-6292,Public       ,10,67,77,2656,6063,8719
00537300,LAKE WASHINGTON TECHNICAL COLLEGE       ,WA,98034-8505,Public       ,9,44,53,1111,3253,4364
00575200,CLOVER PARK TECHNICAL COLLEGE           ,WA,98499-0000,Public       ,17,76,93,1853,7145,8998
00815500,EVERGREEN STATE COLLEGE (THE)           ,WA,98505-0002,Public       ,14,34,48,3990,5088,9078
00907901,EVEREST COLLEGE                         ,WA,98684-6950,Proprietary  ,3,25,28,233,852,1085
00938700,PERRY TECHNICAL INSTITUTE               ,WA,98903-1239,Private      ,21,21,42,981,1382,2363
00954400,SPOKANE FALLS COMMUNITY COLLEGE         ,WA,99224-5204,Public       ,13,74,87,5154,8334,13488
00970400,NORTH SEATTLE COMMUNITY COLLEGE         ,WA,98103-3599,Public       ,22,134,156,2488,6942,9430
00970600,SOUTH SEATTLE COMMUNITY COLLEGE         ,WA,98106-1499,Public       ,15,89,104,2866,6009,8875
00973900,GLEN DOW ACAD OF HAIR DESIGN            ,WA,99201-0209,Proprietary  ,2,9,11,161,372,533
01036400,WHATCOM COMMUNITY COLLEGE               ,WA,98226-8003,Public       ,21,33,54,2587,3864,6451
01043400,RENTON TECHNICAL COLLEGE                ,WA,98056-0000,Public       ,16,66,82,1431,4166,5597
01148100,DIVERS INSTITUTE OF TECHNOLOGY          ,WA,98107-0000,Proprietary  ,6,32,38,235,806,1041
01231500,CORNISH COLLEGE OF THE ARTS             ,WA,98121-4604,Private      ,3,4,7,1680,591,2271
01249600,TONI & GUY HAIRDRESSING ACADEMY         ,WA,98133-5615,Proprietary  ,1,6,7,40,77,117
01302200,CITY UNIVERSITY OF SEATTLE              ,WA,98005-0000,Private      ,6,38,44,348,2781,3129
01309400,BELLINGHAM BEAUTY SCHOOL                ,WA,98226-5515,Proprietary  ,0,0,0,17,72,89
02105300,EVERGREEN BEAUTY AND BARBER COLLEGE     ,WA,98007-3722,Proprietary  ,2,7,9,100,243,343
02106700,TRINITY LUTHERAN COLLEGE                ,WA,98201-3569,Private      ,0,3,3,317,185,502
02180000,NORTHWEST INDIAN COLLEGE                ,WA,98226-9278,Public       ,1,37,38,258,1052,1310
02184200,PAROBA COLLEGE OF COSMETOLOGY           ,WA,98208-0000,Proprietary  ,2,6,8,86,294,380
02202200,STYLEMASTERS COLLEGE OF HAIR DESIGN     ,WA,98632-0000,Proprietary  ,2,8,10,52,228,280
02203300,GENE JUAREZ BEAUTY SCHOOLS              ,WA,98043-5427,Proprietary  ,10,37,47,325,562,887
02222900,INTERNATIONAL AIR & HOSPITALITY ACADEMY ,WA,98661-4835,Proprietary  ,9,40,49,421,941,1362
02236800,PROFESSIONAL BEAUTY SCHOOL              ,WA,98902-0000,Proprietary  ,4,2,6,83,166,249
02242500,BASTYR UNIVERSITY                       ,WA,98028-0000,Private      ,1,13,14,235,1931,2166
02291300,ART INSTITUTE OF SEATTLE                ,WA,98121-1622,Proprietary  ,26,44,70,2311,2516,4827
02300100,EVEREST COLLEGE                         ,WA,98367-1835,Proprietary  ,7,24,31,180,603,783
02300103,EVEREST COLLEGE - EVERETT               ,WA,98208-2610,Proprietary  ,9,56,65,343,1089,1432
02300104,EVEREST COLLEGE - TACOMA                ,WA,98402-3004,Proprietary  ,20,108,128,539,2258,2797
02326500,INTERFACE COLLEGE                       ,WA,99201-4326,Proprietary  ,0,6,6,46,338,384
02331400,NORTHWEST HAIR ACADEMY                  ,WA,98273-0000,Proprietary  ,2,5,7,62,168,230
02331402,NORTHWEST HAIR ACADEMY - EVERETT        ,WA,98204-0000,Proprietary  ,0,5,5,37,136,173
02331404,NORTHWEST HAIR ACADEMY - YAKIMA         ,WA,98901-2305,Proprietary  ,2,2,4,25,78,103
02504900,ACADEMY OF HAIR DESIGN (THE)            ,WA,98801-0000,Proprietary  ,0,2,2,57,141,198
02541900,BJ'S BEAUTY AND BARBER COLLEGE          ,WA,98409-0000,Proprietary  ,2,14,16,85,449,534
02602100,NORTHWEST COLLEGE OF ART & DESIGN       ,WA,98370-8625,Proprietary  ,1,2,3,185,102,287
02606200,EVEREST COLLEGE                         ,WA,98055-2990,Proprietary  ,12,43,55,332,1011,1343
02617500,EVEREST COLLEGE                         ,WA,98133-9018,Proprietary  ,2,24,26,329,779,1108
03031406,INTERNATIONAL ACADEMY OF DESIGN & TECH  ,WA,98188-3319,Proprietary  ,4,9,13,332,650,982
03065000,LUCAS MARC ACADEMY                      ,WA,99352-9700,Proprietary  ,2,7,9,89,199,288
03071800,ITT TECHNICAL INSTITUTE                 ,WA,99216-1589,Proprietary  ,14,86,100,437,2022,2459
03071805,ITT TECHNICAL INSTITUTE - SEATTLE       ,WA,98168-3346,Proprietary  ,21,154,175,665,2975,3640
03099000,CORTIVA INSTITUTE - SEATTLE             ,WA,98109-5474,Proprietary  ,2,19,21,158,567,725
03110800,BAKKE GRADUATE UNIVERSITY               ,WA,98104-1222,Private      ,0,4,4,16,92,108
03139500,MONTESSORI SCHOOLS OF WASHINGTON        ,WA,98203-6600,Private      ,0,1,1,11,41,52
03280300,SEATTLE INST OF ORIENTAL MEDICINE       ,WA,98115-0000,Proprietary  ,0,1,1,54,199,253
03283300,NORTHWEST HVAC/R ASSOCIATION & TRAINING ,WA,99207-2125,Private      ,1,3,4,40,163,203
03466400,SEATTLE SCHOOL OF THEOLOGY AND PSYCHOLOG,WA,98121-1177,Private      ,3,5,8,117,586,703
03483500,CASCADIA COMMUNITY COLLEGE              ,WA,98011-9510,Public       ,7,25,32,1671,2012,3683
03490400,EMIL FRIES PIANO HOSPITAL & TRAININ     ,WA,98661-4323,Private      ,0,0,0,12,46,58
03670301,TONI&GUY HAIRDRESSING ACADEMY -         ,WA,98225-4526,Proprietary  ,2,5,7,89,188,277
03689400,FAITH EVANGELICAL COLLEGE & SEMINARY    ,WA,98407-2607,Private      ,0,9,9,36,434,470
03724300,DIGIPEN INSTITUTE OF TECHNOLOGY         ,WA,98052-5170,Proprietary  ,2,5,7,1327,580,1907
03917300,EVERGREEN BEAUTY AND BARBER COLLEGE     ,WA,98208-3759,Proprietary  ,7,36,43,196,568,764
03932500,TOTAL COSMETOLOGY TRAINING CENTER       ,WA,99217-6231,Proprietary  ,1,13,14,84,332,416
04120000,SUNNYSIDE BEAUTY ACADEMY                ,WA,98944-8711,Proprietary  ,0,2,2,13,53,66
04127200,VICTORIA'S ACADEMY OF COSMETOLOGY       ,WA,99336-3826,Proprietary  ,3,4,7,109,275,384
04130500,PACIFIC NORTHWEST UNIV OF HEALTH SCIENCE,WA,98901-1471,Private      ,1,2,3,83,733,816
04130800,CASCADE BEAUTY COLLEGE                  ,WA,98002-5504,Proprietary  ,1,6,7,42,147,189
04132800,INLAND MASSAGE INSTITUTE                ,WA,99218-5016,Proprietary  ,0,1,1,53,218,271
04149400,GARY MANUEL AVEDA INSTITUTE             ,WA,98122-3807,Proprietary  ,9,16,25,258,553,811
04155000,NORTHWEST SCHOOL OF WOODEN BOAT BUILDING,WA,98339-8706,Private      ,0,3,3,12,115,127
04161200,PINCHOT UNIVERSITY                      ,WA,98104-2617,Private      ,1,2,3,7,151,158
04170100,SALON PROFESSIONAL ACADEMY (THE)        ,WA,98409-7360,Proprietary  ,0,9,9,156,456,612
04172900,ACADEMY OF COSMETOLOGY                  ,WA,99354-2651,Proprietary  ,1,2,3,68,127,195
04188900,NORTHWEST INSTITUTE OF LITERARY ARTS    ,WA,98249-0000,Private      ,0,0,0,9,58,67
04191900,PAUL MITCHELL THE SCHOOL SPOKANE        ,WA,99037-5041,Proprietary  ,3,3,6,207,382,589
04223600,ACADEMY OF INTERACTIVE ENTERTAINMENT    ,WA,98109-4623,Private      ,1,3,4,208,250,458
04231000,STUDIO BEAUTY SCHOOL                    ,WA,99205-3357,Proprietary  ,1,4,5,19,58,77
00340100,BROWN UNIVERSITY                        ,RI,02912-9127,Private      ,10,3,13,19206,1018,20224
00340101,BROWN UNIVERSITY - GRADUATE SCHOOL      ,RI,02912-1827,Private      ,1,3,4,79,1651,1730
00340102,BROWN MEDICAL SCHOOL                    ,RI,02912-0000,Private      ,0,2,2,65,574,639
00340200,BRYANT UNIVERSITY                       ,RI,02917-1284,Private      ,6,8,14,5780,647,6427
00340400,JOHNSON & WALES UNIVERSITY              ,RI,02903-3703,Private      ,60,71,131,20252,5338,25590
00340600,PROVIDENCE COLLEGE                      ,RI,02918-0001,Private      ,7,15,22,8032,1153,9185
00340700,RHODE ISLAND COLLEGE                    ,RI,02908-1991,Public       ,11,38,49,8667,5493,14160
00340800,COMMUNITY COLLEGE OF RI - WARWICK       ,RI,02906-0000,Public       ,53,162,215,10347,13205,23552
00340900,RHODE ISLAND SCHOOL OF DESIGN           ,RI,02903-2784,Private      ,1,6,7,3027,1069,4096
00341000,ROGER WILLIAMS UNIVERSITY               ,RI,02809-2921,Private      ,3,6,9,9251,1749,11000
00341100,SALVE REGINA UNIVERSITY                 ,RI,02840-4192,Private      ,1,6,7,4565,728,5293
00341400,UNIVERSITY OF RHODE ISLAND              ,RI,02881-0000,Public       ,28,39,67,24446,4821,29267
00659100,ST. JOSEPH HOSP SCH OF NURSING          ,RI,02904-5199,Private      ,0,0,0,103,350,453
00784400,SANFORD-BROWN INSTITUTE                 ,RI,02920-7807,Proprietary  ,0,0,0,5,17,22
00784500,NEW ENGLAND INSTITUTE OF TECHNOLOGY     ,RI,02886-0000,Private      ,5,17,22,2959,3409,6368
01246116,LINCOLN TECHNICAL INSTITUTE - LINCOLN   ,RI,02865-4211,Proprietary  ,20,56,76,475,1097,1572
02531802,PAUL MITCHELL THE SCHOOL-CRANSTON       ,RI,02920-0000,Proprietary  ,2,5,7,166,187,353
02584400,NEW ENGLAND TRACTOR TRAILER TRAINING SCH,RI,02860-1752,Proprietary  ,15,212,227,192,1688,1880
03080000,NEWPORT SCHOOL OF HAIRDRESSING          ,RI,02860-4038,Proprietary  ,1,5,6,20,74,94
03732300,INTERNATIONAL YACHT RESTORATION SCH     ,RI,02840-6720,Private      ,0,1,1,55,63,118
04141200,TONI & GUY HAIRDRESSING ACADEMY         ,RI,02920-0000,Proprietary  ,2,10,12,140,167,307
04246000,MKG BEAUTY & BUSINESS                   ,RI,02920-4358,Proprietary  ,1,5,6,10,16,26
00294102,LENOIR-RHYNE UNIVERSITY - LUTHERAN THEOL,SC,29203-5863,Private      ,0,1,1,5,154,159
00341700,ALLEN UNIVERSITY                        ,SC,29204-1085,Private      ,12,8,20,1084,697,1781
00341800,ANDERSON UNIVERSITY                     ,SC,29621-4035,Private      ,8,38,46,3457,1612,5069
00341900,CHARLESTON SOUTHERN UNIVERSITY          ,SC,29406-2160,Private      ,47,54,101,5047,2988,8035
00342000,BENEDICT COLLEGE                        ,SC,29204-1086,Private      ,29,21,50,3788,1881,5669
00342100,BOB JONES UNIVERSITY                    ,SC,29614-1000,Proprietary  ,6,8,14,2713,510,3223
00342200,SOUTHERN WESLEYAN UNIVERSITY            ,SC,29630-1020,Private      ,2,79,81,960,2002,2962
00342300,THE CITADEL                             ,SC,29409-0002,Public       ,12,42,54,3407,1522,4929
00342400,CLAFLIN UNIVERSITY                      ,SC,29115-4498,Private      ,141,42,183,3007,1394,4401
00342500,CLEMSON UNIVERSITY                      ,SC,29634-0001,Public       ,45,96,141,22541,4879,27420
00342600,UNIV OF SC AT SUMTER                    ,SC,29150-2498,Public       ,2,17,19,984,951,1935
00342700,COKER COLLEGE                           ,SC,29550-3797,Private      ,6,23,29,1317,1076,2393
00342800,COLLEGE OF CHARLESTON                   ,SC,29424-0100,Public       ,27,43,70,12990,3722,16712
00342900,COLUMBIA INTERNATIONAL UNIVERSITY       ,SC,29203-1599,Private      ,3,10,13,664,826,1490
00343000,COLUMBIA COLLEGE                        ,SC,29203-5998,Private      ,10,71,81,1233,2271,3504
00343100,CONVERSE COLLEGE                        ,SC,29302-1931,Private      ,2,21,23,1347,849,2196
00343200,ERSKINE COLLEGE                         ,SC,29639-0000,Private      ,2,0,2,804,82,886
00343201,ERSKINE THEOLOGICAL SEMINARY            ,SC,29639-0000,Private      ,0,6,6,3,103,106
00343400,FURMAN UNIVERSITY                       ,SC,29613-5253,Private      ,9,15,24,3845,674,4519
00343500,LANDER UNIVERSITY                       ,SC,29649-2099,Public       ,12,9,21,4076,1112,5188
00343600,LIMESTONE COLLEGE                       ,SC,29340-3799,Private      ,11,64,75,2373,3397,5770
00343800,MEDICAL UNIV OF SOUTH CAROLINA - FA     ,SC,29425-1760,Public       ,7,26,33,508,3757,4265
00343900,MORRIS COLLEGE                          ,SC,29150-3599,Private      ,11,13,24,1242,662,1904
00344000,NEWBERRY COLLEGE                        ,SC,29108-2197,Private      ,7,4,11,1811,447,2258
00344100,NORTH GREENVILLE COLLEGE                ,SC,29688-1892,Private      ,8,34,42,2824,725,3549
00344500,PRESBYTERIAN COLLEGE                    ,SC,29325-2503,Private      ,2,3,5,1787,463,2250
00344600,SOUTH CAROLINA STATE UNIVERSITY         ,SC,29117-4427,Public       ,40,37,77,5163,2848,8011
00344700,SPARTANBURG METHODIST COLLEGE           ,SC,29301-5899,Private      ,12,8,20,1494,343,1837
00344800,UNIVERSITY OF SOUTH CAROLINA            ,SC,29208-3999,Public       ,73,252,325,31810,14574,46384
00344900,UNIVERSITY OF SOUTH CAROLINA AIKEN      ,SC,29801-6399,Public       ,20,18,38,3873,2026,5899
00345000,UNIV OF SC AT BEAUFORT                  ,SC,29902-0000,Public       ,10,21,31,2268,1539,3807
00345100,COASTAL CAROLINA UNIVERSITY             ,SC,29528-0000,Public       ,80,69,149,15051,3726,18777
00345300,UNIV OF SC AT LANCASTER                 ,SC,29721-0889,Public       ,4,9,13,1217,877,2094
00345400,UNIV OF SC SYSTEM SALKEHATCHIE          ,SC,29810-0617,Public       ,6,11,17,756,704,1460
00345500,VOORHEES COLLEGE                        ,SC,29042-0000,Private      ,9,11,20,813,337,1150
00345600,WINTHROP UNIVERSITY                     ,SC,29733-0001,Public       ,13,29,42,7084,2599,9683
00345700,WOFFORD COLLEGE                         ,SC,29303-3663,Private      ,4,3,7,2724,282,3006
00399000,FLORENCE-DARLINGTON TECH COLLEGE        ,SC,29501-0548,Public       ,47,150,197,3676,7561,11237
00399100,GREENVILLE TECHNICAL COLLEGE            ,SC,29607-2439,Public       ,92,323,415,8308,12795,21103
00399200,PIEDMONT TECHNICAL COLLEGE              ,SC,29648-1467,Public       ,33,140,173,2852,6162,9014
00399300,MIDLANDS TECHNICAL COLLEGE              ,SC,29202-0000,Public       ,89,298,387,8462,12638,21100
00399400,SPARTANBURG COMMUNITY COLLEGE           ,SC,29305-0000,Public       ,24,120,144,3676,5232,8908
00399500,CENTRAL CAROLINA TECHNICAL COLLEGE      ,SC,29150-2499,Public       ,46,162,208,2011,4891,6902
00399600,YORK TECHNICAL COLLEGE                  ,SC,29730-3395,Public       ,33,127,160,3452,5675,9127
00492000,TRIDENT TECHNICAL COLLEGE               ,SC,29423-8067,Public       ,117,496,613,7834,16888,24722
00492300,CLINTON JR COLLEGE                      ,SC,29730-5152,Private      ,2,6,8,207,252,459
00492400,FORREST COLLEGE                         ,SC,29624-2405,Proprietary  ,1,17,18,45,335,380
00492500,HORRY-GEORGETOWN TECH COLLEGE           ,SC,29526-9521,Public       ,44,121,165,4508,7720,12228
00492600,TRI-COUNTY TECHNICAL COLLEGE            ,SC,29670-9133,Public       ,37,68,105,4735,4266,9001
00492700,UNIV OF SC AT UNION                     ,SC,29379-0729,Public       ,1,3,4,345,377,722
00499204,MILLER-MOTTE TECHNICAL COLLEGE - CONWAY ,SC,29526-9508,Proprietary  ,9,50,59,416,1579,1995
00536300,DENMARK TECHNICAL COLLEGE               ,SC,29042-0000,Public       ,22,155,177,783,2349,3132
00681500,ORANGEBURG-CALHOUN TECHNICAL COLG       ,SC,29118-8299,Public       ,36,94,130,2002,3091,5093
00695100,UNIVERSITY OF SOUTH CAROLINA UPSTATE    ,SC,29303-9972,Public       ,23,40,63,6911,3885,10796
00760200,NORTHEASTERN TECHNICAL COLLEGE          ,SC,29520-7015,Public       ,12,38,50,732,1288,2020
00922600,FRANCIS MARION UNIVERSITY               ,SC,29501-0000,Public       ,18,42,60,4979,2409,7388
00932200,WILLIAMSBURG TECHNICAL COLLEGE          ,SC,29556-4197,Public       ,41,42,83,389,740,1129
00991000,TECHNICAL COLLEGE OF THE LOWCOUNTRY     ,SC,29902-5441,Public       ,29,81,110,1231,3528,4759
00991100,UNIV OF SC-REGIONAL CAMPUSES ADMIN      ,SC,29208-0001,Public       ,4,6,10,322,386,708
01005600,AIKEN TECHNICAL COLLEGE                 ,SC,29802-0696,Public       ,25,80,105,1716,3530,5246
01019806,ECPI UNIVERSITY - GREENVILLE            ,SC,29615-4232,Proprietary  ,1,29,30,137,989,1126
01019809,ECPI UNIVERSITY - CHARLESTON            ,SC,29420-4264,Proprietary  ,8,37,45,133,911,1044
01019811,ECPI UNIVERSITY - COLUMBIA              ,SC,29210-6467,Proprietary  ,6,28,34,92,564,656
01179901,PAUL MITCHELL THE SCHOOL COLUMBIA       ,SC,29201-3126,Proprietary  ,6,12,18,139,322,461
01179902,PAUL MITCHELL THE SCHOOL CHARLESTON     ,SC,29418-6993,Proprietary  ,6,11,17,138,351,489
01179903,PAUL MITCHELL THE SCHOOL FAYETTEVILLE - ,SC,29607-0000,Proprietary  ,2,8,10,101,182,283
01209200,KENNETH SHULER SCHOOL OF COSMETOLOGY    ,SC,29732-2169,Proprietary  ,12,26,38,192,520,712
01303907,SOUTH UNIVERSITY                        ,SC,29203-6400,Proprietary  ,16,155,171,564,3535,4099
02063700,SHERMAN CLG STRAIGHT CHIROPRACTIC       ,SC,29316-0000,Private      ,0,1,1,20,449,469
02338600,CHARZANNE BEAUTY COLLEGE                ,SC,29649-0000,Proprietary  ,1,4,5,34,111,145
02341100,KENNETH SHULER SCHOOL OF COSMETOLOGY & N,SC,29210-0000,Proprietary  ,12,56,68,266,848,1114
02356600,CHARLESTON COSMETOLOGY INSTITUTE        ,SC,29420-0000,Proprietary  ,2,10,12,70,206,276
02359802,ITT TECHNICAL INSTITUTE -               ,SC,29615-4506,Proprietary  ,0,0,0,0,2,2
02552400,ACADEMY OF HAIR TECHNOLOGY              ,SC,29615-2363,Proprietary  ,2,9,11,62,231,293
02567600,SUMTER BEAUTY COLLEGE                   ,SC,29150-0000,Proprietary  ,1,6,7,38,137,175
02614202,MILLER - MOTTE TECHNICAL COLLEGE - NORTH,SC,29406-9239,Proprietary  ,16,51,67,369,1550,1919
03010614,VIRGINIA COLLEGE - GOLF ACADEMY OF AMERI,SC,29579-0000,Proprietary  ,1,7,8,103,207,310
03010617,VIRGINIA COLLEGE - GREENVILLE           ,SC,29607-7200,Proprietary  ,2,22,24,187,896,1083
03010620,VIRGINIA COLLEGE - CHARLESTON           ,SC,29406-4999,Proprietary  ,5,9,14,191,753,944
03010621,VIRGINIA COLLEGE - COLUMBIA             ,SC,29223-7527,Proprietary  ,4,28,32,190,1014,1204
03052300,KENNETH SHULER SCH COSM & HAIR DESG     ,SC,29841-2013,Proprietary  ,7,30,37,180,477,657
03293300,STRAND COLLEGE OF HAIR DESIGN           ,SC,29572-4310,Proprietary  ,1,4,5,54,142,196
03304300,CENTURA COLLEGE                         ,SC,29406-9235,Proprietary  ,8,59,67,135,754,889
03513300,LACY COSMETOLOGY SCHOOL                 ,SC,29803-9084,Proprietary  ,0,0,0,5,9,14
03513301,LACY COSMETOLOGY SCHOOL -               ,SC,29072-0000,Proprietary  ,0,0,0,3,8,11
03513302,LACY COSMETOLOGY SCHOOL -               ,SC,29445-0000,Proprietary  ,0,0,0,6,5,11
03513303,LACY COSMETOLOGY SCHOOL - WEST ASHLEY   ,SC,29407-4605,Proprietary  ,0,0,0,3,6,9
03555400,SOUTHEASTERN INSTITUTE                  ,SC,29406-0000,Proprietary  ,3,15,18,40,180,220
03709301,EDWARD VIA VIRGINIA COLLEGE OF OSTEOPATH,SC,29303-3639,Private      ,0,3,3,22,773,795
03746300,LEGRAND INSTITUTE OF COSMETOLOGY        ,SC,29020-0000,Proprietary  ,0,1,1,27,58,85
03746400,SOUTHEASTERN INSTITUTE                  ,SC,29210-0000,Proprietary  ,3,35,38,87,542,629
03768400,STYLETRENDS BARBER AND HAIRSTYLING ACADE,SC,29730-4511,Proprietary  ,0,5,5,23,95,118
04083300,MARION COUNTY TECHNICAL EDUCATION CENTER,SC,29571-0000,Public       ,0,1,1,24,142,166
04096300,CHARLESTON SCHOOL OF LAW                ,SC,29402-0535,Proprietary  ,0,4,4,62,900,962
04158100,AIKEN SCHOOL OF COSMETOLOGY             ,SC,29801-4554,Proprietary  ,3,2,5,39,116,155
04166900,COSMETIC ARTS INSTITUTE                 ,SC,29488-4216,Proprietary  ,2,3,5,25,71,96
04172600,SALON 496 BARBER ACADEMY                ,SC,29607-2548,Proprietary  ,2,8,10,21,163,184
04192600,PALMETTO BEAUTY SCHOOL                  ,SC,29307-1424,Proprietary  ,6,7,13,59,161,220
04202900,JOLEI'S HAIR INSTITUTE                  ,SC,29114-9337,Proprietary  ,0,0,0,11,59,70
00345800,AUGUSTANA COLLEGE                       ,SD,57197-0001,Private      ,1,18,19,1668,350,2018
00345900,BLACK HILLS STATE UNIVERSITY            ,SD,57799-9670,Public       ,5,32,37,2355,1745,4100
00346100,DAKOTA WESLEYAN UNIVERSITY              ,SD,57301-4398,Private      ,1,5,6,786,329,1115
00346300,DAKOTA STATE UNIVERSITY                 ,SD,57042-1799,Public       ,1,15,16,1361,1042,2403
00346500,MOUNT MARTY COLLEGE                     ,SD,57078-3724,Private      ,4,5,9,502,413,915
00346600,NORTHERN STATE UNIVERSITY               ,SD,57401-7198,Public       ,6,17,23,1662,836,2498
00346700,PRESENTATION COLLEGE                    ,SD,57401-1299,Private      ,1,16,17,593,565,1158
00346900,UNIVERSITY OF SIOUX FALLS               ,SD,57105-1699,Private      ,0,18,18,1355,727,2082
00347000,SOUTH DAKOTA SCH OF MINES & TECH        ,SD,57701-3995,Public       ,3,6,9,2204,740,2944
00347100,SOUTH DAKOTA STATE UNIVERSITY           ,SD,57007-2298,Public       ,12,27,39,8624,3193,11817
00347400,UNIVERSITY OF SOUTH DAKOTA              ,SD,57069-2390,Public       ,8,31,39,5656,4475,10131
00405600,SIOUX FALLS SEMINARY                    ,SD,57105-2729,Private      ,0,3,3,4,92,96
00405700,NATIONAL AMERICAN UNIVERSITY            ,SD,57701-3692,Proprietary  ,8,117,125,859,13924,14783
00405707,NATIONAL AMERICAN UNIVERSITY - SIOUX FAL,SD,57108-4293,Proprietary  ,0,7,7,66,743,809
00492900,MCKENNAN HOSP-RADOLOGICAL TECH          ,SD,57101-0000,Private      ,0,0,0,32,35,67
00530900,LAKE AREA TECHNICAL INSTITUTE           ,SD,57201-0730,Public       ,3,5,8,1251,642,1893
00598700,AVERA SACRED HEART HOSPITAL SCHOOL OF RA,SD,57078-3899,Private      ,1,0,1,12,12,24
00776400,SOUTHEAST TECHNICAL INST                ,SD,57107-0000,Public       ,9,23,32,1405,1754,3159
00828400,MITCHELL TECHNICAL INSTITUTE            ,SD,57301-9931,Public       ,5,2,7,847,454,1301
01013800,STEWART SCHOOL                          ,SD,57104-0000,Proprietary  ,2,3,5,102,137,239
01014804,COLORADO TECHNICAL UNIVERSITY           ,SD,57108-2272,Proprietary  ,0,2,2,57,267,324
01017000,WESTERN DAKOTA TECHNICAL INSTITUTE      ,SD,57701-4018,Public       ,5,18,23,525,1019,1544
01147700,SANFORD MEDICAL CENTER                  ,SD,57117-5039,Private      ,0,0,0,28,33,61
01465900,OGLALA LAKOTA COLLEGE                   ,SD,57752-0490,Public       ,2,18,20,373,1616,1989
02137100,BLACK HILLS BEAUTY COLLEGE              ,SD,57701-0000,Proprietary  ,5,4,9,120,151,271
02143700,SINTE GLESKA UNIVERSITY                 ,SD,57570-0000,Public       ,1,8,9,137,618,755
02144600,KILIAN COMMUNITY COLLEGE                ,SD,57103-7020,Private      ,1,4,5,116,363,479
02277300,SISSETON WAHPETON COLLEGE               ,SD,57262-0000,Public       ,1,0,1,39,169,208
02297800,HEADLINES ACADEMY                       ,SD,57701-2733,Proprietary  ,0,7,7,68,150,218
00347700,AQUINAS COLLEGE                         ,TN,37205-2086,Private      ,0,4,4,342,754,1096
00347800,AUSTIN PEAY STATE UNIVERSITY            ,TN,37044-0002,Public       ,34,209,243,8954,9263,18217
00347900,BELMONT UNIVERSITY                      ,TN,37212-3757,Private      ,15,33,48,8888,4199,13087
00348000,BETHEL UNIVERSITY                       ,TN,38201-1705,Private      ,13,277,290,2189,8329,10518
00348100,CARSON - NEWMAN UNIVERSITY              ,TN,37760-2204,Private      ,10,16,26,3711,1184,4895
00348200,CHRISTIAN BROTHERS UNIVERSITY           ,TN,38104-5581,Private      ,6,42,48,2793,2309,5102
00348300,COLUMBIA STATE COMMUNITY COLLEGE        ,TN,38401-5653,Public       ,24,94,118,3635,3701,7336
00348500,CUMBERLAND UNIVERSITY                   ,TN,37087-3554,Private      ,1,29,30,1591,1301,2892
00348600,LIPSCOMB UNIVERSITY                     ,TN,37204-3951,Private      ,14,60,74,4282,3071,7353
00348700,EAST TENNESSEE STATE UNIV - MAIN CAMPUS ,TN,37614-2857,Public       ,38,146,184,13249,9290,22539
00348701,EAST TENNESSEE STATE UNIV - MEDICINE    ,TN,37614-1708,Public       ,1,5,6,430,751,1181
00348709,EAST TENNESSEE STATE UNIV - PHARMACY    ,TN,37614-1704,Public       ,0,2,2,152,503,655
00349000,FISK UNIVERSITY                         ,TN,37208-3045,Private      ,10,9,19,1881,978,2859
00349200,FREED-HARDEMAN UNIVERSITY               ,TN,38340-2399,Private      ,0,18,18,1914,1110,3024
00349400,HIWASSEE COLLEGE                        ,TN,37354-4001,Private      ,5,4,9,445,236,681
00349500,JOHNSON UNIVERSITY                      ,TN,37998-9775,Private      ,0,15,15,1184,858,2042
00349600,KING UNIVERSITY                         ,TN,37620-2699,Private      ,3,72,75,1685,3511,5196
00349900,LANE COLLEGE                            ,TN,38301-4598,Private      ,22,14,36,2040,1123,3163
00350000,LEE UNIVERSITY                          ,TN,37320-0000,Private      ,10,50,60,4440,2111,6551
00350100,LEMOYNE-OWEN COLLEGE                    ,TN,38126-6510,Private      ,19,41,60,1998,2735,4733
00350200,LINCOLN MEMORIAL UNIVERSITY             ,TN,37752-7920,Private      ,6,45,51,2152,3881,6033
00350400,MARTIN METHODIST COLLEGE                ,TN,38478-2799,Private      ,3,6,9,1126,498,1624
00350500,MARYVILLE COLLEGE                       ,TN,37804-5907,Private      ,5,4,9,2269,419,2688
00350600,MEHARRY MEDICAL COLLEGE                 ,TN,37208-0000,Private      ,0,5,5,134,1372,1506
00350700,MEMPHIS COLLEGE OF ART                  ,TN,38104-2764,Private      ,5,7,12,956,531,1487
00350900,UNIVERSITY OF MEMPHIS (THE)             ,TN,38152-4611,Public       ,85,223,308,19331,19014,38345
00351000,MIDDLE TENNESSEE STATE UNIV             ,TN,37130-0000,Public       ,56,205,261,24841,14728,39569
00351100,MILLIGAN COLLEGE                        ,TN,37682-4001,Private      ,1,5,6,1239,659,1898
00351700,SOUTHERN COLLEGE OF OPTOMETRY           ,TN,38104-2222,Private      ,0,5,5,55,690,745
00351800,SOUTHERN ADVENTIST UNIVERSITY           ,TN,37315-0370,Private      ,8,18,26,2884,1174,4058
00351900,RHODES COLLEGE                          ,TN,38112-1690,Private      ,7,16,23,3414,755,4169
00352200,TENNESSEE STATE UNIVERSITY              ,TN,37209-1561,Public       ,66,148,214,12508,10679,23187
00352300,TENNESSEE TECHNOLOGICAL UNIV            ,TN,38505-0001,Public       ,15,75,90,11544,4101,15645
00352400,TENNESSEE TEMPLE UNIVERSITY             ,TN,37404-3587,Private      ,2,9,11,473,769,1242
00352500,TENNESSEE WESLEYAN COLLEGE              ,TN,37371-0040,Private      ,3,11,14,1278,737,2015
00352600,TREVECCA NAZARENE UNIVERSITY            ,TN,37210-2877,Private      ,3,62,65,1770,2406,4176
00352700,TUSCULUM COLLEGE                        ,TN,37743-0001,Private      ,3,22,25,2480,1881,4361
00352800,UNION UNIVERSITY                        ,TN,38305-3697,Private      ,8,63,71,2900,3388,6288
00352900,UNIVERSITY OF TENNESSEE-CHATTANOOGA     ,TN,37403-2598,Public       ,59,86,145,16044,6184,22228
00353000,UNIVERSITY OF TENNESSEE-KNOXVILLE       ,TN,37996-0150,Public       ,70,103,173,30449,11330,41779
00353006,UNIVERSITY OF TENNESSEE-HEALTH SCI CTR  ,TN,38103-0000,Public       ,5,25,30,769,4516,5285
00353100,UNIVERSITY OF TENNESSEE-MARTIN          ,TN,38238-0002,Public       ,18,72,90,8080,3947,12027
00353400,UNIVERSITY OF THE SOUTH                 ,TN,37383-1000,Private      ,1,6,7,2478,185,2663
00353500,VANDERBILT UNIVERSITY                   ,TN,37240-0001,Private      ,17,29,46,20532,7722,28254
00353501,VANDERBILT UNIV MED CTR ALLIEDHEAL      ,TN,37232-5510,Private      ,1,6,7,257,727,984
00353600,BRYAN COLLEGE                           ,TN,37321-7000,Private      ,0,9,9,1190,974,2164
00399800,CHATTANOOGA STATE COMMUNITY COLLEGE     ,TN,37406-1097,Public       ,61,257,318,6636,10266,16902
00399900,CLEVELAND STATE COMMUNITY COLLEGE       ,TN,37312-2858,Public       ,16,76,92,2551,2956,5507
00402500,TENNESSEE COLLEGE OF APPLIED TECHNOLOGY ,TN,37919-2327,Public       ,3,36,39,916,2112,3028
00402600,TENNESSEE COLLEGE OF APPLIED TECHNOLOGY ,TN,38555-4142,Public       ,2,11,13,666,668,1334
00461700,NATIONAL COLLEGE                        ,TN,37211-6605,Proprietary  ,2,49,51,326,1935,2261
00493400,DAYMAR INSTITUTE                        ,TN,37217-1056,Proprietary  ,6,55,61,107,641,748
00493401,DAYMAR INSTITUTE - CLARKSVILLE          ,TN,37040-6718,Proprietary  ,14,89,103,242,1329,1571
00493404,DAYMAR INSTITUTE - MURFREESBORO         ,TN,37128-5508,Proprietary  ,8,30,38,159,547,706
00493700,JACKSON STATE COMMUNITY COLLEGE         ,TN,38301-3797,Public       ,18,66,84,3442,4206,7648
00493800,SOUTH COLLEGE                           ,TN,37909-3323,Proprietary  ,16,122,138,620,2845,3465
00494700,WEST TENNESSEE BUSINESS COLLEGE         ,TN,38301-3256,Proprietary  ,2,16,18,145,673,818
00528000,TENNESSEE COLLEGE OF APPLIED TECHNOLOGY ,TN,38019-0249,Public       ,1,6,7,201,469,670
00528100,TENNESSEE COLLEGE OF APPLIED TECHNOLOGY ,TN,37643-6054,Public       ,10,15,25,395,1007,1402
00528200,TENNESSEE COLLEGE OF APPLIED TECHNOLOGY-,TN,37074-2032,Public       ,0,6,6,240,396,636
00528300,TENNESSEE COLLEGE OF APPLIED TECHNOLOGY ,TN,38059-1198,Public       ,0,6,6,213,496,709
00530700,TENNESSEE COLLEGE OF APPLIED TECHNOLOGY-,TN,37110-1322,Public       ,1,6,7,287,449,736
00535100,TENNESSEE COLLEGE OF APPLIED TECHNOLOGY ,TN,37813-2094,Public       ,6,26,32,641,1161,1802
00535200,TENNESSEE COLLEGE OF APPLIED TECHNOLOGY-,TN,38201-1620,Public       ,0,5,5,154,305,459
00535300,TENNESSEE COLLEGE OF APPLIED TECHNOLOGY-,TN,38570-1291,Public       ,0,7,7,336,444,780
00535400,TENNESSEE COLLEGE OF APPLIED TECHNOLOGY-,TN,38301-9609,Public       ,0,17,17,544,1227,1771
00535600,TENNESSEE COLLEGE OF APPLIED TECHNOLOGY ,TN,38462-2201,Public       ,0,9,9,261,425,686
00535700,TENNESSEE COLLEGE OF APPLIED TECHNOLOGY ,TN,38327-3402,Public       ,0,4,4,189,410,599
00535800,TENNESSEE COLLEGE OF APPLIED TECHNOLOGY ,TN,37371-0848,Public       ,2,4,6,347,463,810
00535900,TENNESSEE COLLEGE OF APPLIED TECHNOLOGY ,TN,37209-4515,Public       ,5,52,57,870,2126,2996
00536000,TENNESSEE COLLEGE OF APPLIED TECHNOLOGY-,TN,38105-3604,Public       ,13,54,67,1329,2998,4327
00537800,NORTHEAST STATE COMMUNITY COLLEGE       ,TN,37617-0246,Public       ,16,65,81,3829,4934,8763
00537900,TENNESSEE COLLEGE OF APPLIED TECHNOLOGY-,TN,37160-3697,Public       ,2,5,7,447,717,1164
00683500,DYERSBURG STATE COMMUNITY COLLEGE       ,TN,38024-0000,Public       ,9,62,71,1883,2734,4617
00683600,MOTLOW STATE COMMUNITY COLLEGE          ,TN,37388-7972,Public       ,12,71,83,3870,3808,7678
00732941,ITT TECHNICAL INSTITUTE                 ,TN,37932-3343,Proprietary  ,61,316,377,1138,4393,5531
00732958,ITT TECHNICAL INSTITUTE                 ,TN,37214-3717,Proprietary  ,32,216,248,826,3390,4216
00743900,FOUNTAINHEAD COLLEGE OF TECHNOLOGY      ,TN,37918-0000,Proprietary  ,1,11,12,221,643,864
00778200,TENNESSEE COLLEGE OF APPLIED TECHNOLOGY ,TN,37055-2556,Public       ,2,11,13,436,851,1287
00778300,MIDDLE TENNESSEE SCH OF ANESTHESIA      ,TN,37116-0000,Private      ,0,2,2,23,193,216
00793803,NASHVILLE AUTO DIESEL COLLEGE - NASHVILL,TN,37206-3210,Proprietary  ,94,56,150,2861,1107,3968
00814500,NASHVILLE STATE TECH CMNTY COLLEGE      ,TN,37209-0000,Public       ,42,217,259,6188,11839,18027
00865500,GENESIS CAREER COLLEGE                  ,TN,38501-1959,Proprietary  ,17,49,66,242,652,894
00885900,JOHN A GUPTON COLLEGE                   ,TN,37203-2934,Private      ,0,2,2,98,225,323
00886300,WALTERS STATE COMMUNITY COLLEGE         ,TN,37813-6899,Public       ,15,58,73,4944,4523,9467
00946400,TENNESSEE COLLEGE OF APPLIED TECHNOLOGY-,TN,38478-4541,Public       ,0,8,8,210,380,590
00956700,TENNESSEE SCHOOL OF BEAUTY              ,TN,37921-3303,Proprietary  ,3,15,18,280,574,854
00971000,TENNESSEE COLLEGE OF APPLIED TECHNOLOGY ,TN,37756-4149,Public       ,1,2,3,121,248,369
00991200,VOLUNTEER STATE COMMUNITY COLLEGE       ,TN,37066-3188,Public       ,32,122,154,4972,5577,10549
00991400,ROANE STATE COMMUNITY COLLEGE           ,TN,37748-8664,Public       ,16,79,95,4588,5232,9820
00998200,VICTORY UNIVERSITY                      ,TN,38111-4745,Proprietary  ,0,0,0,469,1246,1715
01032600,TENNESSEE COLLEGE OF APPLIED TECHNOLOGY ,TN,37748-5849,Public       ,1,6,7,261,448,709
01043900,SOUTHWEST TENNESSEE COMMUNITY COLLG     ,TN,38104-3322,Public       ,150,326,476,10223,15780,26003
01044700,"PLAZA BEAUTY SCHOOL, INC.               ",TN,38117-4822,Proprietary  ,0,0,0,172,321,493
01046000,AMERICAN BAPTIST THEOLOGICAL SEMINA     ,TN,37207-4994,Private      ,0,3,3,58,308,366
01052900,MEMPHIS THEOLOGICAL SEMINARY            ,TN,38104-0000,Private      ,0,4,4,26,441,467
01070000,TENNESSEE COLLEGE OF APPLIED TECHNOLOGY-,TN,37757-2461,Public       ,2,2,4,160,304,464
01155300,WM R MOORE COLLEGE OF TECHNOLOGY        ,TN,38104-0000,Private      ,1,6,7,219,481,700
01216400,TENNESSEE COLLEGE OF APPLIED TECHNOLOGY ,TN,38063-7359,Public       ,0,2,2,76,289,365
01254700,EMMANUEL SCHOOL OF RELIGION             ,TN,37601-0000,Private      ,0,1,1,8,59,67
01269300,PELLISSIPPI STATE COMMUNITY COLLEGE     ,TN,37933-0990,Public       ,52,127,179,7774,7668,15442
02069303,VATTEROTT COLLEGE -                     ,TN,38016-5877,Proprietary  ,21,75,96,217,753,970
02092800,TENNESSEE COLLEGE OF APPLIED TECHNOLOGY ,TN,38075-0489,Public       ,2,5,7,167,340,507
02103500,TENNESSEE COLLEGE OF APPLIED TECHNOLOGY ,TN,37129-3311,Public       ,5,25,30,673,1094,1767
02106400,O'MORE COLLEGE OF DESIGN                ,TN,37064-0000,Private      ,1,1,2,223,126,349
02125300,NASHVILLE CLG OF MEDICAL CAREERS        ,TN,37115-0000,Proprietary  ,3,14,17,59,306,365
02153100,JON NAVE UNIVERSITY OF COSMETOLOGY      ,TN,37013-3347,Proprietary  ,9,16,25,179,328,507
02157100,CONCORDE CAREER COLLEGE                 ,TN,38137-0000,Proprietary  ,38,175,213,1033,3740,4773
02160307,INTERNATIONAL ACADEMY OF DESIGN & TECH  ,TN,37212-0000,Proprietary  ,0,2,2,130,271,401
02188300,PENTECOSTAL THEOLOGICAL SEMINARY        ,TN,37320-0000,Private      ,0,4,4,8,357,365
02204200,"CHATTANOOGA COLLEGE - MEDICAL, DENTAL AN",TN,37411-0000,Proprietary  ,4,49,53,275,1055,1330
02237900,TENNESSEE COLLEGE OF APPLIED TECHNOLOGY-,TN,38242-5023,Public       ,0,7,7,200,566,766
02255000,KNOXVILLE INSTITUTE OF HAIR DESIGN      ,TN,37917-0000,Proprietary  ,1,7,8,107,314,421
02257400,ARNOLD'S BEAUTY SCHOOL                  ,TN,38358-0000,Proprietary  ,0,2,2,61,108,169
02263104,ANTHEM COLLEGE - ANTHEM CAREER COLLEGE -,TN,37214-2531,Proprietary  ,0,0,0,144,524,668
02275500,REUBEN-ALLEN COLLEGE                    ,TN,37922-0000,Proprietary  ,4,11,15,161,361,522
02278700,MR WAYNES SCH OF UNISEX HAIR DESIGN     ,TN,38501-0000,Proprietary  ,1,3,4,40,75,115
02293900,VOLUNTEER BEAUTY ACADEMY-NASHVILLE      ,TN,37115-2112,Proprietary  ,1,8,9,20,83,103
02294000,VOLUNTEER BEAUTY ACADEMY-DYERSBURG      ,TN,38024-1622,Proprietary  ,1,2,3,36,94,130
02326200,KAPLAN CAREER INSTITUTE                 ,TN,37212-5318,Proprietary  ,14,95,109,263,1411,1674
02326300,MEDVANCE INSTITUTE                      ,TN,38501-4305,Proprietary  ,5,21,26,157,396,553
02335900,VOLUNTEER BEAUTY ACADEMY-NASHVILLE      ,TN,37209-3033,Proprietary  ,1,10,11,65,183,248
02539800,QUEEN CITY COLLEGE                      ,TN,37042-0000,Proprietary  ,3,9,12,76,441,517
02540000,TENNESSEE ACADEMY OF COSMETOLOGY        ,TN,38133-0000,Proprietary  ,4,16,20,250,525,775
02578200,NOSSI COLLEGE OF ART                    ,TN,37115-5138,Proprietary  ,7,5,12,426,374,800
02595000,FAYETTEVILLE BEAUTY SCHOOL              ,TN,37334-2909,Proprietary  ,1,4,5,31,95,126
02599710,VATTEROTT COLLEGE - MEMPHIS             ,TN,38132-1714,Proprietary  ,25,156,181,508,2180,2688
02609204,VATTEROTT COLLEGE - VATTEROTT CAREER COL,TN,38133-4727,Proprietary  ,23,75,98,367,1234,1601
02614200,MILLER MOTTE BUSINESS COLLEGE           ,TN,37040-6023,Proprietary  ,8,33,41,268,1205,1473
02614203,MILLER - MOTTE TECHNICAL COLLEGE - CHATT,TN,37421-7220,Proprietary  ,5,42,47,291,1145,1436
02614204,MILLER - MOTTE TECHNICAL COLLEGE - MADIS,TN,37072-1870,Proprietary  ,13,43,56,211,838,1049
03001800,FREE WILL BAPTIST BIBLE COLLEGE         ,TN,37205-2498,Private      ,0,2,2,285,154,439
03008800,FRANKLIN ACADEMY                        ,TN,37312-3939,Private      ,2,4,6,56,152,208
03010606,VIRGINIA COLLEGE - SCH OF BUSNSS & HLTH ,TN,37411-5600,Proprietary  ,15,86,101,268,1265,1533
03024900,TENNESSEE ACADEMY OF COSMETOLOGY        ,TN,38125-3442,Proprietary  ,4,22,26,238,546,784
03026517,REMINGTON COLLEGE - MEMPHIS             ,TN,38132-2107,Private      ,5,31,36,524,1367,1891
03061100,GENESIS CAREER COLLEGE OF LEBANON       ,TN,37087-2718,Proprietary  ,7,21,28,123,312,435
03076405,BRYMAN SCHOOL OF ARIZONA (THE) - ANTHEM ,TN,38134-7345,Proprietary  ,0,0,0,162,791,953
03079100,NORTH CENTRAL INSTITUTE                 ,TN,37042-3116,Proprietary  ,0,5,5,56,229,285
03088800,"WATKINS COLLEGE OF ART, DESIGN & FILM   ",TN,37228-1306,Private      ,1,5,6,622,342,964
03126900,STYLES & PROFILES BEAUTY COLLEGE        ,TN,38375-2109,Proprietary  ,1,3,4,22,50,72
03253300,PAUL MITCHELL THE SCHOOL MEMPHIS        ,TN,38133-4067,Proprietary  ,8,7,15,188,264,452
03355400,RICHMONT GRADUATE UNIVERSITY            ,TN,37404-0000,Private      ,0,1,1,9,295,304
03440300,BAPTIST MEMORIAL COLLEGE OF HEALTH      ,TN,38104-3104,Private      ,4,28,32,1315,2801,4116
03480303,FORTIS INSTITUTE - NASHVILLE            ,TN,37211-1536,Proprietary  ,6,26,32,104,679,783
03513500,WILLIAMSON CHRISTIAN COLLEGE            ,TN,37067-8237,Private      ,0,0,0,61,75,136
03647300,NEW CONCEPTS SCHOOL OF COSMETOLOGY      ,TN,37311-7373,Proprietary  ,1,7,8,43,109,152
03683300,INTERNATIONAL BARBER & STYLE COLLEGE    ,TN,37209-2205,Proprietary  ,4,22,26,75,270,345
03701300,MEMPHIS INSTITUTE OF BARBERING          ,TN,38107-4334,Proprietary  ,13,48,61,239,544,783
03774400,SHEAR ACADEMY                           ,TN,38555-4177,Proprietary  ,1,3,4,31,87,118
03830300,SAE INSTITUTE OF TECHNOLOGY             ,TN,37203-4310,Proprietary  ,11,23,34,293,478,771
03840300,OXFORD GRADUATE SCHOOL                  ,TN,37321-6736,Private      ,0,2,2,4,49,53
03841300,CAREER BEAUTY COLLEGE                   ,TN,38464-3634,Proprietary  ,0,2,2,38,65,103
03920300,INSTITUTE OF HAIR DESIGN                ,TN,38310-1801,Proprietary  ,1,1,2,34,57,91
03930300,BUCHANAN BEAUTY COLLEGE                 ,TN,37160-2741,Proprietary  ,5,7,12,50,112,162
03982300,VISIBLE SCHOOL - MUSIC AND WORSHIPS ARTS,TN,38104-5814,Private      ,1,1,2,154,150,304
04035300,TENNESSEE CAREER INSTITUTE              ,TN,38401-6335,Proprietary  ,5,16,21,101,279,380
04124100,ELITE COLLEGE OF COSMETOLOGY            ,TN,38351-1431,Proprietary  ,3,5,8,39,89,128
04142000,AUSTIN'S BEAUTY COLLEGE                 ,TN,37040-3107,Proprietary  ,0,3,3,2,6,8
04157200,LOVE BEAUTY SCHOOL                      ,TN,37355-2950,Proprietary  ,0,10,10,37,98,135
04165000,MERIDIAN INSTITUTE OF SURGICAL ASSISTING,TN,37080-0758,Proprietary  ,0,16,16,11,486,497
04174600,NASHVILLE BARBER AND STYLE ACADEMY      ,TN,37208-2826,Proprietary  ,3,7,10,70,208,278
04210200,MID-SOUTH CHRISTIAN COLLEGE             ,TN,38118-3151,Private      ,0,4,4,70,233,303
04213800,SALON PROFESSIONAL ACADEMY (THE)        ,TN,37214-2163,Proprietary  ,1,1,2,95,155,250
04215200,VIBE BARBER COLLEGE                     ,TN,38107-2538,Proprietary  ,4,13,17,55,188,243
04223900,MIND BODY INSTITUTE                     ,TN,37214-1012,Proprietary  ,0,6,6,19,133,152
04236400,SANDRA ACADEMY OF SALON SERVICES        ,TN,37825-7239,Proprietary  ,2,7,9,10,58,68
04238600,GOULD'S ACADEMY                         ,TN,38119-5317,Proprietary  ,8,13,21,29,69,98
00353700,ABILENE CHRISTIAN UNIVERSITY            ,TX,79699-3701,Private      ,10,53,63,6256,1716,7972
00353900,ALVIN COMMUNITY COLLEGE                 ,TX,77511-4807,Public       ,31,72,103,1707,3166,4873
00354000,AMARILLO COLLEGE                        ,TX,79109-2446,Public       ,53,229,282,4120,6982,11102
00354100,ANGELO STATE UNIVERSITY                 ,TX,76909-5069,Public       ,32,108,140,6585,3481,10066
00354300,AUSTIN COLLEGE                          ,TX,75090-4440,Private      ,2,3,5,2300,294,2594
00354400,AUSTIN PRESBYTERIAN THEOLOGICAL SEM     ,TX,78705-5797,Private      ,0,0,0,8,177,185
00354500,BAYLOR UNIVERSITY                       ,TX,76798-7048,Private      ,71,76,147,28275,5615,33890
00354600,COASTAL BEND COLLEGE                    ,TX,78102-2197,Public       ,46,96,142,1815,2149,3964
00354900,BLINN COLLEGE                           ,TX,77833-4098,Public       ,160,121,281,15766,6281,22047
00355300,CISCO JUNIOR COLLEGE                    ,TX,76437-9803,Public       ,7,41,48,2139,2796,4935
00355400,CLARENDON COLLEGE                       ,TX,79226-0000,Public       ,9,49,58,636,765,1401
00355600,COMMONWEALTH INST OF FUNERAL SVC        ,TX,77090-5918,Private      ,2,10,12,104,580,684
00355700,CONCORDIA UNIVERSITY TEXAS              ,TX,78726-4141,Private      ,6,109,115,1729,3120,4849
00355800,NORTH CENTRAL TEXAS COLLEGE             ,TX,76240-4699,Public       ,61,135,196,4329,6042,10371
00356000,DALLAS BAPTIST UNIVERSITY               ,TX,75211-9299,Private      ,26,120,146,4079,4893,8972
00356100,CEDAR VALLEY COLLEGE                    ,TX,75134-0000,Public       ,48,141,189,2580,5514,8094
00356200,DALLAS THEOLOGICAL SEM                  ,TX,75204-0000,Private      ,0,20,20,45,977,1022
00356300,DEL MAR COLLEGE                         ,TX,78404-3897,Public       ,69,278,347,5903,8581,14484
00356400,EAST TEXAS BAPTIST UNIVERSITY           ,TX,75670-1423,Private      ,2,18,20,1867,567,2434
00356500,TEXAS A&M UNIVERSITY - COMMERCE         ,TX,75429-3011,Public       ,35,234,269,7418,9234,16652
00356600,EPISCOPAL THEOLOGICAL SEMINARY OF THE SO,TX,78705-3128,Private      ,0,0,0,2,30,32
00356800,FRANK PHILLIPS COLLEGE                  ,TX,79008-0000,Public       ,13,30,43,436,609,1045
00357000,GRAYSON COUNTY COLLEGE                  ,TX,75020-8299,Public       ,34,99,133,2025,4127,6152
00357100,HARDIN-SIMMONS UNIVERSITY               ,TX,79698-6050,Private      ,4,12,16,2081,1083,3164
00357200,TRINITY VALLEY COMMUNITY COLLEGE        ,TX,75751-2734,Public       ,34,121,155,2927,4887,7814
00357300,HILL COLLEGE                            ,TX,76645-2711,Public       ,12,35,47,1158,1626,2784
00357301,HILL COLLEGE                            ,TX,76031-0000,Public       ,14,57,71,1234,2307,3541
00357400,HOWARD COUNTY JUNIOR COLLEGE DISTRICT   ,TX,79720-0213,Public       ,16,57,73,1518,2284,3802
00357500,HOWARD PAYNE UNIVERSITY                 ,TX,76801-2715,Private      ,4,7,11,1607,433,2040
00357600,HOUSTON BAPTIST UNIVERSITY              ,TX,77074-3298,Private      ,24,68,92,6445,4227,10672
00357700,HUSTON - TILLOTSON UNIVERSITY           ,TX,78702-2795,Private      ,12,47,59,1298,1297,2595
00357800,UNIVERSITY OF THE INCARNATE WORD        ,TX,78209-6398,Private      ,21,130,151,7765,8064,15829
00357900,JACKSONVILLE COLLEGE                    ,TX,75766-4759,Private      ,4,5,9,339,262,601
00358000,KILGORE COLLEGE                         ,TX,75662-3299,Public       ,40,89,129,3376,4689,8065
00358100,LAMAR UNIVERSITY-BEAUMONT               ,TX,77710-0042,Public       ,79,453,532,9137,13051,22188
00358200,LAREDO COMMUNITY COLLEGE                ,TX,78040-4395,Public       ,76,83,159,6508,3795,10303
00358300,LEE COLLEGE                             ,TX,77520-4796,Public       ,29,88,117,2215,4457,6672
00358400,LETOURNEAU UNIVERSITY                   ,TX,75607-0000,Private      ,3,91,94,1670,2505,4175
00358600,LUBBOCK CHRISTIAN UNIVERSITY            ,TX,79407-2099,Private      ,7,25,32,1673,1714,3387
00358800,UNIVERSITY OF MARY HARDIN-BAYLOR        ,TX,76513-2599,Private      ,11,39,50,5699,2038,7737
00359000,MCLENNAN COMMUNITY COLLEGE              ,TX,76708-1498,Public       ,70,131,201,4867,7684,12551
00359100,MCMURRY UNIVERSITY                      ,TX,79697-0001,Private      ,6,11,17,1373,793,2166
00359200,MIDWESTERN STATE UNIVERSITY             ,TX,76308-2099,Public       ,25,82,107,5507,3510,9017
00359300,NAVARRO COLLEGE                         ,TX,75110-4818,Public       ,96,201,297,5613,7097,12710
00359400,UNIVERSITY OF NORTH TEXAS               ,TX,76203-5017,Public       ,137,370,507,36377,22941,59318
00359412,UNIVERSITY OF NORTH TEXAS AT DALLAS     ,TX,75241-4605,Public       ,34,123,157,253,731,984
00359500,OBLATE SCHOOL OF THEOLOGY               ,TX,78216-0000,Private      ,0,3,3,6,81,87
00359600,ODESSA COLLEGE                          ,TX,79764-7127,Public       ,19,92,111,1744,2992,4736
00359800,OUR LADY OF THE LAKE UNIVERSITY         ,TX,78207-4689,Private      ,15,136,151,3509,4494,8003
00359900,UNIVERSITY OF TEXAS - PAN AMERICAN      ,TX,78541-2999,Public       ,353,290,643,23060,12333,35393
00360000,PANOLA COLLEGE                          ,TX,75633-2397,Public       ,10,45,55,1245,2227,3472
00360100,PARIS JR COLLEGE                        ,TX,75460-6298,Public       ,59,118,177,2253,3458,5711
00360200,PAUL QUINN COLLEGE                      ,TX,75241-4398,Private      ,90,25,115,618,859,1477
00360300,RANGER COLLEGE                          ,TX,76470-3298,Public       ,11,32,43,874,991,1865
00360305,RANGER COLLEGE-STEPHENVILE BEAUTY COLLEG,TX,76401-5136,Public       ,4,2,6,125,115,240
00360400,RICE UNIVERSITY                         ,TX,77251-1892,Private      ,19,42,61,12461,3411,15872
00360600,SAM HOUSTON STATE UNIVERSITY            ,TX,77340-0000,Public       ,114,206,320,23822,11800,35622
00360700,ALAMO CMTY CLG DISTRICT PROGRAM         ,TX,78207-0000,Public       ,20,62,82,1756,2877,4633
00360800,ST PHILLIPS COLLEGE                     ,TX,78203-2098,Public       ,68,242,310,6319,11732,18051
00360900,SAN JACINTO CLG-CENTRAL-NORTH-SOUTH     ,TX,77501-0000,Public       ,176,429,605,12027,17923,29950
00361000,SCHREINER UNIVERSITY                    ,TX,78028-5697,Private      ,4,13,17,1677,560,2237
00361100,SOUTH PLAINS COLLEGE                    ,TX,79336-6504,Public       ,40,125,165,5473,5944,11417
00361200,UNIV OF HOUSTON-DOWNTOWN                ,TX,77002-1001,Public       ,90,317,407,14295,21647,35942
00361300,SOUTHERN METHODIST UNIVERSITY           ,TX,75275-0181,Private      ,29,99,128,8858,5774,14632
00361400,SOUTHWEST TEXAS JR COLLEGE              ,TX,78801-6221,Public       ,59,84,143,2929,2907,5836
00361500,TEXAS STATE UNIVERSITY--SAN MARCOS      ,TX,78666-4602,Public       ,128,205,333,41424,16534,57958
00361600,SOUTHWESTERN ASSEMBLIES OF GOD UNIV     ,TX,75165-2397,Private      ,10,28,38,1882,1324,3206
00361800,SOUTHWESTERN CHRISTIAN COLLEGE          ,TX,75160-3400,Private      ,2,2,4,197,191,388
00361900,SOUTHWESTERN ADVENTIST UNIVERSITY       ,TX,76059-1922,Private      ,1,3,4,812,446,1258
00362000,SOUTHWESTERN UNIVERSITY                 ,TX,78626-6111,Private      ,3,0,3,2778,379,3157
00362100,ST EDWARDS UNIVERSITY                   ,TX,78704-0000,Private      ,11,35,46,6195,2886,9081
00362300,ST MARY'S UNIV OF SAN ANTONIO           ,TX,78228-8500,Private      ,22,41,63,4744,3514,8258
00362400,STEPHEN F AUSTIN STATE UNIVERSITY       ,TX,75962-0001,Public       ,131,155,286,16185,5932,22117
00362500,SUL ROSS STATE UNIVERSITY               ,TX,79832-0113,Public       ,40,77,117,1904,2129,4033
00362600,TARRANT COUNTY COLLEGE                  ,TX,76102-6599,Public       ,395,1105,1500,22292,37385,59677
00362700,TEMPLE COLLEGE                          ,TX,76504-7435,Public       ,36,155,191,2552,6466,9018
00362800,TEXARKANA COLLEGE                       ,TX,75599-0001,Public       ,37,130,167,1653,3978,5631
00363000,PRAIRIE VIEW A&M UNIVERSITY             ,TX,77446-2967,Public       ,120,115,235,11927,6748,18675
00363100,TARLETON STATE UNIVERSITY               ,TX,76402-0000,Public       ,63,131,194,11329,6777,18106
00363200,TEXAS A&M UNIVERSITY                    ,TX,77843-1246,Public       ,188,184,372,52745,15513,68258
00363208,TEXAS A&M UNIVERSITY - BRYAN            ,TX,77807-3260,Public       ,0,0,0,999,1540,2539
00363400,TEXAS STATE TECHNICAL CLG AT WACO       ,TX,76705-1695,Public       ,52,132,184,3406,4308,7714
00363500,TEXAS CHIROPRACTIC COLLEGE              ,TX,77505-1699,Private      ,0,6,6,24,372,396
00363600,TEXAS CHRISTIAN UNIVERSITY              ,TX,76129-0001,Private      ,36,57,93,13743,4739,18482
00363700,JARVIS CHRISTIAN COLLEGE                ,TX,75765-1470,Private      ,10,4,14,723,408,1131
00363800,TEXAS COLLEGE                           ,TX,75702-4500,Private      ,45,21,66,1088,1183,2271
00363900,TEXAS A&M UNIVERSITY-KINGSVILLE         ,TX,78363-8203,Public       ,46,122,168,11131,8322,19453
00364100,TEXAS LUTHERAN UNIVERSITY               ,TX,78155-5999,Private      ,5,6,11,2103,418,2521
00364200,TEXAS SOUTHERN UNIVERSITY               ,TX,77004-4598,Public       ,84,193,277,11941,14310,26251
00364400,TEXAS TECH UNIVERSITY                   ,TX,79409-2011,Public       ,145,221,366,32537,13124,45661
00364500,TEXAS WESLEYAN UNIVERSITY               ,TX,76105-1536,Private      ,23,34,57,2124,3654,5778
00364600,TEXAS WOMAN'S UNIVERSITY                ,TX,76204-5587,Public       ,29,159,188,10280,14735,25015
00364700,TRINITY UNIVERSITY                      ,TX,78212-7200,Private      ,4,22,26,3916,1185,5101
00364800,TYLER JUNIOR COLLEGE                    ,TX,75701-3436,Public       ,94,138,232,9384,8134,17518
00365100,UNIVERSITY OF DALLAS                    ,TX,75062-4799,Private      ,10,20,30,2511,1940,4451
00365200,UNIVERSITY OF HOUSTON                   ,TX,77204-2010,Public       ,163,391,554,37833,31076,68909
00365400,UNIVERSITY OF ST THOMAS                 ,TX,77006-4626,Private      ,25,58,83,1965,3096,5061
00365600,UNIVERSITY OF TEXAS-ARLINGTON           ,TX,76019-0000,Public       ,104,570,674,26361,35676,62037
00365800,UNIVERSITY OF TEXAS-AUSTIN              ,TX,78713-7758,Public       ,128,227,355,50668,22160,72828
00365900,UT HEALTH CENTER-SAN ANTONIO            ,TX,78229-3900,Public       ,6,61,67,1621,4879,6500
00366100,UNIVERSITY OF TEXAS-EL PASO             ,TX,79968-0629,Public       ,300,291,591,19786,15848,35634
00366200,VICTORIA COLLEGE                        ,TX,77901-4494,Public       ,39,98,137,1892,2967,4859
00366300,WAYLAND BAPTIST UNIVERSITY              ,TX,79072-6998,Private      ,11,169,180,1549,4644,6193
00366400,WEATHERFORD COLLEGE                     ,TX,76086-5699,Public       ,26,83,109,2689,4049,6738
00366500,WEST TEXAS A&M UNIVERSITY               ,TX,79016-0000,Public       ,37,137,174,7228,5140,12368
00366800,WHARTON COUNTY JR COLLEGE               ,TX,77488-3298,Public       ,34,75,109,3944,3780,7724
00366900,WILEY COLLEGE                           ,TX,75670-5199,Private      ,6,20,26,1312,940,2252
00400300,CENTRAL TEXAS COLLEGE                   ,TX,76540-4199,Public       ,72,1115,1187,3648,23828,27476
00407221,NORTHWOOD UNIVERSITY                    ,TX,75104-0000,Private      ,2,12,14,369,778,1147
00445300,EL CENTRO COLLEGE                       ,TX,75202-3604,Public       ,64,411,475,5757,14389,20146
00450303,EVEREST COLLEGE - FORT WORTH SOUTH      ,TX,76115-1407,Proprietary  ,23,101,124,329,1452,1781
00494900,BAYLOR COLLEGE OF MEDICINE              ,TX,77030-0000,Private      ,9,16,25,1173,2563,3736
00495100,UNIV OF TEXAS HEALTH SCIENCE CENTER     ,TX,77225-0000,Public       ,7,42,49,1401,5069,6470
00495200,UNIV OF TEXAS MEDICAL BRANCH            ,TX,77550-0000,Public       ,10,52,62,989,3381,4370
00497200,GALVESTON COLLEGE                       ,TX,77550-7447,Public       ,24,81,105,1282,2220,3502
00497700,SOUTH TEXAS COLLEGE OF LAW              ,TX,77002-0000,Private      ,2,7,9,133,1830,1963
00660600,BAPTIST HS SCHOOL OF HEALTH PROFESSIONS ,TX,78229-3234,Proprietary  ,0,24,24,331,1591,1922
00661200,COVENANT SCH OF NSG & ALLIED HEALTH     ,TX,79410-0000,Private      ,1,11,12,223,569,792
00666100,ANGELINA COLLEGE                        ,TX,75902-0000,Public       ,30,152,182,2738,4188,6926
00694100,DALLAS CHRISTIAN COLLEGE                ,TX,75234-7229,Private      ,5,11,16,420,712,1132
00709600,COLLEGE OF THE MAINLAND                 ,TX,77591-2499,Public       ,33,142,175,1476,3715,5191
00728700,BRAZOSPORT COLLEGE                      ,TX,77566-3199,Public       ,35,64,99,1678,2421,4099
00732907,ITT TECHNICAL INSTITUTE                 ,TX,77063-3751,Proprietary  ,8,53,61,573,1904,2477
00732913,ITT TECHNICAL INSTITUTE                 ,TX,76011-3919,Proprietary  ,22,138,160,524,2177,2701
00732975,ITT TECHNICAL INSTITUTE                 ,TX,78249-3303,Proprietary  ,10,87,97,408,1480,1888
00793804,LINCOLN COLLEGE OF TECHNOLOGY - GRAND PR,TX,75052-7605,Proprietary  ,84,63,147,1195,977,2172
00849800,MIMS CLASSIC BEAUTY COLLEGE             ,TX,78216-0000,Proprietary  ,0,5,5,50,117,167
00850300,MOUNTAIN VIEW COLLEGE                   ,TX,75211-6599,Public       ,65,211,276,4875,7853,12728
00850400,RICHLAND COLLEGE                        ,TX,75243-2199,Public       ,106,364,470,6807,11175,17982
00851000,EASTFIELD COLLEGE                       ,TX,75150-2099,Public       ,91,274,365,5589,9847,15436
00907905,EVEREST COLLEGE                         ,TX,75206-5209,Proprietary  ,22,118,140,562,2380,2942
00908200,INTERNATIONAL BUSINESS COLLEGE          ,TX,79903-0000,Proprietary  ,4,24,28,181,508,689
00916300,SAN ANTONIO COLLEGE                     ,TX,78212-4299,Public       ,115,348,463,14493,21547,36040
00922500,TEXAS STATE TECHNICAL COLLEGE  HARLINGEN,TX,78550-3697,Public       ,44,125,169,4609,4317,8926
00946600,KAPLAN COLLEGE                          ,TX,78216-1899,Proprietary  ,16,73,89,410,1552,1962
00946607,KAPLAN COLLEGE - MCALLEN                ,TX,78503-1622,Proprietary  ,26,45,71,477,783,1260
00946609,KAPLAN COLLEGE - CAREER CENTERS OF TEXAS,TX,78416-9900,Proprietary  ,10,47,57,285,1042,1327
00946610,KAPLAN COLLEGE - CAREER CENTERS OF TEXAS,TX,76103-2310,Proprietary  ,14,51,65,223,1078,1301
00954900,WESTERN TEXAS COLLEGE                   ,TX,79549-9501,Public       ,4,12,16,685,490,1175
00965100,TEXAS A&M INTERNATIONAL UNIVERSITY      ,TX,78041-1900,Public       ,78,73,151,7277,3682,10959
00974100,UNIVERSITY OF TEXAS AT DALLAS           ,TX,75083-0000,Public       ,62,139,201,14830,11780,26610
00976800,UNIVERSITY OF NORTH TEXAS HEALTH SCIENCE,TX,76107-2699,Public       ,7,26,33,781,3487,4268
00979700,MIDLAND COLLEGE                         ,TX,79705-6397,Public       ,21,68,89,1801,2592,4393
00982802,EVEREST INSTITUTE- AUSTIN               ,TX,78754-0000,Proprietary  ,16,73,89,381,1348,1729
00993000,UNIVERSITY OF TEXAS-PERMIAN BASIN       ,TX,79762-0001,Public       ,16,107,123,2581,3870,6451
00993200,TEXAS STATE TECH CLG-WEST TEXAS         ,TX,79556-4108,Public       ,17,49,66,563,992,1555
00993201,TEXAS STATE TECHNICAL COLLEGE WEST TEXAS,TX,79601-6110,Public       ,0,0,0,318,749,1067
00993204,TEXAS STATE TECHNICAL COLLEGE WEST TEXAS,TX,76424-3505,Public       ,0,0,0,52,101,153
00993205,TEXAS STATE TECHNICAL COLLEGE WEST TEXAS,TX,76801-2328,Public       ,0,0,0,104,280,384
01001900,UNIV OF TEXAS SOUTHWESTERN MED CTR      ,TX,75390-9096,Public       ,8,16,24,513,2489,3002
01005900,AMERICAN COMMERCIAL COLLEGE             ,TX,79761-0000,Proprietary  ,0,0,0,27,110,137
01005901,AMERICAN COMMERCIAL COLLEGE - AMERICAN C,TX,76310-2303,Proprietary  ,0,0,0,53,182,235
01006000,VERNON COLLEGE                          ,TX,76384-4092,Public       ,16,83,99,1452,2896,4348
01011500,UNIVERSITY OF TEXAS-SAN ANTONIO         ,TX,78249-0600,Public       ,131,237,368,37218,19942,57160
01013000,WADE COLLEGE                            ,TX,75207-3199,Proprietary  ,5,13,18,259,463,722
01038700,EL PASO COMMUNITY COLLEGE               ,TX,79998-0000,Public       ,259,366,625,17261,17551,34812
01050900,HALLMARK COLLEGE OF AERONAUTICS         ,TX,78214-0000,Private      ,20,77,97,321,1318,1639
01050901,HALLMARK COLLEGE OF  TECHNOLOGY-        ,TX,78230-1736,Private      ,0,1,1,0,2,2
01062400,LIGHTHOUSE CAREER INSTITUTE             ,TX,75231-5033,Private      ,0,2,2,19,84,103
01063300,HOUSTON COMMUNITY COLLEGE               ,TX,77002-0000,Public       ,333,1426,1759,27903,62315,90218
01067400,TEXAS TECH U HEALTH SCIENCES CENTER     ,TX,79430-0000,Public       ,11,61,72,1763,6018,7781
01076100,DALLAS INSTITUTE OF FUNERAL SERVICE     ,TX,75227-4314,Private      ,1,5,6,128,476,604
01114500,LONE STAR COLLEGE SYSTEM                ,TX,77073-3499,Public       ,434,1256,1690,26777,48742,75519
01116100,TEXAS A&M UNIV CORPUS CHRISTI           ,TX,78412-5599,Public       ,72,119,191,14036,7494,21530
01116300,UNIVERSITY OF TEXAS AT TYLER            ,TX,75799-6699,Public       ,29,155,184,6076,7298,13374
01171100,UNIVERSITY OF HOUSTON-CLEAR LAKE        ,TX,77058-1002,Public       ,21,153,174,3755,9222,12977
01201500,AUSTIN COMMUNITY COLLEGE                ,TX,78752-4390,Public       ,207,668,875,18399,26192,44591
01202000,VICTORIA BEAUTY COLLEGE                 ,TX,77901-6233,Proprietary  ,4,13,17,67,181,248
01226800,BALDWIN BEAUTY SCHOOL #5                ,TX,78704-4785,Proprietary  ,4,16,20,177,439,616
01229700,LAREDO BEAUTY COLLEGE                   ,TX,78040-1051,Proprietary  ,3,15,18,160,300,460
01248200,ATI TECHNICAL TRAINING CENTER           ,TX,75235-4622,Proprietary  ,0,7,7,59,256,315
01248209,ATI CAREER TRAINING CENTER - GARLAND    ,TX,75041-2497,Proprietary  ,1,2,3,14,73,87
01248210,ATI CAREER TRAINING CENTER - WACO       ,TX,76711-1682,Proprietary  ,2,1,3,49,166,215
01248300,COSMETOLOGY CAREER CENTER-A PAUL MITCHEL,TX,75006-2567,Proprietary  ,37,50,87,668,1008,1676
01248800,INTERNATIONAL BEAUTY COLLEGE NO 3       ,TX,75040-0000,Proprietary  ,1,6,7,19,91,110
01276400,METROPLEX BEAUTY SCHOOL                 ,TX,75149-0000,Proprietary  ,0,7,7,38,132,170
01293000,CHARLES & SUE'S SCH OF HAIR DESIGN      ,TX,77801-0000,Proprietary  ,1,2,3,71,145,216
01293200,TINT SCHOOL OF MAKEUP & COSMETOLOGY     ,TX,75061-4235,Proprietary  ,5,18,23,71,267,338
01300300,NEILSON BEAUTY COLLEGE                  ,TX,75208-4637,Proprietary  ,1,9,10,48,171,219
01301600,OGLE SCHOOL HAIR SKIN NAILS             ,TX,76013-7400,Proprietary  ,30,49,79,543,1014,1557
01303912,SOUTH UNIVERSITY - THE ART INSTITUTE OF ,TX,75231-5993,Proprietary  ,11,19,30,1594,1449,3043
01303915,SOUTH UNIVERSITY - AUSTIN               ,TX,78729-8101,Proprietary  ,8,87,95,248,1047,1295
01323100,UNIVERSITY OF HOUSTON-VICTORIA          ,TX,77901-5731,Public       ,18,100,118,3172,4713,7885
02058600,CONLEE'S COLLEGE OF COSMETOLOGY         ,TX,78028-0000,Proprietary  ,0,1,1,36,72,108
02074100,CAPITOL CITY TRADE & TECHNICAL SCH      ,TX,78704-0000,Proprietary  ,0,0,0,118,343,461
02077400,NORTH LAKE COLLEGE                      ,TX,75038-0000,Public       ,41,206,247,3605,7001,10606
02081400,ARLINGTON BAPTIST COLLEGE               ,TX,76012-0000,Private      ,2,7,9,293,406,699
02093600,SOUTHWEST SCHOOL OF ELECTRONIC          ,TX,78735-0000,Proprietary  ,0,0,0,32,97,129
02098300,WESTERN TECHNICAL COLLEGE               ,TX,79927-2105,Proprietary  ,38,145,183,1112,2249,3361
02100200,BROOKHAVEN COLLEGE                      ,TX,75244-0000,Public       ,37,210,247,3485,7399,10884
02113610,AMERICAN INTERCONTINENTAL UNIV - HOUSTON,TX,77042-4516,Proprietary  ,3,36,39,270,1581,1851
02116008,SANFORD-BROWN COLLEGE - HOUSTON         ,TX,77042-8900,Proprietary  ,12,27,39,485,1500,1985
02116012,SANFORD-BROWN COLLEGE - HOUSTON NORTH LO,TX,77008-1058,Proprietary  ,0,0,0,57,247,304
02117100,ART INSTITUTE OF HOUSTON                ,TX,77056-0000,Proprietary  ,74,146,220,5032,5733,10765
02128302,INSTITUTE FOR BUSINESS & TECHNOLOGY - LA,TX,78230-2520,Proprietary  ,4,38,42,176,570,746
02136800,AMERICAN COMMERCIAL COLLEGE             ,TX,76904-0000,Proprietary  ,0,0,0,40,125,165
02144800,VET TECH INSTITUTE OF HOUSTON           ,TX,77027-9881,Proprietary  ,8,11,19,442,527,969
02176100,PIPO ACADEMY OF HAIR DESIGN             ,TX,79903-0000,Proprietary  ,1,12,13,59,126,185
02218300,SOUTHWEST SCHOOL OF BUSINESS & TECHNICAL,TX,78221-0000,Proprietary  ,7,31,38,136,428,564
02218305,SOUTHWEST SCHOOL OF BUSINESS AND TECHNIC,TX,78501-6053,Proprietary  ,0,10,10,66,161,227
02218306,SOUTHWEST SCHOOL OF BUSINESS AND TECHNIC,TX,78413-2045,Proprietary  ,0,0,0,2,15,17
02224600,TRI-STATE BEAUTY SCHOOL #1              ,TX,79915-0000,Proprietary  ,1,28,29,115,380,495
02230500,OGLE SCHOOL HAIR SKIN NAILS             ,TX,76132-3638,Proprietary  ,28,82,110,495,1297,1792
02230600,OGLE SCHOOL HAIR SKIN NAILS             ,TX,76053-4650,Proprietary  ,16,43,59,277,613,890
02239100,CENTRAL TEXAS BEAUTY COLLEGE #2         ,TX,78664-4204,Proprietary  ,8,28,36,126,426,552
02248200,MILAN INSTITUTE OF COSMETOLOGY          ,TX,79103-0000,Proprietary  ,83,203,286,705,1910,2615
02250603,EVEREST COLLEGE - ARLINGTON             ,TX,76011-6630,Proprietary  ,13,107,120,249,1259,1508
02254800,TEXAS VOCATIONAL SCHOOLS                ,TX,77901-0000,Proprietary  ,0,4,4,41,176,217
02259400,AMBERTON UNIVERSITY                     ,TX,75041-0000,Private      ,1,16,17,50,507,557
02261300,EVEREST INSTITUTE                       ,TX,78213-3841,Proprietary  ,21,101,122,332,1240,1572
02261302,EVEREST INSTITUTE - HOUSTON GREENSPOINT ,TX,77060-3249,Proprietary  ,17,108,125,448,1754,2202
02261303,EVEREST INSTITUTE - HOUSTON HOBBY       ,TX,77087-2737,Proprietary  ,25,105,130,343,1205,1548
02267100,EXPOSITO SCHOOL OF HAIR DESIGN          ,TX,79109-0000,Proprietary  ,0,6,6,34,93,127
02276000,FRANKLIN BEAUTY SCHOOL #2               ,TX,77021-0000,Proprietary  ,0,0,0,19,83,102
02285900,UNIVERSITY OF COSMETOLOGY ARTS&SCI      ,TX,78504-0000,Proprietary  ,28,75,103,311,650,961
02294800,CAPITOL CITY CAREERS                    ,TX,78745-0000,Proprietary  ,0,0,0,33,205,238
02298501,EVEREST COLLEGE- FORT WORTH             ,TX,76137-2472,Proprietary  ,0,13,13,189,958,1147
02305300,PARKER COLLEGE OF CHIROPRACTIC          ,TX,75229-0000,Private      ,0,17,17,128,1548,1676
02306700,FORT WORTH BEAUTY SCHOOL                ,TX,76116-3299,Proprietary  ,7,16,23,131,433,564
02306809,SOUTH TEXAS VOCATIONAL TECHNICAL INSTITU,TX,78501-2400,Proprietary  ,36,49,85,348,584,932
02306810,SOUTH TEXAS VOCATIONAL TECHNICAL INSTITU,TX,78416-1141,Proprietary  ,14,60,74,151,571,722
02312200,TEXAS SCHOOL OF BUSINESS                ,TX,77073-6032,Proprietary  ,5,51,56,350,1409,1759
02312202,TEXAS SCHOOL OF BUSINESS - FRIENDSWOOD C,TX,77546-8938,Proprietary  ,2,16,18,78,391,469
02313901,WESTWOOD COLLEGE - DALLAS               ,TX,75243-0000,Proprietary  ,3,12,15,97,556,653
02315400,NORTHEAST TEXAS COMMUNITY COLLEGE       ,TX,75456-0000,Public       ,31,70,101,1836,2617,4453
02318200,"KD STUDIO, ACTOR'S CONSERVATORY         ",TX,75207-2111,Proprietary  ,5,10,15,224,335,559
02320200,HOUSTON GRADUATE SCHOOL OF THEOLOGY     ,TX,77092-0000,Private      ,1,9,10,22,316,338
02326000,SAN ANTONIO BEAUTY COLLEGE NO 3         ,TX,78217-0000,Proprietary  ,2,13,15,112,224,336
02331200,BAPTIST MISSIONARY ASSN THEOL SEM       ,TX,75766-0000,Private      ,0,1,1,22,98,120
02331300,INTERACTIVE LEARNING SYSTEMS            ,TX,77502-1201,Proprietary  ,6,38,44,55,390,445
02331301,INTERACTIVE LEARNING SYSTEMS            ,TX,77081-0000,Proprietary  ,22,125,147,171,1056,1227
02331304,INTERACTIVE LEARNING SYSTEMS            ,TX,77060-0000,Proprietary  ,5,34,39,48,319,367
02341300,PALO ALTO COLLEGE                       ,TX,78224-0000,Public       ,68,165,233,6346,8193,14539
02348500,LAMAR STATE COLLEGE-PORT ARTHUR         ,TX,77640-0000,Public       ,15,42,57,1184,2166,3350
02357700,PAUL MITCHELL THE SCHOOL                ,TX,77043-3412,Proprietary  ,10,34,44,428,943,1371
02358200,LAMAR STATE COLLEGE-ORANGE              ,TX,77630-0000,Public       ,18,55,73,1058,2236,3294
02361400,COLLIN COUNTY COMMUNITY COLLEGE         ,TX,75071-0000,Public       ,119,349,468,9670,14107,23777
02362000,UNIVERSAL TECHNICAL INSTITUTE           ,TX,77073-0000,Proprietary  ,201,343,544,7657,7447,15104
02362800,AUSTIN GRADUATE SCHOOL OF THEOLOGY      ,TX,78752-1333,Private      ,0,2,2,18,138,156
02521200,ARLINGTON CAREER INSTITUTE              ,TX,75050-0000,Proprietary  ,0,9,9,76,470,546
02521800,SEGUIN BEAUTY SCHOOL                    ,TX,78155-0000,Proprietary  ,8,6,14,67,119,186
02527500,HOUSTON TRAINING SCHOOLS                ,TX,77029-0000,Proprietary  ,14,99,113,227,1296,1523
02530700,SEBRING CAREER SCHOOLS                  ,TX,77083-1510,Proprietary  ,5,26,31,29,185,214
02548800,SOUTH TEXAS VO-TECH INSTITUTE           ,TX,78596-0000,Proprietary  ,25,31,56,243,396,639
02548802,SOUTH TEXAS VOCATIONAL TECHNICAL INSTITU,TX,78520-8710,Proprietary  ,23,16,39,256,315,571
02555400,UNIV OF TX MD ANDERSON CANCER CTR       ,TX,77030-0000,Public       ,2,12,14,292,885,1177
02567200,OFFICE CAREER CENTER                    ,TX,76180-0000,Proprietary  ,0,0,0,0,1,1
02568100,TEXAS BARBER COLLEGE                    ,TX,77063-3949,Proprietary  ,8,44,52,136,659,795
02568101,TEXAS BARBER COLLEGES & HAIRSTYLING SCHO,TX,75228-3841,Proprietary  ,5,27,32,110,444,554
02568106,TEXAS BARBER COLLEGES & HAIRSTYLING SCHO,TX,77009-0000,Proprietary  ,3,23,26,102,504,606
02568107,TEXAS BARBER COLLEGES & HAIRSTYLING SCHO,TX,77063-3951,Proprietary  ,2,16,18,88,489,577
02568108,TEXAS BARBER COLLEGES & HAIRSTYLING SCHO,TX,75241-1327,Proprietary  ,5,32,37,141,551,692
02568109,TEXAS BARBER COLLEGES & HAIRSTYLING SCHO,TX,77301-4407,Proprietary  ,0,0,0,19,86,105
02569300,LE CORDON BLEU COLLEGE OF CULINARY ARTS ,TX,78758-3647,Proprietary  ,22,98,120,1392,3295,4687
02572000,COMPUTER CAREER CENTER                  ,TX,79925-2021,Proprietary  ,75,220,295,708,2050,2758
02572004,COMPUTER CAREER CENTER - AMARILLO CAMPUS,TX,79101-2404,Proprietary  ,11,59,70,139,601,740
02572005,COMPUTER CAREER CENTER - LUBBOCK CAMPUS ,TX,79414-3517,Proprietary  ,19,90,109,189,762,951
02572008,VISTA COLLEGE - BEAUMONT                ,TX,77701-3717,Proprietary  ,18,103,121,220,1053,1273
02572009,VISTA COLLEGE - LONGVIEW                ,TX,75604-1905,Proprietary  ,10,87,97,161,1035,1196
02572011,VISTA COLLEGE - KILLEEN                 ,TX,76541-7436,Proprietary  ,18,98,116,231,1660,1891
02572012,VISTA COLLEGE - COLLEGE STATION         ,TX,77840-5107,Proprietary  ,18,92,110,125,520,645
02591100,CAREER POINT COLLEGE                    ,TX,78201-2027,Proprietary  ,28,253,281,526,3714,4240
02591900,KAPLAN COLLEGE                          ,TX,79907-1525,Proprietary  ,17,55,72,560,1357,1917
02591905,KAPLAN COLLEGE - BROWNSVILLE            ,TX,78521-9905,Proprietary  ,18,53,71,275,565,840
02596500,ATI CAREER TRAINING CENTER              ,TX,76180-1599,Proprietary  ,0,3,3,16,75,91
02596503,ATI- CAREER TRAINING CENTER - HOUSTON (#,TX,77029-1978,Proprietary  ,2,7,9,45,231,276
02596600,ATI-CAREER TRAINING CENTER              ,TX,75220-4443,Proprietary  ,0,6,6,34,200,234
02596601,ATI CAREER TRAINING CENTER - RICHARDSON ,TX,75081-1948,Proprietary  ,2,4,6,20,76,96
02596602,ATI CAREER TRAINING CENTER - DALLAS (STE,TX,75247-6103,Proprietary  ,2,10,12,81,360,441
02600200,OCEAN CORPORATION (THE)                 ,TX,77099-3479,Proprietary  ,2,42,44,209,1104,1313
02604700,CENTER FOR ADVANCED LEGAL STUDIES       ,TX,77098-4151,Proprietary  ,0,40,40,52,722,774
02606202,EVEREST COLLEGE - EVEREST INSTITUTE - BI,TX,77036-8014,Proprietary  ,37,178,215,537,2048,2585
02615000,SANFORD-BROWN COLLEGE                   ,TX,75247-6931,Proprietary  ,7,29,36,337,1398,1735
03009400,SW SCH BUS & TECH CAREERS               ,TX,78212-2840,Proprietary  ,2,8,10,59,200,259
03010604,VIRGINIA COLLEGE - VIRGINIA COLLEGE AT A,TX,78723-0000,Proprietary  ,2,21,23,159,737,896
03011800,UNIVERSITY OF COSMETOLOGY ARTS & SCIENCE,TX,78226-1194,Proprietary  ,1,11,12,98,216,314
03019800,PCI HEALTH TRAINING CENTER              ,TX,75247-4720,Proprietary  ,8,40,48,247,856,1103
03019801,PCI HEALTH TRAINING CENTER - RICHARDSON ,TX,75081-2321,Proprietary  ,13,23,36,187,339,526
03021500,SW SCH BUS & TECH CAREERS               ,TX,78852-4859,Proprietary  ,18,28,46,214,295,509
03025000,TEXAS COLLEGE OF COSMETOLOGY            ,TX,79605-2001,Proprietary  ,6,27,33,137,391,528
03025001,TEXAS COLLEGE OF COSMETOLOGY - SAN ANGEL,TX,76903-4708,Proprietary  ,0,4,4,64,130,194
03026500,REMINGTON COLLEGE - HOUSTON CAMPUS      ,TX,77082-1849,Private      ,116,581,697,2335,8443,10778
03026501,REMINGTON COLLEGE - NORTH HOUSTON CAMPUS,TX,77067-1849,Private      ,2,20,22,250,894,1144
03026506,REMINGTON COLLEGE - FT. WORTH CAMPUS    ,TX,76112-1280,Private      ,17,48,65,373,1340,1713
03028800,CIRCLE J BEAUTY SCHOOL                  ,TX,77587-3714,Proprietary  ,0,8,8,52,249,301
03030608,UTAH COLLEGE OF MASSAGE THERAPY - TEXAS ,TX,75801-4848,Proprietary  ,3,7,10,164,330,494
03030609,UTAH COLLEGE OF MASSAGE THERAPY - TEXAS ,TX,77040-6307,Proprietary  ,2,11,13,193,572,765
03031408,INTERNATIONAL ACADEMY OF DESIGN & TECHNO,TX,78229-2263,Proprietary  ,9,20,29,266,676,942
03032300,SCHOOL OF AUTOMOTIVE MACHINISTS         ,TX,77055-1803,Proprietary  ,5,16,21,214,409,623
03035200,TINT SCHOOL OF MAKEUP & COSMETOLOGY     ,TX,75229-3734,Proprietary  ,5,29,34,161,520,681
03035300,SOUTHERN CAREERS INSTITUTE              ,TX,78704-5252,Proprietary  ,111,463,574,1394,4864,6258
03035301,SOUTHERN CAREERS INSTITUTE-PHARR        ,TX,78577-2118,Proprietary  ,12,67,79,189,641,830
03035302,SOUTHERN CAREERS INSTITUTE - CORPUS CHRI,TX,78414-2904,Proprietary  ,10,97,107,195,878,1073
03035303,SOUTHERN CAREERS INSTITUTE - SAN ANTONIO,TX,78221-4351,Proprietary  ,2,4,6,97,269,366
03035305,SOUTHERN CAREERS INSTITUTE - BROWNSVILLE,TX,78520-8680,Proprietary  ,1,1,2,134,152,286
03035306,SOUTHERN CAREERS INSTITUTE - HARLINGEN  ,TX,78550-7911,Proprietary  ,5,2,7,115,188,303
03035308,SOUTHERN CAREERS INSTITUTE - SAN ANTONIO,TX,78238-4114,Proprietary  ,16,50,66,268,961,1229
03061800,STAR COLLEGE OF COSMETOLOGY             ,TX,75702-8214,Proprietary  ,1,18,19,132,320,452
03064600,UNIVERSITY OF TEXAS AT BROWNSVILLE      ,TX,78520-4993,Public       ,82,169,251,9806,8350,18156
03073402,ITT TECHNICAL INSTITUTE                 ,TX,75080-2208,Proprietary  ,0,0,0,0,2,2
03075400,ICC TECHNICAL INSTITUTE                 ,TX,77004-2930,Private      ,0,0,0,80,191,271
03076403,BRYMAN SCHOOL OF ARIZONA (THE) - ANTHEM ,TX,75038-4201,Proprietary  ,0,0,0,48,157,205
03103400,SOUTH TEXAS COLLEGE                     ,TX,78501-6699,Public       ,399,440,839,17436,13720,31156
03108700,ROYAL BEAUTY CAREERS                    ,TX,77069-4611,Proprietary  ,1,9,10,136,519,655
03115800,KAPLAN COLLEGE                          ,TX,78238-4203,Proprietary  ,17,55,72,323,1423,1746
03115802,KAPLAN COLLEGE - LAREDO                 ,TX,78041-6181,Proprietary  ,21,26,47,287,479,766
03115803,KAPLAN COLLEGE - BEAUMONT               ,TX,77706-3706,Proprietary  ,5,30,35,170,696,866
03115804,KAPLAN COLLEGE - LUBBOCK                ,TX,79401-2601,Proprietary  ,3,49,52,159,633,792
03128100,COLLEGE OF HEALTH CARE PROFESSIONS (THE),TX,77092-8108,Proprietary  ,62,201,263,1022,3927,4949
03144300,NATIONAL BEAUTY COLLEGE                 ,TX,75043-4046,Proprietary  ,0,7,7,31,109,140
03153300,AMER COLL OF ACUPUNCTURE & O.M.         ,TX,77063-4104,Proprietary  ,2,7,9,30,219,249
03156400,AOMA                                    ,TX,78745-1479,Proprietary  ,0,4,4,71,369,440
03159300,ARLINGTON MEDICAL INSTITUTE             ,TX,76006-2317,Proprietary  ,7,12,19,190,500,690
03170300,TEXAS A&M UNIVERSITY-TEXARKANA          ,TX,75503-5518,Public       ,28,54,82,1553,2447,4000
03179500,TEXAS HEALTH AND SCIENCE UNIVERSITY     ,TX,78704-6748,Proprietary  ,3,14,17,384,672,1056
03237400,FARIS TECHNICAL INSTITUTE               ,TX,77627-3829,Proprietary  ,0,0,0,3,15,18
03272300,KAPLAN COLLEGE                          ,TX,75234-7288,Proprietary  ,16,83,99,399,2021,2420
03272301,KAPLAN COLLEGE - MIDLAND                ,TX,79703-5531,Proprietary  ,0,0,0,1,14,15
03272303,KAPLAN COLLEGE - ARLINGTON              ,TX,76010-8121,Proprietary  ,6,65,71,286,1223,1509
03275300,TOUCH OF CLASS SCHOOL OF COSM           ,TX,75402-6314,Proprietary  ,4,24,28,68,185,253
03276300,ACADEMY OF HAIR DESIGN                  ,TX,75901-4900,Proprietary  ,3,23,26,96,309,405
03277300,ACADEMY OF HAIR DESIGN                  ,TX,77701-4650,Proprietary  ,2,10,12,43,205,248
03303300,NORTHWEST EDUCATIONAL CENTER            ,TX,77092-7055,Proprietary  ,8,53,61,78,503,581
03371300,TONI&GUY HAIRDRESSING ACADEMY           ,TX,75006-0000,Proprietary  ,9,17,26,168,275,443
03372300,NORTHWEST VISTA COLLEGE                 ,TX,78251-4217,Public       ,114,229,343,11117,12035,23152
03396500,TEXAS STATE TECHNICAL COLG/MARSHALL     ,TX,75672-7402,Public       ,12,38,50,513,728,1241
03400300,CAREER QUEST                            ,TX,78229-3539,Proprietary  ,5,25,30,123,706,829
03412300,ADVANCED BARBER COLLEGE & HAIR DESI     ,TX,78596-0000,Proprietary  ,8,30,38,125,281,406
03416500,DALLAS NURSING INSTITUTE                ,TX,75243-5502,Private      ,6,53,59,391,1637,2028
03422300,MILAN INSTITUTE                         ,TX,78238-3327,Proprietary  ,81,237,318,919,2482,3401
03422400,COLLEGE OF BIBLICAL STUDIES-HOUSTON     ,TX,77036-3211,Private      ,1,30,31,129,1295,1424
03424400,MEDVANCE INSTITUTE                      ,TX,77057-7386,Proprietary  ,8,49,57,250,1011,1261
03426300,COLLEGE OF HEALTH CARE PROFESSIONS (THE),TX,78752-3630,Proprietary  ,18,57,75,339,1097,1436
03480304,FORTIS COLLEGE - FORTIS INSTITUTE       ,TX,75050-2342,Proprietary  ,2,16,18,73,385,458
03520300,LUBBOCK HAIR ACADEMY                    ,TX,79410-3524,Proprietary  ,2,9,11,52,160,212
03542300,CONCORDE CAREER INSTITUTE               ,TX,76011-4016,Proprietary  ,21,63,84,375,1770,2145
03556400,KUSSAD INSTITUTE OF COURT REPORTING     ,TX,78704-5712,Proprietary  ,0,1,1,8,51,59
03573300,AVIATION INSTITUTE OF MAINTENANCE       ,TX,75062-6303,Proprietary  ,17,75,92,208,737,945
03610300,MJ'S BEAUTY ACADEMY INC                 ,TX,75224-0000,Proprietary  ,2,16,18,86,322,408
03612400,VALLEY GRANDE INSTITUTE FOR ACADEMI     ,TX,78596-0000,Private      ,14,27,41,163,458,621
03627300,LAMAR INSTITUTE OF TECHNOLOGY           ,TX,77705-4142,Public       ,11,40,51,2165,3421,5586
03680300,JAY'S TECHNICAL INSTITUTE               ,TX,77031-3509,Proprietary  ,3,21,24,34,258,292
03682400,DALLAS BARBER & STYLIST COLLEGE         ,TX,75231-0000,Proprietary  ,6,54,60,175,938,1113
03714300,TREND BARBER COLLEGE                    ,TX,77071-2104,Proprietary  ,10,37,47,119,532,651
03723300,CULINARY INST ALAIN & MARIE LENOTRE     ,TX,77022-4322,Proprietary  ,7,29,36,343,886,1229
03727600,AUGUSTE ESCOFFIER SCHOOL OF CULINARY ART,TX,78752-0000,Proprietary  ,10,22,32,404,570,974
03733300,BAPTIST UNIVERSITY OF THE AMERICAS      ,TX,78224-1336,Private      ,0,3,3,135,398,533
03756300,ANAMARC COLLEGE                         ,TX,79930-6230,Proprietary  ,0,0,0,255,930,1185
03922300,SOUTH TEXAS BARBER COLLEGE              ,TX,78415-3463,Proprietary  ,2,6,8,62,144,206
03944400,PROFESSIONAL CAREERS INSTITUTE          ,TX,77036-2252,Proprietary  ,2,13,15,32,226,258
03944401,PROFESSIONAL CAREERS INSTITUTE          ,TX,77090-3914,Proprietary  ,2,6,8,32,246,278
03970300,HANDS ON THERAPY                        ,TX,75149-2294,Proprietary  ,2,20,22,41,194,235
03987300,TEXAS HEALTH SCHOOL                     ,TX,77079-2106,Proprietary  ,7,23,30,308,840,1148
04036300,SOUTHEAST TEXAS CAREER INSTITUTE        ,TX,77656-8601,Proprietary  ,5,4,9,65,213,278
04045300,NORTHWEST BEAUTY SCHOOL                 ,TX,77091-1208,Proprietary  ,0,11,11,77,269,346
04045400,MAI-TRIX BEAUTY COLLEGE                 ,TX,77040-0000,Proprietary  ,0,12,12,43,238,281
04082300,PROFESSIONAL CAREER TRAINING INSTITUTE  ,TX,77090-0000,Proprietary  ,7,82,89,64,463,527
04089400,CCI TRAINING CENTER                     ,TX,76011-4857,Proprietary  ,2,22,24,54,392,446
04117900,CHAMPION BEAUTY COLLEGE                 ,TX,77069-4611,Proprietary  ,2,14,16,111,447,558
04121800,CRISWELL COLLEGE                        ,TX,75246-1537,Private      ,0,10,10,152,469,621
04125400,ACADEMY AT AUSTIN (THE)                 ,TX,78660-3287,Proprietary  ,5,11,16,108,217,325
04125500,MANUEL AND THERESA'S SCHOOL OF HAIR DESI,TX,77803-3236,Proprietary  ,1,4,5,44,102,146
04129800,MEDIATECH INSTITUTE DALLAS              ,TX,75039-3105,Proprietary  ,4,24,28,179,394,573
04129801,MEDIATECH INSTITUTE - AUSTIN            ,TX,78704-8933,Proprietary  ,6,13,19,116,215,331
04129802,MEDIATECH INSTITUTE - HOUSTON           ,TX,77042-4712,Proprietary  ,5,19,24,134,325,459
04131700,SOUTHWEST CAREER COLLEGE                ,TX,79925-6230,Proprietary  ,107,193,300,1331,2531,3862
04135600,CANNON INSTITUTE OF HIGHER LEARNING     ,TX,75247-9998,Proprietary  ,0,0,0,13,94,107
04136500,PCCENTER                                ,TX,75115-4214,Proprietary  ,0,11,11,36,103,139
04138500,CARDIOTECH ULTRASOUND SCHOOL            ,TX,77099-1440,Proprietary  ,3,7,10,110,646,756
04142300,AVEDA INSTITUTE SAN ANTONIO             ,TX,78215-1260,Proprietary  ,12,22,34,361,689,1050
04146700,AVIATION INSTITUTE OF MAINTENANCE       ,TX,77061-4004,Proprietary  ,11,61,72,206,674,880
04146800,SOUTH TEXAS TRAINING CENTER             ,TX,78586-7721,Proprietary  ,7,35,42,56,246,302
04152700,ASTRODOME CAREER CENTERS                ,TX,77054-2678,Proprietary  ,2,13,15,60,273,333
04154800,DUVALL'S SCHOOL OF COSMETOLOGY          ,TX,76021-4159,Proprietary  ,0,7,7,45,116,161
04155800,ADVANCED BEAUTY COLLEGE                 ,TX,75061-1918,Proprietary  ,0,15,15,23,161,184
04158500,TEXAS BEAUTY COLLEGE                    ,TX,76117-3201,Proprietary  ,0,5,5,12,57,69
04160700,AVENUE FIVE INSTITUTE                   ,TX,78757-7000,Proprietary  ,5,21,26,173,468,641
04165800,SALON PROFESSIONAL ACADEMY (THE)        ,TX,75067-2348,Proprietary  ,2,4,6,57,153,210
04168700,LAWYER'S ASSISTANT SCHOOL OF DALLAS     ,TX,75201-2829,Proprietary  ,5,30,35,88,516,604
04168800,ABC BEAUTY ACADEMY                      ,TX,75042-8682,Proprietary  ,1,11,12,35,135,170
04169000,SALON & SPA INSTITUTE                   ,TX,78521-1727,Proprietary  ,0,7,7,61,115,176
04169100,DIAMONDS COSMETOLOGY COLLEGE            ,TX,75090-2657,Proprietary  ,5,3,8,35,132,167
04177900,BUCKNER BARBER SCHOOL                   ,TX,75217-1775,Proprietary  ,2,10,12,69,233,302
04178200,VOGUE COLLEGE - SAN ANTONIO             ,TX,78201-5035,Proprietary  ,3,14,17,77,268,345
04178300,VOGUE BEAUTY ACADEMY                    ,TX,78238-4402,Proprietary  ,2,15,17,107,267,374
04178400,VOGUE COLLEGE - MCALLEN                 ,TX,78501-1945,Proprietary  ,3,17,20,117,268,385
04179500,NORTH AMERICAN UNIVERSITY               ,TX,77038-1221,Private      ,1,9,10,283,314,597
04184800,EXCEL LEARNING CENTER                   ,TX,79907-1400,Proprietary  ,20,93,113,105,458,563
04187800,CYBERTEX INSTITUTE OF TECHNOLOGY        ,TX,78752-3825,Proprietary  ,4,40,44,94,499,593
04193000,RGV CAREERS AN INSTITUTE FOR HIGHER LEAR,TX,78577-2106,Proprietary  ,4,18,22,64,383,447
04205200,WADE GORDON HAIRDRESSING ACADEMY        ,TX,79121-0548,Proprietary  ,1,8,9,67,195,262
04206501,MYCOMPUTERCAREER.COM - DALLAS           ,TX,75062-8173,Proprietary  ,5,104,109,44,683,727
04206502,MYCOMPUTERCAREER.COM - HOUSTON          ,TX,77056-6764,Proprietary  ,7,99,106,72,775,847
04207300,SCHOOL FOR ALLIED HEALTH PROFESSIONALS  ,TX,76018-4104,Proprietary  ,0,0,0,47,240,287
04213300,SPA PROFESSIONALS ACADEMY (THE)         ,TX,78504-2569,Proprietary  ,3,9,12,52,158,210
04215000,TOTAL TRANSFORMATION INSTITUTE OF COSMET,TX,78666-8115,Proprietary  ,2,6,8,59,92,151
04215400,GRACE SCHOOL OF THEOLOGY                ,TX,77384-4894,Private      ,0,8,8,12,113,125
04219700,GEMINI SCHOOL OF VISUAL ARTS & COMMUNICA,TX,78613-2642,Proprietary  ,1,1,2,26,33,59
04222600,HEATHCARE INSTITUTE (THE)               ,TX,78201-5035,Proprietary  ,0,11,11,4,26,30
04224100,COSMETOLOGY ACADEMY OF TEXARKANA        ,TX,75503-4855,Proprietary  ,1,10,11,101,277,378
04226400,MT TRAINING CENTER                      ,TX,75051-3542,Proprietary  ,3,14,17,28,239,267
04229000,BARBER INSTITUTE OF TEXAS               ,TX,75602-3456,Proprietary  ,0,6,6,18,96,114
04229500,TEXAS A&M UNIVERSITY - CENTRAL TEXAS    ,TX,76549-5901,Public       ,21,137,158,1056,4507,5563
04231200,NEECEE'S COLLEGE OF COSMETOLOGY         ,TX,79605-4735,Proprietary  ,1,7,8,24,119,143
04231300,YAHWEH BEAUTY ACADEMY                   ,TX,76543-4153,Proprietary  ,1,4,5,28,248,276
04231900,ALAMO CITY BARBER COLLEGE               ,TX,78250-3227,Proprietary  ,7,19,26,173,478,651
04232400,EXCEL LEARNING CENTER - SAN ANTONIO     ,TX,78230-4823,Proprietary  ,5,43,48,24,278,302
04232900,PREPARING PEOPLE BARBER STYLING COLLEGE ,TX,75215-2415,Proprietary  ,2,25,27,23,192,215
04235900,BELLA COSMETOLOGY COLLEGE               ,TX,75494-2408,Proprietary  ,1,6,7,10,64,74
04236900,K&G 5 STAR BARBER COLLEGE               ,TX,77591-3689,Proprietary  ,2,5,7,7,52,59
04238200,LAREDO CHI ACADEMY BEAUTY SCHOOL        ,TX,78041-6540,Proprietary  ,3,8,11,16,41,57
04239700,"VOCATIONAL NURSING INSTITUTE, (THE)     ",TX,77065-5399,Private      ,2,19,21,5,32,37
00367000,BRIGHAM YOUNG UNIVERSITY                ,UT,84602-8406,Private      ,269,330,599,16042,14667,30709
00367100,DIXIE STATE COLLEGE OF UTAH             ,UT,84770-3876,Public       ,43,68,111,6541,5044,11585
00367200,LDS BUSINESS COLLEGE                    ,UT,84101-3500,Private      ,27,33,60,1346,1500,2846
00367400,STEVENS HENAGER COLLEGE                 ,UT,84401-1420,Proprietary  ,369,2599,2968,2619,21965,24584
00367500,UNIVERSITY OF UTAH                      ,UT,84112-9055,Public       ,111,269,380,16242,18972,35214
00367700,UTAH STATE UNIVERSITY                   ,UT,84322-1400,Public       ,129,245,374,14666,14723,29389
00367800,SOUTHERN UTAH UNIVERSITY                ,UT,84720-2470,Public       ,26,104,130,5713,4052,9765
00367900,SNOW COLLEGE                            ,UT,84627-1299,Public       ,25,22,47,3591,1408,4999
00368000,WEBER STATE UNIVERSITY                  ,UT,84408-1136,Public       ,79,268,347,8844,14382,23226
00368100,WESTMINSTER COLLEGE                     ,UT,84105-3697,Private      ,17,45,62,2751,2156,4907
00402700,UTAH VALLEY UNIVERSITY                  ,UT,84058-5999,Public       ,147,373,520,12424,18960,31384
00522000,SALT LAKE COMMUNITY COLLEGE             ,UT,84123-0000,Public       ,210,578,788,10564,20593,31157
00732953,ITT TECHNICAL INSTITUTE                 ,UT,84123-2500,Proprietary  ,31,178,209,456,2304,2760
00943300,SHERMAN KENDALL'S ACADEMY OF BEAUTY     ,UT,84106-1836,Proprietary  ,1,6,7,41,111,152
01009800,NEUMONT UNIVERSITY                      ,UT,84095-0000,Proprietary  ,2,0,2,801,146,947
01116500,UINTAH BASIN APPLIED TECHNOLOGY CLG     ,UT,84066-0000,Public       ,0,5,5,59,167,226
01116600,BROADVIEW UNIVERSITY                    ,UT,84088-4021,Proprietary  ,0,8,8,407,1277,1684
02078800,SHERMAN KENDALL'S ACADEMY OF BEAUTY     ,UT,84047-0000,Proprietary  ,2,6,8,32,54,86
02115400,BRIDGERLAND APPLIED TECHNOLOGY COLLEGE  ,UT,84321-0000,Public       ,11,16,27,482,1038,1520
02156600,DAVIS APPLIED TECHNOLOGY COLLEGE        ,UT,84037-0000,Public       ,16,56,72,609,2008,2617
02178500,EAGLE GATE COLLEGE                      ,UT,84123-0000,Proprietary  ,15,78,93,213,1314,1527
02270800,AMERITECH COLLEGE                       ,UT,84604-6927,Proprietary  ,3,21,24,162,985,1147
02270802,AMERITECH COLLEGE - DRAPER              ,UT,84020-6545,Proprietary  ,4,9,13,96,672,768
02298500,EVEREST COLLEGE                         ,UT,84119-2668,Proprietary  ,1,6,7,142,760,902
02346500,OGDEN-WEBER APPLIED TECHNOLOGY COLG     ,UT,84404-0000,Public       ,15,69,84,685,2565,3250
02360800,PROVO COLLEGE                           ,UT,84601-0000,Proprietary  ,14,55,69,284,846,1130
02531800,PAUL MITCHELL THE SCHOOL - PROVO        ,UT,84606-0000,Proprietary  ,3,6,9,127,132,259
02556800,PAUL MITCHELL THE SCHOOL                ,UT,84117-7204,Proprietary  ,26,28,54,249,520,769
02556801,PAUL MITCHELL THE SCHOOL                ,UT,84780-0000,Proprietary  ,4,4,8,91,135,226
02572700,EVANS HAIRSTYLING COLLEGE               ,UT,84770-0000,Proprietary  ,1,4,5,56,45,101
02572800,VISTA COLLEGE                           ,UT,84015-0000,Proprietary  ,5,84,89,49,646,695
02573100,EVANS HAIRSTYLING COLLEGE OF CEDAR CITY ,UT,84720-0000,Proprietary  ,0,1,1,48,66,114
02612200,MARINELLO SCHOOL OF BEAUTY              ,UT,84604-1585,Proprietary  ,2,8,10,65,127,192
03030600,UTAH COLLEGE OF MASSAGE THERAPY         ,UT,84111-1606,Proprietary  ,17,28,45,248,545,793
03030601,UTAH CLG OF MASSAGE THER-PROVO CMPS     ,UT,84042-0000,Proprietary  ,5,5,10,73,133,206
03082100,MYOTHERAPY COLLEGE OF UTAH              ,UT,84115-2522,Proprietary  ,1,2,3,23,145,168
03108200,FRANCOIS D. COLLEGE OF HAIR SKIN & NAILS,UT,84070-2004,Proprietary  ,1,4,5,28,70,98
03110400,HAIRITAGE HAIR ACADEMY                  ,UT,84770-5233,Proprietary  ,2,2,4,45,65,110
03339400,WESTERN GOVERNORS UNIVERSITY            ,UT,84107-2533,Private      ,60,2798,2858,2362,82085,84447
03413300,MOUNTAINLAND APPLIED TECHNOLOGY COLLEGE ,UT,84043-0000,Public       ,12,22,34,372,878,1250
03463300,CAREERS UNLIMITED                       ,UT,84058-0000,Proprietary  ,4,6,10,74,208,282
03467308,MARINELLO SCHOOL OF BEAUTY - OGDEN      ,UT,84405-1501,Proprietary  ,6,10,16,81,227,308
03467309,MARINELLO SCHOOL OF BEAUTY - LAYTON     ,UT,84041-3002,Proprietary  ,14,19,33,74,210,284
03617300,HEALING MOUNTAIN MASSAGE SCHOOL         ,UT,84102-4006,Proprietary  ,0,1,1,50,218,268
03829500,SKINWORKS SCHOOL OF ADVANCED SKINCARE   ,UT,84115-0000,Proprietary  ,2,2,4,38,149,187
03838300,NIGHTINGALE COLL. SCH. OF NURSING SCH. O,UT,84403-0000,Proprietary  ,1,14,15,47,466,513
03909300,PAUL MITCHELL THE SCHOOL LOGAN          ,UT,84323-4679,Proprietary  ,5,5,10,77,121,198
03921300,CAMEO COLLEGE OF ESSENTIAL BEAUTY       ,UT,84115-0000,Proprietary  ,5,21,26,127,400,527
04054300,SOUTHWEST APPLIED TECHNOLOGY COLLEGE    ,UT,84720-6608,Public       ,0,1,1,109,310,419
04072300,AVEDA INSTITUTE PROVO                   ,UT,84604-1008,Proprietary  ,2,3,5,128,144,272
04121700,DIXIE APPLIED TECHNOLOGY COLLEGE        ,UT,84770-3025,Public       ,6,16,22,295,504,799
04145500,SKIN SCIENCE INSTITUTE (THE)            ,UT,84115-0000,Proprietary  ,2,6,8,65,207,272
04153000,RENAISSANCE ACADEMIE                    ,UT,84604-0000,Proprietary  ,3,6,9,47,98,145
04161900,MANDALYN ACADEMY                        ,UT,84003-2161,Proprietary  ,1,5,6,40,96,136
04165500,ACAYDIA SCHOOL OF AESTHETICS            ,UT,84601-0000,Proprietary  ,3,2,5,63,74,137
04169900,AMERICAN BEAUTY ACADEMY                 ,UT,84651-0000,Proprietary  ,4,3,7,26,64,90
04173200,TAYLOR ANDREWS ACADEMY OF HAIR DESIGN   ,UT,84088-6577,Proprietary  ,7,13,20,118,200,318
04173201,TAYLOR ANDREWS ACADEMY -  OREM          ,UT,84004-1872,Proprietary  ,5,10,15,94,135,229
04183000,TOP NAILS & HAIR BEAUTY SCHOOL          ,UT,84118-0000,Proprietary  ,3,11,14,21,134,155
04184200,TAYLOR ANDREWS ACADEMY-ST. GEORGE       ,UT,84790-2139,Proprietary  ,3,5,8,102,138,240
04192700,BARBER SCHOOL (THE)                     ,UT,84047-3723,Proprietary  ,3,12,15,47,201,248
04193200,ROCKY MOUNTAIN UNIVERSITY OF HEALTH PROF,UT,84606-7312,Proprietary  ,0,18,18,32,567,599
04210300,MEDSPA ACADEMIES                        ,UT,84095-3519,Proprietary  ,2,3,5,70,232,302
04211500,BEAUTIFUL YOU SCHOOL OF NAIL TECHNOLOGY ,UT,84720-8360,Proprietary  ,1,2,3,15,42,57
04215700,COLE HOLLAND COLLEGE                    ,UT,84102-2959,Proprietary  ,0,2,2,2,19,21
04216800,BONNIE JOSEPH ACADEMY OF COSMETOLOGY & B,UT,84032-2044,Proprietary  ,0,0,0,2,31,33
04218300,MIDWIVES COLLEGE OF UTAH                ,UT,84106-2671,Private      ,0,8,8,22,386,408
00368200,BENNINGTON COLLEGE                      ,VT,05201-6001,Private      ,2,1,3,1040,232,1272
00368300,CASTLETON STATE COLLEGE                 ,VT,05735-0000,Public       ,1,5,6,3103,533,3636
00368400,CHAMPLAIN COLLEGE                       ,VT,05401-3950,Private      ,4,35,39,4692,1611,6303
00368500,COLLEGE OF ST JOSEPH                    ,VT,05701-3899,Private      ,0,2,2,246,220,466
00368600,GODDARD COLLEGE                         ,VT,05667-0000,Private      ,0,5,5,80,836,916
00368700,GREEN MOUNTAIN COLLEGE                  ,VT,05764-1199,Private      ,0,3,3,930,328,1258
00368800,JOHNSON STATE COLLEGE                   ,VT,05656-9898,Public       ,1,11,12,1406,1000,2406
00368900,LYNDON STATE COLLEGE                    ,VT,05851-0919,Public       ,3,10,13,1910,392,2302
00369000,MARLBORO COLLEGE                        ,VT,05344-0300,Private      ,0,3,3,330,147,477
00369100,MIDDLEBURY COLLEGE                      ,VT,05753-0000,Private      ,3,10,13,4155,594,4749
00369200,NORWICH UNIVERSITY                      ,VT,05663-1035,Private      ,6,72,78,3273,1835,5108
00369300,SOUTHERN VERMONT COLLEGE                ,VT,05201-6002,Private      ,0,1,1,613,180,793
00369400,ST MICHAELS COLLEGE                     ,VT,05439-0001,Private      ,1,3,4,3982,243,4225
00369600,UNIVERSITY OF VERMONT                   ,VT,05405-0160,Public       ,22,41,63,19741,3381,23122
00369700,VERMONT COLLEGE OF FINE ARTS            ,VT,05602-3128,Private      ,0,5,5,18,466,484
00369800,VERMONT TECHNICAL COLLEGE               ,VT,05061-0000,Public       ,2,10,12,1123,929,2052
00857500,SALON PROFESSIONAL ACADEMY (THE)        ,VT,05495-4001,Proprietary  ,0,0,0,13,22,35
00865800,O'BRIENS AVEDA INSTITUTE                ,VT,05403-7747,Proprietary  ,1,2,3,77,132,209
00886000,SIT                                     ,VT,05301-4801,Private      ,0,4,4,311,550,861
01116700,COMMUNITY COLLEGE OF VERMONT            ,VT,05676-0000,Public       ,52,222,274,1896,4861,6757
01193400,VERMONT LAW SCHOOL                      ,VT,05068-0000,Private      ,1,3,4,8,949,957
01218300,BURLINGTON COLLEGE                      ,VT,05401-8477,Private      ,0,3,3,286,210,496
02143500,STERLING COLLEGE                        ,VT,05827-0000,Private      ,0,1,1,136,63,199
02254000,NEW ENGLAND CULINARY INSTITUTE          ,VT,05602-0000,Proprietary  ,1,11,12,363,242,605
02532600,LANDMARK COLLEGE                        ,VT,05346-0000,Private      ,2,1,3,548,141,689
04146900,ADVANCED WELDING INSTITUTE              ,VT,05403-0000,Proprietary  ,0,1,1,56,76,132
00392800,CASPER COLLEGE                          ,WY,82601-4612,Public       ,7,26,33,1417,1787,3204
00392900,EASTERN WYOMING COLLEGE                 ,WY,82240-1603,Public       ,0,9,9,529,427,956
00393000,SHERIDAN COLLEGE                        ,WY,82801-9133,Public       ,6,32,38,1091,1226,2317
00393100,NORTHWEST COLLEGE                       ,WY,82435-1895,Public       ,4,13,17,928,590,1518
00393200,UNIVERSITY OF WYOMING                   ,WY,82071-2000,Public       ,40,66,106,7655,5146,12801
00393300,WESTERN WYOMING COMMUNITY COLLEGE       ,WY,82902-0000,Public       ,4,14,18,1013,1215,2228
00728900,CENTRAL WYOMING COLLEGE                 ,WY,82501-0000,Public       ,4,16,20,550,862,1412
00915700,WYOTECH                                 ,WY,82072-9519,Proprietary  ,16,26,42,1246,861,2107
00925900,LARAMIE COUNTY COMMUNITY CLG            ,WY,82007-3299,Public       ,20,83,103,1788,2720,4508
02211900,CHEEKS INTERNATIONAL ACDMY              ,WY,82001-0000,Proprietary  ,4,12,16,54,172,226
00393500,UNIV OF GUAM                            ,GU,96923-0000,Public       ,31,39,70,2898,2039,4937
01536100,GUAM COMMUNITY COLLEGE                  ,GU,96921-0000,Public       ,9,17,26,1937,1831,3768
03438300,PACIFIC ISLANDS UNIVERSITY              ,GU,96913-2619,Private      ,1,2,3,105,112,217
00393600,PONTIFICAL CATHOLIC UNIV OF PR          ,PR,00717-0777,Private      ,16,31,47,6716,5261,11977
00393700,UNIVERSITY OF THE SACRED HEART          ,PR,00914-0383,Private      ,3,21,24,3614,2332,5946
00393800,INTER-AMER UNIV PR-CNTRL ADMN           ,PR,00936-0000,Private      ,117,34,151,3780,5919,9699
00393801,INTER-AMER UNIV PR SCHL LAW             ,PR,00936-8351,Private      ,1,3,4,34,382,416
00393802,INTER AMERICAN UNIVERSITY OF PUERTO RICO,PR,00926-0000,Private      ,4,8,12,1071,1139,2210
00393803,INTER AMERICAN UNIVERSITY OF PR         ,PR,00683-0000,Private      ,10,9,19,3990,1990,5980
00393804,INTER-AMER UNIV PR-RECINTO AGUADILA     ,PR,00605-2000,Private      ,43,19,62,3493,2094,5587
00393805,INTER-AMER UNIV PR-ARECIBO CAMPUS       ,PR,00614-4050,Private      ,6,9,15,3419,2421,5840
00393806,INTER-AMER UNIV PR-BARRANQUITAS REG     ,PR,00794-0517,Private      ,120,17,137,1992,854,2846
00393807,INTER-AMER UNIV PR-FAJARDO REGIONAL     ,PR,00738-0000,Private      ,8,7,15,1597,1172,2769
00393808,INTER-AMER UNIV PR - GUAYAMA CAMPUS     ,PR,00785-4004,Private      ,42,17,59,1425,1243,2668
00393809,INTER-AMER UNIV PR-PONCE REGIONAL       ,PR,00715-0000,Private      ,133,14,147,4244,2863,7107
00393811,INTER-AMER UNIV PR-BAYAMON REG CLG      ,PR,00959-0000,Private      ,10,7,17,4293,1778,6071
00394100,UNIVERSIDAD DEL ESTE                    ,PR,00984-2010,Private      ,40,199,239,7803,8675,16478
00394200,UNIVERSITY OF PR-CENTRAL ADMINISTRATION ,PR,00936-4984,Public       ,1,2,3,413,226,639
00394300,UNIVERSITY OF PUERTO RICO - HUMACAO UNIV,PR,00791-4300,Public       ,6,0,6,3226,447,3673
00394400,UNIVERSITY OF PUERTO RICO - MAYAGUEZ    ,PR,00680-0000,Public       ,10,7,17,9065,2033,11098
00501900,UNIV ADVENTISTA DE LAS ANTILLAS         ,PR,00681-0118,Private      ,15,8,23,1000,660,1660
00502200,BAYAMON CENTRAL UNIVERSITY              ,PR,00960-0000,Private      ,79,14,93,1221,1238,2459
00710800,UNIVERSITY OF PUERTO RICO - RIO PIEDRAS ,PR,00931-3300,Public       ,15,18,33,9582,3296,12878
00720600,UNIVERSITY OF PUERTO RICO - CAYEY UNIVER,PR,00736-5534,Public       ,6,0,6,3494,400,3894
00722800,UNIVERSITY OF PUERTO RICO - ARECIBO     ,PR,00614-4010,Public       ,10,0,10,3820,567,4387
00890200,COLUMBIA CENTRO UNIVERSITARIO           ,PR,00726-0000,Proprietary  ,31,75,106,1455,1467,2922
00965200,"UNIVERSITY OF PUERTO RICO, PONCE TECH UN",PR,00716-0000,Public       ,7,4,11,3392,501,3893
01056700,COLEGIO TECNOLOGICO DE SAN JUAN         ,PR,00918-2973,Public       ,2,2,4,789,897,1686
01072400,CARLOS ALBIZU UNIVERSITY                ,PR,00902-3711,Private      ,3,16,19,152,1150,1302
01081900,CONSERVATORIO DE MUSICA DE PUERTO RICO  ,PR,00907-3373,Public       ,1,1,2,353,111,464
01092200,UNIVERSITY OF PUERTO RICO - UTUADO      ,PR,00641-2500,Public       ,5,2,7,1533,211,1744
01097500,UNIVERSITY OF PUERTO RICO BAYAMON TECHNI,PR,00959-1911,Public       ,6,5,11,4558,630,5188
01120300,RYDER MEMORIAL HOSP SCH OF NURSING      ,PR,00792-0000,Private      ,1,0,1,21,23,44
01171900,UNIVERSIDAD DEL TURABO                  ,PR,00778-0000,Private      ,27,204,231,9058,11480,20538
01194000,ICPR JUNIOR COLLEGE                     ,PR,00919-0000,Proprietary  ,144,193,337,1754,2131,3885
01194100,AMERICAN UNIVERSITY OF PUERTO RICO      ,PR,00960-2037,Private      ,24,7,31,665,521,1186
01194101,AMERICAN UNIVERSITY OF PUERTO RICO      ,PR,00674-0000,Private      ,45,11,56,775,544,1319
01212300,"UNIVERSITY OF PUERTO RICO, AGUADILLA REG",PR,00604-0160,Public       ,6,2,8,2899,483,3382
01252500,CARIBBEAN UNIVERSITY                    ,PR,00960-0493,Private      ,150,40,190,2682,2832,5514
02063100,MBTI BUSINESS TRNG INSTITUTE            ,PR,00907-3917,Proprietary  ,115,268,383,1635,4628,6263
02100000,POLYTECHNIC UNIVERSITY OF PR            ,PR,00917-0000,Private      ,2,13,15,2315,2361,4676
02163300,UNIVERSIDAD CENTRAL DEL CARIBE          ,PR,00960-0000,Private      ,1,3,4,198,460,658
02165100,EDP COLLEGE OF PUERTO RICO              ,PR,00919-0000,Private      ,138,85,223,1306,2072,3378
02166000,CENTER FOR ADVANCED STUDIES OF PUER     ,PR,00902-0000,Private      ,0,6,6,6,288,294
02166400,INSTITUTO DE BANCA Y COMERCIO           ,PR,00925-0000,Proprietary  ,353,846,1199,8829,12660,21489
02170300,INST EDUC TECNIA OCUP LA REINA          ,PR,00674-0000,Proprietary  ,8,15,23,283,296,579
02189100,CENTRO DE ESTUDIOS MULTIDISCIPLIN       ,PR,00926-0000,Proprietary  ,40,102,142,1562,1707,3269
02189300,EMMA'S BEAUTY ACADEMY                   ,PR,00680-0000,Proprietary  ,4,6,10,273,138,411
02195400,MODERN HAIRSTYLING INSTITUTE            ,PR,00961-0000,Proprietary  ,21,25,46,733,478,1211
02195500,MODERN HAIRSTYLING INSTITUTE            ,PR,00612-0000,Proprietary  ,1,0,1,4,8,12
02195800,LICEO E ARTE Y TECNOLGIA                ,PR,00919-0000,Proprietary  ,16,52,68,968,910,1878
02195900,MODERN HAIRSTYLING INSTITUTE            ,PR,00980-0000,Proprietary  ,0,0,0,11,10,21
02234900,ANTILLES SCHOOL OF TECH CAREERS         ,PR,00909-3006,Proprietary  ,14,41,55,369,656,1025
02241901,COMMONWEALTH OF PR DEPT OF EDUC - CARLOS,PR,00986-0000,Public       ,0,0,0,10,5,15
02241902,COMMONWEALTH OF PR DEPT OF EDUC - TOMAS ,PR,00613-0000,Public       ,0,0,0,3,3,6
02241904,COMMONWEALTH OF PR DEPT OF EDUC - ITPR R,PR,00655-0000,Public       ,2,1,3,475,325,800
02241905,COMMONWEALTH OF PR DEPT OF EDUC - JOSE A,PR,00674-0000,Public       ,0,0,0,25,10,35
02241907,COMMONWEALTH OF PR DEPT OF EDUC - ITPR R,PR,00928-0000,Public       ,3,1,4,424,245,669
02241908,COMMONWEALTH OF PR DEPT OF EDUC - ITPR R,PR,00732-0000,Public       ,2,0,2,400,260,660
02241909,COMMONWEALTH OF PR DEPT OF EDUC - TROQUE,PR,00959-0000,Public       ,0,0,0,67,21,88
02241910,COMMONWEALTH OF PR DEPT OF EDUC - ITPR R,PR,00701-1091,Public       ,2,2,4,587,230,817
02260600,NATIONAL COLLEGE OF BUSINESS & TECH     ,PR,00960-2036,Proprietary  ,16,157,173,4658,10966,15624
02260800,HUERTAS COLLEGE                         ,PR,00726-0000,Proprietary  ,14,41,55,907,1036,1943
02297700,AUTOMECA TECHNICAL COLLEGE              ,PR,00957-0000,Proprietary  ,48,35,83,1428,1050,2478
02303800,AMERICAN EDUCATIONAL COLLEGE            ,PR,00961-0000,Proprietary  ,72,79,151,573,769,1342
02335500,COLEGIO BIBLICO PENTECOSTAL DE PR       ,PR,00978-0000,Private      ,0,5,5,25,246,271
02340600,HUMACAO COMMUNITY COLLEGE               ,PR,00792-0000,Private      ,4,32,36,413,521,934
02343600,INSTITUTE OF BEAUTY CAREERS             ,PR,00613-0000,Proprietary  ,55,32,87,415,358,773
02460000,UNIVERSITY OF PUERTO RICO - MEDICAL SCIE,PR,00936-0000,Public       ,2,8,10,663,1442,2105
02482400,PONCE SCHOOL OF MEDICINE AND HEALTH SCIE,PR,00716-2347,Proprietary  ,0,0,0,71,790,861
02502400,SERBIA'S SCHOOL OF BEAUTY CULTURE       ,PR,00785-0000,Proprietary  ,0,0,0,45,67,112
02504500,INSTITUCION CHAVIANO DE MAYAGUEZ        ,PR,00708-0000,Proprietary  ,3,12,15,22,50,72
02505400,ATLANTIC COLLEGE                        ,PR,00970-0000,Private      ,7,13,20,1323,459,1782
02534900,PONCE PARAMEDICAL COLLEGE (POPAC)       ,PR,00731-0000,Proprietary  ,63,67,130,1719,1463,3182
02552300,COLEGIO MAYOR DE TECHNOLOGIA            ,PR,00714-0000,Proprietary  ,17,17,34,211,258,469
02562500,INTERNATIONAL TECHNICAL COLLEGE         ,PR,00918-0000,Proprietary  ,2,10,12,67,143,210
02563500,ROGIES SCHOOL OF BEAUTY CULTURE         ,PR,00910-0000,Proprietary  ,0,0,0,3,4,7
02569400,ESCUELA DE ARTES PLASTICAS              ,PR,00902-1112,Public       ,0,1,1,460,147,607
02570400,EDUCATIONAL TECHNICAL COLLEGE           ,PR,00925-3404,Proprietary  ,20,63,83,605,977,1582
02576100,ESCUELA TECNICA DE ELECTRICIDAD         ,PR,00731-0000,Proprietary  ,10,15,25,272,354,626
02587500,UNIVERSIDAD METROPOLITANA               ,PR,00928-0000,Private      ,74,243,317,7338,9947,17285
02588600,SEMINARIO EVANGELICO DE PUERTO RICO     ,PR,00925-0000,Private      ,0,4,4,1,80,81
02593700,HISPANIC AMERICAN COLLEGE               ,PR,00725-0000,Proprietary  ,20,42,62,255,431,686
03016000,UNIVERSITY OF PUERTO RICO CAROLINA REGIO,PR,00985-0000,Public       ,15,2,17,3754,698,4452
03021900,EDIC COLLEGE                            ,PR,00726-0000,Proprietary  ,3,0,3,1398,1462,2860
03025500,MECH TECH COLLEGE                       ,PR,00725-6118,Proprietary  ,72,118,190,3047,2164,5211
03025900,"LICEO DE ARTE, DISENOS Y COMERCIO       ",PR,00726-0000,Proprietary  ,12,12,24,243,456,699
03029700,"UNIVERSAL TECHNOLOGY CLG OF PR, INC     ",PR,00605-0000,Private      ,19,49,68,575,945,1520
03061900,COLEGIO TECHNOLOGICO Y COMERCIAL        ,PR,00602-0960,Proprietary  ,2,5,7,45,62,107
03068400,STAR BEAUTY ACADEMY                     ,PR,00961-6312,Proprietary  ,22,36,58,85,100,185
03070500,D'MART INSTITUTE                        ,PR,00794-3517,Proprietary  ,76,72,148,782,868,1650
03075600,EMMA'S BEAUTY ACADEMY                   ,PR,00795-0000,Proprietary  ,21,13,34,338,199,537
03085700,PROFESSIONAL TECHNICAL INSTITUTION      ,PR,00960-7061,Proprietary  ,7,29,36,304,338,642
03104400,PROFESSIONAL ELECTRIC SCHOOL            ,PR,00674-1797,Proprietary  ,1,0,1,44,48,92
03106900,ESCUELA DE PERITOS ELECTRICITAS         ,PR,00662-0457,Proprietary  ,0,0,0,49,58,107
03112100,JOHN DEWEY COLLEGE                      ,PR,00915-9538,Private      ,68,247,315,1608,3421,5029
03112101,JOHN DEWEY COLLEGE                      ,PR,00986-0000,Private      ,12,39,51,344,661,1005
03112102,JOHN DEWEY COLLEGE-BAYAMON CAMPUS       ,PR,00959-0000,Private      ,8,49,57,134,343,477
03112104,JOHN DEWEY COLLEGE - YABUCOA LRNING SITE,PR,00767-0767,Private      ,0,0,0,1,2,3
03112105,JOHN DEWEY COLLEGE - FAJARDO BRANCH     ,PR,00738-0738,Private      ,10,24,34,174,414,588
03112106,JOHN DEWEY COLLEGE - ARROYO BRANCH      ,PR,00714-0714,Private      ,4,9,13,73,154,227
03112107,JOHN DEWEY COLLEGE - JUANA DIAZ BRANCH  ,PR,00795-0000,Private      ,7,13,20,230,290,520
03112108,JOHN DEWEY COLLEGE - HATILLO CAMPUS     ,PR,00659-0000,Private      ,1,2,3,75,124,199
03112109,JOHN DEWEY COLLEGE - MANATI             ,PR,00674-0000,Private      ,21,47,68,385,553,938
03112110,DEWEY UNIVERSITY - MAYAGUEZ             ,PR,00682-0000,Private      ,5,9,14,65,96,161
03115900,TRINITY COLLEGE OF PUERTO RICO          ,PR,00734-0000,Private      ,21,37,58,182,265,447
03122500,ACADEMIA SERRANT INC.                   ,PR,00717-1568,Proprietary  ,23,32,55,293,364,657
03123100,GLOBELLE TECHNICAL INSTITUTE            ,PR,00693-4218,Proprietary  ,10,15,25,72,78,150
03124200,NOVA COLLEGE DE PUERTO RICO             ,PR,00960-4016,Proprietary  ,18,34,52,161,330,491
03157600,"COLEGIO DE CINEMATOGRAFIA, ARTES Y TELEV",PR,00961-6345,Proprietary  ,19,30,49,802,467,1269
03177300,SAN JUAN BAUTISTA SCH OF MEDICINE       ,PR,00726-0000,Private      ,1,3,4,34,354,388
03336300,CENTURY COLLEGE                         ,PR,00603-0000,Proprietary  ,1,11,12,136,204,340
03414300,MONTECLARO                              ,PR,00745-9612,Private      ,0,0,0,13,27,40
03452300,INSTITUTO PRE-VOCACIONAL E INDUSTRI     ,PR,00613-1800,Private      ,0,5,5,96,251,347
03469300,IVAEM COLLEGE                           ,PR,00725-0000,Proprietary  ,1,5,6,92,77,169
03531300,UNIVERSIDAD PENTECOSTAL MIZPA           ,PR,00928-0966,Private      ,0,0,0,36,334,370
03544300,ATENAS COLLEGE                          ,PR,00674-0000,Private      ,5,21,26,1091,808,1899
03552300,LESTON COLLEGE                          ,PR,00961-6309,Proprietary  ,17,35,52,144,171,315
03608300,CARIBBEAN FORENSIC & TECHNICAL COLL     ,PR,00926-0000,Proprietary  ,0,6,6,36,92,128
03638300,ROSSLYN TRAINING ACADEMY OF COSMETOLOGY ,PR,00602-3225,Proprietary  ,0,3,3,16,50,66
03735400,"CHARLIES GUARD,DETECTIVE BUREAU&ACA     ",PR,00605-0000,Proprietary  ,4,12,16,47,71,118
03751300,ESCUELA HOTELERA DE SAN JUAN            ,PR,00917-0091,Proprietary  ,9,16,25,815,556,1371
03758300,BAYAMON COMMUNITY COLLEGE               ,PR,00960-0000,Proprietary  ,4,29,33,99,462,561
03781400,INDUSTRIAL TECHNICAL COLLEGE            ,PR,00792-0000,Proprietary  ,10,7,17,157,248,405
03785300,J.G. GUAYNABO TECHNICAL COLLEGE         ,PR,00960-0000,Proprietary  ,17,32,49,55,138,193
03800300,COLEGIO TECNICO DE ELECTRICIDAD GALLOSA ,PR,00602-0000,Proprietary  ,0,0,0,24,39,63
03800400,INSTITUTE OF BEAUTY OCCUPATIONS AND TECH,PR,00676-5071,Proprietary  ,12,20,32,144,203,347
03843300,ADVANCED TECH COLLEGE                   ,PR,00961-6321,Proprietary  ,0,0,0,9,20,29
03849300,AGUADILLA TECHNICAL COLLEGE             ,PR,00603-0000,Proprietary  ,2,2,4,74,116,190
03965400,MYRANGEL BEAUTY INSTITUTE               ,PR,00754-3917,Proprietary  ,21,28,49,160,217,377
04107300,CARIB TECHNOLOGICAL INSTITUTE           ,PR,00960-0000,Proprietary  ,20,23,43,277,225,502
04117200,INSTITUTO EDUCATIVO PREMIER             ,PR,00731-0000,Proprietary  ,28,19,47,282,337,619
04131600,LIBERTY TECHNICAL COLLEGE               ,PR,00737-1298,Proprietary  ,10,6,16,111,158,269
04164300,GLOBAL INSTITUTE                        ,PR,00725-6485,Proprietary  ,0,1,1,28,43,71
04176000,AMERICAN TECHNICAL INSTITUTE            ,PR,00957-0000,Proprietary  ,3,8,11,34,65,99
04240900,PPG TECHNICAL COLLEGE                   ,PR,00726-3164,Proprietary  ,4,0,4,57,54,111
00394600,UNIVERSITY OF THE VIRGIN ISLANDS        ,VI,00802-9990,Public       ,9,7,16,1247,822,2069
00394601,UNIV OF THE VIRGIN ISLANDS-ST CROIX     ,VI,00850-0000,Public       ,4,9,13,541,753,1294
00667700,MCGILL UNIVERSITY                       ,CN,00000-0000,Public       ,4,3,7,1585,398,1983
00667900,QUEEN'S UNIVERSITY AT KINGSTON          ,CN,00000-0000,Public       ,0,0,0,94,39,133
00668100,ST FRANCIS XAVIER UNIVERSITY            ,CN,00000-0000,Public       ,0,0,0,37,4,41
00668200,ST THOMAS UNIVERSITY                    ,CN,00000-0000,Public       ,0,0,0,35,5,40
00668300,UNIVERSITY OF GUELPH                    ,CN,00000-0000,Public       ,0,3,3,35,82,117
00668400,UNIVERSITY OF MANITOBA                  ,CN,00000-0000,Public       ,0,0,0,79,53,132
00668500,UNIVERSITY OF NEW BRUNSWICK (THE)       ,CN,00000-0000,Public       ,0,0,0,35,14,49
00668600,UNIVERSITY OF OTTAWA                    ,CN,00000-0000,Public       ,0,1,1,58,68,126
00668800,UNIVERSITY OF TORONTO                   ,CN,00000-0000,Public       ,2,2,4,503,386,889
00668900,UNIVERSITY OF WINDSOR                   ,CN,00000-0000,Public       ,1,0,1,37,45,82
00683700,UNIVERSITE LAVAL                        ,CN,00000-0000,Public       ,0,0,0,12,29,41
00683800,DALHOUSIE UNIVERSITY                    ,CN,00000-0000,Public       ,1,0,1,125,77,202
00683805,DALHOUSIE UNIVERSITY - AGRICULTURAL CAMP,CN,00000-0000,Public       ,0,0,0,4,2,6
00685200,BISHOP'S UNIVERSITY                     ,CN,00000-0000,Private      ,0,0,0,59,6,65
00685300,MCMASTER UNIVERSITY                     ,CN,00000-0000,Public       ,0,0,0,35,30,65
00767900,YORK UNIVERSITY                         ,CN,00000-0000,Public       ,3,0,3,84,92,176
00787400,UNIVERSITY AT CALGARY (THE)             ,CN,00000-0000,Public       ,0,0,0,47,76,123
00814800,UNIVERSITY OF WINNIPEG                  ,CN,00000-0000,Public       ,0,0,0,24,16,40
00836200,UNIVERSITY OF ALBERTA (THE)             ,CN,00000-0000,Public       ,0,0,0,31,12,43
00836300,MOUNT SAINT VINCENT UNIVERSITY          ,CN,00000-0000,Public       ,0,0,0,8,6,14
00836400,SAINT MARY'S UNIVERSITY                 ,CN,00000-0000,Public       ,0,0,0,25,18,43
00836500,CONCORDIA UNIVERSITY - SIR GEORGE W     ,CN,00000-0000,Public       ,2,1,3,320,165,485
00836600,UNIVERSITE DE MONTREAL                  ,CN,00000-0000,Public       ,0,0,0,30,73,103
00836800,CARLETON UNIVERSITY                     ,CN,00000-0000,Public       ,0,1,1,65,55,120
00836900,UNIVERSITY OF BRITISH COLUMBIA          ,CN,00000-0000,Public       ,0,5,5,936,534,1470
00837000,"SAFA, UNIVERSITY OF VICTORIA            ",CN,00000-0000,Public       ,0,1,1,167,87,254
00844400,SIMON FRASER UNIVERSITY                 ,CN,00000-0000,Public       ,0,1,1,157,100,257
00844600,UNIVERSITY OF WESTERN ONTARIO (THE)     ,CN,00000-0000,Public       ,0,2,2,62,73,135
00844800,UNIVERSITY OF REGINA                    ,CN,00000-0000,Public       ,0,0,0,6,3,9
00844900,ACADIA UNIVERSITY                       ,CN,00000-0000,Public       ,1,1,2,52,24,76
00852600,UNIVERSITY OF WATERLOO                  ,CN,00000-0000,Public       ,0,0,0,68,24,92
00858200,WILFRID LAURIER UNIVERSITY              ,CN,00000-0000,Public       ,0,0,0,14,16,30
00891300,LAKEHEAD UNIVERSITY                     ,CN,00000-0000,Public       ,0,0,0,11,9,20
00936700,UNIVERSITY OF PRINCE EDWARD ISLAND      ,CN,00000-0000,Public       ,0,0,0,26,105,131
00942100,BRANDON UNIVERSITY                      ,CN,00000-0000,Public       ,0,0,0,20,21,41
00948600,TRINITY WESTERN UNIVERSITY              ,CN,00000-0000,Private      ,0,0,0,113,44,157
00950000,MEMORIAL UNIVERSITY OF NEWFOUNDLAND     ,CN,00000-0000,Public       ,1,0,1,39,43,82
00950100,UNIVERSITY OF KING'S COLLEGE            ,CN,00000-0000,Public       ,0,0,0,18,3,21
00950300,MOUNT ALLISON UNIVERSITY                ,CN,00000-0000,Public       ,0,0,0,46,2,48
00950500,TRENT UNIVERSITY                        ,CN,00000-0000,Public       ,0,0,0,9,5,14
00969800,MEDICINE HAT COLLEGE                    ,CN,00000-0000,Public       ,0,0,0,4,3,7
01012300,NOVA SCOTIA COLLEGE OF ART & DESIGN     ,CN,00000-0000,Public       ,0,0,0,12,5,17
01022100,SAINT PAUL UNIVERSITY                   ,CN,00000-0000,Public       ,0,0,0,2,14,16
01045800,SHERIDAN COLLEGE OF APPLIED ARTS AN     ,CN,00000-0000,Public       ,0,0,0,78,30,108
01067500,REGENT COLLEGE                          ,CN,00000-0000,Private      ,0,1,1,6,80,86
01070300,UNIVERSITY OF LETHBRIDGE                ,CN,00000-0000,Public       ,0,0,0,9,6,15
01072000,RYERSON UNIVERSITY                      ,CN,00000-0000,Public       ,0,0,0,71,51,122
01172200,BRIERCREST BIBLE COLLEGE                ,CN,00000-0000,Private      ,0,0,0,8,5,13
01222800,HUMBER COLLEGE INSTITUTE OF TECHNOLOGY A,CN,00000-0000,Public       ,1,0,1,45,59,104
01227400,PROVIDENCE COLLEGE                      ,CN,00000-0000,Private      ,0,0,0,26,6,32
02102100,KINGSWOOD UNIVERSITY                    ,CN,00000-0000,Private      ,0,0,0,45,13,58
02116600,CANADIAN MEMORIAL CHIROPRACTIC COLL     ,CN,00000-0000,Private      ,0,1,1,0,1,1
02167000,PRAIRIE BIBLE INST                      ,CN,00000-0000,Private      ,0,1,1,23,8,31
02184600,INSTITUTE FOR CHRISTIAN STUDIES         ,CN,00000-0000,Private      ,0,0,0,2,4,6
02195700,TAYLOR UNIVERSITY COLLEGE AND SEMINARY  ,CN,00000-0000,Private      ,0,0,0,0,2,2
02201100,COLUMBIA BIBLE COLLEGE                  ,CN,00000-0000,Private      ,0,0,0,13,9,22
02216400,TYNDALE COLLEGE & SEMINARY              ,CN,00000-0000,Private      ,0,0,0,12,11,23
02219200,UNIVERSITY OF SASKATCHEWAN              ,CN,00000-0000,Public       ,0,1,1,24,22,46
02324900,EMMANUEL BIBLE COLLEGE                  ,CN,00000-0000,Private      ,0,0,0,2,4,6
02338800,EMILY CARR UNIVERSITY OF ART AND DESIGN ,CN,00000-0000,Public       ,0,0,0,54,38,92
02577200,SALVATION ARMY WM & CATHERINE BOOTH     ,CN,00000-0000,Private      ,0,0,0,3,1,4
02593800,CONCORDIA UNIVERSITY COLLEGE            ,CN,00000-0000,Private      ,0,0,0,6,15,21
02611900,THE KING'S UNIVERSITY COLLEGE           ,CN,00000-0000,Private      ,0,0,0,3,6,9
03018300,ROCKY MOUNTAIN COLLEGE: CENTRE FOR BIBLI,CN,00000-0000,Private      ,0,0,0,1,4,5
03033800,UNIVERSITY COLLEGE OF CAPE BRETON       ,CN,00000-0000,Public       ,0,0,0,3,7,10
03078300,VANCOUVER SCHOOL OF THEOLOGY            ,CN,00000-0000,Private      ,0,0,0,4,11,15
03273300,CANADIAN COLLEGE OF NATUROPATHIC ME     ,CN,00000-0000,Private      ,0,2,2,12,43,55
03298300,ALBERTA COLLEGE OF ART & DESIGN         ,CN,00000-0000,Public       ,1,1,2,41,32,73
03332500,KWANTLEN UNIVERSITY COLLEGE             ,CN,00000-0000,Public       ,0,1,1,8,14,22
03335400,CANADIAN UNIVERSITY COLLEGE             ,CN,00000-0000,Private      ,0,1,1,31,19,50
03339300,ST. STEPHENS UNIVERSITY                 ,CN,00000-0000,Private      ,0,0,0,4,2,6
03348500,REDEEMER UNIVERSITY COLLEGE             ,CN,00000-0000,Private      ,0,1,1,13,4,17
03420300,HOLLAND COLLEGE                         ,CN,00000-0000,Public       ,0,1,1,18,15,33
03560400,NIAGARA COLLEGE-WELLAND CAMPUS          ,CN,00000-0000,Public       ,0,0,0,14,20,34
03613300,UNIV OF NORTHERN BRITISH COLUMBIA       ,CN,00000-0000,Public       ,0,0,0,12,14,26
03644400,CANADIAN MENNONITE UNIVERSITY           ,CN,00000-0000,Private      ,0,0,0,10,4,14
03674400,CANADIAN SOUTHERN BAPTIST SEMINARY      ,CN,00000-0000,Private      ,0,0,0,1,4,5
03711300,CAPILANO UNIVERSITY                     ,CN,00000-0000,Public       ,0,0,0,21,23,44
03846300,PACIFIC LIFE BIBLE COLLEGE              ,CN,00000-0000,Private      ,0,0,0,17,14,31
03847300,CRANDALL UNIVERSITY                     ,CN,00000-0000,Private      ,0,0,0,3,3,6
04075300,QUEST UNIVERSITY CANADA                 ,CN,00000-0000,Private      ,1,0,1,197,22,219
04123100,ATLANTIC SCHOOL OF THEOLOGY             ,CN,00000-0000,Public       ,0,1,1,2,7,9
04156700,AMBROSE UNIVERSITY COLLEGE              ,CN,00000-0000,Private      ,0,1,1,14,14,28
00814700,UNIVERSIDAD AUTONOMA DE GUADALAJARA     ,MX,00000-0000,Private      ,3,7,10,86,1333,1419
01041800,INST TEC Y DE ESTSUPER DE MONTERRE      ,MX,00000-0000,Private      ,1,0,1,101,75,176
01067600,UNIVERSIDAD DE MONTERREY                ,MX,00000-0000,Private      ,0,1,1,41,36,77
01093800,UNIVERSIDAD DE GUANAJUATO               ,MX,00000-0000,Public       ,0,0,0,16,32,48
01230100,UNIV AUTON DE TAMAULIPAS FAC DEMED      ,MX,00000-0000,Public       ,0,0,0,5,6,11
01302100,"UNIVERSIDAD DEL NORESTE, A.C.           ",MX,00000-0000,Private      ,0,0,0,0,4,4
02053300,CENTRO DE ESTUDIOS UNIVERSITARIOS D     ,MX,00000-0000,Private      ,1,0,1,22,62,84
03776500,"UNIVERSIDAD DE LA SALLE BAJIO, A.C.     ",MX,00000-0000,Private      ,1,14,15,1,14,15
04183900,CETYS UNIVERSIDAD                       ,MX,00000-0000,Private      ,0,3,3,108,79,187
01001000,AMERICAN SAMOA CMNTY COLLEGE            ,AS,96799-2609,Public       ,94,17,111,1261,432,1693
01034300,COLLEGE OF MICRONESIA - FSM             ,FM,96941-0159,Public       ,303,127,430,2507,1163,3670
01100900,PALAU COMMUNITY COLLEGE                 ,PW,96940-0009,Public       ,23,26,49,945,371,1316
03022400,COLLEGE OF THE MARSHALL ISLANDS         ,MH,96960-1258,Public       ,63,102,165,988,519,1507
03033000,NORTHERN MARIANAS COLLEGE               ,MP,96950-0000,Public       ,5,1,6,927,514,1441
