OPE ID,School,State,Zip Code,School Type,20152016Qtr5_Dependent Students,20152016Qtr5_Independent Students,Quarterly Total,YTD_20152016Qtr5_Dependent Students,YTD_20152016Qtr5_Independent Students,Award Year To Date Total
00100200,ALABAMA AGRCLTL & MECHL UNIV            ,AL,35762-1357,Public       ,139,138,277,6698,3814,10512
00100300,FAULKNER UNIVERSITY                     ,AL,36109-3398,Private      ,42,199,241,2072,4127,6199
00100400,UNIVERSITY OF MONTEVALLO                ,AL,35115-6000,Public       ,27,47,74,2611,1372,3983
00100500,ALABAMA STATE UNIVERSITY                ,AL,36101-0000,Public       ,239,205,444,9399,5428,14827
00100700,CENTRAL ALABAMA COMMUNITY COLLEGE       ,AL,35011-0000,Public       ,41,80,121,1423,1589,3012
00100800,ATHENS STATE UNIVERSITY                 ,AL,35611-1999,Public       ,21,95,116,913,3194,4107
00100900,AUBURN UNIVERSITY                       ,AL,36849-5113,Public       ,297,226,523,20159,7046,27205
00101200,BIRMINGHAM SOUTHERN COLLEGE             ,AL,35254-0002,Private      ,43,30,73,2357,739,3096
00101300,CALHOUN COMMUNITY COLLEGE               ,AL,35609-0000,Public       ,184,314,498,5417,7365,12782
00101500,ENTERPRISE STATE COMMUNITY COLLEGE      ,AL,36331-1300,Public       ,43,69,112,1168,1319,2487
00101600,UNIVERSITY OF NORTH ALABAMA             ,AL,35632-0001,Public       ,142,108,250,5812,2999,8811
00101700,GADSDEN STATE COMMUNITY COLLEGE         ,AL,35903-2269,Public       ,99,233,332,3204,4981,8185
00101800,GEORGE C WALLACE COMMUNITY COLLEGE      ,AL,36303-0943,Public       ,87,184,271,2605,4184,6789
00101900,HUNTINGDON COLLEGE                      ,AL,36106-2148,Private      ,31,24,55,1605,785,2390
00102000,JACKSONVILLE STATE UNIVERSITY           ,AL,36265-1602,Public       ,117,175,292,6908,5069,11977
00102100,JEFFERSON DAVIS COMMUNITY COLLEGE       ,AL,36427-2790,Public       ,22,47,69,678,873,1551
00102200,JEFFERSON STATE COMMUNITY COLLEGE       ,AL,35215-3098,Public       ,117,351,468,5106,7943,13049
00102300,JUDSON COLLEGE                          ,AL,36756-2504,Private      ,2,27,29,326,246,572
00102400,UNIVERSITY OF WEST ALABAMA              ,AL,35470-0000,Public       ,50,254,304,2685,4124,6809
00102600,MARION MILITARY INSTITUTE               ,AL,36756-3214,Public       ,8,4,12,616,88,704
00102800,MILES COLLEGE                           ,AL,35064-2697,Private      ,61,56,117,2799,1320,4119
00102900,UNIVERSITY OF MOBILE                    ,AL,36613-0000,Private      ,38,98,136,1953,1960,3913
00103000,BISHOP STATE COMMUNITY COLLEGE          ,AL,36603-5898,Public       ,91,216,307,2504,4570,7074
00103100,NORTHEAST ALABAMA STATE CMNTY COLG      ,AL,35986-0159,Public       ,99,113,212,1451,1658,3109
00103300,OAKWOOD COLLEGE                         ,AL,35896-0001,Private      ,29,55,84,1869,1090,2959
00103400,ALABAMA SOUTHERN COMMUNITY COLLEGE      ,AL,36460-5698,Public       ,54,51,105,1240,943,2183
00103600,SAMFORD UNIVERSITY                      ,AL,35229-7000,Private      ,74,121,195,4051,3205,7256
00103800,SNEAD STATE COMMUNITY COLLEGE           ,AL,35957-0734,Public       ,51,91,142,1835,1891,3726
00104000,SOUTHERN UNION STATE COMMUNITY CLG      ,AL,36276-0000,Public       ,64,126,190,3724,3279,7003
00104100,SPRING HILL COLLEGE                     ,AL,36608-1791,Private      ,47,23,70,2672,876,3548
00104400,STILLMAN COLLEGE                        ,AL,35403-0000,Private      ,13,25,38,1909,757,2666
00104600,TALLADEGA COLLEGE                       ,AL,35160-2354,Private      ,39,21,60,1301,546,1847
00104700,TROY UNIVERSITY                         ,AL,36082-0001,Public       ,211,880,1091,9417,17369,26786
00105000,TUSKEGEE UNIVERSITY                     ,AL,36088-1645,Private      ,133,47,180,5498,1505,7003
00105100,UNIVERSITY OF ALABAMA (THE)             ,AL,35487-0120,Public       ,446,361,807,30556,11253,41809
00105200,UNIVERSITY OF ALABAMA AT BIRMINGHAM     ,AL,35294-1150,Public       ,246,573,819,11921,13299,25220
00105500,UNIVERSITY OF ALABAMA IN HUNTSVILLE     ,AL,35899-0001,Public       ,130,147,277,5800,4480,10280
00105700,UNIVERSITY OF SOUTH ALABAMA             ,AL,36688-0002,Public       ,202,348,550,11567,10868,22435
00105900,LAWSON STATE COMMUNITY COLLEGE          ,AL,35221-1798,Public       ,95,245,340,2574,3737,6311
00105901,LAWSON STATE COMMUNITY COLLEGE - BESSEME,AL,35021-0308,Public       ,24,84,108,899,1496,2395
00106000,FAULKNER STATE COMMUNITY COLLEGE        ,AL,36507-2698,Public       ,100,153,253,3913,3789,7702
00526000,J.F. DRAKE STATE TECH COLLEGE           ,AL,35811-1584,Public       ,41,108,149,754,1936,2690
00569100,SHELTON STATE COMMUNITY CLG             ,AL,35405-4017,Public       ,124,150,274,3787,3754,7541
00569200,REID STATE TECHNICAL COLLEGE            ,AL,36401-0000,Public       ,13,29,42,280,680,960
00569700,NORTHWEST- SHOALS COMMUNITY COLLEGE     ,AL,35661-0000,Public       ,231,110,341,2489,2542,5031
00569900,GEORGE C WALLACE STATE CMTY COLLEGE     ,AL,36703-0000,Public       ,50,104,154,1170,1804,2974
00573300,BEVILL STATE CMTY COLLEGE-WALKER        ,AL,35148-0000,Public       ,110,136,246,2370,2994,5364
00573400,H. COUNCILL TRENHOLM STATE TECH COLLEGE ,AL,36108-0020,Public       ,35,86,121,929,2011,2940
00573401,H. C. TRENHOLM ST TECH COL-PATTERSON CAM,AL,36116-2612,Public       ,24,53,77,567,1166,1733
00787100,GEORGE C WALLACE STATE CMTY CLG         ,AL,35077-2000,Public       ,105,130,235,3989,3933,7922
00831000,AUBURN UNIVERSITY-MONTGOMERY            ,AL,36124-0000,Public       ,105,160,265,5040,4439,9479
00898800,LURLEEN B WALLACE COMMUNITY COLLEGE     ,AL,36420-0418,Public       ,66,74,140,1158,1226,2384
01055400,CONCORDIA COLLEGE                       ,AL,36701-3323,Private      ,12,24,36,858,490,1348
01218200,CHATTAHOOCHEE VALLEY CMTY CLG           ,AL,36869-7917,Public       ,38,121,159,1187,2186,3373
01303906,SOUTH UNIVERSITY - MONTGOMERY           ,AL,36116-1120,Proprietary  ,19,118,137,369,1610,1979
02170600,UNITED STATES SPORTS ACADEMY            ,AL,36526-7055,Private      ,0,40,40,31,690,721
02199700,HERITAGE CHRISTIAN UNIVERSITY           ,AL,35630-0000,Private      ,1,2,3,33,100,133
02270400,SOUTHEASTERN BIBLE COLLEGE              ,AL,35244-2083,Private      ,2,10,12,90,252,342
02285000,PAUL MITCHELL THE SCHOOL HUNTSVILLE     ,AL,35758-0000,Proprietary  ,9,9,18,92,184,276
02296000,PRINCE INSTITUTE OF PROFESSIONAL STUDIES,AL,36117-0000,Proprietary  ,0,2,2,17,113,130
02341000,FORTIS COLLEGE                          ,AL,36609-0000,Proprietary  ,80,282,362,739,2684,3423
02503400,AMRIDGE UNIVERSITY                      ,AL,36124-0000,Private      ,4,70,74,102,1142,1244
03010600,VIRGINIA COLLEGE                        ,AL,35209-5154,Proprietary  ,493,2808,3301,4375,23547,27922
03010602,VIRGINIA COLLEGE - HUNTSVILLE           ,AL,35801-5608,Proprietary  ,9,41,50,230,874,1104
03010607,VIRGINIA COLLEGE - MOBILE               ,AL,36608-1626,Proprietary  ,7,41,48,184,769,953
03010616,VIRGINIA COLLEGE - MONTGOMERY           ,AL,36117-2802,Proprietary  ,5,48,53,262,980,1242
03026516,REMINGTON COLLEGE - MOBILE              ,AL,36609-5593,Private      ,10,20,30,210,601,811
03032500,ALABAMA STATE CLG BARBER STYLING        ,AL,35215-0000,Proprietary  ,0,15,15,89,186,275
03361400,FORTIS COLLEGE                          ,AL,36535-0000,Proprietary  ,22,101,123,171,739,910
03459300,SOUTHEASTERN SCHOOL OF COSMETOLOGY      ,AL,35228-0000,Private      ,3,25,28,28,144,172
03709302,EDWARD VIA VIRGINIA COLLEGE OF OSTEOPATH,AL,36832-6330,Private      ,0,0,0,2,26,28
03783300,BLUE CLIFF CAREER COLLEGE               ,AL,63306-4749,Proprietary  ,7,20,27,85,326,411
03894300,HUNTSVILLE BIBLE COLLEGE                ,AL,35811-0000,Private      ,0,13,13,28,288,316
04066300,CARDIAC AND VASCULAR INSTITUTE OF ULTRAS,AL,36604-1411,Proprietary  ,1,10,11,63,267,330
04067300,SELMA UNIVERSITY                        ,AL,36701-0000,Private      ,8,47,55,234,495,729
04121500,COLUMBIA SOUTHERN UNIVERSITY            ,AL,36561-3815,Proprietary  ,41,1506,1547,674,18798,19472
04149200,XCELL ACADEMY-A PAUL MITCHELL PARTNER SC,AL,35216-4990,Proprietary  ,6,18,24,120,222,342
04187200,NEW BEGINNING COLLEGE OF COSMETOLOGY    ,AL,35950-2415,Proprietary  ,4,17,21,51,139,190
04187300,HAIR ACADEMY (THE)                      ,AL,36111-2201,Proprietary  ,2,6,8,45,126,171
04197500,UNIVERSITY ACADEMY OF HAIR DESIGN       ,AL,35476-3100,Proprietary  ,2,4,6,50,87,137
04211000,SALON PROFESSIONAL ACADEMY (THE)        ,AL,35816-1849,Proprietary  ,5,8,13,71,139,210
04217900,NUNATION SCHOOL OF COSMETOLOGY          ,AL,35064-2222,Proprietary  ,0,0,0,8,19,27
04226700,ALABAMA COLLEGE OF OSTEOPATHIC MEDICINE ,AL,36303-2251,Private      ,3,9,12,41,669,710
00111100,ALLAN HANCOCK COLLEGE                   ,CA,93454-6399,Public       ,146,356,502,5110,5931,11041
00111300,ANTELOPE VALLEY COLLEGE                 ,CA,93536-5426,Public       ,323,737,1060,8092,12023,20115
00111600,ART CENTER COLLEGE OF DESIGN            ,CA,91103-1999,Private      ,29,41,70,1945,1497,3442
00111700,AZUSA PACIFIC UNIVERSITY                ,CA,91702-7000,Private      ,126,576,702,10344,10181,20525
00111718,AZUSA PACIFIC UNIVERSITY - UNIVERSITY CO,CA,91773-1741,Private      ,0,17,17,0,17,17
00111800,BAKERSFIELD COLLEGE                     ,CA,93305-1299,Public       ,330,818,1148,12620,13160,25780
00111900,BARSTOW COMMUNITY COLLEGE               ,CA,92311-6608,Public       ,87,358,445,1559,4355,5914
00112000,AMER BAPT SEM OF THE WEST-BERKELEY      ,CA,94704-0000,Private      ,0,3,3,9,82,91
00112200,BIOLA UNIVERSITY                        ,CA,90639-0001,Private      ,62,64,126,6127,2360,8487
00112300,BROOKS INSTITUTE                        ,CA,93103-1809,Proprietary  ,8,5,13,341,325,666
00112400,CABRILLO COLLEGE                        ,CA,95003-3194,Public       ,156,328,484,5133,5436,10569
00112500,CALIFORNIA BAPTIST UNIVERSITY           ,CA,92504-3297,Private      ,110,347,457,8177,7384,15561
00112700,CALIFORNIA COLLEGE OF THE ARTS          ,CA,94107-2206,Private      ,31,37,68,2290,1620,3910
00113100,CALIFORNIA INSTITUTE OF TECHNOLOGY      ,CA,91125-0001,Private      ,28,20,48,3942,717,4659
00113200,CALIFORNIA INSTITUTE OF THE ARTS        ,CA,91355-2397,Private      ,42,28,70,2844,1673,4517
00113300,CALIFORNIA LUTHERAN UNIVERSITY          ,CA,91360-2787,Private      ,48,83,131,5227,1875,7102
00113304,CALIFORNIA LUTHERAN UNIVERSITY - PACIFIC,CA,94708-1597,Private      ,2,1,3,5,47,52
00113400,CALIFORNIA MARITIME ACADEMY             ,CA,94590-8181,Public       ,12,8,20,1277,435,1712
00113700,CALIF STATE UNIV-FULLERTON              ,CA,92831-3599,Public       ,534,516,1050,54955,25696,80651
00113800,"CALIFORNIA STATE UNIVERSITY, EAST BAY   ",CA,94542-3000,Public       ,210,441,651,19103,14509,33612
00113900,CALIF STATE UNIV-LONG BEACH             ,CA,90840-0006,Public       ,636,531,1167,62826,27924,90750
00114000,CALIF STATE UNIV-LOS ANGELES            ,CA,90032-4226,Public       ,460,477,937,41772,25486,67258
00114100,"CALIF STATE UNIV, DOMINGUEZ HILLS       ",CA,90747-0001,Public       ,201,300,501,20447,16840,37287
00114200,CALIF STATE UNIV SAN BERNARDINO         ,CA,92407-2397,Public       ,248,361,609,24034,15514,39548
00114300,CAL POLY STATE UNIVERSITY               ,CA,93407-0001,Public       ,369,101,470,44317,5134,49451
00114400,CALIF STATE POLYTECHNIC UNIV POMONA     ,CA,91768-2500,Public       ,328,237,565,40367,13649,54016
00114600,CALIF STATE UNIV - CHICO                ,CA,95929-0001,Public       ,238,140,378,26541,7884,34425
00114700,CALIF STATE UNIV - FRESNO               ,CA,93740-8026,Public       ,252,287,539,30318,14321,44639
00114900,HUMBOLDT STATE UNIVERSITY               ,CA,95521-8299,Public       ,149,99,248,15051,5201,20252
00115000,CALIF STATE UNIV-SACRAMENTO             ,CA,95819-6044,Public       ,400,465,865,37238,21797,59035
00115100,SAN DIEGO STATE UNIVERSITY              ,CA,92182-1690,Public       ,686,504,1190,64369,22783,87152
00115300,CALIF STATE UNIV-NORTHRIDGE             ,CA,91330-8307,Public       ,444,448,892,50141,25317,75458
00115400,SAN FRANCISCO STATE UNIVERSITY          ,CA,94132-1740,Public       ,371,376,747,41984,18822,60806
00115500,SAN JOSE STATE UNIVERSITY               ,CA,95192-0036,Public       ,327,337,664,36517,18231,54748
00115600,SONOMA STATE UNIVERSITY                 ,CA,94928-3609,Public       ,143,90,233,15012,4082,19094
00115700,CALIF STATE UNIV-STANISLAUS             ,CA,95382-0299,Public       ,90,134,224,11552,6917,18469
00116100,CERRITOS COLLEGE                        ,CA,90650-6296,Public       ,399,629,1028,17453,15178,32631
00116200,CHABOT COLLEGE                          ,CA,94545-2400,Public       ,195,423,618,6667,7548,14215
00116300,CHAFFEY COLLEGE                         ,CA,91737-9400,Public       ,409,813,1222,16072,16855,32927
00116400,CHAPMAN UNIVERSITY                      ,CA,92866-1099,Private      ,95,113,208,12661,4571,17232
00116500,CHURCH DIV SCH OF THE PACIFIC           ,CA,94709-0000,Private      ,0,7,7,2,84,86
00116600,CITRUS COLLEGE                          ,CA,91741-1899,Public       ,360,567,927,10417,8333,18750
00116900,CLAREMONT GRADUATE UNIVERSITY           ,CA,91711-0000,Private      ,1,46,47,33,1783,1816
00117000,CLAREMONT MCKENNA COLLEGE               ,CA,91711-6400,Private      ,24,4,28,3825,230,4055
00117100,HARVEY MUDD COLLEGE                     ,CA,91711-5990,Private      ,14,1,15,2815,103,2918
00117200,PITZER COLLEGE                          ,CA,91711-6101,Private      ,16,4,20,2674,208,2882
00117300,POMONA COLLEGE                          ,CA,91711-6301,Private      ,31,7,38,4802,309,5111
00117400,SCRIPPS COLLEGE                         ,CA,91711-3948,Private      ,14,4,18,2018,146,2164
00117600,WEST HILLS COMMUNITY COLLEGE            ,CA,93210-1399,Public       ,56,93,149,1614,1485,3099
00117700,COGSWELL POLYTECHNICAL COLLEGE          ,CA,94089-1210,Proprietary  ,13,8,21,625,247,872
00117800,COLLEGE OF MARIN                        ,CA,94904-2590,Public       ,30,130,160,1158,1913,3071
00117801,COLG OF MARIN-INDIAN VALLEY CMPS        ,CA,94949-0000,Public       ,7,47,54,349,653,1002
00117900,NOTRE DAME DE NAMUR UNIVERSITY          ,CA,94002-1997,Private      ,20,38,58,1535,1301,2836
00118100,COLLEGE OF SAN MATEO                    ,CA,94402-3784,Public       ,118,178,296,3665,3026,6691
00118200,COLLEGE OF THE DESERT                   ,CA,92260-9305,Public       ,175,414,589,6704,7277,13981
00118300,HOLY NAMES UNIVERSITY                   ,CA,94619-1699,Private      ,4,23,27,936,907,1843
00118500,COLLEGE OF THE REDWOODS                 ,CA,95501-9300,Public       ,62,177,239,2660,3957,6617
00118600,COLLEGE OF THE SEQUOIAS                 ,CA,93277-2234,Public       ,168,347,515,7540,7655,15195
00118700,COLLEGE OF THE SISKIYOUS                ,CA,96094-2899,Public       ,20,74,94,1011,1140,2151
00118701,COLLEGE OF THE SISKIYOUS - YREKA CENTER ,CA,96097-9538,Public       ,4,18,22,139,356,495
00119000,CONTRA COSTA COLLEGE                    ,CA,94806-3195,Public       ,130,327,457,2603,3849,6452
00119100,DIABLO VALLEY COLLEGE                   ,CA,94523-1544,Public       ,299,581,880,7041,6930,13971
00119200,CUESTA COLLEGE                          ,CA,93403-8106,Public       ,148,293,441,4620,4401,9021
00119300,CYPRESS COLLEGE                         ,CA,90630-5897,Public       ,314,519,833,11941,9929,21870
00119600,DOMINICAN UNIVERSITY OF CALIFORNIA      ,CA,94901-2298,Private      ,24,23,47,2586,1206,3792
00119700,EL CAMINO COLLEGE                       ,CA,90506-0002,Public       ,416,739,1155,16468,14254,30722
00119701,COMPTON COMMUNITY COLLEGE               ,CA,90221-5393,Public       ,146,398,544,3986,6168,10154
00119900,FOOTHILL COLLEGE                        ,CA,94022-4597,Public       ,158,321,479,4475,5190,9665
00120000,FULLER THEOLOGICAL SEMINARY             ,CA,91182-0000,Private      ,0,105,105,15,2305,2320
00120100,FULLERTON COLLEGE                       ,CA,92832-2095,Public       ,423,574,997,16379,11224,27603
00120200,GAVILAN COLLEGE                         ,CA,95020-9599,Public       ,102,184,286,2234,2334,4568
00120300,GLENDALE COMMUNITY COLLEGE              ,CA,91208-2894,Public       ,372,759,1131,10362,10272,20634
00120500,GOLDEN GATE UNIVERSITY                  ,CA,94105-2967,Private      ,4,107,111,258,2715,2973
00120600,GOLDEN WEST COLLEGE                     ,CA,92647-2748,Public       ,218,416,634,9795,8398,18193
00120700,GRADUATE THEOLOGICAL UNION              ,CA,94709-0000,Private      ,0,3,3,1,241,242
00120800,GROSSMONT COLLEGE                       ,CA,92020-1799,Public       ,314,622,936,10606,12490,23096
00120900,HARTNELL COMMUNITY COLLEGE              ,CA,93901-1697,Public       ,140,237,377,4832,3874,8706
00121200,HUMPHREYS COLLEGE                       ,CA,95207-3896,Private      ,14,50,64,302,1047,1349
00121400,IMPERIAL VALLEY COLLEGE                 ,CA,92251-9787,Public       ,234,366,600,5284,4598,9882
00121500,LA SIERRA UNIVERSITY                    ,CA,92515-3332,Private      ,60,79,139,3729,1635,5364
00121600,UNIVERSITY OF LA VERNE                  ,CA,91750-4443,Private      ,79,399,478,6295,7531,13826
00121700,LASSEN COLLEGE                          ,CA,96130-3000,Public       ,14,57,71,568,636,1204
00121800,LOMA LINDA UNIVERSITY                   ,CA,92350-0001,Private      ,23,119,142,1299,5871,7170
00121900,LONG BEACH CITY COLLEGE                 ,CA,90808-1780,Public       ,674,1275,1949,19311,17808,37119
00122000,MASTER'S COLLEGE & SEMINARY (THE)       ,CA,91321-1200,Private      ,10,26,36,1346,526,1872
00122300,LOS ANGELES CITY COLLEGE                ,CA,90029-3588,Public       ,403,1204,1607,10819,18380,29199
00122400,LOS ANGELES HARBOR COLLEGE              ,CA,90744-2397,Public       ,229,425,654,4931,6110,11041
00122600,LOS ANGELES PIERCE COLLEGE              ,CA,91371-0001,Public       ,517,897,1414,13612,13694,27306
00122700,LOS ANGELES TRADE TECH COLLEGE          ,CA,90015-4181,Public       ,390,1397,1787,7822,16510,24332
00122800,LOS ANGELES VALLEY COLLEGE              ,CA,91401-4096,Public       ,429,927,1356,9893,13012,22905
00122900,SO CA UNIV  HEALTH SCIENCES             ,CA,90604-4051,Private      ,1,22,23,52,801,853
00123000,MARSHALL B. KETCHUM UNIVERSITY          ,CA,92831-1699,Private      ,1,9,10,14,642,656
00123200,AMERICAN RIVER COLLEGE                  ,CA,95841-4286,Public       ,375,1057,1432,15081,23360,38441
00123300,SACRAMENTO CITY COLLEGE                 ,CA,95822-1386,Public       ,352,815,1167,14897,18130,33027
00123600,MENLO COLLEGE                           ,CA,94027-4301,Private      ,11,7,18,1190,199,1389
00123700,MERCED COMMUNITY COLLEGE                ,CA,95348-2898,Public       ,207,418,625,7034,6707,13741
00123800,MILLS COLLEGE                           ,CA,94613-1301,Private      ,17,50,67,1461,1775,3236
00123900,MIRACOSTA COLLEGE                       ,CA,92056-3899,Public       ,202,536,738,6238,9362,15600
00124000,MODESTO JUNIOR COLLEGE                  ,CA,95350-5800,Public       ,313,731,1044,11164,13343,24507
00124200,MONTEREY PENINSULA COLLEGE              ,CA,93940-4799,Public       ,108,242,350,3447,3432,6879
00124300,MOUNT ST MARYS COLLEGE                  ,CA,90049-1599,Private      ,39,110,149,3683,2948,6631
00124500,MT. SAN ANTONIO COLLEGE                 ,CA,91789-1399,Public       ,716,1173,1889,21388,17885,39273
00124600,MT SAN JACINTO COLLEGE                  ,CA,92583-2399,Public       ,311,712,1023,10503,14323,24826
00124700,NAPA VALLEY COLLEGE                     ,CA,94558-6236,Public       ,103,184,287,3216,3129,6345
00124900,OCCIDENTAL COLLEGE                      ,CA,90041-3314,Private      ,38,15,53,5000,385,5385
00125000,ORANGE COAST COLLEGE - FIN AID OFF      ,CA,92628-5005,Public       ,324,615,939,14729,12244,26973
00125100,OTIS COLLEGE OF ART AND DESIGN          ,CA,90045-3505,Private      ,15,37,52,1936,858,2794
00125200,HOPE INTERNATIONAL UNIVERSITY           ,CA,92631-0000,Private      ,15,41,56,971,1082,2053
00125300,FRESNO PACIFIC UNIVERSITY               ,CA,93702-4798,Private      ,39,232,271,2551,4670,7221
00125500,PACIFIC OAKS COLLEGE                    ,CA,91103-3606,Private      ,1,71,72,65,1763,1828
00125600,PACIFIC SCHOOL OF RELIGION              ,CA,94709-0000,Private      ,2,2,4,3,172,175
00125800,PACIFIC UNION COLLEGE                   ,CA,94508-9797,Private      ,25,16,41,2019,587,2606
00125900,PALO VERDE COLLEGE                      ,CA,92225-0000,Public       ,19,76,95,307,614,921
00126000,PALOMAR COLLEGE                         ,CA,92069-1486,Public       ,279,728,1007,11107,11523,22630
00126100,PASADENA CITY COLLEGE                   ,CA,91106-2003,Public       ,403,703,1106,19773,15281,35054
00126200,POINT LOMA NAZARENE UNIVERSITY          ,CA,92106-2899,Private      ,53,125,178,4525,2058,6583
00126600,LANEY COLLEGE                           ,CA,94607-4893,Public       ,194,629,823,4432,9069,13501
00126700,MERRITT COLLEGE                         ,CA,94619-3196,Public       ,117,422,539,2790,5835,8625
00126800,PORTERVILLE COLLEGE                     ,CA,93257-6059,Public       ,77,152,229,2487,2514,5001
00126900,RIO HONDO COLLEGE                       ,CA,90601-1699,Public       ,354,571,925,12682,9968,22650
00127000,RIVERSIDE CITY COLLEGE                  ,CA,92506-1299,Public       ,657,1136,1793,20650,19433,40083
00127200,SAN BERNARDINO VALLEY COLLEGE           ,CA,92410-2798,Public       ,282,737,1019,10656,15574,26230
00127300,SAN DIEGO CITY COLLEGE                  ,CA,92101-4787,Public       ,296,973,1269,12286,18720,31006
00127500,SAN DIEGO MESA COLLEGE                  ,CA,92111-4996,Public       ,319,825,1144,13504,16907,30411
00127800,SAN FRANCISCO CONSERVATORY OF MUSIC     ,CA,94122-4498,Private      ,4,8,12,310,382,692
00127900,SAN FRANCISCO THEOLOGICAL SEMINARY      ,CA,94960-0000,Private      ,0,1,1,11,72,83
00128000,SAN JOAQUIN DELTA COLLEGE               ,CA,95207-6370,Public       ,393,857,1250,10783,12740,23523
00128100,WILLIAM JESSUP UNIVERSITY               ,CA,95765-3707,Private      ,10,26,36,1318,775,2093
00128200,SAN JOSE CITY COLLEGE                   ,CA,95128-2797,Public       ,165,458,623,5242,7031,12273
00128400,SANTA ANA COLLEGE                       ,CA,92706-3398,Public       ,302,601,903,9939,9176,19115
00128500,SANTA BARBARA CITY COLLEGE              ,CA,93109-2394,Public       ,231,334,565,9772,6717,16489
00128600,SANTA MONICA COLLEGE                    ,CA,90405-1644,Public       ,618,941,1559,20989,14803,35792
00128700,SANTA ROSA JUNIOR COLLEGE               ,CA,95401-4395,Public       ,250,490,740,6784,7588,14372
00128800,CLAREMONT SCHOOL OF THEOLOGY            ,CA,91711-0000,Private      ,0,6,6,8,314,322
00128900,SHASTA COLLEGE                          ,CA,96049-7692,Public       ,104,279,383,3874,5820,9694
00129000,SIERRA COLLEGE                          ,CA,95677-3397,Public       ,296,599,895,9403,10811,20214
00129100,SIMPSON UNIVERSITY                      ,CA,96003-8606,Private      ,14,33,47,1221,1213,2434
00129200,SOLANO COMMUNITY COLLEGE                ,CA,94534-3197,Public       ,128,366,494,4154,6194,10348
00129300,VANGUARD UNIVERSITY OF SOUTHERN CA      ,CA,92626-6597,Private      ,18,54,72,2309,1258,3567
00129400,SOUTHWESTERN COLLEGE                    ,CA,91910-7299,Public       ,346,656,1002,11169,10209,21378
00129500,SOUTHWESTERN LAW SCHOOL                 ,CA,90010-1106,Private      ,1,26,27,65,2073,2138
00129600,DOMINICAN SCH PHILOSOPHY & THEOLOGY     ,CA,94709-0000,Private      ,0,3,3,4,38,42
00129900,ST JOHN'S SEMINARY COLLEGE              ,CA,93010-0000,Private      ,0,0,0,3,8,11
00130200,SAINT MARY'S COLLEGE OF CALIFORNIA      ,CA,94556-2744,Private      ,41,83,124,5169,1690,6859
00130500,STANFORD UNIVERSITY                     ,CA,94305-6106,Private      ,250,150,400,27459,3500,30959
00130501,STANFORD UNIVERSITY - SCHOOL OF MEDICINE,CA,94305-5404,Private      ,10,16,26,279,919,1198
00130502,STANFORD UNIVERSITY - GRADUATE SCHOOL OF,CA,94305-7298,Private      ,2,62,64,97,2458,2555
00130503,STANFORD UNIVERSITY - STANFORD LAW SCHOO,CA,94305-8610,Private      ,5,17,22,198,2127,2325
00130700,FRESNO CITY COLLEGE                     ,CA,93741-0002,Public       ,344,814,1158,17550,19585,37135
00130800,REEDLEY COLLEGE                         ,CA,93654-2099,Public       ,163,269,432,8141,6548,14689
00130900,TAFT COLLEGE                            ,CA,93268-2317,Public       ,54,108,162,2077,2133,4210
00131200,"UNIVERSITY OF CALIFORNIA, BERKELEY      ",CA,94720-1520,Public       ,617,427,1044,64035,20022,84057
00131300,UNIVERSITY OF CALIFORNIA-DAVIS          ,CA,95616-8558,Public       ,469,244,713,59633,15888,75521
00131400,UNIVERSITY OF CALIFORNIA-IRVINE         ,CA,92697-2825,Public       ,558,316,874,66953,15168,82121
00131500,UNIVERSITY OF CALIFORNIA (UCLA)         ,CA,90095-9000,Public       ,812,634,1446,81589,27654,109243
00131502,UNIV OF CALIFORNIA LOS ANG SCH MED      ,CA,90095-0000,Public       ,13,13,26,287,1077,1364
00131503,UNIV OF CALIFORNIA LOS ANG DENTAL       ,CA,90095-0000,Public       ,3,5,8,120,215,335
00131600,UNIVERSITY OF CALIFORNIA-RIVERSIDE      ,CA,92521-0209,Public       ,379,258,637,45085,10831,55916
00131700,UNIVERSITY OF CALIFORNIA-SAN DIEGO      ,CA,92093-0013,Public       ,479,245,724,59704,11809,71513
00131900,UNIVERSITY OF CALIFORNIA-SFRANCISCO     ,CA,94143-0246,Public       ,31,85,116,1701,4560,6261
00132000,UNIVERSITY OF CALIFORNIA-SANTA BARB     ,CA,93106-3180,Public       ,481,181,662,57981,7862,65843
00132100,UNIVERSITY OF CALIFORNIA-SANTA CRUZ     ,CA,95064-0001,Public       ,365,131,496,41766,5940,47706
00132200,UNIVERSITY OF REDLANDS                  ,CA,92373-0999,Private      ,48,318,366,5678,3954,9632
00132500,UNIVERSITY OF SAN FRANCISCO             ,CA,94117-1080,Private      ,151,191,342,13275,8011,21286
00132600,SANTA CLARA UNIVERSITY                  ,CA,95053-4956,Private      ,99,79,178,11143,3169,14312
00132604,JESUIT SCHOOL OF THEOLOGY - BERKELEY    ,CA,94709-1193,Private      ,0,4,4,1,60,61
00132800,UNIVERSITY OF SOUTHERN CALIFORNIA       ,CA,90089-0914,Private      ,507,663,1170,45017,29982,74999
00132900,UNIVERSITY OF THE PACIFIC               ,CA,95211-0197,Private      ,77,87,164,9330,3482,12812
00132901,UNIVERSITY OF THE PACIFIC - MCGEORGE SCH,CA,95817-2799,Private      ,5,23,28,177,1202,1379
00132902,UNIVERSITY OF THE PACIFIC - DENTAL SCHOO,CA,94103-2919,Private      ,0,8,8,61,647,708
00133400,VENTURA COLLEGE                         ,CA,93003-3899,Public       ,150,388,538,6993,6323,13316
00133500,VICTOR VALLEY COLLEGE                   ,CA,92395-5849,Public       ,341,855,1196,8116,11601,19717
00133800,WEST VALLEY COLLEGE                     ,CA,95070-5697,Public       ,120,191,311,3056,2931,5987
00134100,WESTMONT COLLEGE                        ,CA,93108-1099,Private      ,13,7,20,2595,166,2761
00134200,WHITTIER COLLEGE                        ,CA,90601-0000,Private      ,44,34,78,4252,660,4912
00134201,WHITTIER COLLEGE - COLLEGE OF LAW       ,CA,92626-1501,Private      ,4,7,11,39,1050,1089
00134300,WOODBURY UNIVERSITY                     ,CA,91510-7846,Private      ,23,18,41,1277,869,2146
00134400,YUBA COLLEGE                            ,CA,95901-7699,Public       ,199,367,566,4048,5438,9486
00177212,TRINITY INTERNATIONAL UNIV-CA           ,CA,92705-0000,Private      ,0,6,6,6,310,316
00188100,ASHFORD UNIVERSITY                      ,CA,92123-1406,Proprietary  ,372,9231,9603,2480,90232,92712
00274100,AMERICAN JEWISH UNIVERSITY              ,CA,90077-1599,Private      ,0,1,1,77,150,227
00301002,ANTIOCH UNIV/LOS ANGELES                ,CA,90230-7615,Private      ,1,77,78,59,1151,1210
00301003,ANTIOCH  UNIV/SANTA BARBARA             ,CA,93101-0000,Private      ,13,15,28,679,619,1298
00369110,MIDDLEBURY COLLEGE - MONTEREY INSTITUTE ,CA,93940-2691,Private      ,0,17,17,38,890,928
00394700,UC-HASTINGS COLLEGE OF THE LAW          ,CA,94102-0000,Public       ,1,9,10,38,2550,2588
00394800,SAN FRANCISCO ART INSTITUTE             ,CA,94133-2299,Private      ,35,49,84,1503,1083,2586
00408000,STARR KING SCHOOL FOR THE MINISTRY      ,CA,94709-1299,Private      ,0,1,1,1,88,89
00448000,DE ANZA COLLEGE                         ,CA,95014-5793,Public       ,278,456,734,10524,8029,18553
00448100,OHLONE COLLEGE                          ,CA,94539-5847,Public       ,127,199,326,3921,3546,7467
00448400,JOHN F. KENNEDY UNIVERSITY              ,CA,94523-4817,Private      ,4,62,66,43,1353,1396
00449400,EVEREST COLLEGE                         ,CA,92408-3752,Proprietary  ,0,0,0,246,395,641
00449401,EVEREST COLLEGE - SANTA ANA             ,CA,92701-4559,Proprietary  ,0,0,0,145,245,390
00449402,EVEREST COLLEGE - ONTARIO               ,CA,91761-8525,Proprietary  ,0,0,0,150,450,600
00450200,CITY COLLEGE OF SAN FRANCISCO           ,CA,94112-0000,Public       ,242,856,1098,8305,13578,21883
00563800,DOWNEY ADULT SCHOOL                     ,CA,90241-5610,Public       ,23,99,122,328,974,1302
00565500,HACIENDA LA PUENTE ADULT EDUC CTR       ,CA,91746-0000,Public       ,14,53,67,264,707,971
00616500,LA CNTY CLG OF NURSING & ALLD HLTH      ,CA,90033-1018,Public       ,4,30,34,200,678,878
00672000,COLLEGE OF ALAMEDA                      ,CA,94501-2109,Public       ,121,309,430,2831,4330,7161
00673100,CASA LOMA COLLEGE                       ,CA,91405-4523,Private      ,20,54,74,183,606,789
00697300,CANADA COLLEGE                          ,CA,94061-1099,Public       ,69,141,210,1533,2179,3712
00697500,LINCOLN UNIVERSITY                      ,CA,94612-2801,Private      ,0,16,16,49,175,224
00701200,SAMUEL MERRITT COLLEGE                  ,CA,94609-3108,Private      ,7,132,139,402,2875,3277
00704700,LOS ANGELES SOUTHWEST COLLEGE           ,CA,90047-4810,Public       ,182,654,836,3927,8883,12810
00705000,BELLUS ACADEMY                          ,CA,91950-3616,Proprietary  ,8,36,44,143,253,396
00711500,MOORPARK COLLEGE                        ,CA,93021-1695,Public       ,189,268,457,6720,5105,11825
00713000,NEWBERRY SCHOOLS OF BEAUTY              ,CA,91344-7404,Proprietary  ,11,21,32,82,136,218
00714200,LYLE'S COLLEGE OF BEAUTY                ,CA,93710-3948,Proprietary  ,7,24,31,100,199,299
00716400,BRYAN COLLEGE                           ,CA,90057-0000,Proprietary  ,41,514,555,268,3158,3426
00718700,NORTH ADRIAN'S COLLEGE OF BEAUTY        ,CA,95350-2381,Proprietary  ,10,41,51,118,249,367
00719000,WYOTECH                                 ,CA,94539-7663,Proprietary  ,0,0,0,144,172,316
00720300,SALON SUCCESS ACADEMY                   ,CA,91786-4060,Proprietary  ,14,37,51,105,187,292
00720400,MODERN BEAUTY ACADEMY                   ,CA,93030-7016,Proprietary  ,4,8,12,45,86,131
00720900,REDONDO BEACH BEAUTY COLLEGE            ,CA,90278-3111,Proprietary  ,0,3,3,17,52,69
00723400,HEALD COLLEGE                           ,CA,94105-2206,Proprietary  ,0,0,0,206,519,725
00723404,HEALD COLLEGE - CONCORD                 ,CA,94520-0000,Proprietary  ,0,0,0,351,822,1173
00723405,HEALD COLLEGE - MILPITAS                ,CA,95035-8008,Proprietary  ,0,0,0,321,783,1104
00723406,HEALD COLLEGE - HAYWARD                 ,CA,94545-2352,Proprietary  ,0,0,0,374,694,1068
00723407,HEALD COLLEGE - MODESTO                 ,CA,95368-9095,Proprietary  ,0,0,0,415,571,986
00723408,HEALD COLLEGE - ROSEVILLE               ,CA,95678-5303,Proprietary  ,0,0,0,293,792,1085
00723409,HEALD COLLEGE - SALINAS                 ,CA,93906-5100,Proprietary  ,0,0,0,306,463,769
00723410,HEALD COLLEGE - STOCKTON                ,CA,95210-5667,Proprietary  ,0,0,0,495,901,1396
00723411,HEALD COLLEGE - RANCHO CORDOVA          ,CA,95670-6005,Proprietary  ,0,0,0,208,655,863
00723412,HEALD COLLEGE - FRESNO                  ,CA,93704-1706,Proprietary  ,0,0,0,661,1117,1778
00725300,FEDERICO BEAUTY INSTITUTE               ,CA,95834-1905,Proprietary  ,20,56,76,293,508,801
00729600,COLEMAN COLLEGE                         ,CA,92123-0000,Private      ,11,54,65,193,674,867
00732909,ITT TECHNICAL INSTITUTE                 ,CA,92868-3506,Proprietary  ,66,255,321,565,2258,2823
00732971,ITT TECHNICAL INSTITUTE                 ,CA,95670-6047,Proprietary  ,40,207,247,389,1951,2340
00732976,ITT TECHNICAL INSTITUTE                 ,CA,92408-3519,Proprietary  ,67,312,379,896,2893,3789
00732981,ITT TECHNICAL INSTITUTE                 ,CA,92123-2662,Proprietary  ,65,267,332,685,2718,3403
00732985,ITT TECHNICAL INSTITUTE                 ,CA,91773-2933,Proprietary  ,43,172,215,357,1533,1890
00732989,ITT TECHNICAL INSTITUTE                 ,CA,90502-1356,Proprietary  ,37,187,224,393,1846,2239
00732994,ITT TECHNICAL INSTITUTE                 ,CA,91342-3664,Proprietary  ,52,203,255,454,1658,2112
00746901,HUSSIAN SCHOOL OF ART-RELATIVITY CAMPUS ,CA,90017-2019,Proprietary  ,4,2,6,126,33,159
00747600,MARINELLO SCHOOLS OF BEAUTY             ,CA,90023-2666,Proprietary  ,14,27,41,277,482,759
00747602,MARINELLO SCHOOLS OF BEAUTY - SPA ACADEM,CA,90048-5101,Proprietary  ,6,11,17,106,209,315
00747603,MARINELLO SCHOOLS OF BEAUTY - INGLEWOOD ,CA,90301-2306,Proprietary  ,6,10,16,120,219,339
00747604,MARINELLO SCHOOLS OF BEAUTY - RESEDA    ,CA,91335-4218,Proprietary  ,2,5,7,50,67,117
00747606,MARINELLO SCHOOLS OF BEAUTY - WEST COVIN,CA,91790-2805,Proprietary  ,7,13,20,84,144,228
00747607,MARINELLO SCHOOLS OF BEAUTY - SAN BERNAR,CA,92410-3261,Proprietary  ,5,20,25,189,359,548
00747608,MARINELLO SCHOOLS OF BEAUTY - ONTARIO   ,CA,91762-2113,Proprietary  ,10,19,29,145,289,434
00747609,MARINELLO SCHOOLS OF BEAUTY - WHITTIER  ,CA,90601-4107,Proprietary  ,2,10,12,91,140,231
00747610,MARINELLO SCHOOLS OF BEAUTY - LOMITA    ,CA,90717-1460,Proprietary  ,1,8,9,48,135,183
00747611,MARINELLO SCHOOLS OF BEAUTY - SAN DIEGO ,CA,92126-4217,Proprietary  ,7,16,23,191,384,575
00747612,MARINELLO SCHOOLS OF BEAUTY - EL CAJON  ,CA,92020-2503,Proprietary  ,3,6,9,93,211,304
00747613,MARINELLO SCHOOLS OF BEAUTY - VICTORVILL,CA,92392-5496,Proprietary  ,6,13,19,142,328,470
00747614,MARINELLO SCHOOLS OF BEAUTY - ANAHEIM   ,CA,92801-4622,Proprietary  ,3,15,18,138,191,329
00747615,MARINELLO SCHOOLS OF BEAUTY - SIMI VALLE,CA,93065-2801,Proprietary  ,1,3,4,26,38,64
00753100,ACADEMY OF ART UNIVERSITY               ,CA,94105-3410,Proprietary  ,278,614,892,6434,10255,16689
00753600,COSUMNES RIVER COLLEGE                  ,CA,95823-5799,Public       ,242,592,834,9898,11638,21536
00754802,WESTWOOD COLLEGE OF TECHNOLOGY          ,CA,92801-0000,Proprietary  ,2,5,7,381,469,850
00754803,WESTWOOD COLLEGE OF TECHNOLOGY          ,CA,91786-0000,Proprietary  ,2,4,6,528,667,1195
00760700,CONCORDE CAREER INSTITUTE               ,CA,91606-3134,Proprietary  ,39,71,110,384,749,1133
00770700,COLUMBIA COLLEGE                        ,CA,95370-8580,Public       ,24,107,131,1262,1614,2876
00771300,SKYLINE COLLEGE                         ,CA,94066-1698,Public       ,130,227,357,3979,3749,7728
00793000,CONCORDE CAREER INSTITUTE               ,CA,92108-0000,Proprietary  ,20,111,131,294,1049,1343
00799300,CALIF STATE UNIV BAKERSFIELD            ,CA,93311-1022,Public       ,158,253,411,12560,7886,20446
00807100,CONCORDE CAREER INSTITUTE               ,CA,92840-9201,Proprietary  ,27,83,110,250,806,1056
00807300,BUTTE COMMUNITY COLLEGE                 ,CA,95965-0000,Public       ,190,400,590,7436,8320,15756
00809000,EVEREST COLLEGE                         ,CA,91803-1310,Proprietary  ,0,0,0,90,141,231
00853700,CONCORDE CAREER INSTITUTE               ,CA,92401-0000,Proprietary  ,33,100,133,424,999,1423
00859600,WEST LOS ANGELES COLLEGE                ,CA,90230-3500,Public       ,242,747,989,5613,9356,14969
00859700,FEATHER RIVER COLLEGE                   ,CA,95971-9124,Public       ,10,25,35,736,513,1249
00884400,CALIFORNIA CHRISTIAN COLLEGE            ,CA,93703-3599,Private      ,4,10,14,83,151,234
00884600,WRIGHT INSTITUTE                        ,CA,94704-0000,Private      ,0,2,2,3,521,524
00890300,COLLEGE OF THE CANYONS                  ,CA,91355-1899,Public       ,380,521,901,9441,7438,16879
00891800,SADDLEBACK COLLEGE                      ,CA,92692-3699,Public       ,207,464,671,6590,8084,14674
00902200,ASSOCIATED TECHNICAL COLLEGE            ,CA,90017-0000,Proprietary  ,11,87,98,154,541,695
00903200,EMPIRE COLLEGE                          ,CA,95403-2122,Proprietary  ,16,60,76,159,546,705
00927200,CRAFTON HILLS COLLEGE                   ,CA,92399-1799,Public       ,138,225,363,4491,4801,9292
00950900,SKILLS & BUSINESS EDUCATION CENTER      ,CA,95824-1529,Public       ,25,99,124,300,953,1253
00974800,CARRINGTON COLLEGE                      ,CA,95826-3203,Proprietary  ,283,669,952,2893,6268,9161
00974801,CARRINGTON COLLEGE  - SAN LEANDRO CAMPUS,CA,94578-3711,Proprietary  ,0,0,0,6,28,34
00974802,CARRINGTON COLLEGE  - PLEASANT HILL CAMP,CA,94523-1984,Proprietary  ,0,0,0,10,29,39
00974803,CARRINGTON COLLEGE  - STOCKTON          ,CA,95207-5509,Proprietary  ,0,0,0,26,38,64
00974804,CARRINGTON COLLEGE  - CITRUS HEIGHTS    ,CA,95621-5577,Proprietary  ,0,0,0,14,16,30
00974807,CARRINGTON COLLEGE  - SAN JOSE          ,CA,95119-1325,Proprietary  ,0,0,0,42,59,101
00998900,SANTA BARBARA BUSINESS COLLEGE          ,CA,93111-0000,Proprietary  ,15,55,70,309,653,962
01011100,CERRO-COSO COMMUNITY COLLEGE            ,CA,93555-9571,Public       ,36,157,193,934,2568,3502
01014900,PEPPERDINE UNIVERSITY                   ,CA,90263-0000,Private      ,112,171,283,8834,6437,15271
01034000,LOS MEDANOS COLLEGE                     ,CA,94565-5197,Public       ,212,367,579,4026,5041,9067
01036500,CHARLES R DREW UNIV OF MED & SCI        ,CA,90059-0000,Private      ,3,24,27,127,1058,1185
01039500,UNIVERSITY OF SAN DIEGO                 ,CA,92110-2492,Private      ,209,193,402,17720,6674,24394
01039501,UNIVERSITY OF SAN DIEGO - SCHOOL OF LAW ,CA,92110-2492,Private      ,7,23,30,199,2375,2574
01044100,PARDEE RAND GRADUATE SCHOOL             ,CA,90407-2138,Private      ,0,2,2,2,32,34
01047400,MARYMOUNT CALIFORNIA UNIVERSITY         ,CA,90274-6299,Private      ,18,3,21,1083,296,1379
01085400,THOMAS JEFFERSON SCHOOL OF LAW          ,CA,92110-0000,Private      ,0,11,11,27,1274,1301
01110700,EVEREST  COLLEGE                        ,CA,92801-5231,Proprietary  ,0,0,0,187,261,448
01110900,EVEREST COLLEGE                         ,CA,91335-4631,Proprietary  ,0,0,0,88,192,280
01111200,FIDM-FASHION INSTITUTE OF DESIGN        ,CA,90015-1421,Proprietary  ,91,99,190,4578,2047,6625
01111700,ALLIANT INTERNATIONAL UNIVERSITY        ,CA,92131-1799,Proprietary  ,5,82,87,234,2178,2412
01111705,ALLIANT INTERNATIONAL UNIVERSITY - LOS A,CA,91803-1360,Proprietary  ,0,12,12,8,641,649
01111706,ALLIANT INTERNATIONAL UNIVERSITY - SAN F,CA,94133-1221,Proprietary  ,3,23,26,50,705,755
01111707,ALLIANT INTERNATIONAL UNIVERSITY - FRESN,CA,93727-2014,Proprietary  ,2,19,21,60,531,591
01112300,EVEREST COLLEGE                         ,CA,90247-4163,Proprietary  ,0,0,0,75,188,263
01146000,NATIONAL UNIVERSITY                     ,CA,92037-1011,Private      ,56,2368,2424,853,20560,21413
01162600,PRACTICAL SCHOOLS                       ,CA,92805-0000,Proprietary  ,0,0,0,209,465,674
01164900,LOYOLA MARYMOUNT UNIVERSITY             ,CA,90045-0000,Private      ,122,91,213,13470,3598,17068
01164901,LMU  - LOYOLA LAW SCHOOL                ,CA,90015-0019,Private      ,4,26,30,166,2444,2610
01167200,MENDOCINO COLLEGE                       ,CA,95482-3000,Public       ,67,210,277,1421,2285,3706
01170700,NORTH-WEST COLLEGE                      ,CA,91790-2097,Proprietary  ,37,87,124,355,690,1045
01179200,FRANCISCAN SCHOOL OF THEOLOGY           ,CA,92057-6402,Private      ,0,0,0,0,39,39
01182000,SAN DIEGO MIRAMAR COLLEGE               ,CA,92126-0000,Public       ,150,544,694,6525,10377,16902
01186500,CALIFORNIA HAIR DESIGN ACADEMY          ,CA,92115-0000,Proprietary  ,15,41,56,152,277,429
01186600,LU ROSS ACADEMY                         ,CA,93001-2927,Proprietary  ,13,35,48,187,381,568
01202600,BELLUS ACADEMY                          ,CA,92021-6247,Proprietary  ,8,32,40,112,212,324
01203100,SAN DIEGO CHRISTIAN COLLEGE             ,CA,92019-0000,Private      ,14,29,43,926,828,1754
01215400,CALIFORNIA INSTITUTE OF INTEGRAL STUDIES,CA,94103-2557,Private      ,0,20,20,53,1645,1698
01215403,CALIFORNIA INSTITUTE OF INTEGRAL STUDIES,CA,94107-2813,Private      ,1,8,9,11,157,168
01231600,MANCHESTER BEAUTY COLLEGE               ,CA,93726-5306,Proprietary  ,0,0,0,49,44,93
01231700,TULARE BEAUTY COLLEGE                   ,CA,93274-3432,Proprietary  ,0,0,0,10,9,19
01244600,UNIVERSAL COLLEGE OF BEAUTY             ,CA,90044-0000,Proprietary  ,1,6,7,61,131,192
01245200,EVERGREEN VALLEY COLLEGE                ,CA,95135-1598,Public       ,169,357,526,5476,6060,11536
01255000,LOS ANGELES MISSION COLLEGE             ,CA,91342-3200,Public       ,242,507,749,6093,6596,12689
01265000,MARINELLO SCHOOL OF BEAUTY              ,CA,91502-2828,Proprietary  ,8,26,34,182,348,530
01265001,MARINELLO SCHOOL OF BEAUTY - PALMDALE   ,CA,93550-4686,Proprietary  ,3,3,6,79,126,205
01284200,OXNARD COLLEGE                          ,CA,93030-0000,Public       ,97,243,340,4023,4370,8393
01287200,NORTH-WEST COLLEGE                      ,CA,91768-3199,Proprietary  ,76,124,200,569,1168,1737
01287300,WYOTECH                                 ,CA,90810-3800,Proprietary  ,0,0,0,310,473,783
01287301,WYOTECH - EVEREST  COLLEGE              ,CA,90034-3158,Proprietary  ,0,0,0,86,136,222
01287302,WYOTECH - EVEREST  COLLEGE              ,CA,91746-3412,Proprietary  ,0,0,0,87,147,234
01290700,LAKE TAHOE COMMUNITY COLLEGE            ,CA,96150-4524,Public       ,26,103,129,646,1137,1783
01291200,MTI COLLEGE                             ,CA,95841-0000,Proprietary  ,47,131,178,527,1576,2103
01294200,ROSEMEAD BEAUTY SCHOOL                  ,CA,91770-1639,Proprietary  ,4,43,47,38,293,331
01298400,PROFESSIONAL INSTITUTE OF BEAUTY        ,CA,91731-2613,Proprietary  ,1,11,12,19,101,120
01298500,HAIR CALIFORNIA BEAUTY ACADEMY          ,CA,92867-7127,Proprietary  ,1,15,16,17,73,90
01298900,OCEANSIDE COLLEGE OF BEAUTY             ,CA,92054-5393,Proprietary  ,4,15,19,72,182,254
01301000,LANCASTER BEAUTY SCHOOL                 ,CA,93534-3098,Proprietary  ,11,31,42,100,257,357
01307400,AMERICAN BEAUTY COLLEGE                 ,CA,91790-2906,Proprietary  ,10,21,31,81,116,197
01309500,SALON SUCCESS ACADEMY                   ,CA,92879-0000,Proprietary  ,12,42,54,155,275,430
01310300,CALIFORNIA WESTERN SCHOOL OF LAW        ,CA,92101-0000,Private      ,5,11,16,101,1537,1638
01324000,LYTLE'S REDWOOD EMPIRE BEAUTY CLG       ,CA,95403-0000,Proprietary  ,14,13,27,134,228,362
02054900,MARINELLO SCHOOL OF BEAUTY              ,CA,92630-0000,Proprietary  ,5,11,16,96,207,303
02054902,MARINELLO SCHOOL OF BEAUTY - BAKERSFIELD,CA,93309-5001,Proprietary  ,5,23,28,316,412,728
02054903,MARINELLO SCHOOL OF BEAUTY - VISALIA    ,CA,93277-6228,Proprietary  ,5,3,8,116,140,256
02059800,PARIS BEAUTY COLLEGE                    ,CA,94520-2611,Proprietary  ,0,3,3,43,145,188
02061600,WAYNES COLLEGE OF BEAUTY                ,CA,93906-2830,Proprietary  ,7,16,23,71,117,188
02063500,COASTLINE COMMUNITY COLLEGE             ,CA,92708-0000,Public       ,76,642,718,2676,9052,11728
02064300,SIERRA COLLEGE OF BEAUTY                ,CA,95340-0000,Proprietary  ,3,28,31,80,165,245
02065700,CALIFORNIA BEAUTY COLLEGE               ,CA,95354-0000,Proprietary  ,11,13,24,123,165,288
02070500,CONCORDIA UNIVERSITY                    ,CA,92612-0000,Private      ,31,323,354,3069,3786,6855
02075800,SOUTHERN CA INST OF ARCHITECTURE        ,CA,90013-0000,Private      ,2,10,12,196,408,604
02086400,MARINELLO SCHOOL OF BEAUTY              ,CA,95050-0000,Proprietary  ,3,4,7,63,162,225
02086401,MARINELLO SCHOOL OF BEAUTY - SEASIDE    ,CA,93955-3615,Proprietary  ,2,14,16,84,194,278
02086402,MARINELLO SCHOOL OF BEAUTY - SAN MATEO  ,CA,94401-3801,Proprietary  ,0,0,0,30,73,103
02086403,MARINELLO SCHOOL OF BEAUTY - HAYWARD    ,CA,94541-5111,Proprietary  ,2,9,11,93,207,300
02086404,MARINELLO SCHOOL OF BEAUTY - CASTRO VALL,CA,94546-5506,Proprietary  ,3,4,7,42,75,117
02091200,ELEGANCE INTERNATIONAL                  ,CA,90028-0000,Proprietary  ,23,55,78,270,448,718
02091700,KAPLAN COLLEGE                          ,CA,92123-1509,Proprietary  ,38,179,217,686,2310,2996
02091702,KAPLAN COLLEGE - CHULA VISTA            ,CA,91910-5342,Proprietary  ,21,43,64,259,424,683
02096100,FIELDING GRADUATE UNIVERSITY            ,CA,93105-0000,Private      ,0,80,80,6,1107,1113
02099200,AMERICAN CONSERVATORY THEATER           ,CA,94108-0000,Private      ,1,4,5,75,255,330
02110200,COLUMBIA COLLEGE                        ,CA,91356-0000,Private      ,13,10,23,536,212,748
02110800,CALIFORNIA COLLEGE SAN DIEGO            ,CA,92108-3821,Proprietary  ,82,230,312,2055,3161,5216
02111300,CUYAMACA COLLEGE                        ,CA,92019-0000,Public       ,142,326,468,4876,7436,12312
02119100,MISSION COLLEGE                         ,CA,95054-1897,Public       ,117,271,388,3495,4852,8347
02120600,SAYBROOK GRADUATE SCHOOL                ,CA,94111-1920,Private      ,0,15,15,5,638,643
02120601,SAYBROOK UNIVERSITY -  WESTIN HOTEL     ,CA,94030-3120,Private      ,0,0,0,0,110,110
02120700,SAN JOAQUIN VALLEY COLLEGE              ,CA,93291-0000,Proprietary  ,328,876,1204,2905,6602,9507
02125000,CAREER ACADEMY OF BEAUTY                ,CA,92845-0000,Proprietary  ,9,28,37,84,209,293
02128200,"VICTOR VALLEY BEAUTY COLLEGE, INC       ",CA,92392-0000,Proprietary  ,15,30,45,165,280,445
02128300,INSTITUTE FOR BUSINESS & TECHNOLOGY     ,CA,95050-0000,Proprietary  ,45,121,166,190,686,876
02128301,INSTITUTE FOR BUSINESS & TECHNOLOGY - NA,CA,95670-6351,Proprietary  ,12,78,90,72,464,536
02138300,PALO ALTO UNIVERSITY                    ,CA,94304-1337,Private      ,2,13,15,81,1195,1276
02161800,MUSICIANS INSTITUTE                     ,CA,90028-6157,Proprietary  ,36,63,99,957,923,1880
02167800,ESTES INSTITUTE OF COSMETOLOGY          ,CA,93291-0000,Proprietary  ,4,14,18,95,136,231
02178700,CITRUS HEIGHTS BEAUTY COLLEGE           ,CA,95610-1410,Proprietary  ,5,19,24,142,224,366
02179937,WESTERN STATE COLLEGE OF LAW            ,CA,92831-3014,Proprietary  ,2,8,10,27,737,764
02179938,"ART INSTITUTE OF CALIFORNIA, HOLLYWOOD  ",CA,91601-3112,Proprietary  ,62,69,131,1837,1451,3288
02179941,"ART INSTITUTE OF CALIFORNIA, LOS ANGELES",CA,90405-3035,Proprietary  ,50,61,111,2330,1632,3962
02179947,"ART INSTITUTE OF CALIFORNIA, SAN DIEGO  ",CA,92108-4423,Proprietary  ,67,126,193,2287,2431,4718
02185800,MOLER BARBER COLLEGE                    ,CA,94611-0000,Proprietary  ,3,35,38,69,247,316
02188400,SIERRA VALLEY COLLEGE OF COURT REPORTING,CA,93726-0000,Proprietary  ,3,6,9,52,163,215
02208600,MADERA BEAUTY COLLEGE                   ,CA,93637-3519,Proprietary  ,0,0,0,36,24,60
02211000,SALON SUCCESS ACADEMY                   ,CA,92405-0000,Proprietary  ,9,23,32,87,148,235
02220000,COLLEEN O'HARA BEAUTY ACADEMY           ,CA,92701-0000,Proprietary  ,6,7,13,56,64,120
02220200,CALIFORNIA CULINARY ACADEMY             ,CA,94102-3336,Proprietary  ,4,5,9,335,489,824
02221300,MARINELLO SCHOOL OF BEAUTY              ,CA,92553-0000,Proprietary  ,5,11,16,138,244,382
02221303,MARINELLO SCHOOL OF BEAUTY - SAN RAFAEL ,CA,94901-3224,Proprietary  ,1,5,6,36,80,116
02222000,AMERICAN FILM INSTITUTE                 ,CA,90027-0000,Private      ,19,41,60,458,961,1419
02226000,EAST LOS ANGELES COLLEGE                ,CA,91754-0000,Public       ,596,1074,1670,16365,16008,32373
02228500,LIFE CHIROPRACTIC COLLEGE WEST          ,CA,94545-0000,Private      ,0,18,18,15,648,663
02230900,FREDRICK & CHARLES BEAUTY COLLEGE       ,CA,95501-0000,Proprietary  ,3,16,19,84,144,228
02231900,GEMOLOGICAL INSTITUTE OF AMERICA        ,CA,92008-4698,Private      ,4,40,44,56,401,457
02236400,"THANH LE COLG, SCH OF COSMETOLOGY       ",CA,92840-0000,Proprietary  ,1,5,6,9,58,67
02237200,PHILLIPS GRADUATE INSTITUTE             ,CA,91311-5541,Private      ,1,11,12,10,261,271
02241800,AMERICAN CAREER COLLEGE                 ,CA,90004-0000,Proprietary  ,184,494,678,1864,4223,6087
02242700,BERKELEY CITY COLLEGE                   ,CA,94704-0000,Public       ,151,362,513,4165,5278,9443
02255400,INTERNATIONAL SCHOOL OF COSMETOLOGY     ,CA,90250-0000,Proprietary  ,16,50,66,224,333,557
02258600,AVALON SCHOOL OF COSMETOLOGY            ,CA,94501-4569,Proprietary  ,4,22,26,121,244,365
02262400,YESHIVA OHR ELCHONON CHABAD             ,CA,90046-0000,Private      ,9,0,9,120,2,122
02267600,INSTITUTE OF TRANSPERSONAL PSYCHLGY     ,CA,94303-4624,Proprietary  ,0,5,5,11,282,293
02270600,LIFE PACIFIC COLLEGE                    ,CA,91773-0000,Private      ,6,14,20,505,276,781
02276800,WESTMINSTER SEMINARY CALIFORNIA         ,CA,92027-0000,Private      ,0,0,0,7,141,148
02277400,SOUTH COAST COLLEGE                     ,CA,92868-2616,Proprietary  ,5,29,34,182,439,621
02282300,ALHAMBRA BEAUTY COLLEGE                 ,CA,91802-0000,Proprietary  ,3,21,24,28,110,138
02285100,HILLTOP BEAUTY SCHOOL                   ,CA,94014-0000,Proprietary  ,3,17,20,18,128,146
02298000,DESIGN INSTITUTE OF SAN DIEGO           ,CA,92121-0000,Proprietary  ,3,7,10,183,296,479
02304300,"PLATT COLLEGE, SAN DIEGO                ",CA,92115-0000,Proprietary  ,11,17,28,178,309,487
02306300,KAPLAN COLLEGE                          ,CA,95368-0000,Proprietary  ,27,71,98,261,644,905
02306302,KAPLAN COLLEGE - FRESNO                 ,CA,93612-3802,Proprietary  ,18,42,60,192,426,618
02309500,CLOVIS ADULT EDUC                       ,CA,93611-0000,Public       ,5,45,50,220,545,765
02330500,LAGUNA COLLEGE OF ART AND DESIGN        ,CA,92651-0000,Private      ,20,6,26,852,312,1164
02332800,CENTER FOR EMPLOYMENT TRAINING          ,CA,95110-0000,Private      ,130,473,603,675,2576,3251
02338500,GLENDALE CAREER COLLEGE                 ,CA,91203-1207,Proprietary  ,39,85,124,321,674,995
02338700,MARINELLO SCHOOL OF BEAUTY              ,CA,94103-1600,Proprietary  ,1,14,15,117,202,319
02338701,MARINELLO SCHOOL OF BEAUTY - CHICO      ,CA,95928-7184,Proprietary  ,1,12,13,113,205,318
02338702,MARINELLO SCHOOL OF BEAUTY - REDDING    ,CA,96001-1023,Proprietary  ,3,10,13,68,213,281
02338703,MARINELLO SCHOOL OF BEAUTY - FRESNO     ,CA,93711-3246,Proprietary  ,6,17,23,179,311,490
02342400,ACADEMY OF RADIO BROADCASTING           ,CA,92647-3809,Proprietary  ,1,1,2,62,173,235
02343400,BELLUS ACADEMY                          ,CA,92064-4633,Proprietary  ,30,80,110,275,561,836
02351900,KAPLAN COLLEGE                          ,CA,95660-5512,Proprietary  ,24,104,128,444,1346,1790
02351901,KAPLAN COLLEGE - BAKERSFIELD            ,CA,93304-0000,Proprietary  ,37,95,132,504,957,1461
02358000,THOMAS AQUINAS COLLEGE                  ,CA,93060-9622,Private      ,1,1,2,388,36,424
02359300,SHASTA BIBLE COLLEGE                    ,CA,96002-0000,Private      ,1,6,7,45,100,145
02482700,WESTERN UNIVERSITY OF HEALTH S          ,CA,91766-1854,Private      ,3,49,52,161,5460,5621
02494800,LOLA BEAUTY COLLEGE                     ,CA,92641-0000,Proprietary  ,3,14,17,29,88,117
02497300,TRINITY COLLEGE                         ,CA,93277-8109,Proprietary  ,32,153,185,246,820,1066
02500000,SAN JOAQUIN COLLEGE OF LAW              ,CA,93612-0000,Private      ,1,6,7,29,294,323
02518400,THE NATIONAL HISPANIC UNIVERSITY        ,CA,95127-0000,Proprietary  ,0,0,0,103,189,292
02519800,AVANCE BEAUTY COLLEGE                   ,CA,92154-0000,Proprietary  ,3,12,15,110,190,300
02520200,CALIFORNIA CAREER SCHOOLS               ,CA,92805-0000,Proprietary  ,3,14,17,55,219,274
02520300,INTERIOR DESIGNERS INSTITUTE            ,CA,92660-0000,Proprietary  ,5,19,24,53,163,216
02520400,ADRIAN'S BEAUTY COLLEGE OF TURLOCK      ,CA,95382-0000,Proprietary  ,9,16,25,93,140,233
02531801,PAUL MITCHELL THE SCHOOL-COSTA MESA     ,CA,92626-3804,Proprietary  ,16,44,60,237,331,568
02531804,PAUL MITCHELL THE SCHOOL - SAN DIEGO    ,CA,92101-0000,Proprietary  ,27,50,77,304,443,747
02537200,PALOMAR INSTITUTE OF COSMETOLOGY        ,CA,92069-0000,Proprietary  ,16,31,47,207,315,522
02539100,KAPLAN COLLEGE                          ,CA,91606-3231,Proprietary  ,47,105,152,416,1055,1471
02539102,KAPLAN COLLEGE -  RIVERSIDE             ,CA,92507-4223,Proprietary  ,20,89,109,375,833,1208
02539500,IRVINE VALLEY COLLEGE                   ,CA,92620-0000,Public       ,159,287,446,7338,5779,13117
02542300,NATIONAL HOLISTIC INSTITUTE             ,CA,94608-0000,Proprietary  ,20,161,181,222,1169,1391
02543400,BROWNSON TECHNICAL SCHOOL               ,CA,92805-0000,Proprietary  ,9,45,54,54,248,302
02545900,HYPNOSIS MOTIVATION INSTITUTE           ,CA,91356-0000,Private      ,1,26,27,6,132,138
02546400,MTI BUSINESS COLLEGE INC                ,CA,95207-0000,Proprietary  ,4,38,42,55,292,347
02549000,KAPLAN COLLEGE                          ,CA,92083-7736,Proprietary  ,27,92,119,387,1068,1455
02549005,KAPLAN COLLEGE -  PALM SPRINGS          ,CA,92262-7011,Proprietary  ,20,57,77,360,567,927
02553500,ASSOCIATED TECHNICAL COLLEGE            ,CA,92101-0000,Proprietary  ,11,58,69,126,408,534
02553600,DIVERSIFIED LANGUAGE INSTITUTE          ,CA,90017-0000,Proprietary  ,10,120,130,75,812,887
02559300,UNITED EDUCATION INSTITUTE              ,CA,90020-0000,Proprietary  ,326,876,1202,1762,4184,5946
02559400,INTERCOAST COLLEGES                     ,CA,92868-1656,Proprietary  ,42,286,328,323,1995,2318
02570300,LOS ANGELES ORT TECHNICAL INSTITUTE     ,CA,90048-4904,Private      ,30,139,169,271,880,1151
02577900,SANTA BARBARA BUSINESS COLLEGE          ,CA,93309-1664,Proprietary  ,28,65,93,468,932,1400
02578000,SANTA BARBARA BUSINESS COLLEGE          ,CA,93454-6943,Proprietary  ,4,18,22,185,365,550
02591600,NORTH-WEST COLLEGE                      ,CA,91101-1744,Proprietary  ,15,28,43,149,327,476
02595600,ASIAN AMERICAN INTERNATIONAL BTY CG     ,CA,92683-4043,Proprietary  ,0,19,19,16,105,121
02596400,SPARTAN COLLEGE OF AERONAUTICS & TECHNOL,CA,90301-2904,Proprietary  ,50,91,141,272,600,872
02597300,SOUTH BAYLO UNIVERSITY                  ,CA,92801-1701,Private      ,0,39,39,9,354,363
02602300,CENTRAL COAST COLLEGE                   ,CA,93901-3301,Proprietary  ,29,41,70,245,384,629
02608900,PINNACLE COLLEGE                        ,CA,91803-8842,Proprietary  ,0,0,0,68,81,149
02608901,PINNACLE COLLEGE - SACRAMENTO           ,CA,95670-6386,Proprietary  ,1,3,4,71,130,201
02609000,EMPERORS COLG OF TRAD ORIENTAL MED      ,CA,90403-5609,Proprietary  ,1,19,20,7,234,241
03010611,VIRGINIA COLLEGE - GOLF ACADEMY OF AMERI,CA,92008-6512,Proprietary  ,1,11,12,34,139,173
03011300,"CALIF STATE UNIV, SAN MARCOS            ",CA,92096-0001,Public       ,209,351,560,18231,9816,28047
03019900,CAPSTONE COLLEGE                        ,CA,91402-0000,Proprietary  ,1,14,15,36,75,111
03025600,DELL'ARTE SCH OF PHYSICAL THEATRE       ,CA,95525-0816,Private      ,0,1,1,4,36,40
03027700,PACIFIC COLLEGE OF ORIENTAL MED         ,CA,92108-4408,Proprietary  ,7,32,39,69,636,705
03029600,POMONA ADULT SCHOOL                     ,CA,91766-0000,Public       ,6,18,24,117,285,402
03031409,INTERNATIONAL ACADEMY OF DESIGN AND TECH,CA,95834-9664,Proprietary  ,4,14,18,120,213,333
03035700,LAS POSITAS COLLEGE                     ,CA,94551-6750,Public       ,100,170,270,3377,2933,6310
03039900,FREMONT COLLEGE                         ,CA,90703-5342,Proprietary  ,18,73,91,351,656,1007
03043900,NEWSCHOOL OF ARCHITECTURE & DESIGN      ,CA,92101-6634,Proprietary  ,5,17,22,307,525,832
03054100,ROYALE COLLEGE OF BEAUTY                ,CA,92590-2525,Proprietary  ,4,17,21,85,153,238
03062300,WESTECH COLLEGE                         ,CA,91764-4988,Proprietary  ,29,98,127,253,675,928
03062400,MT DIABLO ADULT EDUC LOMA VISTA CTR     ,CA,94518-1122,Public       ,5,12,17,98,277,375
03062700,PLATT COLLEGE                           ,CA,90041-0000,Proprietary  ,44,83,127,565,919,1484
03062701,PLATT COLLEGE                           ,CA,91764-0000,Proprietary  ,20,53,73,383,664,1047
03062702,PLATT COLLEGE - RIVERSIDE               ,CA,92507-0730,Proprietary  ,33,61,94,557,759,1316
03063400,MODERN TECHNOLOGY SCHOOL                ,CA,92708-9821,Proprietary  ,4,13,17,60,167,227
03067400,BALDWIN PARK ADULT SCHOOL               ,CA,91706-4897,Public       ,18,39,57,170,335,505
03067500,INSTITUTE OF TECHNOLOGY                 ,CA,93612-3217,Proprietary  ,67,223,290,551,1638,2189
03069500,SAGE COLLEGE                            ,CA,92557-6720,Proprietary  ,8,39,47,108,700,808
03072300,EVEREST COLLEGE                         ,CA,91761-3222,Proprietary  ,3,14,17,120,320,440
03072700,WESTWOOD COLLEGE - LOS ANGELES          ,CA,90010-1577,Proprietary  ,6,37,43,751,2317,3068
03084700,VENTURA ADULT\CONTINUING EDUCATION      ,CA,93003-7313,Public       ,9,46,55,75,335,410
03094400,MARINELLO SCHOOL OF BEAUTY              ,CA,95841-2909,Proprietary  ,3,22,25,206,412,618
03094401,MARINELLO SCHOOL OF BEAUTY - CONCORD    ,CA,94520-2581,Proprietary  ,7,7,14,92,211,303
03094402,MARINELLO SCHOOL OF BEAUTY- STOCKTON    ,CA,95203-3149,Proprietary  ,5,12,17,134,265,399
03097700,CENTRAL CALIF SCH CONTINUING EDUC       ,CA,93401-6739,Proprietary  ,3,12,15,62,196,258
03098200,YO SAN UNIV TRADITIONAL CHINESE MED     ,CA,90066-1103,Private      ,0,11,11,4,177,181
03108100,SUMMIT COLLEGE                          ,CA,92324-3956,Proprietary  ,58,209,267,433,1155,1588
03109500,DONGGUK  UNIVERSITY LOS ANGELES         ,CA,90020-1765,Private      ,3,10,13,23,127,150
03113300,UEI COLLEGE                             ,CA,93727-0000,Proprietary  ,102,431,533,753,2196,2949
03113600,SOUTHERN CALIFORNIA INST OF TECHNOL     ,CA,92805-3758,Proprietary  ,23,99,122,192,753,945
03116600,EAST SAN GABRIEL VLY REG OCCUP PROG     ,CA,91790-2105,Public       ,20,48,68,339,462,801
03125300,JOHN WESLEY INTER. BARBER & BTY CLG     ,CA,90813-4321,Proprietary  ,7,23,30,85,242,327
03125800,PREMIERE CAREER COLLEGE                 ,CA,91706-3746,Proprietary  ,13,50,63,107,342,449
03126800,PACIFICA GRADUATE INSTITUTE             ,CA,93013-0000,Proprietary  ,0,29,29,3,947,950
03128700,MT SIERRA COLLEGE                       ,CA,91016-3414,Proprietary  ,6,12,18,267,301,568
03131300,FIVE BRANCHES UNIVERSITY                ,CA,95062-4669,Proprietary  ,0,11,11,16,297,313
03144400,AMERICAN CLG OF HEALTH PROFESSIONS      ,CA,92505-3038,Proprietary  ,23,88,111,266,591,857
03150500,VIRGINIA SEWING MACHINES & SCH CTR      ,CA,90015-3535,Proprietary  ,15,28,43,56,139,195
03162300,FOUR-D SUCCESS ACADEMY                  ,CA,92324-4218,Proprietary  ,0,0,0,105,395,500
03163300,PACIFIC STATES UNIVERSITY               ,CA,90006-0000,Private      ,1,1,2,52,74,126
03195400,EVEREST COLLEGE                         ,CA,90501-2867,Proprietary  ,5,7,12,63,145,208
03210300,LE CORDON BLEU COLLEGE OF CULINARY ARTS ,CA,91101-5221,Proprietary  ,15,30,45,1473,2098,3571
03225300,AMERICAN UNIVERSITY OF HEALTH SCIENCES  ,CA,90755-3612,Proprietary  ,3,19,22,98,413,511
03242300,CAREER NETWORK INSTITUTE                ,CA,92868-4710,Proprietary  ,16,70,86,175,825,1000
03250300,COMMUNITY BASED EDUCATION AND DEVELOPMEN,CA,90010-2722,Private      ,30,83,113,213,532,745
03260300,CALIFORNIA STATE U-MONTEREY BAY         ,CA,93955-8001,Public       ,123,144,267,15536,5107,20643
03266300,BETHESDA UNIVERSITY OF CALIFORNIA       ,CA,92801-4132,Private      ,3,16,19,202,176,378
03278300,CHARTER COLLEGE                         ,CA,91351-5432,Proprietary  ,10,44,54,203,574,777
03288300,ACAD CHINESE CULTURE & HEALTH SCIS      ,CA,94512-0000,Private      ,1,13,14,28,174,202
03299300,PACIFIC COLLEGE                         ,CA,92626-3160,Proprietary  ,6,85,91,125,591,716
03308300,BRISTOL UNIVERSITY                      ,CA,92806-6198,Proprietary  ,0,0,0,177,147,324
03327400,ACUPUNCTURE AND INTEGRATIVE MEDICINE COL,CA,94704-2724,Private      ,3,12,15,34,180,214
03332300,SOUTHERN CA BIBLE CLG & SEMINARY        ,CA,92019-1109,Private      ,0,14,14,12,258,270
03359300,ST. FRANCIS CAREER COLLEGE              ,CA,90262-2659,Proprietary  ,23,42,65,182,322,504
03367300,PROFESSIONAL GOLFERS CAREER COLLEGE     ,CA,92591-6013,Proprietary  ,3,3,6,66,93,159
03395300,INTERNATIONAL CAREER DEVELOPMENT        ,CA,90027-5794,Proprietary  ,50,754,804,731,8374,9105
03399300,NORTHWESTERN TECHNICAL COLLEGE          ,CA,95670-4443,Proprietary  ,0,0,0,14,23,37
03403300,EPIC BIBLE COLLEGE                      ,CA,95841-3546,Private      ,3,36,39,84,446,530
03413400,ENGLISH CENTER  (THE)                   ,CA,94607-3734,Private      ,7,42,49,30,234,264
03427500,UNIVERSITY OF ANTELOPE VALLEY           ,CA,93534-3324,Proprietary  ,37,96,133,665,1137,1802
03440400,MARIAN HEALTH CAREERS CENTER            ,CA,90010-1728,Proprietary  ,12,14,26,85,203,288
03458300,MY LE'S BEAUTY COLLEGE                  ,CA,95824-0000,Proprietary  ,4,20,24,81,232,313
03467300,MARINELLO SCHOOL OF BEAUTY              ,CA,92545-3661,Proprietary  ,2,10,12,82,220,302
03467302,MARINELLO SCHOOL OF BEAUTY - MURRIETA   ,CA,92563-5039,Proprietary  ,5,7,12,112,213,325
03467303,MARINELLO SCHOOL OF BEAUTY - NAPA       ,CA,94559-1237,Proprietary  ,3,9,12,56,115,171
03467304,MARINELLO SCHOOL OF BEAUTY - CITY OF IND,CA,91748-1674,Proprietary  ,1,1,2,43,85,128
03467305,MARINELLO SCHOOL OF BEAUTY - BELL       ,CA,90201-1193,Proprietary  ,1,8,9,61,94,155
03467306,MARINELLO SCHOOL OF BEAUTY - PARAMOUNT  ,CA,90723-5256,Proprietary  ,2,14,16,87,179,266
03467307,MARINELLO SCHOOL OF BEAUTY - HUNTINGTON ,CA,92646-2552,Proprietary  ,1,5,6,62,145,207
03479300,PROFESSIONAL CAREER INSTITUTE           ,CA,90703-2522,Proprietary  ,9,19,28,81,156,237
03516300,KING'S UNIVERSITY (THE)                 ,CA,91405-2233,Private      ,7,35,42,210,626,836
03532400,ADVANCED TRAINING ASSOCIATES            ,CA,92020-1236,Proprietary  ,3,26,29,33,183,216
03542400,COPPER MOUNTAIN COLLEGE                 ,CA,92252-6102,Public       ,42,130,172,821,2183,3004
03577300,COBA ACADEMY                            ,CA,92866-1407,Proprietary  ,2,9,11,29,59,88
03590400,NTMA TRAINING CENTERS OF SOUTHERN C     ,CA,90650-0000,Private      ,19,73,92,143,475,618
03592400,IRELL & MANELLA GRADUATE SCHOOL OF BIOLO,CA,91010-0000,Private      ,0,0,0,4,6,10
03598300,AVALON BEAUTY COLLEGE                   ,CA,93103-3137,Proprietary  ,18,13,31,123,111,234
03614300,DAVID'S ACADEMY OF BEAUTY               ,CA,91780-1089,Proprietary  ,0,5,5,22,82,104
03639300,WEST COAST ULTRASOUND INSTITUTE         ,CA,90211-3312,Proprietary  ,34,114,148,452,1498,1950
03646300,DESIGN'S SCHOOL OF COSMETOLOGY          ,CA,93446-9530,Proprietary  ,14,29,43,102,201,303
03681300,CALIFORNIA HEALING ARTS COLLEGE         ,CA,90025-0000,Proprietary  ,11,36,47,109,351,460
03695300,COMMUNITY ENHANCEMENT SERVICES          ,CA,91502-2750,Private      ,4,28,32,18,168,186
03695700,SANTIAGO CANYON COLLEGE                 ,CA,92869-4512,Public       ,137,227,364,4831,3255,8086
03696300,UNIVERSITY OF THE WEST                  ,CA,91770-3709,Private      ,0,3,3,54,100,154
03698300,WEST COAST UNIVERSITY                   ,CA,91606-3206,Proprietary  ,140,544,684,2216,7315,9531
03736300,ADVANCE BEAUTY COLLEGE                  ,CA,92843-4752,Proprietary  ,18,94,112,87,530,617
03736301,ADVANCE BEAUTY COLLEGE - LAGUNA HILLS   ,CA,92653-1980,Proprietary  ,4,9,13,37,62,99
03740400,ATI COLLEGE                             ,CA,90650-0000,Proprietary  ,1,13,14,47,152,199
03752400,SCHOOL OF URBAN MISSIONS                ,CA,94603-0000,Private      ,6,29,35,246,436,682
03759300,COMPUTER TUTOR BUSINESS & TECH INST     ,CA,95356-0000,Proprietary  ,6,24,30,76,246,322
03786300,ADVANCED COLLEGE                        ,CA,90280-5255,Proprietary  ,6,22,28,69,182,251
03797400,CAREER CARE INSTITUTE                   ,CA,93534-4766,Proprietary  ,28,87,115,270,823,1093
03797401,CAREER CARE INSTITUTE - VENTURA         ,CA,93001-0000,Proprietary  ,2,9,11,67,198,265
03797402,CAREER CARE INSTITUTE - MORENO VALLEY   ,CA,92553-7519,Proprietary  ,4,9,13,63,119,182
03814400,SOKA UNIVERSITY OF AMERICA              ,CA,92656-8081,Private      ,7,2,9,552,77,629
03853300,KECK GRADUATE INSTITUTE OF APPLIED LIFE ,CA,91711-4817,Private      ,0,5,5,18,396,414
03868300,WORLD MISSION UNIVERSITY                ,CA,90020-1789,Private      ,1,6,7,13,107,120
03868400,LOS ANGELES MUSIC ACADEMY               ,CA,91105-2540,Proprietary  ,5,8,13,201,200,401
03871300,FOLSOM LAKE COLLEGE                     ,CA,95630-6798,Public       ,95,245,340,3980,4805,8785
03874300,CAMBRIDGE JUNIOR COLLEGE                ,CA,95993-0000,Proprietary  ,16,46,62,194,495,689
03874400,COMMMUNITY CHRISTIAN COLLEGE            ,CA,92373-4465,Private      ,8,6,14,114,108,222
03889300,STANBRIDGE COLLEGE                      ,CA,92612-0000,Proprietary  ,65,223,288,590,1933,2523
03910400,NATIONAL POLYTECHNIC COLLEGE            ,CA,90040-3066,Proprietary  ,6,14,20,98,145,243
03933300,MUELLER COLLEGE OF HOLISTIC STUDIES     ,CA,92116-2630,Proprietary  ,3,15,18,30,246,276
03935300,CALIFORNIA NURSES EDUCATIONAL INSTITUTE ,CA,92234-7248,Proprietary  ,10,33,43,125,358,483
03962300,AMERICAN INSTITUTE OF MASSAGE THERAPY   ,CA,92705-5463,Proprietary  ,3,5,8,46,129,175
03964400,INTERNATIONAL SCHOOL OF BEAUTY          ,CA,92260-2740,Proprietary  ,6,27,33,129,283,412
03969600,UEI COLLEGE                             ,CA,90247-4201,Proprietary  ,95,342,437,658,1807,2465
03971300,AMERICAN CAREER COLLEGE                 ,CA,91764-4906,Proprietary  ,79,211,290,916,2022,2938
03973300,EX'PRESSION COLLEGE FOR DIGTAL ARTS     ,CA,94608-1021,Proprietary  ,32,36,68,495,414,909
03974500,CALIFORNIA CAREER COLLEGE               ,CA,91303-2006,Proprietary  ,3,18,21,41,162,203
03980300,CALIFORNIA STATE UNIVERSITY CHANNEL ISLA,CA,93012-8599,Public       ,115,100,215,10857,4468,15325
03995300,UNIVERSITY OF EAST-WEST MEDICINE        ,CA,94085-3922,Proprietary  ,0,9,9,11,91,102
03999300,BEAUMONT ADULT SCHOOL                   ,CA,92223-1927,Public       ,2,2,4,34,132,166
04001300,PALACE BEAUTY COLLEGE                   ,CA,90006-4233,Proprietary  ,3,18,21,72,168,240
04003300,BLAKE AUSTIN COLLEGE                    ,CA,95687-3100,Proprietary  ,31,82,113,250,655,905
04004300,THUY PRINCESS BEAUTY COLLEGE            ,CA,91766-0000,Proprietary  ,2,13,15,22,65,87
04005300,UNITED STATES UNIVERSITY                ,CA,91911-1683,Proprietary  ,0,38,38,58,412,470
04014400,PALLADIUM TECHNICAL ACADEMY             ,CA,91731-2429,Proprietary  ,0,8,8,13,51,64
04037300,LOS ANGELES FILM SCHOOL (THE)           ,CA,90028-7300,Proprietary  ,163,404,567,2130,3454,5584
04056300,CAREER COLLEGE OF CALIFORNIA            ,CA,92705-5805,Proprietary  ,4,8,12,99,223,322
04057300,ASHER COLLEGE                           ,CA,95825-4025,Proprietary  ,12,86,98,171,836,1007
04076400,GNOMON SCHOOL OF VISUAL EFFECTS         ,CA,90038-2616,Proprietary  ,5,14,19,166,286,452
04088300,WESTMED COLLEGE                         ,CA,95128-2541,Private      ,4,10,14,130,296,426
04088301,WESTMED COLLEGE - MERCED                ,CA,95340-9165,Private      ,2,28,30,112,304,416
04088302,WESTMED COLLEGE - FRESNO                ,CA,93720-1551,Private      ,1,10,11,48,113,161
04088303,WESTMED COLLEGE - CHULA VISTA           ,CA,91910-5200,Private      ,0,5,5,13,59,72
04092300,COASTLINE BEAUTY COLLEGE                ,CA,92708-3847,Proprietary  ,3,31,34,61,228,289
04092400,MAKE-UP DESIGNORY                       ,CA,91502-1322,Proprietary  ,14,13,27,248,262,510
04100400,TAFT UNIVERSITY SYSTEM (THE)            ,CA,92704-6954,Proprietary  ,0,50,50,9,521,530
04111300,WEST HILLS COLLEGE LEMOORE              ,CA,93245-9248,Public       ,56,185,241,2493,3447,5940
04114500,VALLEY COLLEGE OF MEDICAL CAREERS       ,CA,91304-2354,Proprietary  ,7,20,27,69,157,226
04115300,COACHELLA VALLEY BEAUTY COLLEGE         ,CA,92253-2051,Proprietary  ,7,21,28,103,171,274
04115600,MAYFIELD COLLEGE                        ,CA,92234-7014,Proprietary  ,31,96,127,197,554,751
04118800,NEW YORK FILM ACADEMY                   ,CA,91608-1002,Proprietary  ,29,85,114,895,1160,2055
04119200,CAREER COLLEGE CONSULTANTS              ,CA,90041-2088,Proprietary  ,2,26,28,32,140,172
04119800,GDS INSTITUTE                           ,CA,90280-2072,Proprietary  ,1,9,10,20,57,77
04126400,CHAMPION INSTITUTE OF COSMETOLOGY       ,CA,92264-7458,Proprietary  ,0,8,8,31,81,112
04126500,COAST CAREER INSTITUTE                  ,CA,90015-3040,Proprietary  ,26,85,111,91,361,452
04127100,"UNIVERSITY OF CALIFORNIA, MERCED        ",CA,95343-5001,Public       ,161,42,203,17433,2169,19602
04127900,TRIDENT UNIVERSITY INTERNATIONAL        ,CA,90630-5023,Proprietary  ,7,493,500,103,4896,4999
04129700,INTERNATIONAL POLYTECHNIC INSTITUTE     ,CA,92231-1737,Private      ,0,0,0,18,27,45
04129803,MEDIATECH INSTITUTE - OCEANSIDE         ,CA,92054-5116,Proprietary  ,4,9,13,55,136,191
04132400,ACADEMY OF ESTHETICS AND COSMETOLOGY    ,CA,91342-3373,Proprietary  ,4,8,12,56,82,138
04132700,INFOTECH CAREER COLLEGE                 ,CA,90706-5579,Proprietary  ,5,14,19,56,134,190
04133100,CALIFORNIA UNIVERSITY OF MANAGEMENT AND ,CA,92801-1702,Private      ,1,3,4,22,82,104
04134500,CAREER COLLEGE OF SAN DIEGO             ,CA,92102-3348,Proprietary  ,4,13,17,185,456,641
04134700,INTERNATL PROFESSIONAL SCHL OF BODYWORK ,CA,92123-1520,Proprietary  ,0,13,13,23,186,209
04137200,BORNER'S BARBER COLLEGE                 ,CA,90047-3856,Proprietary  ,3,18,21,77,255,332
04138700,PAUL MITCHELL THE SCHOOL - PASADENA     ,CA,91801-3903,Proprietary  ,13,36,49,174,242,416
04140500,HORIZON UNIVERSITY                      ,CA,92111-2622,Private      ,1,5,6,38,104,142
04141300,SAN FRANCISCO INSTITUTE OF ESTHETICS    ,CA,94103-4083,Proprietary  ,7,21,28,123,243,366
04141400,LAURUS COLLEGE                          ,CA,93401-5405,Proprietary  ,36,141,177,230,1188,1418
04141700,HEALING HANDS SCHOOL OF HOLISTIC HEALTH ,CA,92025-1722,Proprietary  ,9,22,31,65,243,308
04142500,TOURO COLLEGE LOS ANGELES               ,CA,90046-4506,Private      ,8,77,85,133,724,857
04142600,TOURO UNIVERSITY                        ,CA,94592-1118,Private      ,1,51,52,65,2863,2928
04143800,WOODLAND COMMUNITY COLLEGE              ,CA,95776-5156,Public       ,58,118,176,1582,2024,3606
04144200,CAREER DEVELOPMENT INSTITUTE            ,CA,90035-4364,Proprietary  ,0,30,30,54,222,276
04145000,SAN DIEGO CULINARY INSTITUTE            ,CA,91941-6435,Proprietary  ,14,38,52,311,494,805
04145600,INTERNATIONAL COLLEGE OF COSMETOLOGY    ,CA,94601-3525,Proprietary  ,5,28,33,61,218,279
04146000,NATIONAL CAREER COLLEGE                 ,CA,91605-1400,Proprietary  ,16,35,51,90,323,413
04148200,BEYOND 21ST CENTURY BEAUTY ACADEMY      ,CA,90670-6316,Proprietary  ,2,3,5,31,44,75
04148900,N CALIF INSTITUTE OF COSMETOLOGY        ,CA,94577-2820,Proprietary  ,1,6,7,22,72,94
04149700,HOMESTEAD SCHOOLS                       ,CA,90505-5945,Private      ,0,26,26,58,257,315
04150000,CENTRAL NURSING COLLEGE                 ,CA,90010-2444,Proprietary  ,0,0,0,9,5,14
04150100,GOLDEN STATE COLLEGE OF COURT REPORTING ,CA,94568-2948,Proprietary  ,1,6,7,15,49,64
04150300,RWM FIBER OPTICS                        ,CA,90746-1051,Proprietary  ,3,91,94,17,260,277
04150500,"PREFERRED COLLEGE OF NURSING, LOS ANGELE",CA,90010-2202,Proprietary  ,0,0,0,61,161,222
04152800,CALIFORNIA ACADEMY (THE) - A PAUL MITCHE,CA,95825-2276,Proprietary  ,38,83,121,514,807,1321
04153900,PROVIDENCE CHRISTIAN COLLEGE            ,CA,91104-2635,Private      ,4,2,6,236,47,283
04155500,"ACADEMY FOR JEWISH RELIGION, CALIFORNIA ",CA,90024-3234,Private      ,3,2,5,28,94,122
04156100,TONI & GUY HAIRDRESSING ACADEMY         ,CA,95356-9695,Proprietary  ,5,13,18,100,157,257
04157800,GRACE MISSION UNIVERSITY                ,CA,92833-3860,Private      ,0,11,11,5,92,97
04158200,PAUL MITCHELL THE SCHOOL SHERMAN OAKS   ,CA,91403-5882,Proprietary  ,11,30,41,180,259,439
04158700,HOLLYWOOD BEAUTY COLLEGE                ,CA,95210-3514,Proprietary  ,0,0,0,4,4,8
04158800,THEATRE OF ARTS                         ,CA,90028-6111,Proprietary  ,10,14,24,49,114,163
04158900,FLAIR BEAUTY COLLEGE                    ,CA,91351-3381,Proprietary  ,5,5,10,41,74,115
04159600,GALAXY MEDICAL COLLEGE                  ,CA,91606-1593,Proprietary  ,7,10,17,60,90,150
04159700,AMERICAN MEDICAL SCIENCES CENTER        ,CA,91204-5108,Proprietary  ,9,10,19,52,129,181
04160100,TRINITY SCHOOL OF HEALTH AND ALLIED SCIE,CA,90248-4334,Proprietary  ,4,13,17,18,116,134
04160400,ANGELES COLLEGE                         ,CA,90010-2100,Proprietary  ,14,65,79,416,726,1142
04161300,PREFERRED COLLEGE OF NURSING            ,CA,91401-1442,Proprietary  ,2,10,12,32,58,90
04161700,SHASTA SCHOOL OF COSMETOLOGY            ,CA,96003-0000,Proprietary  ,7,14,21,95,151,246
04161800,BRANDMAN UNIVERSITY                     ,CA,92618-3801,Private      ,23,727,750,477,9355,9832
04162800,S.I.C.E PAUL MITCHELL PARTNER SCHOOL    ,CA,95350-1440,Proprietary  ,21,51,72,238,396,634
04163400,COSMO BEAUTY ACADEMY                    ,CA,95605-1904,Proprietary  ,5,25,30,176,313,489
04164400,ANGELES INSTITUTE                       ,CA,90712-2903,Proprietary  ,9,20,29,92,228,320
04165900,PAUL MITCHELL THE SCHOOL FRESNO         ,CA,93710-7617,Proprietary  ,14,32,46,348,336,684
04167000,PAUL MITCHELL THE SCHOOL TEMECULA       ,CA,92591-4663,Proprietary  ,19,21,40,298,342,640
04169200,TRAMY BEAUTY SCHOOL                     ,CA,92115-6347,Proprietary  ,7,44,51,111,303,414
04169700,UNITEK COLLEGE                          ,CA,94538-3185,Proprietary  ,90,481,571,697,2996,3693
04169800,GURNICK ACADEMY OF MEDICAL ARTS         ,CA,94403-1849,Proprietary  ,13,88,101,378,1900,2278
04172000,SOUTHERN CALIFORNIA UNIVERSITY SOMA     ,CA,90017-2211,Proprietary  ,9,7,16,192,288,480
04173400,SANTA ANA BEAUTY ACADEMY                ,CA,92705-7820,Proprietary  ,1,6,7,45,63,108
04173500,MORENO VALLEY COLLEGE                   ,CA,92551-2204,Public       ,263,505,768,5805,7493,13298
04175200,PAUL MITCHELL THE SCHOOL EAST BAY       ,CA,94523-5515,Proprietary  ,16,32,48,248,272,520
04175400,ELITE COSMETOLOGY SCHOOL                ,CA,92284-2860,Proprietary  ,2,15,17,41,112,153
04176100,NORCO COLLEGE                           ,CA,92860-2600,Public       ,216,383,599,5787,5737,11524
04176300,BERGIN UNIVERSITY OF CANINE STUDIES     ,CA,95407-6834,Private      ,0,2,2,21,70,91
04177200,REAL BARBERS COLLEGE (THE)              ,CA,92805-2533,Proprietary  ,10,17,27,85,170,255
04178900,HANDS-ON MEDICAL MASSAGE SCHOOL         ,CA,92373-6271,Proprietary  ,0,1,1,21,61,82
04180000,CINTA AVEDA INSTITUTE                   ,CA,94108-3204,Proprietary  ,22,55,77,198,432,630
04181200,SOUTHERN CALIFORNIA HEALTH INSTITUTE    ,CA,91601-3100,Proprietary  ,14,75,89,127,407,534
04181600,INTEGRITY COLLEGE OF HEALTH             ,CA,91104-2300,Proprietary  ,0,4,4,26,104,130
04185200,SALINAS BEAUTY COLLEGE                  ,CA,93901-2405,Proprietary  ,0,0,0,31,48,79
04185500,ACADEMY OF COUTURE ART                  ,CA,90069-5701,Proprietary  ,8,8,16,114,161,275
04185600,MEDICAL ALLIED CAREER CENTER            ,CA,90670-4710,Proprietary  ,1,13,14,23,108,131
04185700,ACADEMY FOR SALON PROFESSIONALS (THE)   ,CA,95050-4057,Proprietary  ,14,19,33,90,148,238
04186900,"INTERNATIONAL COLLEGE OF BEAUTY, ARTS & ",CA,90039-1012,Proprietary  ,4,27,31,118,264,382
04189300,ALLIED AMERICAN UNIVERSITY              ,CA,92653-1337,Proprietary  ,2,66,68,112,3303,3415
04189700,CALIFORNIA MIRAMAR UNIVERSITY           ,CA,92126-7501,Proprietary  ,6,31,37,414,773,1187
04189800,ACADEMY FOR SALON PROFESSIONALS         ,CA,91304-2305,Proprietary  ,7,19,26,59,139,198
04190800,SANTA ANA BEAUTY COLLEGE                ,CA,92706-2321,Proprietary  ,2,12,14,78,174,252
04190900,SUTTER BEAUTY COLLEGE                   ,CA,95991-3624,Proprietary  ,7,15,22,71,140,211
04191300,ANNENBERG SCHOOL OF NURSING             ,CA,91335-5426,Private      ,2,4,6,48,108,156
04192500,WESTCHESTER COLLEGE OF NURSING & ALLIED ,CA,90045-3647,Proprietary  ,2,8,10,30,110,140
04193300,SHEPHERD UNIVERSITY                     ,CA,90065-1415,Private      ,0,13,13,9,74,83
04193500,LEMELANGE ACADEMY OF HAIR               ,CA,94558-2935,Proprietary  ,1,10,11,32,64,96
04193700,JOHN PAUL THE GREAT CATHOLIC UNIVERSITY ,CA,92025-2601,Private      ,3,0,3,294,167,461
04194300,COLTON-REDLANDS-YUCAIPA REGIONAL OCCUPAT,CA,92374-2896,Public       ,4,8,12,81,159,240
04194600,BRAND COLLEGE                           ,CA,91203-3646,Proprietary  ,2,8,10,10,67,77
04195200,DIAMOND BEAUTY COLLEGE                  ,CA,91733-2180,Proprietary  ,0,6,6,12,64,76
04195400,NCP COLLEGE OF NURSING                  ,CA,94080-1005,Proprietary  ,12,45,57,130,358,488
04195401,NCP COLLEGE OF NURSING - HAYWARD CAMPUS ,CA,94541-7026,Proprietary  ,19,28,47,133,347,480
04205800,"SAE INSTITUTE OF TECHNOLOGY, LOS ANGELES",CA,90028-7219,Proprietary  ,23,48,71,231,357,588
04206800,ADVANCE BEAUTY TECHS ACADEMY            ,CA,92879-6572,Proprietary  ,9,9,18,67,88,155
04208100,UKIAH ADULT SCHOOL                      ,CA,95482-3865,Public       ,0,4,4,19,73,92
04208400,RIVERSIDE COUNTY OFFICE OF EDUCATION    ,CA,92503-3504,Public       ,13,27,40,304,481,785
04208900,ADVANCED CAREER INSTITUTE               ,CA,93291-9254,Proprietary  ,11,95,106,91,448,539
04209000,SAN FRANCISCO COLLEGE OF COSMETOLOGY    ,CA,94110-1217,Proprietary  ,2,8,10,98,126,224
04209800,HINTON BARBER COLLEGE                   ,CA,94590-4547,Proprietary  ,0,13,13,38,102,140
04210600,ADVANCED COMPUTING INSTITUTE            ,CA,90010-3911,Proprietary  ,12,35,47,155,319,474
04211900,XAVIER COLLEGE SCHOOL OF NURSING        ,CA,95202-1332,Proprietary  ,9,39,48,157,389,546
04212000,LAWRENCE & COMPANY COLLEGE OF COSMETOLOG,CA,93230-4102,Proprietary  ,7,8,15,85,111,196
04215100,CALIFORNIA CAREER INSTITUTE             ,CA,92840-2816,Proprietary  ,6,30,36,72,305,377
04215300,COSMO FACTORY COSMETOLOGY ACADEMY (THE) ,CA,95060-4401,Proprietary  ,1,4,5,35,48,83
04216300,UEI COLLEGE                             ,CA,95065-1520,Proprietary  ,0,0,0,32,31,63
04217100,RUDOLF STEINER COLLEGE                  ,CA,95628-6811,Private      ,0,3,3,0,82,82
04217400,HIGH TECH HIGH GRADUATE SCHOOL OF EDUCAT,CA,92106-6025,Private      ,0,1,1,22,100,122
04217500,W ACADEMY OF SALON AND SPA              ,CA,94526-4012,Proprietary  ,0,8,8,22,72,94
04221700,ZMS THE ACADEMY                         ,CA,90042-4231,Proprietary  ,5,15,20,18,56,74
04221800,TONI&GUY HAIRDRESSING ACADEMY           ,CA,95337-5703,Proprietary  ,12,12,24,81,109,190
04221900,COMPUTER TRAINING ACADEMY               ,CA,92507-2122,Proprietary  ,5,33,38,108,372,480
04222200,FAB SCHOOL (THE)                        ,CA,92507-3434,Proprietary  ,24,46,70,163,268,431
04223700,BAY AREA MEDICAL ACADEMY                ,CA,94102-2844,Proprietary  ,11,30,41,201,379,580
04226100,LAWRENCE AND COMPANY COLLEGE OF COSMETOL,CA,93662-3509,Proprietary  ,3,4,7,48,56,104
04228100,HIGH DESERT MEDICAL COLLEGE             ,CA,93534-1134,Proprietary  ,25,73,98,285,787,1072
04228800,BAY AREA COLLEGE OF NURSING             ,CA,94303-4617,Proprietary  ,1,6,7,53,122,175
04234000,SAN FRANCISCO SCHOOL OF DIGITAL FILMMAKI,CA,94103-2835,Proprietary  ,2,10,12,92,127,219
04234700,CALIFORNIA INTERNATIONAL BUSINESS UNIVER,CA,92101-3431,Private      ,1,8,9,8,38,46
04235500,PRESIDIO GRADUATE SCHOOL                ,CA,94129-1749,Private      ,0,3,3,4,141,145
04237100,SALON PROFESSIONAL ACADEMY (THE)        ,CA,95129-5101,Proprietary  ,7,10,17,102,224,326
04237600,CALIFORNIA JAZZ CONSERVATORY            ,CA,94704-1268,Private      ,3,5,8,13,39,52
04237800,CALIFORNIA BARBER AND BEAUTY COLLEGE    ,CA,92115-4730,Proprietary  ,9,33,42,150,314,464
04240200,AVIATION INSTITUTE OF MAINTENANCE       ,CA,94621-4527,Proprietary  ,10,44,54,87,385,472
04241700,SAINT JOSEPH'S SCHOOL OF NURSING        ,CA,93534-2304,Proprietary  ,4,24,28,60,198,258
04242500,ASSOCIATED BARBER COLLEGE OF SAN DIEGO  ,CA,92101-4210,Proprietary  ,3,21,24,38,165,203
04242600,ABCO TECHNOLOGY                         ,CA,90045-1551,Proprietary  ,10,49,59,48,166,214
04243100,ALHAMBRA MEDICAL UNIVERSITY             ,CA,91801-7146,Proprietary  ,1,12,13,6,37,43
04243400,INTERNATIONAL SPORTS SCIENCES ASSOCIATIO,CA,93013-2912,Proprietary  ,4,58,62,14,269,283
04243800,ABRAHAM LINCOLN UNIVERSITY              ,CA,90010-2328,Proprietary  ,5,25,30,5,25,30
04244000,CALIFORNIA INTERCONTINENTAL UNIVERSITY  ,CA,92614-5636,Proprietary  ,1,20,21,11,127,138
04245500,UNITED HEALTHCARE CAREERS COLLEGE       ,CA,90015-3811,Proprietary  ,5,13,18,16,103,119
04248200,DEHART TECHNICAL SCHOOL                 ,CA,95356-9292,Proprietary  ,1,23,24,4,40,44
04250100,SANTA BARBARA AND VENTURA COLLEGES OF LA,CA,93003-7774,Private      ,11,17,28,20,141,161
04250600,CALIFORNIA INSTITUTE OF ADVANCED MANAGEM,CA,91731-2918,Private      ,0,0,0,1,2,3
04253600,CLAREMONT LINCOLN UNIVERSITY            ,CA,91711-4744,Private      ,0,3,3,0,3,3
00184600,BRIAR CLIFF UNIVERSITY                  ,IA,51104-2100,Private      ,13,29,42,1120,739,1859
00184700,BUENA VISTA UNIVERSITY                  ,IA,50588-9987,Private      ,15,82,97,1573,1926,3499
00184800,SOUTHEASTERN COMMUNITY COLLEGE          ,IA,52655-0000,Public       ,33,91,124,1170,1484,2654
00185000,CENTRAL COLLEGE                         ,IA,50219-1999,Private      ,13,2,15,2071,111,2182
00185200,CLARKE UNIVERSITY                       ,IA,52001-3198,Private      ,6,11,17,1178,510,1688
00185400,COE COLLEGE                             ,IA,52402-5092,Private      ,24,7,31,2660,264,2924
00185500,DES MOINES UNIV-OSTEOPATHIC MED CTR     ,IA,50312-0000,Private      ,1,18,19,36,1615,1651
00185600,CORNELL COLLEGE                         ,IA,52314-1098,Private      ,21,3,24,1801,111,1912
00185700,SOUTHWESTERN COMMUNITY COLLEGE          ,IA,50801-1098,Public       ,13,27,40,714,623,1337
00185800,DIVINE WORD COLLEGE                     ,IA,52045-0380,Private      ,2,1,3,17,23,40
00185900,DORDT COLLEGE                           ,IA,51250-1697,Private      ,7,2,9,1442,115,1557
00186000,DRAKE UNIVERSITY                        ,IA,50311-4505,Private      ,33,56,89,4759,1929,6688
00186200,ELLSWORTH COMMUNITY COLLEGE             ,IA,50126-1199,Public       ,45,17,62,748,303,1051
00186400,IOWA LAKES COMMUNITY COLLEGE            ,IA,51334-2234,Public       ,25,44,69,1011,794,1805
00186500,IOWA CENTRAL COMMUNITY COLLEGE          ,IA,50501-0000,Public       ,62,166,228,2827,2915,5742
00186600,GRACELAND UNIVERSITY                    ,IA,50140-1699,Private      ,12,79,91,1431,1532,2963
00186700,GRAND VIEW UNIVERSITY                   ,IA,50316-1599,Private      ,16,39,55,2041,1292,3333
00186800,GRINNELL COLLEGE                        ,IA,50112-1690,Private      ,14,1,15,3160,95,3255
00186900,IOWA STATE UNIV SCIENCE & TECHNOLOG     ,IA,50011-2028,Public       ,251,165,416,29992,6186,36178
00187100,IOWA WESLEYAN COLLEGE                   ,IA,52641-1398,Private      ,21,14,35,1266,347,1613
00187300,LORAS COLLEGE                           ,IA,52004-0178,Private      ,5,9,14,1988,198,2186
00187400,LUTHER COLLEGE                          ,IA,52101-1045,Private      ,18,4,22,3215,140,3355
00187500,MARSHALLTOWN COMMUNITY COLLEGE          ,IA,50158-4760,Public       ,9,41,50,726,754,1480
00187700,NORTH IOWA AREA COMMUNITY COLLEGE       ,IA,50401-7299,Public       ,43,55,98,1356,946,2302
00187900,MORNINGSIDE COLLEGE                     ,IA,51106-1751,Private      ,7,56,63,2161,990,3151
00188000,MOUNT MERCY UNIVERSITY                  ,IA,52402-4797,Private      ,9,54,63,1221,1146,2367
00188300,NORTHWESTERN COLLEGE                    ,IA,51041-1996,Private      ,5,6,11,1324,208,1532
00188700,SIMPSON COLLEGE                         ,IA,50125-1297,Private      ,4,8,12,2048,473,2521
00188900,ST AMBROSE UNIVERSITY                   ,IA,52803-2898,Private      ,33,51,84,3057,1361,4418
00189000,UNIVERSITY OF NORTHERN IOWA             ,IA,50614-0002,Public       ,93,71,164,10088,2930,13018
00189100,UNIVERSITY OF DUBUQUE                   ,IA,52001-5099,Private      ,19,37,56,2119,876,2995
00189200,UNIVERSITY OF IOWA                      ,IA,52242-1316,Public       ,273,204,477,22681,8710,31391
00189300,UPPER IOWA UNIVERSITY                   ,IA,52142-9206,Private      ,34,363,397,1808,5232,7040
00189500,WALDORF COLLEGE                         ,IA,50436-1700,Proprietary  ,14,154,168,746,1558,2304
00189600,WARTBURG COLLEGE                        ,IA,50677-2200,Private      ,20,5,25,2064,114,2178
00189700,WARTBURG THEOLOGICAL SEMINARY           ,IA,52004-5004,Private      ,0,2,2,5,95,100
00190000,WILLIAM PENN UNIVERSITY                 ,IA,52577-1799,Private      ,13,27,40,1234,885,2119
00396300,AIB COLLEGE OF BUSINESS                 ,IA,50321-1799,Private      ,3,13,16,370,415,785
00407500,ESTRN IOWA COMMUNITY COLLEGE DIST       ,IA,52801-1201,Public       ,9,40,49,277,589,866
00407501,CLINTON COMMUNITY COLLEGE               ,IA,52732-0000,Public       ,15,65,80,486,1288,1774
00407502,MUSCATINE COMMUNITY COLLEGE             ,IA,52761-0000,Public       ,17,43,60,593,678,1271
00407503,SCOTT COMMUNITY COLLEGE                 ,IA,52722-0000,Public       ,41,173,214,1580,2631,4211
00407600,KIRKWOOD COMMUNITY COLLEGE              ,IA,52406-2068,Public       ,171,405,576,6558,6730,13288
00423300,MERCY/ST. LUKE'S SCH RAD TECH           ,IA,52402-0000,Private      ,0,0,0,29,49,78
00458600,KAPLAN UNIVERSITY                       ,IA,52807-2095,Proprietary  ,514,8124,8638,4251,79151,83402
00458604,KAPLAN UNIVERSITY - CEDAR RAPIDS        ,IA,52404-2998,Proprietary  ,12,171,183,186,1881,2067
00458605,KAPLAN UNIVERSITY - DES MOINES          ,IA,50323-5702,Proprietary  ,17,208,225,206,2302,2508
00458606,KAPLAN UNIVERSITY - MASON CITY          ,IA,50401-4665,Proprietary  ,3,84,87,70,929,999
00458607,KAPLAN UNIVERSITY - CEDAR FALLS         ,IA,50613-6309,Proprietary  ,9,125,134,138,1459,1597
00458700,NORTHEAST IOWA COMMUNITY COLLEGE        ,IA,52132-0400,Public       ,14,34,48,679,584,1263
00458701,NORTHEAST IOWA COMMUNITY COLLEGE        ,IA,52068-0000,Public       ,25,47,72,976,1188,2164
00459500,HAWKEYE COMMUNITY COLLEGE               ,IA,50701-0000,Public       ,61,193,254,2682,2810,5492
00459800,IOWA WESTERN CMTY CLG-COUNCIL BLUFF     ,IA,51502-0000,Public       ,69,147,216,3593,3416,7009
00460000,NORTHWEST IOWA COMMUNITY COLLEGE        ,IA,51201-1046,Public       ,13,17,30,564,460,1024
00626700,IOWA METHODIST MEDICAL CENTER SCHOOLS   ,IA,50309-1499,Private      ,1,2,3,41,80,121
00627300,MERCY COLLEGE OF HEALTH SCIENCES        ,IA,50309-1239,Private      ,8,28,36,491,904,1395
00712000,DES MOINES AREA CMTY COLLEGE            ,IA,50021-0000,Public       ,171,468,639,7717,9051,16768
00712100,FAITH BAPTIST BIBLE CLG & THEOL SEM     ,IA,50021-0000,Private      ,3,2,5,290,61,351
00729100,ST LUKE'S COLLEGE                       ,IA,51104-0263,Private      ,2,5,7,129,211,340
00731600,WESTERN IOWA TECH COMMUNITY COLLEGE     ,IA,51106-0000,Public       ,78,192,270,2109,2985,5094
00758800,CAPRI COLLEGE                           ,IA,52004-0873,Proprietary  ,15,31,46,156,211,367
00761100,EQ SCHOOL OF HAIR DESIGN                ,IA,51503-0813,Proprietary  ,1,14,15,32,80,112
00765600,AMERICAN COLLEGE OF HARISTYLING -CR     ,IA,52402-0000,Proprietary  ,0,0,0,4,12,16
00765800,AMER COLL OF HAIRSTYLING-DES MOINES     ,IA,50309-5446,Proprietary  ,2,8,10,19,71,90
00765900,LA JAMES COLLEGE OF HAIRSTYLING         ,IA,50401-3308,Proprietary  ,0,9,9,51,62,113
00771700,CAPRI COLLEGE                           ,IA,52807-2622,Proprietary  ,10,24,34,138,202,340
00794100,COLLEGE OF HAIR DESIGN                  ,IA,50703-1834,Proprietary  ,2,7,9,6,60,66
00826000,IOWA SCHOOL OF BEAUTY INC               ,IA,50322-0000,Proprietary  ,4,21,25,73,194,267
00840300,INDIAN HILLS COMMUNITY COLLEGE          ,IA,52501-1398,Public       ,71,154,225,1891,2402,4293
00842400,LA JAMES INTERNATIONAL COLLEGE          ,IA,50501-5577,Proprietary  ,1,5,6,39,64,103
00959300,LA'JAMES COLLEGE OF HAIRSTYLING         ,IA,52240-0000,Proprietary  ,1,8,9,42,83,125
01111300,MAHARISHI UNIV OF MANAGEMENT            ,IA,52557-0001,Private      ,2,25,27,124,492,616
01206400,HAMILTON TECHNICAL COLLEGE              ,IA,52807-2653,Proprietary  ,5,25,30,117,247,364
01230000,PALMER COLLEGE OF CHIROPRACTIC          ,IA,52803-5287,Private      ,1,44,45,95,2365,2460
01300600,LA' JAMES INTERNATIONAL COLLEGE-CF      ,IA,50613-5242,Proprietary  ,2,11,13,27,65,92
02090300,CAPRI COLLEGE                           ,IA,52404-0000,Proprietary  ,8,15,23,113,243,356
02134500,LA JAMES INTERNATIONAL COLLEGE - DAV    ,IA,52806-3952,Proprietary  ,6,20,26,41,119,160
02160900,PCI ACADEMY                             ,IA,50010-6062,Proprietary  ,7,10,17,118,93,211
02262500,FAUST INSTITUTE OF COSMETOLOGY          ,IA,50588-0000,Proprietary  ,0,8,8,13,39,52
02274100,LA' JAMES INTERNATIONAL COLLEGE - DM    ,IA,50131-0000,Proprietary  ,7,14,21,54,140,194
02289000,AMERICAN HAIR ACADEMY                   ,IA,52627-4530,Proprietary  ,3,4,7,25,35,60
02306900,IOWA SCHOOL OF BEAUTY                   ,IA,52501-0000,Proprietary  ,3,5,8,46,47,93
02328900,EMMAUS BIBLE COLLEGE                    ,IA,52001-0000,Private      ,0,2,2,233,73,306
02330900,IOWA SCHOOL OF BEAUTY                   ,IA,50158-0000,Proprietary  ,0,3,3,18,48,66
02609200,VATTEROTT COLLEGE                       ,IA,50321-4704,Proprietary  ,3,43,46,82,490,572
03065302,PAUL MITCHELL THE SCHOOL DAVENPORT      ,IA,52806-4000,Proprietary  ,0,0,0,18,12,30
03069100,ALLEN COLLEGE                           ,IA,50703-1916,Private      ,3,14,17,376,629,1005
03441300,IOWA SCHOOL OF BEAUTY                   ,IA,51106-5111,Proprietary  ,3,5,8,39,76,115
03607400,TOTAL LOOK SCHOOL OF COSMETOLOGY AND MAS,IA,52136-1053,Proprietary  ,0,0,0,3,14,17
03720300,CARLSON COLLEGE OF MASSAGE THERAPY      ,IA,52205-7519,Proprietary  ,2,4,6,12,44,56
04051313,ART INSTITUTE OF PHOENIX (THE) - BROWN M,IA,52722-3628,Proprietary  ,0,3,3,18,72,90
04177800,SALON PROFESSIONAL ACADEMY (THE)        ,IA,52240-6083,Proprietary  ,3,12,15,41,72,113
04203300,AVEDA INSTITUTE DES MOINES              ,IA,50266-8137,Proprietary  ,15,17,32,164,180,344
00259600,ATLANTIC COMMUNITY COLLEGE              ,NJ,08330-2699,Public       ,91,202,293,3752,4659,8411
00259700,BLOOMFIELD COLLEGE                      ,NJ,07003-3425,Private      ,43,31,74,3117,1555,4672
00259800,CALDWELL COLLEGE                        ,NJ,07006-6195,Private      ,52,42,94,2889,1188,4077
00259900,CENTENARY COLLEGE                       ,NJ,07840-2184,Private      ,23,44,67,1658,971,2629
00260000,COLLEGE OF SAINT ELIZABETH              ,NJ,07960-6989,Private      ,20,18,38,716,700,1416
00260100,CUMBERLAND COUNTY COLLEGE               ,NJ,08362-9912,Public       ,40,83,123,2323,3172,5495
00260300,DREW UNIVERSITY                         ,NJ,07940-4063,Private      ,32,14,46,2585,608,3193
00260700,FAIRLEIGH DICKINSON UNIV-TEANECK        ,NJ,07666-1996,Private      ,77,157,234,4748,3015,7763
00260701,FAIRLEIGH DICKINSON UNIV-FLORHAM        ,NJ,07940-0000,Private      ,57,27,84,4336,1143,5479
00260702,FAIRLEIGH DICKINSON UNIV-ED WMS CLG     ,NJ,07601-0000,Private      ,14,16,30,506,486,992
00260703,FAIRLEIGH DICKINSON UNIVERSITY          ,NJ,07940-0000,Private      ,21,15,36,1611,684,2295
00260800,GEORGIAN COURT UNIVERSITY               ,NJ,08701-2697,Private      ,33,65,98,1750,1302,3052
00260900,ROWAN UNIVERSITY                        ,NJ,08028-1702,Public       ,239,201,440,18421,6660,25081
00261000,FELICIAN COLLEGE                        ,NJ,07644-2198,Private      ,29,63,92,2028,1426,3454
00261300,NEW JERSEY CITY UNIVERSITY              ,NJ,07305-1597,Public       ,117,186,303,5438,6450,11888
00261500,MIDDLESEX COUNTY COLLEGE                ,NJ,08818-3050,Public       ,151,211,362,6858,5404,12262
00261600,MONMOUTH UNIVERSITY                     ,NJ,07764-1898,Private      ,115,71,186,9075,2612,11687
00261700,MONTCLAIR STATE UNIVERSITY              ,NJ,07043-9987,Public       ,256,245,501,21660,8429,30089
00261900,NEW BRUNSWICK THEOLOGICAL SEMINARY      ,NJ,08901-0000,Private      ,3,10,13,65,198,263
00262100,NEW JERSEY INST OF TECHNOLOGY           ,NJ,07102-1982,Public       ,122,84,206,8704,4037,12741
00262200,KEAN UNIVERSITY                         ,NJ,07083-7131,Public       ,214,211,425,13569,9501,23070
00262400,OCEAN COUNTY COLLEGE                    ,NJ,08754-2001,Public       ,109,260,369,4888,4449,9337
00262500,WILLIAM PATERSON UNIVERSITY             ,NJ,07470-2152,Public       ,211,156,367,13472,5621,19093
00262600,PRINCETON THEOLOGICAL SEMINARY          ,NJ,08542-0000,Private      ,0,3,3,18,615,633
00262700,PRINCETON UNIVERSITY                    ,NJ,08544-0001,Private      ,147,40,187,17016,1528,18544
00262800,RIDER UNIVERSITY                        ,NJ,08648-3099,Private      ,104,66,170,8851,1742,10593
00262900,"RUTGERS, THE STATE UNIVERSITY OF NJ     ",NJ,08901-1281,Public       ,566,740,1306,53285,30005,83290
00263200,SETON HALL UNIVERSITY                   ,NJ,07079-2697,Private      ,150,109,259,13133,4051,17184
00263201,SETON HALL UNIVERSITY - SCHOOL OF LAW   ,NJ,07079-5210,Private      ,12,32,44,342,1508,1850
00263800,SAINT PETER'S UNIVERSITY                ,NJ,07306-5997,Private      ,71,81,152,4269,2105,6374
00263900,STEVENS INSTITUTE OF TECHNOLOGY         ,NJ,07030-5370,Private      ,60,40,100,6063,669,6732
00264200,COLLEGE OF NEW JERSEY (THE)             ,NJ,08628-0718,Public       ,137,50,187,12618,1526,14144
00264300,UNION COUNTY COLLEGE                    ,NJ,07016-1598,Public       ,160,353,513,5706,8166,13872
00473600,BERGEN COMMUNITY COLLEGE                ,NJ,07652-1595,Public       ,189,278,467,8829,6153,14982
00474000,MERCER COUNTY COMMUNITY COLLEGE         ,NJ,08690-0000,Public       ,106,257,363,3723,4211,7934
00539900,MONMOUTH COUNTY VOCATIONAL SCH DIST     ,NJ,07728-5033,Public       ,0,2,2,85,160,245
00545200,TETERBORO SCH OF AERONAUTICS            ,NJ,07608-1083,Proprietary  ,14,26,40,111,143,254
00546100,SALEM COMMUNITY COLLEGE                 ,NJ,08069-2799,Public       ,10,31,41,549,805,1354
00641700,HOLY NAME MEDICAL CENTER SCHOOL OF NURSI,NJ,07666-4254,Private      ,0,6,6,79,293,372
00642000,MOUNTAINSIDE HOSP SCH NRSG              ,NJ,07042-4898,Proprietary  ,2,2,4,27,124,151
00642100,MUHLENBERG SNYDER SCHOOLS               ,NJ,07061-3399,Private      ,5,17,22,139,498,637
00642900,ST FRANCIS MEDICAL CTR SCH NURSING      ,NJ,08629-1986,Private      ,1,7,8,27,142,169
00642902,ST FRANCIS MED CTR RAD TECH             ,NJ,08629-0000,Private      ,0,3,3,18,52,70
00686500,CAMDEN COUNTY COLLEGE                   ,NJ,08012-3240,Public       ,150,448,598,6219,8558,14777
00690100,GLOUCESTER COUNTY COLLEGE               ,NJ,08080-4249,Public       ,83,135,218,4000,3174,7174
00710700,ESSEX COUNTY COLLEGE                    ,NJ,07102-1798,Public       ,153,442,595,5895,9456,15351
00750200,BERKELEY COLLEGE                        ,NJ,07424-3367,Proprietary  ,106,347,453,2983,4578,7561
00759300,PARISIAN BEAUTY ACADEMY                 ,NJ,07601-5509,Proprietary  ,8,34,42,171,309,480
00772900,COUNTY COLLEGE OF MORRIS                ,NJ,07869-0000,Public       ,86,85,171,3981,2288,6269
00773000,BURLINGTON COUNTY COLLEGE               ,NJ,08068-1599,Public       ,79,275,354,4331,5472,9803
00773100,RARITAN VALLEY COMMUNITY COLLEGE        ,NJ,08876-1265,Public       ,73,140,213,2971,2416,5387
00780401,STAR CAREER ACADEMY - STAR LAKEWOOD     ,NJ,08701-5900,Proprietary  ,12,43,55,138,414,552
00780402,STAR CAREER ACADEMY - STAR EGG HARBOR   ,NJ,08234-4863,Proprietary  ,17,63,80,119,440,559
00793808,LINCOLN TECHNICAL INSTITUTE - SOUTH PLAI,NJ,07080-2424,Proprietary  ,28,28,56,237,251,488
00793810,LINCOLN TECHNICAL INSTITUTE - MAHWAH    ,NJ,07430-2106,Proprietary  ,62,79,141,540,536,1076
00793811,LINCOLN TECHNICAL INSTITUTE - UNION     ,NJ,07083-5032,Proprietary  ,87,133,220,866,953,1819
00794700,BETH MEDRASH GOVOHA OF AMERICA          ,NJ,08701-0000,Private      ,154,214,368,500,1986,2486
00840400,BROOKDALE COMMUNITY COLLEGE             ,NJ,07738-1597,Public       ,144,244,388,5848,4611,10459
00849400,HO HO KUS SCHL OF TRADE & TECH SCIENCES ,NJ,07513-1402,Proprietary  ,13,50,63,128,246,374
00860900,RABBINICAL COLLEGE OF AMERICA           ,NJ,07960-3600,Private      ,21,2,23,110,15,125
00907800,CAPRI INSTITUTE OF HAIR DESIGN          ,NJ,07011-2111,Proprietary  ,8,37,45,87,202,289
00934400,RAMAPO COLLEGE OF NEW JERSEY            ,NJ,07430-1680,Public       ,120,63,183,8334,1739,10073
00934500,STOCKTON UNIVERSITY                     ,NJ,08205-9441,Public       ,119,85,204,9945,3590,13535
00982804,EVEREST INSTITUTE - SOUTH PLAINFIELD    ,NJ,07080-1125,Private      ,18,49,67,209,421,630
00999400,PASSAIC COUNTY COMMUNITY COLLEGE        ,NJ,07505-1179,Public       ,263,380,643,4680,5493,10173
01062900,P B COSMETOLOGY EDUCATION CENTRE        ,NJ,08030-1750,Proprietary  ,6,12,18,120,161,281
01085100,ANTHEM INSTITUTE                        ,NJ,07054-3409,Proprietary  ,39,135,174,196,701,897
01085101,ANTHEM INSTITUTE                        ,NJ,07306-0000,Proprietary  ,1,8,9,35,111,146
01085102,ANTHEM INSTITUTE                        ,NJ,08902-0000,Proprietary  ,2,7,9,33,104,137
01090300,RIZZIERI INSTITUTE                      ,NJ,08043-4600,Proprietary  ,6,20,26,130,181,311
01152300,MORRIS COUNTY SCHOOL OF TECHNOLOGY      ,NJ,07834-0000,Public       ,0,6,6,58,90,148
01198900,TALMUDICAL ACADEMY                      ,NJ,07710-0000,Private      ,4,0,4,43,6,49
01209000,ROBERT FIANCE BEAUTY SCHOOLS            ,NJ,08861-4118,Proprietary  ,12,31,43,97,188,285
01246100,LINCOLN TECHNICAL INSTITUTE             ,NJ,08820-2896,Proprietary  ,21,58,79,274,655,929
01246102,LINCOLN TECHNICAL INSTITUTE             ,NJ,08057-3212,Proprietary  ,16,65,81,201,800,1001
01246103,LINCOLN TECHNICAL INSTITUTE             ,NJ,07652-2106,Proprietary  ,21,74,95,413,771,1184
01246200,HOHOKUS - HACKENSACK SCHOOL OF BUSINESS ,NJ,07601-7197,Proprietary  ,17,61,78,169,554,723
01295400,HUDSON COUNTY COMMUNITY COLLEGE         ,NJ,07306-4012,Public       ,205,373,578,5757,6605,12362
02053700,EASTWICK COLLEGE                        ,NJ,07446-0000,Proprietary  ,19,67,86,356,1175,1531
02061800,ROMAN ACADEMY OF BEAUTY CULTURE         ,NJ,07506-0000,Proprietary  ,1,6,7,16,31,47
02092300,HOHOKUS SCHOOL - RETS/NUTLEY            ,NJ,07110-0000,Proprietary  ,18,72,90,213,465,678
02103700,CAPRI INSTITUTE OF HAIR DESIGN          ,NJ,07652-0000,Proprietary  ,4,7,11,57,100,157
02104000,HARRIS SCHOOL OF BUSINESS               ,NJ,08002-2983,Proprietary  ,76,370,446,408,1863,2271
02106601,AMERICAN INSTITUTE - CLIFTON            ,NJ,07011-2345,Proprietary  ,41,127,168,299,764,1063
02106605,AMERICAN INSTITUTE - TOMS RIVER         ,NJ,08755-1524,Proprietary  ,20,115,135,144,583,727
02131100,DU CRET SCHOOL OF THE ARTS              ,NJ,07060-0000,Private      ,0,1,1,27,19,46
02131600,PENNCO TECH                             ,NJ,08012-0000,Proprietary  ,64,142,206,528,894,1422
02132300,FORTIS INSTITUTE                        ,NJ,07470-7041,Proprietary  ,45,120,165,425,756,1181
02146800,JOE KUBERT SCH OF CARTOON & GRAPHIC     ,NJ,07801-0000,Proprietary  ,1,0,1,78,70,148
02154000,DIVERS ACAD OF EASTERN SEABOARD         ,NJ,08081-1139,Proprietary  ,10,14,24,90,161,251
02183600,CAPRI INSTITUTE OF HAIR DESIGN          ,NJ,07033-0000,Proprietary  ,3,25,28,59,136,195
02192200,THOMAS EDISON STATE COLLEGE             ,NJ,08608-0000,Public       ,29,763,792,540,8867,9407
02219600,OMEGA INSTITUTE                         ,NJ,08109-0000,Proprietary  ,0,0,0,5,25,30
02223700,ROBERT FIANCE BEAUTY SCHOOLS            ,NJ,07093-4623,Proprietary  ,10,44,54,81,281,362
02223900,DRAKE COLLEGE OF BUSINESS               ,NJ,07201-0000,Proprietary  ,0,0,0,31,75,106
02223902,DRAKE COLLEGE OF BUSINESS - NEWARK CAMPU,NJ,07112-2760,Proprietary  ,0,0,0,57,169,226
02232500,UNION COUNTY VOCATIONAL TECH INST       ,NJ,07076-0000,Public       ,5,5,10,77,98,175
02234600,ATLANTIC BEAUTY & SPA ACADEMY           ,NJ,08234-2621,Proprietary  ,17,29,46,82,173,255
02246000,ROSS UNIVERSITY - MEDICAL SCHOOL        ,NJ,08837-0000,Proprietary  ,3,137,140,23,3652,3675
02248600,COOPER HEALTH SYS-CTR ALLIED HEALTH     ,NJ,08103-0000,Private      ,4,13,17,110,348,458
02265500,CAPRI INSTITUTE OF HAIR DESIGN          ,NJ,08724-0000,Proprietary  ,5,16,21,65,173,238
02277900,ROSS UNIV - SCH OF VETERINARY MED       ,NJ,08837-0000,Proprietary  ,1,76,77,17,1655,1672
02312000,BERGEN COUNTY TECHNICAL SCHOOLS         ,NJ,07601-6110,Public       ,6,13,19,107,173,280
02503900,WARREN COUNTY COMMUNITY COLLEGE         ,NJ,07882-0000,Public       ,14,34,48,659,665,1324
02523700,OCEAN COUNTY VOCATIONAL-TECH SCHOOL     ,NJ,08753-0000,Public       ,4,13,17,258,463,721
02525900,ARTISTIC ACADEMY OF HAIR DESIGN         ,NJ,07950-1409,Proprietary  ,14,6,20,98,100,198
02528200,ROBERT FIANCE BEAUTY SCHOOLS            ,NJ,07060-4840,Proprietary  ,3,16,19,68,166,234
02558700,PRISM CAREER INSTITUTE                  ,NJ,08037-0000,Proprietary  ,13,82,95,156,858,1014
02568800,SUSSEX COUNTY COMMUNITY COLLEGE         ,NJ,07860-1149,Public       ,36,68,104,1486,1070,2556
02586900,HARRIS SCHOOL OF BUSINESS               ,NJ,08043-2604,Proprietary  ,32,141,173,171,852,1023
02616402,SANFORD-BROWN INSTITUTE - ISELIN        ,NJ,08830-0000,Proprietary  ,0,0,0,66,224,290
03077500,RABBI JACOB JOSEPH SCHOOL               ,NJ,08817-4494,Private      ,5,0,5,39,3,42
03122600,EASTERN INTERNATIONAL COLLEGE           ,NJ,07306-3906,Proprietary  ,11,43,54,176,569,745
03187300,STENOTECH CAREER INSTITUTE              ,NJ,07004-0000,Proprietary  ,0,0,0,4,19,23
03197300,INSTITUTE FOR HEALTH EDUCATION(THE)     ,NJ,07306-2929,Proprietary  ,0,0,0,2,7,9
03324300,CENTRAL CAREER SCHOOL                   ,NJ,07080-2408,Proprietary  ,6,49,55,53,232,285
03380302,STAR CAREER ACADEMY - STAR NEWARK       ,NJ,07102-4510,Proprietary  ,16,84,100,195,703,898
03380303,STAR CAREER ACADEMY - STAR CLIFTON      ,NJ,07011-2248,Proprietary  ,7,22,29,95,285,380
03424500,NEW COMMUNITY WORKFORCE DEVELOPMENT CENT,NJ,07103-2402,Private      ,2,6,8,2,6,8
03536300,INSTITUTE FOR THERAPEUTIC MASSAGE       ,NJ,07420-1452,Proprietary  ,6,23,29,26,166,192
03650600,PC AGE                                  ,NJ,07306-3936,Proprietary  ,14,64,78,74,380,454
03650603,PC AGE                                  ,NJ,08817-2842,Proprietary  ,1,10,11,22,68,90
03666300,PILLAR COLLEGE                          ,NJ,07102-5511,Private      ,13,64,77,109,846,955
03803300,HEALTHCARE TRAINING INSTITUTE           ,NJ,07083-3504,Proprietary  ,15,46,61,110,375,485
03811300,EASTERN SCHOOL OF ACUPUNCTURE AND TRADIT,NJ,07042-3562,Proprietary  ,1,6,7,8,73,81
04081300,BAIS MEDRASH TORAS CHESED               ,NJ,08701-0000,Private      ,4,2,6,34,20,54
04123400,YESHIVAS BE'ER YITZCHOK                 ,NJ,07208-2380,Private      ,2,3,5,28,57,85
04125000,GENTLE HEALING SCHOOL OF MASSAGE        ,NJ,08512-3600,Proprietary  ,1,9,10,5,45,50
04131100,YESHIVA TORAS CHAIM                     ,NJ,08701-2120,Private      ,6,0,6,113,1,114
04131200,TOTAL IMAGE BEAUTY ACADEMY              ,NJ,07307-2943,Proprietary  ,4,48,52,32,173,205
04134100,JERSEY COLLEGE                          ,NJ,07608-1104,Proprietary  ,24,328,352,243,2834,3077
04136400,AMERICAN INSTITUTE OF MEDICAL SCIENCES &,NJ,07080-1183,Proprietary  ,16,43,59,116,376,492
04154500,STARTING POINTS FOR CHILDREN            ,NJ,07306-0001,Private      ,1,12,13,22,103,125
04154900,NATIONAL CAREER INSTITUTE               ,NJ,07018-2011,Proprietary  ,7,62,69,42,365,407
04154901,NATIONAL CAREER INSTITUTE - JERSEY CITY ,NJ,07306-4300,Proprietary  ,7,22,29,50,216,266
04173100,LAB PAUL MITCHELL PARTNER SCHOOL (THE)  ,NJ,08628-2500,Proprietary  ,2,0,2,52,71,123
04180300,MESIVTA KESER TORAH                     ,NJ,07719-2409,Private      ,4,1,5,7,7,14
04181400,BEST CARE TRAINING INSTITUTE            ,NJ,07018-1703,Proprietary  ,2,28,30,18,164,182
04184500,CHRISTINE VALMY INTERNATIONAL SCHOOL OF ,NJ,07058-9589,Proprietary  ,2,20,22,30,90,120
04188700,ASI CAREER INSTITUTE                    ,NJ,08012-1043,Proprietary  ,2,16,18,17,179,196
04192400,YESHIVA GEDOLAH ZICHRON LEYMA           ,NJ,07036-3905,Private      ,3,1,4,11,5,16
04207500,MEDICAL CAREER INSTITUTE                ,NJ,07712-7202,Proprietary  ,7,38,45,44,198,242
04215600,AMERICAN INSTITUTE OF PHARMACEUTICAL TEC,NJ,07601-9991,Proprietary  ,0,0,0,53,439,492
04216000,UNIVERSAL TRAINING INSTITUTE            ,NJ,08861-4106,Proprietary  ,3,21,24,26,191,217
04216100,YESHIVA YESODEI HATORAH                 ,NJ,08701-4946,Private      ,10,0,10,11,0,11
04216500,RIZZIERI INSTITUTE                      ,NJ,08043-1911,Proprietary  ,4,7,11,44,92,136
04218200,PAUL MITCHELL THE SCHOOL - JERSEY SHORE ,NJ,08723-3413,Proprietary  ,9,14,23,103,153,256
04218500,SALON PROFESSIONAL ACADEMY THE          ,NJ,07080-0000,Proprietary  ,7,16,23,65,185,250
04234400,AMERICAN INSTITUTE OF ALTERNATIVE MEDICI,NJ,08816-3727,Proprietary  ,3,3,6,3,3,6
04243300,GARDEN STATE SCIENCE AND TECHNOLOGY INST,NJ,07306-2714,Proprietary  ,9,60,69,9,62,71
00266500,VAUGHN COLLEGE OF AERONAUTICS AND TECHNO,NY,11369-9997,Private      ,38,57,95,1287,978,2265
00266600,ADELPHI UNIVERSITY                      ,NY,11530-4299,Private      ,163,155,318,9255,4414,13669
00266700,DOWLING COLLEGE                         ,NY,11769-1999,Private      ,14,52,66,1656,869,2525
00266800,ALFRED UNIVERSITY                       ,NY,14802-1205,Private      ,44,23,67,3815,723,4538
00266900,BANK STREET COLLEGE OF EDUCATION        ,NY,10025-0000,Private      ,0,22,22,16,694,710
00267100,BARD COLLEGE                            ,NY,12504-5000,Private      ,30,20,50,3925,652,4577
00267400,NEW YORK THEOLOGICAL SEMINARY           ,NY,10115-0002,Private      ,0,20,20,6,297,303
00267700,BROOKLYN LAW SCHOOL                     ,NY,11201-0000,Private      ,4,47,51,78,2394,2472
00267800,BRYANT & STRATTON COLLEGE               ,NY,14203-1713,Proprietary  ,232,1810,2042,2562,16218,18780
00267803,BRYANT & STRATTON COLLEGE - GREECE      ,NY,14606-4227,Proprietary  ,22,100,122,296,1334,1630
00267805,BRYANT & STRATTON COLLEGE - SYRACUSE    ,NY,13203-2502,Proprietary  ,27,116,143,586,1457,2043
00267807,BRYANT & STRATTON COLLEGE - ALBANY      ,NY,12205-5230,Proprietary  ,20,99,119,238,941,1179
00268100,CANISIUS COLLEGE                        ,NY,14208-1098,Private      ,48,50,98,4847,1723,6570
00268500,CAZENOVIA COLLEGE                       ,NY,13035-1085,Private      ,17,8,25,2071,263,2334
00268700,CUNY-BROOKLYN COLLEGE                   ,NY,11210-2814,Public       ,367,380,747,21527,13079,34606
00268800,CITY COLLEGE-CUNY                       ,NY,10031-9198,Public       ,329,380,709,21806,11790,33596
00268900,CUNY-HUNTER COLLEGE                     ,NY,10021-0000,Public       ,437,461,898,29092,16448,45540
00269000,QUEENS COLLEGE-CUNY                     ,NY,11367-1597,Public       ,340,420,760,19639,9774,29413
00269100,CUNY- BOROUGH OF MANHATTAN CMTY CLG     ,NY,10007-1047,Public       ,984,802,1786,30813,19147,49960
00269200,CUNY BRONX COMMUNITY COLLEGE            ,NY,10453-3102,Public       ,381,509,890,12302,11742,24044
00269300,CUNY-JOHN JAY CLG CRIMINAL JUSTICE      ,NY,10019-1093,Public       ,261,260,521,17671,9095,26766
00269400,KINGSBOROUGH COMMUNITY COLLEGE          ,NY,11235-2398,Public       ,529,624,1153,14739,9107,23846
00269600,NY CITY COLLEGE OF TECHNOLOGY-CUNY      ,NY,11201-2983,Public       ,431,449,880,20083,10648,30731
00269700,QUEENSBOROUGH COMMUNITY COLLEGE         ,NY,11364-1497,Public       ,392,282,674,15867,7372,23239
00269800,CUNY THE COLLEGE OF STATEN ISLAND       ,NY,10314-6600,Public       ,299,178,477,14530,5138,19668
00269900,CLARKSON UNIVERSITY                     ,NY,13699-5615,Private      ,52,18,70,6556,581,7137
00270000,COLGATE ROCHESTER CROZER DIVINITY S     ,NY,14620-0000,Private      ,0,4,4,10,98,108
00270100,COLGATE UNIVERSITY                      ,NY,13346-1386,Private      ,40,2,42,4400,119,4519
00270300,COLLEGE OF MOUNT SAINT VINCENT          ,NY,10471-1093,Private      ,32,14,46,2736,524,3260
00270400,COLLEGE OF NEW ROCHELLE                 ,NY,10805-2339,Private      ,37,267,304,1156,4369,5525
00270500,COLLEGE OF SAINT ROSE                   ,NY,12203-1490,Private      ,58,73,131,4994,1682,6676
00270700,COLUMBIA UNIVERSITY IN THE CITY OF NEW Y,NY,10027-0000,Private      ,273,342,615,25280,21063,46343
00270800,BARNARD COLLEGE-COLUMBIA UNIV           ,NY,10027-6598,Private      ,61,23,84,5112,480,5592
00270900,CONCORDIA COLLEGE                       ,NY,10708-1998,Private      ,17,69,86,924,858,1782
00271000,COOPER UNION                            ,NY,10003-7120,Private      ,27,12,39,1986,286,2272
00271100,CORNELL UNIVERSITY                      ,NY,14853-2801,Private      ,227,123,350,29913,5937,35850
00271101,WEILL CORNELL MEDICAL COLLEGE AND GRADUA,NY,10021-0000,Private      ,1,33,34,52,746,798
00271200,D'YOUVILLE COLLEGE                      ,NY,14201-1084,Private      ,16,55,71,1971,2216,4187
00271300,DOMINICAN COLLEGE                       ,NY,10962-1299,Private      ,21,53,74,1891,1038,2929
00271800,ELMIRA COLLEGE                          ,NY,14901-2099,Private      ,19,12,31,2212,347,2559
00272200,FORDHAM UNIVERSITY                      ,NY,10458-5157,Private      ,252,179,431,28194,8496,36690
00272600,GENERAL THEOLOGICAL SEMINARY            ,NY,10011-0000,Private      ,0,1,1,2,62,64
00272800,HAMILTON COLLEGE                        ,NY,13323-1218,Private      ,30,1,31,3199,98,3297
00272900,HARTWICK COLLEGE                        ,NY,13820-4020,Private      ,31,4,35,2620,168,2788
00273100,HOBART & WILLIAM SMITH COLLEGES         ,NY,14456-3397,Private      ,19,5,24,3136,116,3252
00273200,HOFSTRA UNIVERSITY                      ,NY,11549-1010,Private      ,252,133,385,18168,5362,23530
00273400,HOUGHTON COLLEGE                        ,NY,14744-0128,Private      ,5,5,10,1292,165,1457
00273500,HILBERT COLLEGE                         ,NY,14075-1597,Private      ,10,10,20,1024,330,1354
00273700,IONA COLLEGE                            ,NY,10801-1890,Private      ,126,36,162,8471,1242,9713
00273900,ITHACA COLLEGE                          ,NY,14850-7130,Private      ,110,14,124,14364,1126,15490
00274000,JEWISH THEOLOGICAL SEMINARY OF AMER     ,NY,10027-4649,Private      ,0,2,2,126,140,266
00274200,THE JUILLIARD SCHOOL                    ,NY,10023-6588,Private      ,22,9,31,1587,848,2435
00274400,KEUKA COLLEGE                           ,NY,14478-0000,Private      ,24,61,85,2107,1304,3411
00274800,LEMOYNE COLLEGE                         ,NY,13214-1399,Private      ,58,34,92,5520,1045,6565
00274900,NEW YORK COLLEGE OF PODIATRIC MED       ,NY,10035-1940,Private      ,1,4,5,38,459,497
00275100,LONG ISLAND UNIVERSITY                  ,NY,11548-1326,Private      ,206,350,556,12962,10592,23554
00275800,MANHATTAN COLLEGE                       ,NY,10471-4098,Private      ,91,38,129,7321,900,8221
00275900,MANHATTAN SCHOOL OF MUSIC               ,NY,10027-4689,Private      ,8,11,19,742,668,1410
00276000,MANHATTANVILLE COLLEGE                  ,NY,10577-2132,Private      ,48,41,89,3292,879,4171
00276300,MARIA COLLEGE                           ,NY,12208-1798,Private      ,4,37,41,357,821,1178
00276500,MARIST COLLEGE                          ,NY,12601-1387,Private      ,88,75,163,9112,1378,10490
00276900,MARYMOUNT MANHATTAN COLLEGE             ,NY,10021-4597,Private      ,57,11,68,4289,388,4677
00277200,MERCY COLLEGE                           ,NY,10522-1189,Private      ,113,356,469,6015,7459,13474
00277500,MOLLOY COLLEGE                          ,NY,11570-1100,Private      ,58,89,147,4500,2421,6921
00277700,MEDAILLE COLLEGE                        ,NY,14214-2695,Private      ,19,76,95,1625,1838,3463
00277800,MOUNT SAINT MARY COLLEGE                ,NY,12550-3494,Private      ,57,52,109,3859,1210,5069
00277900,NAZARETH COLLEGE OF ROCHESTER           ,NY,14618-3790,Private      ,33,35,68,3811,1470,5281
00278200,NEW YORK INSTITUTE OF TECHNOLOGY        ,NY,11568-8000,Private      ,101,88,189,6635,2468,9103
00278202,NY INSTITUTE OF TECHNOLOGY-OSTEOPATHIC M,NY,11568-0000,Private      ,0,3,3,56,1177,1233
00278300,NEW YORK LAW SCHOOL                     ,NY,10013-0000,Private      ,2,18,20,74,2053,2127
00278400,NEW YORK MEDICAL COLLEGE                ,NY,10595-0000,Private      ,2,12,14,36,1776,1812
00278500,NEW YORK UNIVERSITY                     ,NY,10012-1091,Private      ,582,556,1138,48877,27474,76351
00278800,NIAGARA UNIVERSITY                      ,NY,14109-2010,Private      ,36,40,76,4065,1050,5115
00279000,NYACK COLLEGE                           ,NY,10960-3698,Private      ,16,93,109,1210,1773,2983
00279100,PACE UNIVERSITY - NEW YORK              ,NY,10038-1598,Private      ,203,173,376,13762,4273,18035
00279101,PACE UNIVERSITY-PLEASANTVILLE           ,NY,10570-0000,Private      ,43,50,93,4032,1320,5352
00279102,PACE UNIVERSITY - WHITE PLAINS          ,NY,10603-0000,Private      ,8,30,38,587,1495,2082
00279500,PAUL SMITHS CLG OF ARTS & SCIENCES      ,NY,12970-0000,Private      ,5,3,8,1263,192,1455
00279800,PRATT INSTITUTE                         ,NY,11205-3899,Private      ,98,40,138,5424,2088,7512
00280300,RENSSELAER POLYTECHNIC INSTITUTE        ,NY,12180-3590,Private      ,88,12,100,12741,720,13461
00280500,ROBERTS WESLEYAN COLLEGE                ,NY,14624-1997,Private      ,16,95,111,1564,1419,2983
00280600,ROCHESTER INSTITUTE OF TECHNOLOGY       ,NY,14623-5608,Private      ,154,67,221,17945,2689,20634
00280700,ROCKEFELLER UNIVERSITY                  ,NY,10021-0000,Private      ,1,0,1,25,60,85
00280800,DAEMEN COLLEGE                          ,NY,14226-3592,Private      ,32,63,95,2946,1326,4272
00281000,THE SAGE COLLEGES                       ,NY,12180-4199,Private      ,23,27,50,2315,1981,4296
00281200,TROCAIRE COLLEGE                        ,NY,14220-2094,Private      ,21,52,73,837,1616,2453
00281300,SARAH LAWRENCE COLLEGE                  ,NY,10708-5999,Private      ,33,7,40,2309,644,2953
00281400,SKIDMORE COLLEGE                        ,NY,12866-1632,Private      ,44,5,49,4844,161,5005
00281500,ST BERNARDS SCH THEOLOGY & MINISTRY     ,NY,14618-3822,Private      ,0,0,0,2,34,36
00281600,SIENA COLLEGE                           ,NY,12211-1462,Private      ,55,9,64,6308,348,6656
00281700,ST BONAVENTURE UNIVERSITY               ,NY,14778-2284,Private      ,22,11,33,2851,430,3281
00282000,ST FRANCIS COLLEGE                      ,NY,11201-4398,Private      ,66,49,115,3213,925,4138
00282100,ST JOHN FISHER COLLEGE                  ,NY,14618-3597,Private      ,39,40,79,4970,1778,6748
00282200,CHRIST THE KING SEMINARY                ,NY,14052-0607,Private      ,0,1,1,0,3,3
00282300,ST JOHN'S UNIVERSITY                    ,NY,11439-1343,Private      ,250,138,388,23224,6148,29372
00282500,ST JOSEPH'S COLLEGE                     ,NY,11205-3688,Private      ,29,51,80,1583,881,2464
00282501,ST JOSEPH'S COLLEGE-SUFFOLK CAMPUS      ,NY,11772-0000,Private      ,40,78,118,2880,1787,4667
00282900,ST LAWRENCE UNIVERSITY                  ,NY,13617-1455,Private      ,24,6,30,3251,174,3425
00283200,ST THOMAS AQUINAS COLLEGE               ,NY,10976-1050,Private      ,24,16,40,1924,271,2195
00283300,ST VLADIMIR ORTHODOX THEOL SEM          ,NY,10707-0000,Private      ,0,1,1,0,48,48
00283400,EXCELSIOR COLLEGE                       ,NY,12203-5159,Private      ,37,1478,1515,810,16344,17154
00283500,SUNY AT ALBANY                          ,NY,12222-0001,Public       ,314,128,442,22936,5066,28002
00283600,BINGHAMTON UNIVERSITY (SUNY)            ,NY,13902-6000,Public       ,315,78,393,27579,3184,30763
00283700,SUNY AT BUFFALO                         ,NY,14260-0001,Public       ,285,182,467,26257,9858,36115
00283800,SUNY AT STONY BROOK                     ,NY,11794-0701,Public       ,379,216,595,29858,8446,38304
00283900,SUNY-DOWNSTATE MEDICAL CENTER           ,NY,11203-2098,Public       ,0,47,47,215,2385,2600
00284000,SUNY UPSTATE MEDICAL UNIVERSITY         ,NY,13210-2375,Public       ,1,16,17,268,1475,1743
00284100,SUNY BROCKPORT - FIN AID OFF            ,NY,14420-2914,Public       ,129,99,228,10374,3127,13501
00284200,BUFFALO STATE COLLEGE - SUNY            ,NY,14222-1095,Public       ,224,173,397,15308,4885,20193
00284300,SUNY COLLEGE-CORTLAND                   ,NY,13045-0900,Public       ,126,40,166,11895,1418,13313
00284400,SUNY AT FREDONIA                        ,NY,14063-1145,Public       ,83,27,110,7285,955,8240
00284500,SUNY GENESEO                            ,NY,14454-1401,Public       ,81,17,98,9261,620,9881
00284600,SUNY COLLEGE-NEW PALTZ                  ,NY,12561-2499,Public       ,166,66,232,13509,2264,15773
00284700,SUNY COLLEGE-ONEONTA                    ,NY,13820-4015,Public       ,100,31,131,11567,897,12464
00284800,SUNY OSWEGO                             ,NY,13126-3599,Public       ,167,78,245,12003,1978,13981
00284900,SUNY COLLEGE AT PLATTSBURGH             ,NY,12901-2681,Public       ,99,34,133,8276,1437,9713
00285000,SUNY COLLEGE-POTSDAM                    ,NY,13676-2294,Public       ,87,36,123,5978,960,6938
00285100,SUNY COLLEGE OF ENVIRONMENT SCIENCE AND ,NY,13210-2778,Public       ,19,13,32,2499,608,3107
00285300,SUNY MARITIME COLLEGE                   ,NY,10465-4198,Public       ,21,10,31,2124,436,2560
00285400,SUNY COLLEGE OF TECHNOLOGY-ALFRED       ,NY,14802-9951,Public       ,72,33,105,5074,1029,6103
00285500,SUNY CANTON COLG OF TECHNOLOGY          ,NY,13617-1098,Public       ,61,46,107,3844,1498,5342
00285600,SUNY AG & TECH COLLEGE-COBLESKILL       ,NY,12043-9986,Public       ,39,27,66,3620,660,4280
00285700,SUNY DELHI                              ,NY,13753-1190,Public       ,71,46,117,4419,1365,5784
00285800,SUNY FARMINGDALE                        ,NY,11735-1021,Public       ,157,139,296,7687,3124,10811
00285900,SUNY COLLEGE OF AG & TECH AT MORRISVILLE,NY,13408-0901,Public       ,55,19,74,4157,936,5093
00286000,ADIRONDACK COMMUNITY COLLEGE            ,NY,12804-1445,Public       ,50,75,125,2399,1727,4126
00286100,CAYUGA COMMUNITY COLLEGE                ,NY,13021-3099,Public       ,50,134,184,1693,2047,3740
00286200,BROOME COMMUNITY COLLEGE                ,NY,13902-0000,Public       ,117,157,274,4745,3091,7836
00286300,CORNING COMMUNITY COLLEGE               ,NY,14830-3297,Public       ,34,64,98,1918,1690,3608
00286400,DUTCHESS COMMUNITY COLLEGE              ,NY,12601-1595,Public       ,101,100,201,4740,2404,7144
00286600,FASHION INSTITUTE OF TECHNOLOGY         ,NY,10001-5992,Public       ,122,74,196,9929,3500,13429
00286700,SUNY FULTON MONTGOMERY COMM CLG         ,NY,12095-3790,Public       ,39,64,103,1558,1027,2585
00286800,HUDSON VALLEY COMMUNITY COLLEGE         ,NY,12180-6096,Public       ,145,182,327,6426,4656,11082
00286900,JAMESTOWN COMMUNITY COLLEGE             ,NY,14702-0020,Public       ,52,75,127,2347,1721,4068
00287000,JEFFERSON COMMUNITY COLLEGE             ,NY,13601-1897,Public       ,46,210,256,1779,2735,4514
00287100,"SUNY, MOHAWK VALLEY COMMUNITY CLG       ",NY,13501-5394,Public       ,82,141,223,3753,2999,6752
00287200,MONROE COMMUNITY COLLEGE                ,NY,14623-5780,Public       ,239,358,597,9677,9432,19109
00287300,NASSAU COMMUNITY COLLEGE                ,NY,11530-6793,Public       ,360,355,715,12456,8072,20528
00287400,NIAGARA COUNTY COMMUNITY COLLEGE        ,NY,14132-9460,Public       ,89,86,175,3821,2740,6561
00287500,ONONDAGA COMMUNITY COLLEGE              ,NY,13215-4585,Public       ,145,205,350,7327,4587,11914
00287600,ORANGE COUNTY COMMUNITY COLLEGE         ,NY,10940-6441,Public       ,81,95,176,3140,2492,5632
00287700,ROCKLAND COMMUNITY COLLEGE              ,NY,10901-3611,Public       ,108,130,238,3023,2288,5311
00287800,SUFFOLK COMMUNITY COLLEGE               ,NY,11784-2899,Public       ,200,168,368,7480,3801,11281
00287801,SUFFOLK COMMUNITY CLG-W. CAMPUS         ,NY,11717-0000,Public       ,111,138,249,5393,3765,9158
00287803,SUFFOLK COMMUNITY CLG-EASTRN CAMPUS     ,NY,11901-0000,Public       ,45,66,111,1944,1289,3233
00287900,SULLIVAN COUNTY COMMUNITY COLLEGE       ,NY,12759-5151,Public       ,23,29,52,1078,712,1790
00288000,ULSTER COUNTY COMMUNITY COLLEGE         ,NY,12484-0557,Public       ,25,44,69,1224,1059,2283
00288100,SUNY WESTCHESTER COMMUNITY COLLEGE      ,NY,10595-1698,Public       ,191,279,470,6814,5667,12481
00288200,SYRACUSE UNIVERSITY                     ,NY,13244-2130,Private      ,271,266,537,28435,7099,35534
00288300,UTICA COLLEGE- UTICA                    ,NY,13502-4892,Private      ,60,133,193,4811,2851,7662
00288500,ALBANY COLLEGE OF PHARMACY AND HEALTH SC,NY,12208-3492,Private      ,16,6,22,1768,799,2567
00288600,ALBANY LAW SCHOOL                       ,NY,12208-0000,Private      ,4,9,13,66,816,882
00288700,ALBANY MEDICAL COLLEGE                  ,NY,12208-0000,Private      ,3,11,14,98,1104,1202
00288900,UNION COLLEGE                           ,NY,12308-2311,Private      ,34,5,39,4045,165,4210
00289000,UNION THEOLOGICAL SEMINARY              ,NY,10027-0000,Private      ,0,2,2,4,272,276
00289200,UNITED STATES MERCHANT MARINE ACADEMY   ,NY,11024-1634,Public       ,10,2,12,400,23,423
00289400,UNIVERSITY OF ROCHESTER                 ,NY,14627-9000,Private      ,62,96,158,9322,2161,11483
00289401,EASTMAN SCH OF MUSIC/UNIV ROCHESTER     ,NY,14604-0000,Private      ,6,5,11,837,405,1242
00289402,UNIV OF ROCHESTER SCHL OF MEDICINE      ,NY,14642-0000,Private      ,2,8,10,70,749,819
00289500,VASSAR COLLEGE                          ,NY,12604-0008,Private      ,32,7,39,4928,222,5150
00289600,VILLA MARIA COLLEGE-BUFFALO             ,NY,14225-3999,Private      ,9,9,18,551,339,890
00289900,WAGNER COLLEGE                          ,NY,10301-4495,Private      ,30,20,50,2774,621,3395
00290000,WEBB INSTITUTE                          ,NY,11542-1398,Private      ,3,0,3,105,6,111
00290100,WELLS COLLEGE                           ,NY,13026-0500,Private      ,8,3,11,1399,83,1482
00290300,YESHIVA UNIVERSITY                      ,NY,10033-3201,Private      ,22,33,55,2322,2217,4539
00290302,YESHIVA UNIVERSITY - BRONX CAMPUS       ,NY,10461-1975,Private      ,3,2,5,108,1166,1274
00397400,MESIVTHA TIFERETH JERUSALEM OF AMER     ,NY,10002-6382,Private      ,2,0,2,28,3,31
00397600,RABBINICAL ACAD MESIVTA RABBI CHAIM     ,NY,11230-4715,Private      ,12,0,12,29,2,31
00397700,RABBINICAL COLLEGE CH'SAN SOFER         ,NY,11204-1252,Private      ,0,1,1,0,4,4
00397800,RABBINICAL SEMINARY OF AMERICA          ,NY,11375-0000,Private      ,5,3,8,85,45,130
00397900,COLUMBIA UNIV TEACHERS COLLEGE          ,NY,10027-0000,Private      ,2,192,194,109,4707,4816
00405400,HEBREW UNION COL-JEWISH INST OF REL     ,NY,10012-0000,Private      ,0,2,2,0,222,222
00475900,"CUNY, YORK COLLEGE                      ",NY,11451-0001,Public       ,191,208,399,12802,6313,19115
00476500,CUNY GRADUATE SCH & UNIV CTR            ,NY,10016-4309,Public       ,4,150,154,143,3502,3645
00477600,CENTRAL YESHIVA TOMCHEI TMIMIM LUBA     ,NY,11230-2798,Private      ,144,5,149,272,35,307
00478800,HERKIMER COUNTY COMMUNITY COLLEGE       ,NY,13350-1598,Public       ,47,75,122,2110,1262,3372
00479800,MIRRER YESHIVA CENTRAL INST             ,NY,11223-2010,Private      ,17,2,19,65,27,92
00479900,MONROE COLLEGE                          ,NY,10468-4305,Proprietary  ,181,308,489,4854,6171,11025
00481100,EVEREST INSTITUTE                       ,NY,14621-3007,Proprietary  ,0,0,0,41,298,339
00506400,SAINT JAMES MERCY HOSPITAL SCHOOL OF RAD,NY,14843-2197,Private      ,0,0,0,1,3,4
00520800,THE COLLEGE OF WESTCHESTER              ,NY,10602-0000,Proprietary  ,35,74,109,885,952,1837
00587700,ROBERT J HOCHSTIM SCHOOL OF RADIOG      ,NY,11572-1151,Private      ,0,1,1,1,10,11
00643501,ARNOT OGDEN MEDICAL CENTER              ,NY,14905-1676,Private      ,0,2,2,40,56,96
00643800,PHILLIPS BETH ISRAEL SCH OF NURSING     ,NY,10001-6354,Private      ,1,6,7,86,359,445
00644300,COCHRAN SCH NSG-ST JOHN RVSDE HOSP      ,NY,10701-1399,Private      ,1,4,5,29,190,219
00644500,CROUSE HOSP SCH OF NURSING              ,NY,13210-1690,Private      ,6,3,9,224,345,569
00644800,BELANGER SCHOOL OF NURSING              ,NY,12304-1009,Private      ,0,5,5,60,188,248
00646100,SAINT ELIZABETH MEDICAL CENTER          ,NY,13501-2998,Private      ,1,2,3,147,172,319
00646700,SAINT JOSEPH'S COLLEGE OF NURSING       ,NY,13203-1806,Private      ,2,3,5,238,273,511
00678200,GENESEE COMMUNITY COLLEGE               ,NY,14020-9704,Public       ,58,143,201,2864,2670,5534
00678500,SCHENECTADY COUNTY COMMUNITY CLG        ,NY,12305-2294,Public       ,54,128,182,2330,2321,4651
00678700,CLINTON COMMUNITY COLLEGE               ,NY,12901-5690,Public       ,15,34,49,1044,676,1720
00678800,TOMPKINS CORTLAND COMMUNITY COLLEGE     ,NY,13053-0139,Public       ,75,97,172,2729,1664,4393
00678900,COLUMBIA-GREENE COMMUNITY COLLEGE       ,NY,12534-9543,Public       ,41,45,86,829,916,1745
00679100,SUNY AT PURCHASE                        ,NY,10577-1400,Public       ,115,32,147,7842,1185,9027
00702200,CUNY-LEHMAN COLLEGE                     ,NY,10468-1589,Public       ,199,376,575,14117,13408,27525
00702600,MOUNT SINAI SCHOOL OF MEDICINE          ,NY,10029-0000,Private      ,2,11,13,47,1089,1136
00710900,SUNY COLLEGE-OLD WESTBURY               ,NY,11568-0210,Public       ,99,82,181,5815,2357,8172
00711100,NORTH COUNTRY COMMUNITY COLLEGE         ,NY,12983-2046,Public       ,11,43,54,678,647,1325
00726400,MESIFTA TORAH VODAATH RABBINCAL SEM     ,NY,11218-5209,Private      ,1,87,88,8,164,172
00727300,CUNY-BERNARD BARUCH COLLEGE             ,NY,10010-5518,Public       ,284,326,610,20048,10244,30292
00730400,CULINARY INSTITUTE OF AMERICA           ,NY,12538-1499,Private      ,158,105,263,3872,1517,5389
00732916,ITT TECHNICAL INSTITUTE                 ,NY,12205-1003,Proprietary  ,12,71,83,137,552,689
00737200,AUSTIN'S SCHOOL OF SPA TECHNOLOGY       ,NY,12206-1513,Proprietary  ,0,0,0,133,302,435
00737500,ISLAND DRAFTING & TECHNICAL INST        ,NY,11701-2704,Proprietary  ,4,6,10,75,62,137
00738700,LONG ISLAND BEAUTY SCHOOL               ,NY,11788-4346,Proprietary  ,19,46,65,147,296,443
00738800,LONG ISLAND BEAUTY SCHOOL               ,NY,11550-3704,Proprietary  ,3,23,26,39,147,186
00739100,BEAUTY SCHOOL OF MIDDLETOWN             ,NY,10940-6574,Proprietary  ,6,11,17,42,98,140
00739400,BERKELEY COLLEGE                        ,NY,10017-0000,Proprietary  ,153,475,628,3189,5177,8366
00740100,MANDL SCHOOL                            ,NY,10019-5516,Proprietary  ,15,58,73,233,1028,1261
00740500,WOOD TOBE-COBURN SCHOOL                 ,NY,10016-0102,Proprietary  ,13,3,16,397,122,519
00746500,AMERICAN ACADEMY OF DRAMATIC ARTS       ,NY,10016-7089,Private      ,20,19,39,1214,401,1615
00746600,LIM COLLEGE                             ,NY,10022-5268,Proprietary  ,31,9,40,2136,557,2693
00746800,SCHOOL OF VISUAL ARTS                   ,NY,10010-3994,Proprietary  ,58,30,88,3836,1482,5318
00751800,APEX TECHNICAL SCHOOL                   ,NY,10011-0000,Proprietary  ,74,244,318,545,1512,2057
00752200,CONTINENTAL SCH OF BEAUTY CULTURE       ,NY,14623-3231,Proprietary  ,28,109,137,226,595,821
00752205,CONTINENTAL SCHOOL OF BEAUTY CULTURE - M,NY,13211-1003,Proprietary  ,1,1,2,19,39,58
00753200,FINGER LAKES COMMUNITY COLLEGE          ,NY,14424-8395,Public       ,69,107,176,3403,2557,5960
00757200,AMERICAN MUSICAL AND DRAMATIC ACAD      ,NY,10023-2106,Private      ,67,17,84,3265,588,3853
00757300,EMPIRE BEAUTY SCHOOL                    ,NY,11103-4028,Proprietary  ,70,262,332,720,1905,2625
00780400,STAR CAREER ACADEMY                     ,NY,10011-7307,Proprietary  ,21,88,109,165,632,797
00793809,LINCOLN TECHNICAL INSTITUTE - WHITESTONE,NY,11357-6092,Proprietary  ,48,46,94,550,375,925
00818900,CONTINENTAL SCHOOL OF BEAUTY CULTURE - B,NY,14224-3402,Proprietary  ,6,20,26,72,152,224
00818903,CONTINENTAL SCHOOL OF BEAUTY CULTURE - B,NY,14223-2911,Proprietary  ,7,32,39,83,219,302
00843700,CHAMPLAIN VALLEY - TEC/PRN              ,NY,12901-0000,Public       ,1,6,7,51,126,177
00849500,JAMESTOWN BUSINESS COLLEGE              ,NY,14702-0429,Proprietary  ,8,22,30,217,268,485
00861100,"CUNY, HOSTOS CMTY COLLEGE               ",NY,10451-2946,Public       ,231,308,539,9365,8787,18152
00861400,RABBINICAL CLG BOBOVER YESHIVA BNEI     ,NY,11219-3293,Private      ,29,27,56,168,52,220
00878800,STATE UNIVERSITY OF NEW YORK STUDENT LOA,NY,12246-0000,Public       ,9,11,20,398,319,717
00902900,NEIGHBORHOOD PLAYHOUSE                  ,NY,10022-5017,Private      ,0,2,2,29,49,78
00904300,ELMIRA BUSINESS INSTITUTE               ,NY,14901-2731,Proprietary  ,8,122,130,89,789,878
00907700,UTICA SCHOOL OF COMMERCE                ,NY,13501-2280,Proprietary  ,3,15,18,64,239,303
00924800,SAMARITAN HOSPITAL SCH NURSING          ,NY,12180-2475,Private      ,0,2,2,70,240,310
00928300,MIDWAY-PARIS BEAUTY SCHOOL              ,NY,11385-3453,Proprietary  ,5,15,20,31,94,125
00928400,BRITTANY BEAUTY SCHOOL                  ,NY,11756-1345,Proprietary  ,14,31,45,103,256,359
00933500,MESIVTA EASTERN PKWY RABBINICAL CLG     ,NY,11218-5559,Private      ,4,0,4,25,4,29
00947900,SAINT VINCENTS CMC SI NURSING SCHOOL    ,NY,10304-3850,Proprietary  ,14,37,51,225,636,861
00976900,METROPOLITAN COLLEGE OF NEW YORK        ,NY,10013-1919,Private      ,9,96,105,199,2178,2377
00992900,SUNY COLLEGE OF OPTOMETRY               ,NY,10036-8003,Public       ,1,2,3,20,365,385
01005100,LA GUARDIA CMTY COLLEGE - CUNY          ,NY,11101-3083,Public       ,693,803,1496,17835,12529,30364
01005200,JEFFERSON-LEWIS BOCES PRAC NRSGPRG      ,NY,13601-9509,Public       ,2,4,6,35,188,223
01009700,CUNY-MEDGAR W EVERS COLLEGE             ,NY,11225-2010,Public       ,177,278,455,8024,6814,14838
01014200,TOURO COLLEGE                           ,NY,10010-4202,Private      ,182,560,742,3359,10506,13865
01014700,WESTERN SUFFOLK BOCES                   ,NY,11768-3499,Public       ,10,32,42,180,360,540
01015300,HELENE FULD COL OF NRSNG/N GEN HOSP     ,NY,10035-0000,Private      ,1,72,73,30,830,860
01028600,EMPIRE STATE COLLEGE                    ,NY,12866-4391,Public       ,49,531,580,1100,12408,13508
01037800,RABBINICAL COLLEGE OF LONG ISLAND       ,NY,11561-3244,Private      ,1,0,1,62,3,65
01054900,KEHILATH YAKOV RABBINICAL SEMINARY      ,NY,10562-1001,Private      ,8,5,13,79,17,96
01055100,NEW YORK SCH MED & DENTAL ASSISTANT     ,NY,11101-2327,Proprietary  ,24,39,63,141,329,470
01064100,SOUTHERN WESTCHESTER BOCES              ,NY,10543-0000,Public       ,0,1,1,37,192,229
01068400,ERIE COMMUNITY COLLEGE-ALL CAMPUSES     ,NY,14203-2698,Public       ,238,308,546,7471,7690,15161
01081300,AMERICAN ACAD MCALLISTER INST           ,NY,10019-3604,Private      ,0,21,21,129,718,847
01094300,RABBINICAL COLLEGE BETH SHRAGA          ,NY,10952-3033,Private      ,3,0,3,15,1,16
01095200,PNW BOCES LPN PROGRAM                   ,NY,10598-0000,Public       ,0,2,2,16,60,76
01103100,TECHNICAL CAREER INSTITUTE              ,NY,10001-2789,Proprietary  ,93,206,299,980,2727,3707
01118900,UNITED TALMUDICAL SEMINARY              ,NY,11211-7984,Private      ,237,627,864,873,637,1510
01119200,BETH HAMEDRASH SHAAREI YOSHER INST      ,NY,11204-1052,Private      ,1,13,14,3,20,23
01161400,CHAMPLAIN VALLEY HOSP SCH RAD TECH      ,NY,12901-1490,Private      ,0,0,0,23,26,49
01161700,NEW YORK METHODIST HOSPITAL             ,NY,11229-9023,Private      ,7,32,39,148,545,693
01164700,SBI CAMPUS - AN AFFILIATE OF SANFORD-BRO,NY,11747-3785,Proprietary  ,1,3,4,73,139,212
01167000,YESHIVA OF NITRA RABBINICAL COLLEGE -   ,NY,10549-4112,Private      ,13,9,22,146,10,156
01167700,MEMORIAL SLOAN KETTERING CANCER CTR     ,NY,10021-6094,Private      ,0,1,1,3,37,40
01167800,SUNY POLYTECHNIC INSTITUTE              ,NY,13502-1311,Public       ,29,28,57,2573,1161,3734
01182100,YESHIVATH ZICHRON MOSHE                 ,NY,12779-0580,Private      ,13,0,13,93,3,96
01183000,BERK TRADE AND BUSINESS SCHOOL          ,NY,11101-0000,Proprietary  ,18,39,57,119,269,388
01185900,WORD OF LIFE BIBLE INSTITUTE            ,NY,12860-0129,Private      ,4,1,5,617,103,720
01186000,MERCY MED CNTR SCHL OF RADIOGRAPHY      ,NY,11570-1098,Private      ,0,2,2,20,43,63
01192100,WESTCHESTER SCH OF BEAUTY CULTURE       ,NY,10550-2295,Proprietary  ,2,12,14,25,110,135
01192200,BETH HATALMUD RABBINICAL CLG            ,NY,11214-2594,Private      ,16,2,18,22,7,29
01198400,OHR HAMEIR THEOLOGICAL SEMINARY         ,NY,10566-0990,Private      ,31,0,31,77,1,78
01201100,TALMUDICAL SEM OHOLEI TORAH             ,NY,11213-3310,Private      ,87,0,87,219,1,220
01210700,INSTITUTE OF DESIGN & CONSTRUCTION      ,NY,11201-5380,Private      ,0,0,0,34,63,97
01220300,MEMORIAL HOSPITAL SCH OF NURSING        ,NY,12204-1083,Private      ,0,1,1,58,172,230
01227700,NEW YORK CHIROPRACTIC COLLEGE           ,NY,13148-0800,Private      ,0,22,22,14,796,810
01229300,VEEB NASSAU CNTY SCHL OF PRACT NURS     ,NY,11553-0000,Public       ,2,2,4,64,278,342
01235800,PLAZA COLLEGE                           ,NY,11372-6300,Proprietary  ,37,68,105,353,1033,1386
01236400,SAINT VINCENTS CATHOLIC MEDICAL CENTERS ,NY,11354-0000,Proprietary  ,7,24,31,124,571,695
01240700,SCHUYLER-CHEMUNG-TIOGA BOCES            ,NY,14903-1089,Public       ,4,27,31,35,196,231
01240701,STEUBEN SCHUYLER CHEMUNG TIOGA ALLEGANY ,NY,14870-9518,Public       ,0,0,0,1,3,4
01256100,FIVE TOWNS COLLEGE                      ,NY,11746-5871,Proprietary  ,23,10,33,779,237,1016
01258900,ERIE 1 BOCES                            ,NY,14224-0000,Public       ,7,36,43,113,442,555
01265200,ONONDAGA CORTLAND MADISON BOCES         ,NY,13090-4500,Public       ,26,104,130,245,640,885
01278300,OSWEGO COUNTY BOCES ADULT CAREERS       ,NY,13114-4498,Public       ,1,1,2,35,101,136
01292700,SYRACUSE CITY SCHOOL DISTRICT           ,NY,13202-3092,Public       ,2,4,6,37,65,102
01302600,MACHZIKEI HADATH RABBINICAL COLLEGE     ,NY,11204-1805,Private      ,9,23,32,11,27,38
01302700,YESHIVATH VIZNITZ                       ,NY,10952-3021,Private      ,144,77,221,145,107,252
01302900,BORICUA COLLEGE                         ,NY,10032-1599,Private      ,30,131,161,417,1284,1701
02056400,CAPRI COSMETOLOGY LEARNING CENTER       ,NY,10954-0000,Proprietary  ,24,50,74,145,277,422
02066200,THE NEW SCHOOL                          ,NY,10011-0000,Private      ,122,135,257,7095,5181,12276
02069000,NEW YORK SCHOOL OF INTERIOR DESIGN      ,NY,10021-0000,Private      ,6,16,22,203,439,642
02075700,BRIARCLIFFE COLLEGE                     ,NY,11714-0000,Proprietary  ,4,15,19,399,1078,1477
02075702,BRIARCLIFFE COLLEGE - PATCHOGUE         ,NY,11772-3019,Proprietary  ,3,12,15,440,697,1137
02092400,RIDLEY-LOWELL SCHOOL OF BUSINESS        ,NY,13905-0000,Proprietary  ,1,17,18,47,192,239
02093700,LONG ISLAND BUSINESS INSTITUTE          ,NY,11725-0000,Proprietary  ,45,156,201,396,1578,1974
02093701,LONG ISLAND BUSINESS INSTITUTE - FLUSHIN,NY,11354-4429,Proprietary  ,0,0,0,14,38,52
02098400,HERKIMER COUNTY BOCES                   ,NY,13350-0000,Public       ,2,2,4,40,121,161
02104300,OTSEGO AREA SCHOOL OF PRAC NURSING      ,NY,12167-0000,Public       ,0,0,0,11,35,46
02105900,HAIR DESIGN INSTITUTE AT FIFTH AVE      ,NY,11220-0000,Proprietary  ,7,24,31,78,241,319
02106800,BRAMSON ORT COLLEGE                     ,NY,11375-0000,Private      ,31,87,118,225,684,909
02110900,CATTARAUGUS/ALLEGANY BOCES              ,NY,14760-0000,Public       ,5,4,9,51,126,177
02112301,RIDLEY - LOWELL BUSINESS & TECHNICAL INS,NY,12601-3328,Proprietary  ,18,64,82,135,518,653
02116011,SANFORD-BROWN INSTITUTE - NEW YORK      ,NY,10003-2103,Proprietary  ,1,4,5,174,611,785
02124000,ORANGE ULSTER BOCES SCH OF PRAC NRS     ,NY,10924-9401,Public       ,1,7,8,44,152,196
02125500,CIRCLE IN THE SQUARE THEATRE SCHOOL     ,NY,10019-0000,Private      ,2,0,2,61,64,125
02126300,MADISON-ONEIDA BOCES PRAC NRS           ,NY,13478-0000,Public       ,0,1,1,17,59,76
02138500,BOCES RENSSELAER SCHOOL OF PN           ,NY,12033-3221,Public       ,0,0,0,5,15,20
02145800,CAYUGA ONONDAGA BOCES                   ,NY,13021-9430,Public       ,0,3,3,39,84,123
02146000,WAYNE-FINGER LAKES BOCES                ,NY,14513-0000,Public       ,2,3,5,56,286,342
02152000,YESHIVA SHAAR HATORAH ITRI TORAH        ,NY,11418-0000,Private      ,4,0,4,6,1,7
02153600,BROOME-TIOGA BOCES PN PROG              ,NY,13905-0000,Public       ,0,5,5,33,142,175
02157900,ROCHESTER GENERAL HOSPITAL              ,NY,14621-3001,Private      ,1,5,6,45,121,166
02158200,WSHNGTN-SARTGA-WARN-HMLTN-ESX BOCES     ,NY,12839-1051,Public       ,1,2,3,13,56,69
02160100,GENEVA GENERAL HOSPITAL                 ,NY,14456-0000,Private      ,0,3,3,43,180,223
02163400,NEW YORK CAREER INSTITUTE               ,NY,10007-2801,Proprietary  ,2,24,26,140,557,697
02169100,DAVIS COLLEGE                           ,NY,13790-0000,Private      ,4,5,9,173,126,299
02170000,SWEDISH INSTITUTE                       ,NY,10001-0000,Proprietary  ,20,120,140,214,1161,1375
02170200,ALBANY SCHOHARIE SCHENECTADY            ,NY,12205-0000,Public       ,1,2,3,40,166,206
02171900,AILEY SCHOOL (THE)                      ,NY,10019-4402,Private      ,1,4,5,152,81,233
02172100,HAMILTON-FULTON-MONTGOMERY BOCES        ,NY,12095-0665,Public       ,1,2,3,45,86,131
02172800,DUTCHESS COUNTY BOCES SCH PRAC NURS     ,NY,12601-0000,Public       ,3,13,16,76,224,300
02173200,EMPIRE BEAUTY SCHOOL                    ,NY,10001-0000,Proprietary  ,71,254,325,910,2068,2978
02173900,ULSTER COUNTY BOCES PRACTICAL NRSG      ,NY,12466-0000,Public       ,0,2,2,39,182,221
02176000,CHERYL FELL'S SCHOOL OF BUSINESS        ,NY,14304-0000,Proprietary  ,1,8,9,12,112,124
02179400,EASTERN SUFFOLK BOCES                   ,NY,11713-0000,Public       ,2,18,20,178,391,569
02182200,NEW SCHOOL OF RADIO & TELEVISION        ,NY,12206-1106,Proprietary  ,6,8,14,68,108,176
02191600,TORAH TEMIMAH TALMUDICAL SEMINARY       ,NY,11218-0000,Private      ,7,1,8,26,1,27
02192500,BELLEVUE HOSP CTR SCH RAD TECH          ,NY,10016-0000,Public       ,0,3,3,21,102,123
02199300,ORLEANS-NIAGARA BOCES                   ,NY,14132-0000,Public       ,1,1,2,25,120,145
02206000,HUNTER BUSINESS SCHOOL                  ,NY,11756-0000,Proprietary  ,52,120,172,391,981,1372
02219500,MILDRED ELLEY                           ,NY,12206-1513,Proprietary  ,53,468,521,462,3477,3939
02235600,ERIE 2-CHAUTAUQUA-CATTARAUGUS BOCES     ,NY,14006-0000,Public       ,3,4,7,42,127,169
02265100,YESHIVA DERECH CHAIM                    ,NY,11218-0000,Private      ,5,1,6,41,18,59
02272900,ROCKLAND COUNTY BOCES PRAC NRSG SCH     ,NY,10994-0000,Public       ,1,2,3,28,101,129
02275900,"MODERN WELDING SCHOOL, INC.             ",NY,12304-0000,Proprietary  ,12,17,29,84,122,206
02287800,NATIONAL TRACTOR TRAILER SCHOOL         ,NY,13088-2505,Proprietary  ,19,155,174,75,644,719
02294900,INSTITUTE OF AUDIO RESEARCH             ,NY,10003-0000,Proprietary  ,19,45,64,213,419,632
02306500,PROFESSIONAL BUSINESS COLLEGE           ,NY,10013-5049,Private      ,0,5,5,26,79,105
02314200,EMPIRE BEAUTY SCHOOL                    ,NY,10566-3805,Proprietary  ,0,6,6,32,45,77
02320100,OHR SOMAYACH TANENBAUM EDUCATIONAL CENTE,NY,10952-0000,Private      ,0,1,1,0,1,1
02350600,YESHIVA AND KOLLEL HARBOTZAS TORAH      ,NY,11230-0000,Private      ,0,8,8,1,13,14
02491400,SPANISH AMERICAN INSTITUTE              ,NY,10036-0000,Private      ,0,0,0,3,23,26
02505800,YESHIVA KARLIN STOLIN RAB INSTITUTE     ,NY,11204-0000,Private      ,21,35,56,39,79,118
02505900,SH-OR YOSHUV RABBINICAL COLLEGE         ,NY,11691-0000,Private      ,5,2,7,16,11,27
02506000,ASSOCIATED BETH RIVKAH SCHOOLS          ,NY,11225-0000,Private      ,3,0,3,118,15,133
02506100,CITY UNIV OF NEW YORK-CENTRAL           ,NY,10021-0000,Public       ,28,40,68,1801,1409,3210
02506800,YESHIVAT MIKDASH MELECH                 ,NY,11230-0000,Private      ,0,0,0,17,3,20
02511500,JOFFREY BALLET SCHOOL                   ,NY,10011-0000,Proprietary  ,1,0,1,137,12,149
02513500,MAR JON SCHOOL OF BEAUTY CULTURE        ,NY,14150-0000,Proprietary  ,0,0,0,15,42,57
02525600,ART INSTITUTE OF NEW YORK CITY (THE)    ,NY,10013-2429,Proprietary  ,15,33,48,1129,976,2105
02540800,"GLOBE INSTITUTE OF TECHNOLOGY, INC.     ",NY,10007-0000,Proprietary  ,14,31,45,401,350,751
02546000,TRI-STATE COLLEGE OF ACUPUNCTURE        ,NY,10011-0000,Proprietary  ,0,1,1,4,113,117
02546300,YESHIVA OF THE TELSHE ALUMNI            ,NY,10471-0000,Private      ,44,0,44,47,0,47
02550600,TALMUDICAL INST OF UPSTATE NY           ,NY,14607-0000,Private      ,1,0,1,5,4,9
02556700,SEMINAR L'MOROS BAIS YAAKOV             ,NY,11219-0000,Private      ,7,0,7,262,0,262
02572900,BUSINESS INFORMATICS CENTER             ,NY,11580-0000,Proprietary  ,0,0,0,8,16,24
02575400,FRENCH CULINARY INSTITUTE               ,NY,10013-2618,Proprietary  ,29,93,122,305,855,1160
02587600,ORLO SCH HAIR DESIGN & COSMETOLOGY      ,NY,12206-1723,Proprietary  ,6,9,15,36,71,107
02599400,NEW YORK COLLEGE OF HEALTH PROFESSIONS  ,NY,11791-4413,Private      ,8,61,69,133,769,902
02600100,NEW YORK ACADEMY OF ART (THE)           ,NY,10013-2911,Private      ,10,11,21,186,298,484
02614900,SANFORD-BROWN INSTITUTE                 ,NY,10604-2910,Proprietary  ,0,0,0,7,20,27
02615001,SANFORD-BROWN COLLEGE - SANFORD-BROWN IN,NY,11530-4734,Proprietary  ,1,5,6,138,286,424
02616600,SHEAR EGO INTERNATIONAL SCHOOL OF HAIR D,NY,14617-3501,Proprietary  ,6,22,28,91,161,252
02617000,CONTINENTAL SCH OF BEAUTY CULTURE       ,NY,14020-0000,Proprietary  ,5,12,17,22,70,92
02617002,CONTINENTAL SCHOOL OF BEAUTY CULTURE  - ,NY,14020-1908,Proprietary  ,4,13,17,19,56,75
02622900,BAIS MEDRASH ELYON                      ,NY,10952-3013,Private      ,1,4,5,10,14,24
03000100,YESHIVA GEDOLAH IMREI YOSEF DSPINKA     ,NY,11219-4696,Private      ,1,12,13,2,82,84
03007200,DANCE THEATRE OF HARLEM                 ,NY,10031-0000,Private      ,0,0,0,38,46,84
03027701,PACIFIC COLLEGE OF ORIENTAL MEDICINE - N,NY,10010-7108,Proprietary  ,1,25,26,21,513,534
03081600,DELAWARE CHENANGO MADISON OT. BOCES     ,NY,13815-9554,Public       ,0,5,5,12,56,68
03095500,ASA INST BUSINESS & COMPUTER TECH       ,NY,11201-5208,Proprietary  ,255,592,847,2231,4271,6502
03096200,CHARLES STUART SCHOOL                   ,NY,11229-2004,Proprietary  ,0,2,2,7,34,41
03103700,ADIRONDACK BEAUTY SCHOOL                ,NY,12801-3158,Proprietary  ,1,4,5,24,47,71
03104900,SULLIVAN COUNTY BOCES                   ,NY,12754-2116,Public       ,1,1,2,11,21,32
03115300,GENESEE VALLEY BOCES                    ,NY,14020-1099,Public       ,1,23,24,28,214,242
03120700,NEW YORK CONSERVATORY FOR DRAMATIC ARTS ,NY,10011-4225,Proprietary  ,3,1,4,475,180,655
03127100,YESHIVAS NOVOMINSK                      ,NY,11219-0000,Private      ,4,0,4,44,1,45
03129200,RABBINICAL CLG OHR SHIMAR YISROEL       ,NY,11211-8102,Private      ,10,33,43,55,116,171
03147300,YESHIVA D'MONSEY                        ,NY,10952-3106,Private      ,4,50,54,4,52,56
03169300,STUDIO JEWELERS                         ,NY,10016-4112,Proprietary  ,0,5,5,4,34,38
03181400,MERKAZ BNOS                             ,NY,11204-0000,Private      ,11,24,35,19,152,171
03191300,CUNY SCHOOL OF LAW @ QUEENS COLLEGE     ,NY,11367-0000,Public       ,12,20,32,638,1321,1959
03193300,MANHATTAN SCHOOL OF COMPUTER TECH       ,NY,11230-1617,Private      ,24,121,145,235,851,1086
03203300,NEW YORK INSTITUTE OF MASSAGE           ,NY,14221-6021,Proprietary  ,3,14,17,36,146,182
03216300,UNIFICATION THEOLOGICAL SEMINARY        ,NY,12507-5021,Private      ,0,4,4,5,38,43
03328300,FRANKLIN CAREER INSTITUTE               ,NY,11550-3003,Private      ,3,11,14,40,82,122
03328301,FRANKLIN CAREER INSTITUTE - BROOKLYN    ,NY,11220-3110,Private      ,15,20,35,139,442,581
03358300,ALLEN SCHOOL                            ,NY,11432-4901,Proprietary  ,25,230,255,216,1495,1711
03358301,ALLEN SCHOOL - BROOKLYN                 ,NY,11201-0000,Proprietary  ,28,111,139,194,750,944
03380300,STAR CAREER ACADEMY                     ,NY,11791-5311,Proprietary  ,4,30,34,59,196,255
03419400,NORTHEASTERN SEMINARY                   ,NY,14624-1997,Private      ,1,5,6,21,123,144
03433500,LIA SCHORR INSTITUTE OF COSMETIC SK     ,NY,10022-0000,Proprietary  ,1,5,6,8,39,47
03443300,NEW YORK COLLEGE OF TRADITIONAL CHINESE ,NY,11501-0000,Private      ,0,8,8,3,120,123
03496300,YESHIVA SHAAREI TORAH OF ROCKLAND       ,NY,10901-4003,Private      ,2,7,9,17,33,50
03537300,NEW YORK AUTOMOTIVE & DIESEL INSTIT     ,NY,11101-0000,Proprietary  ,34,76,110,184,396,580
03651300,SAINT JOSEPH'S MEDICAL CENTER SCHOO     ,NY,10701-4080,Private      ,0,0,0,1,7,8
03652300,METROPOLITAN LEARNING INSTITUTE         ,NY,11374-2101,Private      ,16,108,124,76,1016,1092
03665400,CHRISTIE'S EDUCATION                    ,NY,10036-8002,Proprietary  ,0,2,2,1,45,46
03713300,BEIS MEDRASH HEICHAL DOVID              ,NY,11691-4433,Private      ,5,0,5,37,4,41
03773300,CENTER FOR NATURAL WELLNESS SCHOOL OF MA,NY,12205-1601,Proprietary  ,7,19,26,51,186,237
03802300,UTA MESIVTA OF KIRYAS JOEL              ,NY,10950-2169,Private      ,169,392,561,676,551,1227
03839300,AVEDA INSTITUTE NEW YORK                ,NY,10013-1522,Proprietary  ,13,44,57,135,390,525
03881300,UNION GRADUATE COLLEGE                  ,NY,12308-3131,Private      ,0,8,8,13,196,209
03903400,AMERICAN BEAUTY SCHOOL                  ,NY,10462-8003,Proprietary  ,13,35,48,140,374,514
03934300,YESHIVA ZICHRON ARYEH                   ,NY,11691-0000,Private      ,1,0,1,1,1,2
03941400,ELITE ACADEMY OF BEAUTY ARTS            ,NY,11223-1630,Proprietary  ,0,0,0,1,2,3
03983300,"SCHOOL OF PROFESSIONAL HORTICULTURE, AT ",NY,10458-5126,Private      ,0,1,1,12,35,47
03988300,"SAE INSTITUTE OF TECHNOLOGY, NEW YORK   ",NY,10001-2915,Proprietary  ,31,40,71,353,462,815
04043300,ACE COMPUTER TRAINING CENTER            ,NY,11375-5337,Proprietary  ,13,42,55,60,213,273
04092401,MAKE-UP DESIGNORY -                     ,NY,10012-0041,Proprietary  ,25,23,48,302,358,660
04095300,KING'S COLLEGE (THE)                    ,NY,10018-0110,Private      ,10,6,16,951,160,1111
04102300,NEW AGE TRAINING                        ,NY,10001-4006,Proprietary  ,12,58,70,76,361,437
04115500,TALMUDICAL SEMINARY OF BOBOV            ,NY,11219-3826,Private      ,70,76,146,159,126,285
04117100,EDP SCHOOL OF COMPUTER PROGRAMMING      ,NY,11235-0000,Private      ,0,24,24,25,238,263
04117700,"MONROE 2-ORLEANS BOCES, CENTER FOR WORK ",NY,14624-1119,Public       ,4,33,37,106,257,363
04119600,YESHIVA OF FAR ROCKAWAY DERECH AYSON RAB,NY,11691-5219,Private      ,3,0,3,14,0,14
04125600,CAREER SCHOOL OF NY                     ,NY,10301-2416,Private      ,5,22,27,62,165,227
04131500,COLLECTIVE (THE)                        ,NY,10011-2026,Proprietary  ,0,1,1,16,22,38
04133700,NEW YORK MEDICAL CAREER TRAINING CENTER ,NY,11354-6504,Proprietary  ,7,32,39,43,250,293
04133701,NEW YORK MEDICAL CAREER TRAINING CENTER ,NY,10018-6504,Proprietary  ,4,48,52,75,373,448
04134000,"JOHN PAOLO'S XTREME BEAUTY INSTITUTE, GO",NY,12020-1245,Proprietary  ,1,5,6,13,57,70
04134001,"JOHN PAOLO'S XTREME BEAUTY INSTITUTE, GO",NY,13417-1319,Proprietary  ,2,8,10,26,86,112
04137700,ANN MARIE'S WORLD OF BEAUTY SCHOOL      ,NY,13901-2308,Proprietary  ,0,0,0,2,2,4
04138100,YESHIVA OF MACHZIKAI HADAS              ,NY,11219-1408,Private      ,18,30,48,172,103,275
04144300,INSTITUTE OF CULINARY EDUCATION         ,NY,10010-5205,Proprietary  ,28,109,137,439,995,1434
04148000,NEW LIFE BUSINESS INSTITUTE             ,NY,11432-6149,Proprietary  ,10,37,47,37,252,289
04151200,SALON PROFESSIONAL ACADEMY (THE)        ,NY,14150-9200,Proprietary  ,6,20,26,85,160,245
04155300,ONONDAGA SCHOOL OF THERAPEUTIC MASSAGE  ,NY,13210-1533,Proprietary  ,0,6,6,80,251,331
04156000,ACADEMY OF COSMETOLOGY & ESTHETICS NYC (,NY,10306-3003,Proprietary  ,9,18,27,120,163,283
04157500,ACCESS CAREERS                          ,NY,11201-5826,Proprietary  ,0,0,0,33,89,122
04165700,"JOHN PAOLO'S XTREME BEAUTY INSTITUTE, GO",NY,12110-3053,Proprietary  ,0,2,2,5,22,27
04166000,MANHATTAN INSTITUTE (THE)               ,NY,10016-6516,Proprietary  ,12,45,57,160,349,509
04167600,FINGER LAKES SCHOOL OF MASSAGE (THE)    ,NY,14850-1384,Proprietary  ,4,23,27,57,165,222
04167601,FINGER LAKES SCHOOL OF MASSAGE (THE) -  ,NY,10549-1103,Proprietary  ,0,11,11,19,115,134
04178700,ATELIER ESTHETIQUE INSTITUTE OF ESTHETIC,NY,10016-8804,Proprietary  ,7,40,47,30,230,260
04179800,SOTHEBY'S INSTITUTE OF ART - NY         ,NY,10022-6717,Proprietary  ,1,1,2,26,134,160
04180200,LONG ISLAND NAIL & SKIN CARE INSTITUTE  ,NY,11756-1316,Proprietary  ,7,19,26,34,113,147
04189000,LONG ISLAND BARBER INSTITUTE (THE)      ,NY,11550-6317,Proprietary  ,5,24,29,25,93,118
04190500,NEW YORK SCHOOL OF ESTHETICS & DAY SPA  ,NY,10591-3232,Proprietary  ,3,16,19,22,90,112
04192800,BE'ER YAAKOV TALMUDIC SEMINARY          ,NY,10977-1912,Private      ,111,73,184,111,210,321
04204300,AESTHETIC SCIENCE INSTITUTE (THE)       ,NY,12110-1095,Proprietary  ,6,10,16,33,78,111
04206200,DIGITAL FILM ACADEMY                    ,NY,10036-3708,Proprietary  ,8,20,28,148,230,378
04207400,YESHIVA GEDOLA OHR YISRAEL              ,NY,11229-1817,Private      ,2,0,2,9,1,10
04207600,AMERICAN ACADEMY OF PERSONAL TRAINING   ,NY,10011-7301,Proprietary  ,4,38,42,54,210,264
04208600,RELAY SCHOOL OF EDUCATION               ,NY,10011-4233,Private      ,0,17,17,3,360,363
04208800,GLORIA FRANCIS SCHOOL OF MAKE-UP ARTISTR,NY,11801-3873,Proprietary  ,2,8,10,20,41,61
04210100,STELLA AND CHARLES GUTTMAN COMMUNITY COL,NY,10018-2602,Public       ,34,10,44,3245,451,3696
04210400,BETH MEDRASH MEOR YITZCHOK              ,NY,10952-4023,Private      ,2,3,5,13,4,17
04210700,NEW YORK INSTITUTE OF BEAUTY            ,NY,11749-1479,Proprietary  ,6,24,30,60,143,203
04212500,CACTUS ACADEMY (THE)                    ,NY,11530-3402,Proprietary  ,4,9,13,76,124,200
04213400,ACCESS CAREERS                          ,NY,11550-0000,Proprietary  ,5,14,19,25,114,139
04213500,SHARP EDGEZ BARBER INSTITUTE            ,NY,14620-0000,Proprietary  ,3,24,27,20,87,107
04215900,YESHIVA GEDOLAH KESSER TORAH            ,NY,10952-2127,Private      ,2,0,2,44,0,44
04223100,ARROJO COSMETOLOGY SCHOOL               ,NY,10014-4960,Proprietary  ,12,36,48,107,246,353
04223200,GRACE INTERNATIONAL BEAUTY SCHOOL       ,NY,11355-2446,Proprietary  ,1,11,12,14,111,125
04223300,ALLIANCE COMPUTING SOLUTIONS            ,NY,11354-6507,Proprietary  ,2,3,5,10,47,57
04223800,ELECTRICAL TRAINING CENTER (THE)        ,NY,11726-2701,Proprietary  ,10,26,36,75,133,208
04225500,WESTCHESTER SCHOOL FOR DENTAL ASSISTANTS,NY,10606-1246,Proprietary  ,5,23,28,36,157,193
04227200,BET MEDRASH GADOL ATERET TORAH          ,NY,11223-1933,Private      ,12,28,40,21,32,53
04228300,PAUL MITCHELL THE SCHOOL                ,NY,12305-2303,Proprietary  ,12,18,30,110,125,235
04230100,RABBINICAL COLLEGE OHR YISROEL          ,NY,11236-5141,Private      ,22,6,28,39,8,47
04231500,YESHIVA SHOLOM SHACHNA                  ,NY,11230-2621,Private      ,22,0,22,25,0,25
04233700,CHRISTINE VALMY INTERNATIONAL SCHOOL FOR,NY,10016-7701,Proprietary  ,7,58,65,54,371,425
04234200,CENTER FOR ULTRASOUND RESEARCH & EDUCATI,NY,10801-5104,Proprietary  ,0,3,3,11,36,47
04234300,CULINARY TECH CENTER                    ,NY,10001-2320,Proprietary  ,15,26,41,103,328,431
04234900,AMG SCHOOL OF LICENSE PRACTICAL NURSING ,NY,11201-1728,Proprietary  ,6,24,30,28,194,222
04237500,DERMALOGICA ACADEMY                     ,NY,10011-2420,Proprietary  ,1,4,5,17,97,114
04243200,CENTRAL YESHIVA BETH JOSEPH             ,NY,11230-6043,Private      ,0,4,4,0,4,4
04245600,YESHIVAS MAHARIT D'SATMAR               ,NY,10950-3136,Private      ,7,8,15,7,9,16
04250200,FOCUS PERSONAL TRAINING INSTITUTE       ,NY,10001-6217,Proprietary  ,6,32,38,13,56,69
04251900,FERRARA'S BEAUTY SCHOOL                 ,NY,11375-9601,Proprietary  ,1,18,19,1,18,19
00267808,BRYANT & STRATTON COLLEGE - PARMA       ,OH,44130-0000,Proprietary  ,32,184,216,459,2629,3088
00301000,ANTIOCH UNIVERSITY                      ,OH,45387-1608,Private      ,1,21,22,172,759,931
00301100,ART ACADEMY OF CINCINNATI               ,OH,45202-7106,Private      ,14,6,20,432,231,663
00301200,ASHLAND UNIVERSITY                      ,OH,44805-3799,Private      ,50,269,319,3766,3104,6870
00301300,ATHENAEUM OF OHIO                       ,OH,45230-2000,Private      ,0,0,0,2,18,20
00301400,BALDWIN-WALLACE COLLEGE                 ,OH,44017-2088,Private      ,38,46,84,4842,1633,6475
00301600,BLUFFTON UNIVERSITY                     ,OH,45817-2104,Private      ,14,4,18,1309,338,1647
00301800,BOWLING GREEN STATE UNIVERSITY          ,OH,43403-0001,Public       ,200,174,374,19435,5891,25326
00302300,CAPITAL UNIVERSITY                      ,OH,43209-2394,Private      ,35,63,98,4160,2519,6679
00302400,CASE WESTERN RESERVE UNIV               ,OH,44106-0000,Private      ,75,60,135,11152,2294,13446
00302401,CASE WESTERN RESERVE UNIV - MED         ,OH,44106-0000,Private      ,0,10,10,91,1189,1280
00302402,CASE WESTERN RESERVE UNIV - DENTAL      ,OH,44106-0000,Private      ,0,2,2,47,333,380
00302403,CASE WESTERN RESERVE UNIV - LAW         ,OH,44106-0000,Private      ,0,4,4,30,783,813
00302404,CASE WESTERN RESERVE UNIV - UG          ,OH,44106-0000,Private      ,2,1,3,180,46,226
00302405,CASE WESTERN RESERVE UNIV - MSASS       ,OH,44106-0000,Private      ,0,16,16,14,712,726
00302406,CASE WESTERN RESERVE UNIV - NURS UG     ,OH,44106-0000,Private      ,1,8,9,209,189,398
00302407,CASE WESTERN RESERVE UNIV - WSOM        ,OH,44106-0000,Private      ,0,3,3,15,209,224
00302408,CASE WESTERN RESERVE UNIV -A&S GRAD     ,OH,44106-0000,Private      ,0,5,5,4,279,283
00302409,CASE WESTERN RESERVE UNIV -ENG GRAD     ,OH,44106-0000,Private      ,0,0,0,29,78,107
00302410,CASE WESTERN RESERVE UNIV -NURS GRD     ,OH,44106-0000,Private      ,1,10,11,20,382,402
00302500,CEDARVILLE UNIVERSITY                   ,OH,45314-8564,Private      ,32,16,48,4063,561,4624
00302600,CENTRAL STATE UNIVERSITY                ,OH,45384-1004,Public       ,57,43,100,3029,1367,4396
00302900,CINCINNATI CHRISTIAN UNIVERSITY         ,OH,45204-3200,Private      ,21,23,44,660,629,1289
00303000,OHIO CHRISTIAN UNIVERSITY               ,OH,43113-9487,Private      ,37,551,588,1014,5412,6426
00303100,CLEVELAND INSTITUTE OF MUSIC            ,OH,44106-1776,Private      ,1,4,5,443,384,827
00303200,CLEVELAND STATE UNIVERSITY              ,OH,44115-2214,Public       ,167,390,557,12711,13103,25814
00303300,MOUNT ST. JOSEPH UNIVERSITY             ,OH,45233-1670,Private      ,24,61,85,1959,1446,3405
00303500,OHIO DOMINICAN UNIVERSITY               ,OH,43219-2099,Private      ,22,76,98,1939,2074,4013
00303600,FRANCISCAN UNIV OF STEUBENVILLE         ,OH,43952-1763,Private      ,11,19,30,2414,717,3131
00303700,COLLEGE OF WOOSTER                      ,OH,44691-2363,Private      ,24,4,28,3485,136,3621
00303900,COLUMBUS COLLEGE OF ART AND DESIGN      ,OH,43215-1758,Private      ,21,13,34,1564,654,2218
00304000,CUYAHOGA COMMUNITY COLLEGE              ,OH,44115-2878,Public       ,329,1306,1635,11319,23193,34512
00304100,"DEFIANCE COLLEGE, THE                   ",OH,43512-1695,Private      ,12,3,15,1149,280,1429
00304200,DENISON UNIVERSITY                      ,OH,43023-1329,Private      ,26,4,30,3495,144,3639
00304400,TRINITY LUTHERAN SEMINARY               ,OH,43209-0000,Private      ,0,2,2,3,112,115
00304500,UNIVERSITY OF FINDLAY                   ,OH,45840-3695,Private      ,32,70,102,3576,1632,5208
00304600,FRANKLIN UNIVERSITY                     ,OH,43215-5399,Private      ,18,347,365,1001,8731,9732
00304800,HEIDELBERG UNIVERSITY                   ,OH,44883-2462,Private      ,18,13,31,1734,309,2043
00304900,HIRAM COLLEGE                           ,OH,44234-1808,Private      ,20,11,31,1435,358,1793
00305000,JOHN CARROLL UNIVERSITY                 ,OH,44118-4581,Private      ,31,29,60,4679,811,5490
00305100,KENT STATE UNIVERSITY                   ,OH,44242-0001,Public       ,260,291,551,26493,12274,38767
00305101,KENT STATE UNIVERSITY - GEAUGA CAMPUS   ,OH,44021-9500,Public       ,12,32,44,897,988,1885
00305102,KENT STATE UNIVERSITY - STARK CAMPUS    ,OH,44720-7599,Public       ,37,80,117,3168,3306,6474
00305103,KENT STATE UNIVERSITY - TUSCARAWAS CAMPU,OH,44663-9403,Public       ,10,31,41,950,1038,1988
00305104,KENT STATE UNIVERSITY - TRUMBULL CAMPUS ,OH,44483-1998,Public       ,18,44,62,1210,1836,3046
00305105,KENT STATE UNIVERSITY - ASHTABULA CAMPUS,OH,44004-2299,Public       ,14,47,61,869,1559,2428
00305106,KENT STATE UNIVERSITY - EAST LIVERPOOL C,OH,43920-3497,Public       ,3,20,23,435,750,1185
00305107,KENT STATE UNIVERSITY - SALEM CAMPUS    ,OH,44460-9412,Public       ,13,25,38,936,1073,2009
00306500,KENYON COLLEGE                          ,OH,43022-9623,Private      ,20,3,23,3948,100,4048
00306600,LAKE ERIE COLLEGE                       ,OH,44077-3389,Private      ,9,21,30,1232,406,1638
00306800,LORAIN COUNTY COMMUNITY COLLEGE         ,OH,44035-1691,Public       ,118,368,486,4085,7092,11177
00306900,LOURDES COLLEGE                         ,OH,43560-2898,Private      ,12,37,49,1055,1118,2173
00307200,MALONE UNIVERSITY                       ,OH,44709-3897,Private      ,15,58,73,1697,1167,2864
00307300,MARIETTA COLLEGE                        ,OH,45750-4033,Private      ,20,19,39,2063,352,2415
00307500,METHODIST THEOLOGICAL SCH IN OHIO       ,OH,43015-0000,Private      ,0,2,2,1,138,139
00307700,MIAMI UNIVERSITY                        ,OH,45056-1831,Public       ,236,182,418,23168,4822,27990
00307800,WRIGHT STATE UNIVERSITY                 ,OH,45435-0002,Public       ,140,285,425,12911,9790,22701
00308300,UNIVERSITY OF MOUNT UNION               ,OH,44601-3993,Private      ,33,10,43,3182,345,3527
00308400,MUSKINGUM UNIVERSITY                    ,OH,43762-1199,Private      ,14,45,59,2093,669,2762
00308500,NOTRE DAME COLLEGE OF OHIO              ,OH,44121-4293,Private      ,19,63,82,2284,1502,3786
00308600,OBERLIN COLLEGE                         ,OH,44074-1090,Private      ,44,3,47,5202,227,5429
00308900,OHIO NORTHERN UNIVERSITY                ,OH,45810-1555,Private      ,28,5,33,3514,848,4362
00309000,OHIO STATE UNIVERSITY-ALL CAMPUSES      ,OH,43210-1358,Public       ,498,484,982,57173,23634,80807
00310000,OHIO UNIVERSITY                         ,OH,45701-2979,Public       ,240,504,744,24680,12940,37620
00310002,"OHIO UNIVERSITY, ZANESVILLE CAMPUS      ",OH,43701-0000,Public       ,18,40,58,1223,1316,2539
00310003,"OHIO UNIVERSITY, LANCASTER CAMPUS       ",OH,43130-0000,Public       ,19,56,75,1557,1684,3241
00310004,"OHIO UNIVERSITY, SOUTHERN CAMPUS        ",OH,45638-0000,Public       ,9,45,54,834,1632,2466
00310005,"OHIO UNIVERSITY, CHILLICOTHE CAMPUS     ",OH,45601-0000,Public       ,11,50,61,1206,1732,2938
00310006,"OHIO UNIVERSITY, EASTERN CAMPUS         ",OH,43950-0000,Public       ,5,17,22,452,393,845
00310008,OHIO UNIV COLL OF OSTEOPATHIC MED       ,OH,45701-0000,Public       ,1,5,6,22,783,805
00310900,OHIO WESLEYAN UNIVERSITY                ,OH,43015-2398,Private      ,23,8,31,2994,217,3211
00311000,OTTERBEIN UNIVERSITY                    ,OH,43081-2006,Private      ,39,38,77,3684,959,4643
00311300,PONTIFICAL COLLEGE JOSEPHINUM           ,OH,43235-1498,Private      ,0,2,2,43,26,69
00311400,FIRELANDS REGIONAL MEDICAL CENTER - SOUT,OH,44870-4788,Private      ,1,1,2,69,139,208
00311500,RABBINICAL COLLEGE OF TELSHE            ,OH,44092-2584,Private      ,2,2,4,26,22,48
00311600,UNIV OF RIO GRANDE                      ,OH,45674-3131,Private      ,22,84,106,1529,1720,3249
00311900,SINCLAIR COMMUNITY COLLEGE              ,OH,45402-1460,Public       ,178,863,1041,8342,14863,23205
00312100,TIFFIN UNIVERSITY                       ,OH,44883-2161,Private      ,29,108,137,2489,2771,5260
00312200,UNITED THEOLOGICAL SEMINARY             ,OH,45406-0000,Private      ,0,13,13,0,543,543
00312300,UNIVERSITY OF AKRON                     ,OH,44325-6211,Public       ,236,292,528,20984,11397,32381
00312500,UNIVERSITY OF CINCINNATI                ,OH,45221-0125,Public       ,360,826,1186,29650,21522,51172
00312504,UNIVERSITY OF CINCINNATI - MEDICINE     ,OH,45267-0553,Public       ,6,26,32,310,1567,1877
00312700,UNIVERSITY OF DAYTON                    ,OH,45469-1668,Private      ,91,101,192,13376,2951,16327
00313100,UNIVERSITY OF TOLEDO                    ,OH,43606-3390,Public       ,192,247,439,16707,9414,26121
00313300,URBANA UNIVERSITY                       ,OH,43078-2091,Private      ,8,25,33,720,651,1371
00313400,URSULINE COLLEGE                        ,OH,44124-4398,Private      ,12,48,60,717,1150,1867
00313500,WALSH UNIVERSITY                        ,OH,44720-3396,Private      ,19,41,60,2388,1297,3685
00314100,WILBERFORCE UNIVERSITY                  ,OH,45384-1001,Private      ,21,34,55,606,542,1148
00314200,WILMINGTON COLLEGE                      ,OH,45177-2499,Private      ,22,10,32,2026,434,2460
00314300,WITTENBERG UNIVERSITY                   ,OH,45501-2199,Private      ,33,13,46,3849,409,4258
00314400,XAVIER UNIVERSITY                       ,OH,45207-1035,Private      ,63,101,164,7597,2696,10293
00314500,YOUNGSTOWN STATE UNIVERSITY             ,OH,44555-0001,Public       ,122,120,242,9346,5895,15241
00398200,CLEVELAND INSTITUTE OF ART              ,OH,44106-4387,Private      ,12,10,22,1041,268,1309
00406000,WINEBRENNER THEOLOGICAL SEMINARY        ,OH,45840-0000,Private      ,0,2,2,1,63,64
00485200,CLARK STATE COMMUNITY COLLEGE           ,OH,45505-4795,Public       ,75,381,456,2013,5874,7887
00485300,BRADFORD SCHOOL                         ,OH,43219-0000,Proprietary  ,16,49,65,609,628,1237
00485500,DAVIS COLLEGE                           ,OH,43623-4307,Proprietary  ,2,33,35,94,523,617
00486100,UNIVERSITY OF NORTHWESTERN OHIO         ,OH,45805-1498,Private      ,109,81,190,4649,1762,6411
00486600,STAUTZENBERGER COLLEGE                  ,OH,43537-4007,Proprietary  ,40,132,172,503,1362,1865
00510200,SCH OF DIAGNOSTIC IMAGING-CLEVELAND     ,OH,44119-0000,Private      ,0,0,0,10,46,56
00531300,NORTH CENTRAL STATE COLLEGE             ,OH,44901-0000,Public       ,31,97,128,1195,2043,3238
00575300,OWENS STATE COMMUNITY COLLEGE           ,OH,43699-0000,Public       ,144,316,460,4652,7412,12064
00648700,AULTMAN COLLEGE OF NURSING AND HEALTH SC,OH,44710-1799,Private      ,1,10,11,183,491,674
00648900,CHRIST COLLEGE OF NURSING AND HEALTH SCI,OH,45219-2906,Private      ,6,18,24,447,912,1359
00649400,GOOD SAMARITAN COLG-NURSING/HEALTH      ,OH,45220-2489,Private      ,4,22,26,313,597,910
00650700,TRINIT HEALTH SYSTEM SCH OF NURSING     ,OH,43952-2667,Private      ,0,3,3,67,138,205
00680400,LAKELAND COMMUNITY COLLEGE              ,OH,44094-5198,Public       ,77,244,321,2759,5378,8137
00686700,COLUMBUS STATE COMMUNITY COLLEGE        ,OH,43215-1786,Public       ,338,1056,1394,13372,21164,34536
00703500,KETTERING COLLEGE OF MEDICAL ARTS       ,OH,45429-1299,Private      ,16,46,62,512,795,1307
00708500,MOUNT VERNON NAZARENE UNIVERSITY        ,OH,43050-9500,Private      ,8,91,99,1529,1076,2605
00708501,MOUNT VERNON NAZARENE UNIV - AGS        ,OH,43050-0000,Private      ,0,2,2,68,299,367
00727500,EASTERN GATEWAY COMMUNITY COLLEGE       ,OH,43952-3598,Public       ,60,356,416,1358,3252,4610
00732920,ITT TECHNICAL INSTITUTE                 ,OH,45414-3456,Proprietary  ,29,184,213,327,1585,1912
00732992,ITT TECHNICAL INSTITUTE                 ,OH,44509-4098,Proprietary  ,17,139,156,322,1407,1729
00747300,CHOFFIN CAREER & TECHNICAL CENTER       ,OH,44503-1628,Public       ,0,5,5,32,131,163
00759800,HOCKING TECHNICAL COLLEGE               ,OH,45764-9582,Public       ,45,83,128,2802,2260,5062
00812900,ADULT AND COMMUNITY EDUCATION @ HUDSON  ,OH,43211-2017,Public       ,0,27,27,45,460,505
00813200,TOLEDO SCHOOL OF PRACTICAL NURSING      ,OH,43613-5110,Public       ,3,31,34,103,464,567
00813300,ZANE STATE COLLEGE                      ,OH,43701-2626,Public       ,30,91,121,1093,1472,2565
00819400,AKRON SCHOOL OF PRACTICAL NRSG          ,OH,44311-0000,Public       ,1,16,17,162,279,441
00827800,TERRA COMMUNITY COLLEGE                 ,OH,43420-9670,Public       ,27,60,87,773,1530,2303
00867700,NORTHWEST STATE COMMUNITY COLLEGE       ,OH,43502-9542,Public       ,15,65,80,1022,1609,2631
00888600,PORTAGE LAKES CAREER CENTER             ,OH,44685-9554,Public       ,0,2,2,44,117,161
00915600,WAYNE COUNTY SCHOOLS CAREER CENTER      ,OH,44677-9672,Public       ,1,9,10,50,213,263
00941200,FORTIS COLLEGE                          ,OH,44221-2998,Proprietary  ,19,134,153,207,1279,1486
00953000,GERBER AKRON BEAUTY SCHOOL              ,OH,44313-6995,Proprietary  ,1,10,11,26,136,162
00953100,SPA SCHOOL (THE)                        ,OH,43214-1524,Proprietary  ,7,37,44,67,290,357
00966000,TIFFIN ACADEMY OF HAIR DESIGN           ,OH,44883-2833,Proprietary  ,2,2,4,35,45,80
00982805,EVEREST INSTITUTE - COLUMBUS            ,OH,43230-6653,Private      ,4,45,49,98,473,571
00994100,BELMONT TECHNICAL COLLEGE               ,OH,43950-9766,Public       ,18,65,83,622,990,1612
00994200,SHAWNEE STATE UNIVERSITY                ,OH,45662-4344,Public       ,34,45,79,4045,2084,6129
01001700,PAYNE THEOLOGICAL SEMINARY              ,OH,45384-0474,Private      ,0,8,8,1,201,202
01002700,JAMES A. RHODES STATE COLLEGE           ,OH,45804-3597,Public       ,28,98,126,1483,2036,3519
01016800,NATIONWIDE BEAUTY ACADEMY               ,OH,43228-1000,Proprietary  ,1,18,19,98,244,342
01028000,OHIO STATE BEAUTY ACADEMY               ,OH,45801-0000,Proprietary  ,3,16,19,117,155,272
01032300,HANNAH E MULLINS SCH-PRAC NRSG          ,OH,44460-2906,Public       ,1,5,6,21,70,91
01034500,CINCINNATI STATE TECH & COMM CLG        ,OH,45223-2690,Public       ,133,563,696,4528,10309,14837
01045300,WASHINGTON STATE CMTY COLLEGE           ,OH,45750-9225,Public       ,14,56,70,742,1045,1787
01063000,NORTHERN INSTITUTE OF COSMETOLOGY       ,OH,44052-1803,Proprietary  ,0,13,13,21,92,113
01073600,MARION TECHNICAL COLLEGE                ,OH,43302-5694,Public       ,9,36,45,757,1649,2406
01088000,CHATFIELD COLLEGE                       ,OH,45118-9705,Private      ,6,33,39,111,401,512
01088100,STARK STATE COLLEGE                     ,OH,44720-7299,Public       ,103,331,434,3810,9203,13013
01090600,CINCINNATI CLG OF MORTUARY SCIENCE      ,OH,45224-1428,Private      ,1,5,6,86,198,284
01092300,UNION INSTITUTE & UNIVERSITY            ,OH,45206-1925,Private      ,0,132,132,46,1893,1939
01099300,HOBART INSTITUTE OF WELDING TECHNOLOGY  ,OH,45373-2400,Private      ,17,33,50,455,320,775
01104600,CENTRAL OHIO TECHNICAL COLLEGE          ,OH,43055-1767,Public       ,29,137,166,1586,3877,5463
01170300,PENTA COUNTY JOINT VOCATIONAL SCH       ,OH,43551-0000,Public       ,0,22,22,32,138,170
01174400,NATIONAL BEAUTY COLLEGE                 ,OH,44720-0000,Proprietary  ,1,13,14,38,134,172
01174500,OHIO TECHNICAL COLLEGE                  ,OH,44103-1228,Proprietary  ,44,79,123,1399,1111,2510
01216600,CAROUSEL BEAUTY COLLEGE                 ,OH,45402-8935,Proprietary  ,5,30,35,97,237,334
01216601,CAROUSEL BEAUTY COLLEGE - SPRINGFIELD CA,OH,45504-4047,Proprietary  ,0,1,1,0,1,1
01216603,CAROUSEL BEAUTY COLLEGE - OF MIAMI VALLE,OH,45424-2063,Proprietary  ,0,2,2,5,23,28
01224800,CENTRAL SCHOOL OF PRACTICAL NURSING     ,OH,44131-2155,Private      ,1,44,45,40,294,334
01267200,CAROUSEL BEAUTY COLLEGE                 ,OH,45044-5113,Proprietary  ,0,2,2,6,38,44
01275000,EDISON COMMUNITY COLLEGE                ,OH,45356-9239,Public       ,15,67,82,895,1984,2879
01283800,LAURA AND ALVIN SIEGAL COLLEGE OF JUDAIC,OH,44122-7197,Private      ,0,2,2,2,7,9
01284800,MOLER-HOLLYWOOD BEAUTY COLLEGE          ,OH,45202-2577,Proprietary  ,0,18,18,18,125,143
01287000,SOUTHERN STATE COMMUNITY COLLEGE        ,OH,45133-9406,Public       ,27,94,121,1042,1961,3003
01289100,ANTONELLI COLLEGE                       ,OH,45202-2592,Proprietary  ,7,47,54,110,553,663
01289600,VIRGINIA MARTI COLLEGE OF ART AND DESIGN,OH,44107-0778,Proprietary  ,3,4,7,99,181,280
01303922,SOUTH UNIVERSITY - CLEVELAND            ,OH,44128-5919,Proprietary  ,10,107,117,105,858,963
01313200,INTERNATIONAL CLG OF BROADCASTING       ,OH,45431-1898,Proprietary  ,6,17,23,70,183,253
02052000,KAPLAN COLLEGE                          ,OH,45439-1984,Proprietary  ,22,113,135,199,1429,1628
02054300,TRUMBULL BUSINESS COLLEGE               ,OH,44484-0000,Proprietary  ,0,27,27,33,309,342
02056800,DAYMAR COLLEGE                          ,OH,45601-1038,Proprietary  ,0,2,2,12,64,76
02056802,DAYMAR COLLEGE - LANCASTER              ,OH,43130-0000,Proprietary  ,4,25,29,30,194,224
02056803,DAYMAR COLLEGE - NEW BOSTON             ,OH,45662-4900,Proprietary  ,0,0,0,6,59,65
02056804,DAYMAR COLLEGE - JACKSON                ,OH,45640-1728,Proprietary  ,0,1,1,7,32,39
02066100,OHIO STATE COLLEGE/BARBER STYLING       ,OH,43213-0000,Proprietary  ,6,40,46,134,399,533
02073300,GALLIA-JACKSON-VINTON SCH ADULT ED      ,OH,45674-0000,Public       ,1,2,3,86,228,314
02110700,CLEVELAND INST OF DENTAL-MED ASST       ,OH,44115-2285,Proprietary  ,27,64,91,160,611,771
02116009,SANFORD-BROWN COLLEGE - MIDDLEBURG HEIGH,OH,44130-8362,Proprietary  ,0,0,0,1,14,15
02116900,UPPER VALLEY JVS                        ,OH,45356-0000,Public       ,0,16,16,49,244,293
02117300,GREAT OAKS INSTITUTE OF TECHNOLOGY      ,OH,45241-1581,Public       ,7,37,44,191,744,935
02128600,THE ART INSTITUTE OF CINCINNATI         ,OH,45246-0000,Proprietary  ,3,8,11,326,253,579
02140700,CANTON CITY SCHOOLS ADULT CAREER & TECH ,OH,44702-1710,Public       ,2,8,10,34,247,281
02158417,"HARRISON COLLEGE - COLUMBUS, OH         ",OH,43123-0000,Proprietary  ,9,59,68,103,586,689
02158500,OHIO BUSINESS COLLEGE                   ,OH,44035-0701,Proprietary  ,9,46,55,113,547,660
02158501,OHIO BUSINESS COLLEGE                   ,OH,44870-9953,Proprietary  ,14,45,59,80,412,492
02158503,OHIO BUSINESS COLLEGE - COLUMBUS        ,OH,43229-3523,Proprietary  ,13,34,47,154,535,689
02158504,OHIO BUSINESS COLLEGE - DAYTON          ,OH,45417-4094,Proprietary  ,0,0,0,20,82,102
02168100,TRI-COUNTY JOINT VOCATIONAL SCHOOL      ,OH,45764-0000,Public       ,2,8,10,41,157,198
02187900,ASHTABULA COUNTY TECHNICAL AND CAREER CA,OH,44047-0000,Public       ,2,10,12,34,182,216
02189000,MID-EAST CAREER & TECH CENTERS-ADULT ED ,OH,43701-4600,Public       ,4,17,21,146,391,537
02190700,FORTIS COLLEGE                          ,OH,45459-0000,Proprietary  ,32,207,239,270,2286,2556
02192100,BUTLER TECHNOLOGY AND CAREER DEVELOPMENT,OH,45011-0000,Public       ,14,53,67,198,611,809
02196300,COLLINS CAREER CENTER                   ,OH,45619-0000,Public       ,3,29,32,200,704,904
02210800,MEDINA COUNTY CAREER CENTER             ,OH,44256-0000,Public       ,0,5,5,28,103,131
02220500,GOD'S BIBLE SCHOOL & COLLEGE            ,OH,45210-0000,Private      ,4,6,10,178,120,298
02220800,CAREER & TECHNOLOGY EDUCATION CENTERS OF,OH,43055-0000,Public       ,20,27,47,157,362,519
02239800,PIONEER CAREER & TECHNOLOGY CENTER      ,OH,44875-9704,Public       ,0,1,1,8,33,41
02245600,WARREN COUNTY CAREER CENTER             ,OH,45036-0000,Public       ,6,16,22,85,269,354
02246300,INSTITUTE OF MEDICAL-DENTAL TECH        ,OH,45246-3317,Proprietary  ,43,169,212,252,971,1223
02263700,MIAMI VALLEY CAREER TECHNOLOGY CTR      ,OH,45315-0000,Public       ,7,57,64,121,500,621
02269400,EASTERN HILLS ACAD OF HAIR DESIGN       ,OH,45255-0000,Proprietary  ,0,0,0,4,14,18
02269500,WESTERN HILLS SCHOOL OF BEAUTY & HAIR DE,OH,45211-0000,Proprietary  ,4,42,46,58,302,360
02272700,COLUMBIANA COUNTY CAREER CENTER         ,OH,44432-0000,Public       ,1,16,17,55,226,281
02287900,RAPHAEL'S SCHOOL OF BEAUTY CULTURE      ,OH,44446-0000,Proprietary  ,15,51,66,85,252,337
02301400,OHIO VALLEY COLLEGE OF TECHNOLOGY       ,OH,43920-9139,Proprietary  ,6,24,30,99,242,341
02304700,TRI-RIVERS CAREER CENTER                ,OH,43302-0000,Public       ,1,15,16,52,293,345
02311200,AMERICAN SCHOOL OF TECHNOLOGY           ,OH,43229-0000,Proprietary  ,2,37,39,96,500,596
02315500,TOLEDO ACADEMY OF BEAUTY CULTURE - EAST ,OH,43616-0000,Proprietary  ,2,12,14,25,134,159
02324400,ALLSTATE HAIRSTYLING & BARBER CLG       ,OH,44113-0000,Proprietary  ,4,13,17,80,323,403
02328500,MOLER-PICKENS BEAUTY COLLEGE            ,OH,45014-0000,Proprietary  ,4,14,18,10,68,78
02334300,EMPIRE BEAUTY SCHOOL                    ,OH,45239-3926,Proprietary  ,7,29,36,112,306,418
02336300,KNOX COUNTY CAREER CENTER               ,OH,43050-4298,Public       ,6,32,38,50,272,322
02336700,CUYAHOGA VALLEY CAREER CENTER           ,OH,44141-1296,Public       ,3,7,10,52,222,274
02337700,PROFESSIONAL SKILLS INSTITUTE           ,OH,43607-0000,Proprietary  ,12,58,70,117,622,739
02351500,WILLOUGHBY EASTLAKE SCH OF PRAC NSG     ,OH,44094-0000,Public       ,0,4,4,29,228,257
02352800,POLARIS CAREER CENTER-ADULT ED DEPT     ,OH,44130-0000,Public       ,9,27,36,114,400,514
02354200,SCIOTO COUNTY JOINT VOCATIONAL SCH      ,OH,45648-0000,Public       ,5,15,20,103,290,393
02359803,ITT TECHNICAL INSTITUTE -               ,OH,45212-2273,Proprietary  ,0,0,0,0,1,1
02454400,NORTHEAST OHIO MEDICAL UNIVERSITY       ,OH,44272-9621,Public       ,3,2,5,142,955,1097
02497800,GREENE COUNTY CAREER CENTER             ,OH,45385-0000,Public       ,1,5,6,26,67,93
02519300,OHIO STATE SCH COSMETOLOGY              ,OH,43110-2754,Proprietary  ,4,23,27,115,226,341
02522700,EASTLAND-FAIRFIELD CAREER AND TECHNICAL ,OH,43125-0000,Public       ,2,25,27,58,255,313
02528300,TDDS TECHNICAL INSTITUTE                ,OH,44429-0000,Proprietary  ,15,114,129,82,583,665
02529500,HAMRICK SCHOOL                          ,OH,44256-0000,Proprietary  ,5,46,51,29,303,332
02533603,ROSS MEDICAL EDUCATION CENTER -         ,OH,44446-4810,Proprietary  ,0,0,0,0,1,1
02545800,INNER STATE BEAUTY SCHOOLS              ,OH,44124-0000,Proprietary  ,10,28,38,56,233,289
02553000,SCHOOL OF ADVERTISING ART               ,OH,45440-0000,Proprietary  ,3,2,5,305,44,349
02560000,CASAL AVEDA INSTITUTE                   ,OH,44515-0000,Proprietary  ,9,21,30,129,190,319
02560700,PICKAWAY ROSS CO JOINT VOC TECH SCH     ,OH,45601-0000,Public       ,2,16,18,83,388,471
02562300,APOLLO CAREER CENTER-ADULT EDUC         ,OH,45806-0000,Public       ,4,33,37,82,435,517
02563000,RAPHAELS SCHOOL OF BEAUTY CULTURE       ,OH,44601-2847,Proprietary  ,6,30,36,62,182,244
02568600,MAHONING COUNTY CAREER & TECH CENTR     ,OH,44406-0000,Public       ,2,7,9,41,120,161
02582900,KAPLAN CAREER INSTITUTE                 ,OH,44129-6810,Proprietary  ,0,0,0,6,61,67
02586400,TRUMBULL CAREER & TECH CENTER-ADULT     ,OH,44483-1997,Public       ,3,9,12,40,198,238
02588500,OHIO STATE SCHOOL OF COSMETOLOGY        ,OH,43081-0000,Proprietary  ,7,14,21,114,184,298
02599711,VATTEROTT COLLEGE - CLEVELAND           ,OH,44147-3502,Proprietary  ,7,73,80,65,437,502
02603800,LORAIN COUNTY JVS ADULT CAREER CTR      ,OH,44074-9799,Public       ,0,16,16,59,246,305
02611007,HERITAGE COLLEGE - COLUMBUS             ,OH,43213-4440,Proprietary  ,17,90,107,229,896,1125
02620000,SANDUSKY CAREER CENTER                  ,OH,44870-4786,Public       ,0,3,3,24,145,169
03007900,GALLIPOLIS CAREER COLLEGE               ,OH,45631-2600,Proprietary  ,4,8,12,24,150,174
03015100,ALLIANCE HIGH SCH-CMTY SERVICES DIV     ,OH,44601-2899,Public       ,2,11,13,19,106,125
03015300,EHOVE CAREER CENTER                     ,OH,44846-9500,Public       ,5,17,22,90,354,444
03023700,MADISON ADULT CAREER CENTER             ,OH,44905-2718,Public       ,1,13,14,47,213,260
03024300,VALLEY BEAUTY SCHOOL                    ,OH,43725-2332,Proprietary  ,0,0,0,7,10,17
03026511,REMINGTON COLLEGE - CLEVELAND           ,OH,44125-1957,Private      ,5,35,40,138,607,745
03027100,FAIRVIEW ACADEMY                        ,OH,44126-2214,Proprietary  ,0,3,3,13,55,68
03034200,WASHINGTON COUNTY CAREER CENTER ADULT TE,OH,45750-9290,Public       ,9,29,38,106,403,509
03035801,HERITAGE INSTITUTE - HERITAGE COLLEGE/CL,OH,44130-3304,Proprietary  ,13,55,68,87,360,447
03051400,AUBURN CAREER CENTER                    ,OH,44077-9723,Public       ,6,21,27,56,217,273
03051500,US GRANT JOINT VOCATIONAL SCHOOL        ,OH,45106-9502,Public       ,1,1,2,11,39,50
03065900,BUCKEYE CAREER CENTER                   ,OH,44663-9437,Public       ,1,7,8,63,171,234
03067600,RAPHAEL'S SCHOOL OF BEAUTY CULTURE      ,OH,44512-2222,Proprietary  ,9,18,27,64,137,201
03068200,OHIO CENTER FOR BROADCASTING            ,OH,44125-6273,Proprietary  ,10,41,51,68,223,291
03068202,OHIO CENTER FOR BROADCASTING - COLUMBUS ,OH,43213-2571,Proprietary  ,7,41,48,73,295,368
03071900,MOUNT CARMEL COLLEGE OF NURSING         ,OH,43222-1598,Private      ,6,39,45,801,995,1796
03078000,OHIO CENTER FOR BROADCASTING            ,OH,45227-1509,Proprietary  ,5,30,35,45,195,240
03079000,ETI TECHNICAL COLLEGE                   ,OH,44446-4398,Proprietary  ,8,32,40,73,322,395
03084800,DELAWARE AREA CAREER CENTER             ,OH,43015-8969,Public       ,1,3,4,14,44,58
03084801,DELAWARE AREA CAREER CENTER -           ,OH,43015-9001,Public       ,1,3,4,8,26,34
03095600,VANTAGE CAREER CENTER                   ,OH,45891-1378,Public       ,0,7,7,15,94,109
03097000,MERCY COLLEGE OF OHIO                   ,OH,43604-1132,Private      ,9,49,58,635,1552,2187
03100100,PARAMOUNT BEAUTY ACADEMY                ,OH,45662-4136,Proprietary  ,1,17,18,31,136,167
03116200,DAYTON BARBER COLLEGE                   ,OH,45342-4196,Proprietary  ,2,15,17,14,113,127
03116300,OHIO COLLEGE OF MASSOTHERAPY            ,OH,44321-1363,Private      ,1,15,16,25,116,141
03116400,VANGUARD-SENTINELL VOC SCH DISTRICT     ,OH,43420-1197,Public       ,0,3,3,10,61,71
03117000,ASHLAND COUNTY-W HOLMES CAREER CTR      ,OH,44805-0000,Public       ,2,19,21,37,156,193
03319300,CREATIVE IMAGES-A CERTIFIED MATRIX      ,OH,45414-2557,Proprietary  ,8,34,42,123,295,418
03319301,CREATIVE IMAGES-A CERTIFIED MATRIX      ,OH,45459-0000,Proprietary  ,3,16,19,74,200,274
03425300,ROSEDALE BIBLE COLLEGE                  ,OH,43029-9517,Private      ,3,2,5,51,10,61
03457300,ALLEGHENY WESLEYAN COLLEGE              ,OH,44460-9598,Private      ,1,0,1,50,25,75
03468400,NATIONAL INSTITUTE OF MASSOTHERAPY      ,OH,44319-2100,Proprietary  ,0,8,8,11,91,102
03468500,ATS INSTITUTE OF TECHNOLOGY             ,OH,44143-2216,Proprietary  ,3,31,34,57,672,729
03475400,TRI-STATE BIBLE COLLEGE                 ,OH,45680-8402,Private      ,1,3,4,7,62,69
03534400,AMERICAN INST OF ALTERNATIVE MEDICI     ,OH,43229-1113,Proprietary  ,7,51,58,76,759,835
03583300,OHIO INSTITUTE OF ALLIED HEALTH         ,OH,45424-3646,Private      ,2,12,14,9,152,161
03626300,BROWN AVEDA INSTITUTE                   ,OH,44060-6212,Proprietary  ,16,34,50,224,385,609
03700300,REGENCY BEAUTY INSTITUTE - CLEVELAND    ,OH,44094-0000,Proprietary  ,7,34,41,148,438,586
03726300,TEMPLE BAPTIST COLLEGE                  ,OH,45240-0000,Private      ,0,0,0,1,8,9
03747300,BEXLEY HALL SEMINARY                    ,OH,43209-2325,Private      ,0,2,2,3,45,48
03776400,HEALING ARTS INSTITUTE                  ,OH,43551-3138,Proprietary  ,2,20,22,26,99,125
03837300,AVEDA FREDRIC'S INSTITUTE               ,OH,45208-1304,Proprietary  ,6,21,27,141,234,375
04051307,ART INSTITUTE OF PHOENIX (THE) - BROWN M,OH,45215-1107,Proprietary  ,7,49,56,163,857,1020
04051308,ART INSTITUTE OF PHOENIX (THE) - BROWN M,OH,44320-4420,Proprietary  ,3,20,23,122,449,571
04051317,ART INSTITUTE OF PHOENIX (THE) - BROWN M,OH,45840-6848,Proprietary  ,23,141,164,338,1593,1931
04051326,ART INSTITUTE OF PHOENIX (THE) - BROWN M,OH,44718-3674,Proprietary  ,0,7,7,95,468,563
04068300,FOUR COUNTY CAREER CENTER               ,OH,43512-9541,Public       ,1,5,6,7,51,58
04074300,HONDROS COLLEGE                         ,OH,43081-3855,Proprietary  ,36,311,347,539,4147,4686
04117300,DAYTON SCHOOL OF MEDICAL MASSAGE        ,OH,45429-1111,Proprietary  ,26,84,110,145,547,692
04118300,NORTHCOAST MEDICAL TRAINING ACADEMY     ,OH,44240-4174,Proprietary  ,8,28,36,82,234,316
04124500,TECHSKILLS                              ,OH,43231-0000,Proprietary  ,17,180,197,81,703,784
04126000,OHIO ACADEMY PAUL MITCHELL PARTNER SCHOO,OH,44087-3107,Proprietary  ,10,21,31,115,244,359
04137800,AVEDA INSTITUTE COLUMBUS                ,OH,43201-2333,Proprietary  ,42,85,127,397,601,998
04138000,INSTITUTE OF THERAPEUTIC MASSAGE        ,OH,45801-4565,Proprietary  ,0,2,2,8,26,34
04149100,PAUL MITCHELL THE SCHOOL CINCINNATI     ,OH,45241-1702,Proprietary  ,17,28,45,181,287,468
04149101,PAUL MITCHELL THE SCHOOL CINCINNATI - TO,OH,43560-2539,Proprietary  ,11,19,30,117,196,313
04151400,VANITY SCHOOL OF COSMETOLOGY            ,OH,44035-0000,Proprietary  ,5,8,13,29,81,110
04152100,TOLEDO RESTAURANT TRAINING CENTER       ,OH,43604-6508,Private      ,0,7,7,15,101,116
04152600,PIKE COUNTY CAREER TECHNOLOGY CENTER    ,OH,45661-9114,Public       ,0,2,2,3,28,31
04153300,OHIO ACADEMY COLUMBUS (THE)             ,OH,43231-6038,Proprietary  ,4,25,29,147,275,422
04166800,SALON PROFESSIONAL ACADEMY (THE)        ,OH,45551-0000,Proprietary  ,3,11,14,61,70,131
04167700,ARTISAN COLLEGE OF COSMETOLOGY (THE)    ,OH,45840-6848,Proprietary  ,0,6,6,16,52,68
04177300,OHIO MEDICAL CAREER COLLEGE             ,OH,45417-4094,Proprietary  ,2,66,68,110,673,783
04185900,ELITE SCHOOL OF COSMETOLOGY             ,OH,44857-2714,Proprietary  ,2,10,12,18,90,108
04189100,SALON INSTITUTE - TOLEDO CAMPUS         ,OH,43615-1731,Proprietary  ,9,9,18,83,115,198
04192200,ATHENA CAREER ACADEMY                   ,OH,43560-2796,Proprietary  ,5,41,46,52,452,504
04206700,ELITE WELDING ACADEMY                   ,OH,45246-1013,Proprietary  ,6,10,16,76,118,194
04215800,MAPLEWOOD AREA JOINT VOCATIONAL SCHOOL  ,OH,44266-9188,Public       ,1,0,1,2,7,9
04220900,NATIONAL PERSONAL TRAINING INSTITUTE OF ,OH,43235-5739,Proprietary  ,2,9,11,30,112,142
04224300,VALOR CHRISTIAN COLLEGE                 ,OH,43216-0800,Private      ,4,18,22,113,379,492
04225700,LABARBERIA INSTITUTE OF HAIR            ,OH,44106-1923,Proprietary  ,2,28,30,50,213,263
04235000,FELBRY SCHOOL OF NURSING                ,OH,43231-2256,Proprietary  ,1,34,35,10,147,157
04244300,ANTIOCH COLLEGE                         ,OH,45387-1683,Private      ,2,4,6,172,81,253
        ,INVALID SCHOOL CODE                     ,  ,00000-0000,,55,512,567,782,4742,5524
00134500,ADAMS STATE COLLEGE                     ,CO,81102-2373,Public       ,43,161,204,2674,2442,5116
00134600,ARAPAHOE COMMUNITY COLLEGE              ,CO,80160-9002,Public       ,101,365,466,3148,6146,9294
00134700,COLORADO COLLEGE                        ,CO,80903-3294,Private      ,33,46,79,3559,1075,4634
00134800,COLORADO SCHOOL OF MINES                ,CO,80401-1887,Public       ,61,38,99,6928,1406,8334
00134900,UNIVERSITY OF NORTHERN COLORADO         ,CO,80639-0001,Public       ,111,222,333,10899,5264,16163
00135000,COLORADO STATE UNIVERSITY               ,CO,80523-0100,Public       ,381,406,787,26473,11217,37690
00135200,DENVER  SEMINARY                        ,CO,80120-2192,Private      ,0,21,21,10,722,732
00135300,FORT LEWIS COLLEGE                      ,CO,81301-3999,Public       ,69,39,108,4855,1673,6528
00135400,ILIFF SCHOOL OF THEOLOGY                ,CO,80210-0000,Private      ,0,6,6,8,356,364
00135500,LAMAR COMMUNITY COLLEGE                 ,CO,81052-3999,Public       ,6,37,43,439,327,766
00135800,COLORADO MESA UNIVERSITY                ,CO,81501-3122,Public       ,156,202,358,8283,4086,12369
00135900,COLORADO NORTHWESTERN COMMUNITY COLLEGE ,CO,81648-3598,Public       ,14,76,90,553,576,1129
00136000,METROPOLITAN STATE UNIVERSITY OF DENVER ,CO,80204-3362,Public       ,273,612,885,12377,16049,28426
00136100,NORTHEASTERN JUNIOR COLLEGE             ,CO,80751-2399,Public       ,28,65,93,1117,529,1646
00136200,OTERO JUNIOR COLLEGE                    ,CO,81050-3346,Public       ,22,54,76,659,756,1415
00136300,REGIS UNIVERSITY                        ,CO,80221-1099,Private      ,44,371,415,3937,7868,11805
00136500,COLORADO STATE UNIVERSITY-PUEBLO        ,CO,81001-4901,Public       ,96,154,250,6226,3095,9321
00136800,TRINIDAD STATE JR COLLEGE               ,CO,81082-2396,Public       ,26,79,105,757,1050,1807
00137000,UNIVERSITY OF COLORADO-BOULDER          ,CO,80309-0077,Public       ,431,289,720,29758,9701,39459
00137100,UNIVERSITY OF DENVER                    ,CO,80208-2000,Private      ,127,331,458,10775,9889,20664
00137200,WESTERN STATE COLORADO UNIVERSITY       ,CO,81231-0000,Public       ,26,34,60,2579,757,3336
00405702,NATIONAL AMERICAN UNIVERSITY - COLORADO ,CO,80920-4001,Proprietary  ,6,41,47,51,411,462
00405703,NATIONAL AMERICAN UNIVERSITY            ,CO,80222-0000,Proprietary  ,0,5,5,20,225,245
00450300,EVEREST COLLEGE                         ,CO,80916-3548,Private      ,7,54,61,104,787,891
00450600,COLORADO MOUNTAIN COLLEGE               ,CO,81602-0000,Public       ,50,107,157,1940,2174,4114
00450700,EVEREST COLLEGE                         ,CO,80229-4339,Private      ,6,34,40,114,393,507
00450701,"EVEREST COLLEGE- EVEREST COLLEGE, AURORA",CO,80012-5692,Private      ,1,10,11,104,384,488
00450800,UNIVERSITY OF COLORADO DENVER           ,CO,80204-2029,Public       ,222,608,830,11290,16372,27662
00450900,UNIV OF COLORADO AT COLO SPRINGS        ,CO,80918-3735,Public       ,179,330,509,10459,7535,17994
00559600,EMILY GRIFFITH OPPORTUNITY SCH          ,CO,80204-0000,Public       ,41,213,254,695,1978,2673
00729700,REDSTONE COLLEGE                        ,CO,80020-9988,Proprietary  ,11,50,61,175,587,762
00732912,ITT TECHNICAL INSTITUTE                 ,CO,80229-5338,Proprietary  ,19,159,178,192,1104,1296
00754800,WESTWOOD COLLEGE - DENVER NORTH         ,CO,80221-3653,Proprietary  ,5,21,26,176,801,977
00754801,WESTWOOD COLLEGE - DENVER SOUTH         ,CO,80227-3653,Proprietary  ,1,6,7,102,515,617
00758200,AIMS COMMUNITY COLLEGE                  ,CO,80632-0000,Public       ,69,240,309,2211,3601,5812
00764900,ROCKY MOUNTAIN COLG OF ART & DESIGN     ,CO,80214-0000,Proprietary  ,37,67,104,906,1430,2336
00793300,FRONT RANGE COMMUNITY COLLEGE           ,CO,80031-2199,Public       ,325,770,1095,7486,12636,20122
00793806,LINCOLN COLLEGE OF TECHNOLOGY - DENVER  ,CO,80239-3006,Proprietary  ,123,131,254,1138,1093,2231
00863500,INTELLITEC MEDICAL INSTITUTE            ,CO,80909-0000,Proprietary  ,9,42,51,107,550,657
00887100,CONCORDE CAREER INSTITUTE               ,CO,80203-0000,Proprietary  ,61,177,238,522,1640,2162
00889600,PIKES PEAK COMMUNITY COLLEGE            ,CO,80906-5498,Public       ,240,1052,1292,5089,12933,18022
00940100,COLORADO CHRISTIAN UNIVERSITY           ,CO,80226-7449,Private      ,40,606,646,2239,6194,8433
00954200,COMMUNITY COLLEGE OF DENVER             ,CO,80217-2026,Public       ,176,503,679,6074,9913,15987
00954300,RED ROCKS COMMUNITY COLLEGE             ,CO,80228-1255,Public       ,118,396,514,3214,5999,9213
00998100,MORGAN COMMUNITY COLLEGE                ,CO,80701-4399,Public       ,38,87,125,405,795,1200
01014800,COLORADO TECHNICAL UNIVERSITY           ,CO,80907-3896,Proprietary  ,26,405,431,481,5173,5654
01014802,COLORADO TECHNICAL UNIV - DENVER        ,CO,80111-3201,Proprietary  ,5,96,101,127,1224,1351
01014805,COLORADO TECH UNIV - ON LINE            ,CO,80907-0000,Proprietary  ,320,4860,5180,2268,45282,47550
01014812,COLORADO TECHNICAL UNIVERSITY - WESTMINS,CO,80021-3498,Proprietary  ,0,0,0,42,386,428
01157200,COLORADO SCHOOL OF TRADES               ,CO,80215-2996,Proprietary  ,4,25,29,81,337,418
01267000,BEL-REA INST OF ANIMAL TECH             ,CO,80247-3048,Proprietary  ,20,28,48,374,582,956
01285000,INTERNATIONAL SALON AND SPA ACADEMY     ,CO,80918-3684,Proprietary  ,14,53,67,97,355,452
01287500,PICKENS TECHNICAL COLLEGE               ,CO,80011-9307,Public       ,7,28,35,417,888,1305
01300700,NAZARENE BIBLE COLLEGE                  ,CO,80910-3704,Private      ,2,48,50,66,589,655
02078900,ART INSTITUTE OF COLORADO (THE)         ,CO,80203-2983,Proprietary  ,39,119,158,1409,1678,3087
02116300,PUEBLO COMMUNITY COLLEGE                ,CO,81004-0000,Public       ,90,324,414,2147,5636,7783
02117500,NAROPA UNIVERSITY                       ,CO,80302-0000,Private      ,10,27,37,450,1192,1642
02156200,DELTA - MONTROSE TECHNICAL COLLEGE      ,CO,81416-0000,Public       ,1,12,13,73,233,306
02165200,SALON PROFESSIONAL ACADEMY (THE)        ,CO,81504-5309,Proprietary  ,3,8,11,71,107,178
02188700,DENVER ACAD OF COURT REPORTING          ,CO,80030-0000,Proprietary  ,0,0,0,0,14,14
02211901,CHEEKS INTERNATIONAL ACADEMY OF BEAUTY C,CO,80525-3053,Proprietary  ,2,2,4,23,59,82
02211902,CHEEKS INTERNATIONAL ACDMY BTY CULT     ,CO,80631-0000,Proprietary  ,0,1,1,21,35,56
02253700,INTELLITEC COLLEGE                      ,CO,80909-0000,Proprietary  ,28,149,177,204,1162,1366
02267500,GLENWOOD BEAUTY ACADEMY                 ,CO,81601-0000,Proprietary  ,2,9,11,15,52,67
02276900,COMMUNITY COLLEGE OF AURORA             ,CO,80011-9036,Public       ,106,374,480,2973,6391,9364
02518500,HAIR DYNAMICS EDUCATION CENTER          ,CO,80525-0000,Proprietary  ,8,19,27,84,173,257
02594300,COLLEGE AMERICA - DENVER                ,CO,80222-3380,Proprietary  ,23,181,204,282,1737,2019
02611000,HERITAGE COLLEGE                        ,CO,80212-7413,Proprietary  ,20,75,95,171,614,785
03006300,INST OF BUSINESS & MEDICAL CAREERS      ,CO,80525-3044,Proprietary  ,37,145,182,411,1471,1882
03010622,VIRGINIA COLLEGE - ECOTECH INSTITUTE - A,CO,80012-4627,Proprietary  ,6,20,26,68,266,334
03014900,PLATT COLLEGE                           ,CO,80014-3141,Proprietary  ,5,15,20,65,324,389
03027400,XENON INTERNATIONAL ACADEMY III         ,CO,80014-1193,Proprietary  ,1,9,10,35,101,136
03030606,UTAH COLLEGE OF MASSAGE THERAPY - DENVER,CO,80031-2921,Proprietary  ,12,26,38,71,139,210
03030607,UTAH COLLEGE OF MASSAGE THERAPY - DENVER,CO,80012-2523,Proprietary  ,13,30,43,99,204,303
03066900,INTELLITEC COLLEGE                      ,CO,81506-3994,Proprietary  ,30,181,211,239,920,1159
03068201,OHIO CENTER FOR BROADCASTING - COLORADO ,CO,80214-4129,Proprietary  ,5,23,28,50,171,221
03289300,COLORADO HEIGHTS UNIVERSITY             ,CO,80236-2711,Private      ,10,31,41,167,342,509
03306300,MONTESSORI EDUC CRT OF THE ROCKIES      ,CO,80301-2587,Private      ,1,6,7,8,55,63
03534300,JONES INTERNATIONAL UNIVERSITY          ,CO,80112-3446,Proprietary  ,0,5,5,16,564,580
03545300,UNIVERSITY OF THE ROCKIES               ,CO,80903-3612,Proprietary  ,3,293,296,103,2472,2575
03584400,COLORADO SCHOOL OF HEALING ARTS         ,CO,80226-4332,Proprietary  ,5,22,27,66,258,324
03670300,TONI & GUY HAIRDRESSING ACADEMY         ,CO,80911-0000,Proprietary  ,7,21,28,95,231,326
03686300,COLORADO SCHOOL OF TRADITIONAL CHINESE M,CO,80206-2127,Proprietary  ,0,17,17,16,197,213
03776300,AUGUSTE ESCOFFIER SCHOOL OF CULINARY ART,CO,80305-5961,Proprietary  ,22,77,99,273,515,788
03976300,MASSAGE THERAPY INSTITUTE OF COLORADO   ,CO,80206-2127,Proprietary  ,3,25,28,65,239,304
04080300,ASPEN UNIVERSITY                        ,CO,80246-1930,Proprietary  ,9,129,138,147,1298,1445
04093300,ACADEMY OF NATURAL THERAPY              ,CO,80631-3425,Proprietary  ,3,16,19,52,146,198
04121200,INSTITUTE OF TAOIST EDUCATION AND ACUPUN,CO,80027-1028,Private      ,0,1,1,5,40,45
04125100,MONTESSORI CASA INTERNATIONAL           ,CO,80111-5263,Private      ,0,0,0,0,6,6
04127700,AMERICAN SENTINEL UNIVERSITY            ,CO,80014-6510,Proprietary  ,2,144,146,28,1599,1627
04139300,NATIONAL BEAUTY COLLEGE                 ,CO,80221-0000,Proprietary  ,5,9,14,38,138,176
04148300,DENVER SCHOOL OF NURSING                ,CO,80202-1213,Proprietary  ,8,62,70,391,1389,1780
04167100,AVEDA INSTITUTE DENVER                  ,CO,80202-0000,Proprietary  ,28,51,79,307,494,801
04170200,PAUL MITCHELL THE SCHOOL COLORADO SPRING,CO,80903-0000,Proprietary  ,7,44,51,148,469,617
04172500,ROLF INSTITUTE OF STRUCTURAL INTEGRATION,CO,80301-0000,Private      ,1,13,14,8,139,147
04173800,SALON PROFESSIONAL ACADEMY (THE)        ,CO,80918-2932,Proprietary  ,6,11,17,47,172,219
04177100,PIMA MEDICAL INSTITUTE-SOUTH DENVER     ,CO,80231-0000,Proprietary  ,60,124,184,415,957,1372
04179700,UNITED BEAUTY COLLEGE                   ,CO,80223-2936,Proprietary  ,1,12,13,44,160,204
04183700,HEALING ARTS INSTITUTE                  ,CO,80525-3479,Proprietary  ,5,19,24,44,144,188
04184900,COLLEGE OF INTERNATIONAL ESTHETICS      ,CO,80002-3754,Proprietary  ,7,39,46,51,212,263
04185000,COLORADO ACADEMY OF VETERINARY TECHNOLOG,CO,80906-4944,Proprietary  ,8,13,21,106,278,384
04185400,NATIONAL PERSONAL TRAINING INSTITUTE OF ,CO,80401-3304,Proprietary  ,0,22,22,26,113,139
04195300,LONGS PEAK ACADEMY                      ,CO,80501-6458,Proprietary  ,2,15,17,37,155,192
04202600,NEW DIMENSIONS BEAUTY ACADEMY           ,CO,80138-9801,Proprietary  ,2,4,6,24,89,113
04208700,COLORADO STATE UNIVERSITY - GLOBAL CAMPU,CO,80111-0000,Public       ,51,1125,1176,667,11426,12093
04218900,ROCKY VISTA UNIVERSITY COLLEGE OF OSTEOP,CO,80134-9498,Proprietary  ,1,4,5,3,636,639
04221400,PAUL MITCHELL THE SCHOOL DENVER         ,CO,80226-7395,Proprietary  ,9,24,33,158,230,388
00145928,STRAYER UNIVERSITY - NEWPORT NEWS       ,VA,23606-4237,Proprietary  ,0,1,1,0,1,1
00267811,BRYANT & STRATTON COLLEGE - VIRGINIA BEA,VA,23462-4417,Proprietary  ,14,67,81,232,1212,1444
00370200,AVERETT UNIVERSITY                      ,VA,24541-3692,Private      ,19,119,138,1647,1546,3193
00370300,BLUEFIELD COLLEGE                       ,VA,24605-1799,Private      ,16,42,58,987,818,1805
00370400,BRIDGEWATER COLLEGE                     ,VA,22812-1599,Private      ,38,10,48,3707,232,3939
00370500,COLLEGE OF WILLIAM & MARY               ,VA,23187-8795,Public       ,100,60,160,11485,4029,15514
00370600,CHRISTOPHER NEWPORT UNIVERSITY          ,VA,23606-3072,Public       ,71,47,118,8279,1299,9578
00370700,RICHARD BLAND COLLEGE                   ,VA,23805-7100,Public       ,26,23,49,1575,761,2336
00370800,EASTERN MENNONITE UNIVERSITY            ,VA,22802-2462,Private      ,10,35,45,1386,665,2051
00370900,EMORY & HENRY COLLEGE                   ,VA,24327-0010,Private      ,12,7,19,1614,231,1845
00371100,FERRUM COLLEGE                          ,VA,24088-2612,Private      ,35,9,44,2667,314,2981
00371200,TIDEWATER COMMUNITY COLLEGE             ,VA,23510-1910,Public       ,310,1504,1814,11219,25655,36874
00371300,HAMPDEN-SYDNEY COLLEGE                  ,VA,23943-0128,Private      ,14,3,17,1874,84,1958
00371400,HAMPTON UNIVERSITY                      ,VA,23668-0099,Private      ,192,93,285,9268,3309,12577
00371500,HOLLINS UNIVERSITY                      ,VA,24020-0000,Private      ,21,20,41,1357,594,1951
00371900,LONGWOOD UNIVERSITY                     ,VA,23909-1899,Public       ,50,34,84,6082,1056,7138
00372000,LYNCHBURG COLLEGE                       ,VA,24501-3199,Private      ,28,46,74,3492,1252,4744
00372100,JAMES MADISON UNIVERSITY                ,VA,22807-3780,Public       ,272,83,355,25299,3343,28642
00372300,MARY BALDWIN COLLEGE                    ,VA,24401-3610,Private      ,17,73,90,1599,1375,2974
00372400,MARYMOUNT UNIVERSITY                    ,VA,22207-4224,Private      ,52,67,119,2774,2336,5110
00372600,AMERICAN NATIONAL UNIVERSITY            ,VA,24153-4524,Proprietary  ,55,422,477,440,3777,4217
00372700,NORTHERN VA CMTY CLG                    ,VA,22003-3743,Public       ,502,1399,1901,19205,23374,42579
00372800,OLD DOMINION UNIVERSITY                 ,VA,23529-0052,Public       ,281,544,825,20151,16484,36635
00373200,RADFORD UNIVERSITY                      ,VA,24142-6905,Public       ,137,76,213,11608,2861,14469
00373300,RANDOLPH-MACON COLLEGE                  ,VA,23005-5505,Private      ,25,4,29,2717,169,2886
00373400,RANDOLPH COLLEGE                        ,VA,24503-1526,Private      ,9,5,14,1165,236,1401
00373500,VIRGINIA COMMONWEALTH UNIVERSITY        ,VA,23284-9004,Public       ,412,365,777,26853,14657,41510
00373600,ROANOKE COLLEGE                         ,VA,24153-3794,Private      ,27,7,34,3461,288,3749
00373700,SHENANDOAH UNIVERSITY                   ,VA,22601-5195,Private      ,39,55,94,3285,2448,5733
00373800,SOUTHERN VIRGINIA UNIVERSITY            ,VA,24416-3038,Private      ,21,9,30,1223,371,1594
00374200,SWEET BRIAR COLLEGE                     ,VA,24595-9998,Private      ,4,4,8,715,73,788
00374300,UNION PRESBYTERIAN SEMINARY             ,VA,23227-0000,Private      ,0,8,8,2,93,95
00374400,UNIVERSITY OF RICHMOND                  ,VA,23173-0001,Private      ,52,53,105,6937,2593,9530
00374500,UNIVERSITY OF VIRGINIA - SFS            ,VA,22903-0000,Public       ,218,121,339,22397,8105,30502
00374600,UNIVERSITY OF MARY WASHINGTON           ,VA,22401-5358,Public       ,64,56,120,6011,1510,7521
00374700,UNIV OF VIRGINIA'S COLLEGE AT WISE      ,VA,24293-4412,Public       ,28,30,58,1840,617,2457
00374800,EASTERN SHORE COMMUNITY COLLEGE         ,VA,23410-3001,Public       ,5,25,30,336,523,859
00374900,GEORGE MASON UNIVERSITY                 ,VA,22030-4444,Public       ,365,473,838,25911,15744,41655
00375100,PATRICK HENRY COMMUNITY COLLEGE         ,VA,24112-5311,Public       ,26,86,112,1202,1834,3036
00375200,VIRGINIA INTERMONT COLLEGE              ,VA,24201-4298,Private      ,0,1,1,2,2,4
00375300,VIRGINIA MILITARY INSTITUTE             ,VA,24450-2138,Public       ,18,5,23,2183,110,2293
00375400,VIRGINIA POLYTECH INST & STATE UNIV     ,VA,24061-2000,Public       ,289,137,426,28794,5087,33881
00375800,DANVILLE COMMUNITY COLLEGE              ,VA,24541-4004,Public       ,44,142,186,1465,2293,3758
00375900,J. SARGEANT REYNOLDS COMMUNITY CLG      ,VA,23285-0000,Public       ,120,468,588,5234,11631,16865
00376000,VIRGINIA WESTERN CMTY COLLEGE           ,VA,24038-0000,Public       ,49,162,211,3342,4289,7631
00376100,WYTHEVILLE COMMUNITY COLLEGE            ,VA,24382-3308,Public       ,48,88,136,1278,1631,2909
00376200,VIRGINIA UNIVERSITY OF LYNCHBURG        ,VA,24501-6400,Private      ,40,22,62,490,544,1034
00376400,VIRGINIA STATE UNIVERSITY               ,VA,23806-0001,Public       ,124,96,220,8952,3354,12306
00376500,NORFOLK STATE UNIVERSITY                ,VA,23504-8000,Public       ,132,185,317,6259,6215,12474
00376600,VIRGINIA UNION UNIVERSITY               ,VA,23220-1711,Private      ,97,61,158,3971,1758,5729
00376700,VIRGINIA WESLEYAN COLLEGE               ,VA,23502-5599,Private      ,25,28,53,2285,827,3112
00376800,WASHINGTON & LEE UNIVERSITY             ,VA,24450-0303,Private      ,22,3,25,3060,884,3944
00400400,JOHN TYLER COMMUNITY COLLEGE            ,VA,23831-5316,Public       ,105,312,417,4382,6497,10879
00450301,EVEREST COLLEGE -  MCLEAN               ,VA,22182-2214,Private      ,0,0,0,12,63,75
00498800,CENTRAL VIRGINIA COMMUNITY COLLEGE      ,VA,24502-2498,Public       ,42,131,173,1847,2508,4355
00499200,MILLER-MOTTE TECHNICAL COLLEGE          ,VA,24505-0000,Proprietary  ,26,146,172,258,1084,1342
00499600,DABNEY S LANCASTER COMMUNITY CLG        ,VA,24422-1000,Public       ,9,16,25,524,525,1049
00522300,NEW RIVER COMMUNITY COLLEGE             ,VA,24084-1127,Public       ,41,96,137,1637,2149,3786
00662200,COLLEGE OF HEALTH SCIENCES - CHRV       ,VA,24031-0000,Private      ,6,21,27,650,1092,1742
00681900,BLUE RIDGE COMMUNITY COLLEGE            ,VA,24486-0080,Public       ,59,158,217,2185,2590,4775
00687100,THOMAS NELSON COMMUNITY COLLEGE         ,VA,23670-0000,Public       ,100,483,583,4181,9423,13604
00709900,VIRGINIA HIGHLANDS COMMUNITY CLG        ,VA,24210-4210,Public       ,26,74,100,1064,1521,2585
00726000,SOUTHWEST VIRGINIA COMMUNITY CLG        ,VA,24641-0000,Public       ,33,126,159,1208,1839,3047
00865900,LORD FAIRFAX COMMUNITY COLLEGE          ,VA,22645-0047,Public       ,73,185,258,2308,3052,5360
00866000,GERMANNA COMMUNITY COLLEGE              ,VA,22508-0339,Public       ,67,220,287,3161,4192,7353
00866100,SOUTHSIDE VIRGINIA CMTY CLG             ,VA,23821-2930,Public       ,64,185,249,1576,2743,4319
00915900,PAUL D CAMP COMMUNITY COLLEGE           ,VA,23851-0737,Public       ,22,92,114,477,1268,1745
00916000,RAPPAHANNOCK COMMUNITY COLLEGE          ,VA,23149-2616,Public       ,26,83,109,954,1508,2462
00926700,EVEREST COLLEGE                         ,VA,23606-4203,Private      ,5,44,49,72,591,663
00926701,EVEREST COLLEGE - CHESAPEAKE            ,VA,23320-2637,Private      ,11,89,100,114,799,913
00942000,SANFORD-BROWN COLLEGE                   ,VA,22102-4301,Proprietary  ,0,0,0,5,35,40
00953500,STAUNTON SCHOOL OF COSMETOLOGY          ,VA,24401-4323,Proprietary  ,2,4,6,25,60,85
00953700,VIRGINIA SCH OF HAIR DESIGN             ,VA,23669-0000,Proprietary  ,6,12,18,41,173,214
00962900,MOUNTAIN EMPIRE COMMUNITY COLLEGE       ,VA,24219-0700,Public       ,35,110,145,1040,1743,2783
00992800,PIEDMONT VIRGINIA COMMUNITY COLLEGE     ,VA,22902-7589,Public       ,44,136,180,1877,2934,4811
01004300,BON SECOURS MEMORIAL COLLEGE OF NURSING ,VA,23227-4612,Private      ,1,19,20,290,869,1159
01019800,ECPI UNIVERSITY                         ,VA,23462-6542,Proprietary  ,123,842,965,1112,7240,8352
01019802,ECPI UNIVERSITY - NEWPORT NEWS          ,VA,23606-4298,Proprietary  ,38,191,229,448,2220,2668
01019807,ECPI UNIVERSITY - MANASSAS              ,VA,20109-2665,Proprietary  ,27,66,93,284,904,1188
01019813,ECPI UNIVERSITY - CULINARY INSTITUTE OF ,VA,23513-2448,Proprietary  ,7,22,29,208,418,626
01019814,ECPI UNIVERSITY - VIRGINIA BEACH HEALTH ,VA,23462-6540,Proprietary  ,9,47,56,111,764,875
01019815,ECPI UNIVERSITY - RICHMOND SOUTH        ,VA,23236-3659,Proprietary  ,14,83,97,331,1087,1418
01019816,ECPI UNIVERSITY - INNSBROOK             ,VA,23060-3359,Proprietary  ,11,42,53,174,495,669
01019817,ECPI UNIVERSITY - RICHMOND WEST         ,VA,23294-3730,Proprietary  ,7,43,50,220,763,983
01033800,EASTERN VIRGINIA MEDICAL SCHOOL         ,VA,23501-1980,Public       ,1,25,26,80,1942,2022
01159600,SYLVAIN MELLOUL INTERNATIONAL HAIR ACADE,VA,24502-2652,Proprietary  ,4,12,16,75,145,220
01162601,WESTWOOD COLLEGE - SOUTH BAY - ARLINGTON,VA,22203-4167,Proprietary  ,0,8,8,142,498,640
01162602,WESTWOOD COLLEGE - SOUTH BAY - ANNANDALE,VA,22003-2602,Proprietary  ,0,3,3,84,404,488
01274400,SOUTHSIDE REGIONAL MED CTR PROF SCHOOLS ,VA,23803-5133,Proprietary  ,2,12,14,111,300,411
02053000,LIBERTY UNIVERSITY                      ,VA,24502-0000,Private      ,503,6752,7255,24414,94987,119401
02108800,WARDS CORNER BEAUTY ACADEMY             ,VA,23505-0000,Proprietary  ,4,31,35,50,262,312
02111600,DANVILLE REGIONAL MEDICAL CENTER SCHOOL ,VA,24541-0000,Proprietary  ,1,3,4,41,85,126
02128700,CENTRAL SCHOOL OF PRACTICAL NURSING     ,VA,23502-2230,Public       ,2,12,14,71,292,363
02140000,RIVERSIDE SCHOOL OF HEALTH CAREERS      ,VA,23608-3802,Private      ,2,21,23,156,700,856
02149901,PAUL MITCHELL THE SCHOOL-JACKSONVILLE - ,VA,22102-0000,Proprietary  ,10,28,38,98,216,314
02149902,PAUL MITCHELL THE SCHOOL-JACKSONVILLE - ,VA,22192-0000,Proprietary  ,7,29,36,111,208,319
02175800,LYNCHBURG GENERAL HOSP SCH OF NURSG     ,VA,24501-0000,Private      ,2,8,10,118,299,417
02197600,WOODROW WILSON REHABILITATION CTR       ,VA,22939-0000,Public       ,4,3,7,61,38,99
02242400,HENRICO CTY ST MARYS HOSP PRAC NRSG     ,VA,23075-0000,Public       ,0,2,2,8,67,75
02320900,TIDEWATER TECH                          ,VA,23502-1747,Proprietary  ,22,110,132,268,1086,1354
02334400,CENTURA COLLEGE                         ,VA,23452-0000,Proprietary  ,35,252,287,308,1821,2129
02342700,FORTIS COLLEGE                          ,VA,23502-4101,Proprietary  ,21,109,130,205,978,1183
02342701,FORTIS COLLEGE - RICHMOND CAMPUS        ,VA,23230-0000,Proprietary  ,14,85,99,231,997,1228
02358500,BON SECOURS SAINT MARY'S HOSPITAL SCHOOL,VA,23227-4612,Private      ,0,9,9,96,315,411
02538800,SUFFOLK BEAUTY ACADEMY                  ,VA,23434-0000,Proprietary  ,1,6,7,29,124,153
02541200,STRATFORD UNIVERSITY                    ,VA,22043-0000,Proprietary  ,22,307,329,677,3923,4600
02541201,STRATFORD UNIVERSITY-WOODBRIDGE         ,VA,22192-0000,Proprietary  ,0,0,0,54,246,300
02588900,MEDTECH INSTITUTE                       ,VA,22042-3013,Proprietary  ,70,187,257,431,1364,1795
02610100,WASHINGTON COUNTY ADULT SKILL CTR       ,VA,24210-2346,Public       ,2,3,5,38,124,162
02617508,EVEREST COLLEGE - WOODBRIDGE            ,VA,22192-6808,Private      ,12,73,85,186,712,898
03002400,GRAHAM WEBB INTERNATIONAL ACAD HAIR     ,VA,22209-2129,Proprietary  ,2,17,19,27,158,185
03010700,BAR PALMA BEAUTY CAREERS  ACADEMY       ,VA,24014-2255,Proprietary  ,5,19,24,49,148,197
03042800,"VIRGINIA BEACH CITY SCHOOLS, SCH.-PR.NSG",VA,23456-0038,Public       ,1,3,4,49,167,216
03091300,REGENT UNIVERSITY                       ,VA,23464-9800,Private      ,37,607,644,2059,9457,11516
03092700,SKYLINE COLLEGE                         ,VA,24012-1603,Proprietary  ,1,14,15,39,216,255
03096500,SPRINGFIELD BEAUTY ACADEMY              ,VA,22003-3016,Proprietary  ,0,16,16,7,75,82
03106500,SENTARA COLLEGE OF HEALTH SCIENCES      ,VA,23320-2843,Private      ,2,24,26,232,976,1208
03116900,BAPTIST THEOLOGICAL SEM.-RICHMOND       ,VA,23227-0000,Private      ,0,5,5,4,137,141
03126300,AVIATION INSTITUTE OF MAINTENANCE       ,VA,23320-5987,Proprietary  ,5,38,43,89,406,495
03126400,CENTURA COLLEGE                         ,VA,23235-5230,Proprietary  ,10,57,67,134,846,980
03127500,ADVANCED TECHNOLOGY INSTITUTE           ,VA,23462-2409,Proprietary  ,29,69,98,527,741,1268
03280400,VIRGINIA SCHOOL OF MASSAGE              ,VA,22903-0000,Proprietary  ,1,25,26,32,128,160
03409500,CHESTER CAREER COLLEGE                  ,VA,23836-2516,Proprietary  ,6,43,49,85,396,481
03455300,CRESCENT COSMETOLOGY UNIVERSITY         ,VA,23666-3115,Proprietary  ,0,4,4,13,45,58
03559300,APPALACHIAN SCHOOL OF LAW               ,VA,24614-0000,Private      ,0,2,2,12,246,258
03645400,RUDY & KELLY ACADEMY OF HAIR AND NA     ,VA,23464-6857,Proprietary  ,9,34,43,156,361,517
03654300,EASTERN VIRGINIA CAREER COLLEGE         ,VA,22408-8605,Proprietary  ,12,48,60,145,689,834
03709300,EDWARD VIA VIRGINIA CLG OSTEOPATHIC MED ,VA,24060-6360,Private      ,0,2,2,4,1064,1068
03862600,VIRGINIA BAPTIST COLLEGE                ,VA,22407-0000,Private      ,0,6,6,39,104,143
03872400,INSTITUTE FOR THE PSYCHOLOGICAL SCIENCES,VA,22202-3609,Private      ,0,15,15,15,192,207
03876300,CULPEPER COSMETOLOGY TRAINING CENTER    ,VA,22701-3155,Public       ,1,7,8,28,60,88
03883400,AVIATION INSTITUTE OF MAINTENANCE       ,VA,20110-4156,Proprietary  ,3,36,39,79,265,344
03966300,VIRGINIA BEACH THEOLOGICAL SEMINARY     ,VA,23464-6847,Private      ,0,3,3,5,53,58
04038400,AVI CAREER INSTITUTE                    ,VA,22066-1839,Proprietary  ,0,12,12,5,79,84
04110300,UNIVERSITY OF MANAGEMENT AND TECHNOLOGY ,VA,22209-1609,Proprietary  ,2,75,77,29,593,622
04124000,DOMINION SCHOOL OF HAIR DESIGN          ,VA,23062-2221,Proprietary  ,2,3,5,19,43,62
04127300,COLUMBIA COLLEGE                        ,VA,22031-4413,Proprietary  ,10,115,125,63,780,843
04137300,CAYCE/REILLY SCHOOL OF MASSOTHERAPY     ,VA,23451-2061,Private      ,2,11,13,13,111,124
04140000,GLOBAL HEALTH NURSE TRAINING SERVICES   ,VA,22314-4585,Proprietary  ,3,42,45,48,624,672
04144000,VIRGINIA INTERNATIONAL UNIVERSITY       ,VA,22030-0000,Private      ,2,7,9,4,22,26
04153800,BETHEL COLLEGE                          ,VA,23666-3122,Private      ,2,7,9,34,141,175
04156200,INSTITUTE OF ADVANCED MEDICAL ESTHETICS ,VA,23294-4701,Proprietary  ,4,12,16,24,108,132
04169400,NORTHERN VIRGINIA SCHOOL OF THERAPEUTIC ,VA,22046-4302,Proprietary  ,3,25,28,49,195,244
04171500,COSMOPOLITAN BEAUTY & TECH SCHOOL       ,VA,22003-3204,Proprietary  ,1,21,22,16,195,211
04179900,TOMORROW'S IMAGE BARBER ACADEMY OF VIRGI,VA,23602-5532,Proprietary  ,0,12,12,14,95,109
04180600,APPALACHIAN COLLEGE OF PHARMACY         ,VA,24631-9210,Private      ,0,4,4,21,271,292
04214700,LUCKES BEAUTY ACADEMY                   ,VA,23601-1303,Proprietary  ,1,7,8,24,104,128
04218600,VIRGINIA TECH CARILION SCHOOL OF MEDICIN,VA,24016-4950,Private      ,9,13,22,231,444,675
04219000,IGLOBAL UNIVERSITY                      ,VA,22003-2400,Proprietary  ,0,2,2,3,34,37
04220100,NATIONAL PERSONAL TRAINING INSTITUTE    ,VA,22182-2412,Proprietary  ,0,10,10,15,81,96
04220400,CHRYSM INSTITUTE OF ESTHETICS (THE)     ,VA,23462-3650,Proprietary  ,4,18,22,28,196,224
04221000,"STANDARD HEALTHCARE SERVICES, COLLEGE OF",VA,22046-4612,Proprietary  ,2,38,40,22,389,411
04235400,SAINT MICHAEL COLLEGE OF ALLIED HEALTH  ,VA,22309-2348,Proprietary  ,0,26,26,24,228,252
04238700,DERMAL SCIENCE INTERNATIONAL AESTHETICS ,VA,20190-5226,Proprietary  ,3,11,14,15,124,139
04241500,WAVE LEADERSHIP COLLEGE                 ,VA,23454-2140,Private      ,1,4,5,28,59,87
00107000,THUNDERBIRD SCHOOL OF GLOBAL MANAGEMENT ,AZ,85306-6000,Private      ,0,0,0,5,51,56
00107100,ARIZONA WESTERN COLLEGE                 ,AZ,85366-0000,Public       ,119,213,332,4816,4815,9631
00107200,COCHISE COLLEGE                         ,AZ,85607-6190,Public       ,39,194,233,1766,3089,4855
00107300,EASTERN ARIZONA COLLEGE                 ,AZ,85552-0769,Public       ,64,94,158,1677,1620,3297
00107400,GRAND CANYON UNIVERSITY                 ,AZ,85017-3030,Proprietary  ,504,9541,10045,22668,81788,104456
00107600,GLENDALE COMMUNITY COLLEGE              ,AZ,85302-3090,Public       ,251,640,891,11262,14241,25503
00107700,MESA COMMUNITY COLLEGE                  ,AZ,85202-4866,Public       ,279,763,1042,10738,16672,27410
00107800,PHOENIX COLLEGE                         ,AZ,85013-4234,Public       ,207,606,813,6869,13114,19983
00107900,YAVAPAI COLLEGE                         ,AZ,86301-3297,Public       ,60,221,281,2064,4221,6285
00108100,ARIZONA STATE UNIV (ALL CAMPUSES)       ,AZ,85287-0412,Public       ,1250,3077,4327,67194,62616,129810
00108200,NORTHERN ARIZONA UNIVERSITY             ,AZ,86011-0001,Public       ,738,695,1433,32607,16531,49138
00108300,UNIVERSITY OF ARIZONA                   ,AZ,85721-0066,Public       ,732,659,1391,38512,18295,56807
00165701,MIDWESTERN UNIVERSITY                   ,AZ,85308-0000,Private      ,7,59,66,222,4436,4658
00446700,TUCSON COLLEGE                          ,AZ,85711-3781,Proprietary  ,32,66,98,262,661,923
00711300,ARIZONA CHRISTIAN UNIVERSITY            ,AZ,85032-7097,Private      ,21,44,65,1355,710,2065
00726600,PIMA COUNTY COMMUNITY COLLEGE           ,AZ,85709-1110,Public       ,296,809,1105,10559,15546,26105
00728300,CENTRAL ARIZONA COLLEGE                 ,AZ,85228-0000,Public       ,77,205,282,3069,4385,7454
00732911,ITT TECHNICAL INSTITUTE                 ,AZ,85282-9272,Proprietary  ,46,295,341,495,2659,3154
00732990,ITT TECHNICAL INSTITUTE                 ,AZ,85704-5829,Proprietary  ,62,312,374,659,2778,3437
00822100,UNIVERSAL TECHNICAL INSTITUTE           ,AZ,85323-7946,Proprietary  ,764,999,1763,14379,11977,26356
00824600,DINÉ COLLEGE                            ,AZ,86556-0126,Public       ,30,85,115,685,1312,1997
00830300,GATEWAY COMMUNITY COLLEGE               ,AZ,85034-1795,Public       ,123,416,539,3764,8344,12108
00830302,MARICOPA SKILL CENTER                   ,AZ,85034-0000,Public       ,22,103,125,472,1358,1830
00830400,SCOTTSDALE COMMUNITY COLLEGE            ,AZ,85250-0000,Public       ,105,220,325,4072,4894,8966
00886400,ARIZONA ACADEMY OF BEAUTY               ,AZ,85712-5021,Proprietary  ,4,13,17,77,195,272
01085800,AVALON SCHOOL OF COSMETOLOGY            ,AZ,85210-4010,Proprietary  ,71,100,171,578,995,1573
01168900,REFRIGERATION SCHOOL                    ,AZ,85034-0000,Proprietary  ,29,170,199,204,1171,1375
01180200,ARIZONA ACADEMY OF BEAUTY-NORTH         ,AZ,85705-2720,Proprietary  ,6,3,9,41,114,155
01186200,NORTHLAND PIONEER COLLEGE               ,AZ,86025-0610,Public       ,26,82,108,679,1726,2405
01186400,MOHAVE COMMUNITY COLLEGE                ,AZ,86409-1238,Public       ,72,200,272,1370,3543,4913
01218400,INTERNATIONAL ACADEMY OF HAIR DESIGN    ,AZ,85282-6730,Proprietary  ,1,3,4,49,152,201
02065300,PRESCOTT COLLEGE                        ,AZ,86301-0000,Private      ,6,26,32,441,954,1395
02098800,UNIVERSITY OF PHOENIX                   ,AZ,85040-0000,Proprietary  ,1095,24566,25661,12758,242784,255542
02100500,UNIVERSAL TECHNICAL INSTITUTE           ,AZ,85027-0000,Proprietary  ,646,994,1640,13068,11924,24992
02100600,CARRINGTON COLLEGE                      ,AZ,85015-4096,Proprietary  ,160,510,670,1819,5148,6967
02113800,ROBERTO-VENN SCH OF LUTHIERY            ,AZ,85040-0000,Proprietary  ,1,2,3,32,54,86
02146600,SOUTH MOUNTAIN COMMUNITY COLLEGE        ,AZ,85040-0000,Public       ,86,240,326,2839,4340,7179
02160305,COLLINS COLLEGE                         ,AZ,85040-4000,Proprietary  ,0,0,0,68,211,279
02160306,INTERNATIONAL ACADEMY OF DESIGN AND TECH,AZ,85281-6705,Proprietary  ,1,2,3,37,91,128
02171500,WESTERN INTERNATIONAL UNIVERSITY        ,AZ,85021-0000,Proprietary  ,3,182,185,84,1561,1645
02177500,RIO SALADO COMMUNITY COLLEGE            ,AZ,85281-6948,Public       ,154,1184,1338,2965,15152,18117
02199900,AMERICAN INDIAN CLG-ASSEMBLIES GOD      ,AZ,85021-0000,Private      ,1,5,6,74,138,212
02217100,PIMA MEDICAL INSTITUTE                  ,AZ,85716-0000,Proprietary  ,457,1204,1661,3945,10440,14385
02218800,BROOKLINE COLLEGE                       ,AZ,85021-5815,Proprietary  ,32,207,239,402,2273,2675
02218804,BROOKLINE COLLEGE - MESA                ,AZ,85204-4448,Proprietary  ,21,106,127,216,866,1082
02218805,BROOKLINE COLLEGE - TUCSON              ,AZ,85711-5444,Proprietary  ,22,106,128,211,852,1063
02263100,ANTHEM COLLEGE                          ,AZ,85014-4973,Proprietary  ,0,0,0,102,298,400
02280500,CHARLES OF ITALY BEAUTY COLLEGE         ,AZ,86403-0000,Proprietary  ,4,16,20,47,109,156
02295000,EVEREST COLLEGE                         ,AZ,85021-1610,Proprietary  ,0,0,0,249,2299,2548
02295002,EVEREST COLLEGE - MESA                  ,AZ,85206-4704,Proprietary  ,0,0,0,102,612,714
02306807,ARIZONA AUTOMOTIVE INSTITUTE            ,AZ,85301-3503,Proprietary  ,68,208,276,603,1617,2220
02317800,AMERICAN INSTITUTE OF TECHNOLOGY        ,AZ,85043-0000,Proprietary  ,24,214,238,231,1352,1583
02491500,SOUTHWEST UNIVERSITY OF VISUAL ARTS     ,AZ,85716-0000,Proprietary  ,10,18,28,179,266,445
02533200,FRANK LLOYD WRIGHT SCHOOL OF ARCHITECTUR,AZ,85261-4430,Private      ,0,6,6,23,52,75
02559000,UNIVERSITY OF ADVANCING TECHNOLOGY      ,AZ,85283-0000,Proprietary  ,29,30,59,972,679,1651
02582700,CORTIVA INSTITUTE - TUCSON              ,AZ,85710-3503,Proprietary  ,17,46,63,118,353,471
02616700,LE CORDON BLEU COLLEGE OF CULINARY ARTS ,AZ,85251-2729,Proprietary  ,5,54,59,771,3259,4030
02623600,PARADISE VALLEY COMMUNITY COLLEGE       ,AZ,85032-1210,Public       ,102,266,368,3697,5233,8930
02623800,CORTIVA INSTITUTE - SCOTTSDALE          ,AZ,85257-4218,Proprietary  ,4,25,29,35,166,201
03005000,SAFFORD COLLEGE OF BEAUTY CULTURE       ,AZ,85546-3309,Proprietary  ,2,9,11,17,56,73
03010613,VIRGINIA COLLEGE - GOLF ACADEMY OF AMERI,AZ,85225-3412,Proprietary  ,1,6,7,32,101,133
03030604,UTAH COLLEGE OF MASSAGE THERAPY - ARIZON,AZ,85282-0000,Proprietary  ,18,35,53,101,244,345
03030605,UTAH COLLEGE OF MASSAGE THERAPY - ARIZON,AZ,85051-3470,Proprietary  ,25,59,84,131,340,471
03034400,CONSERVATORY RECORDING ARTS & SCIS      ,AZ,85282-1707,Proprietary  ,38,47,85,625,650,1275
03072200,CHANDLER-GILBERT COMMUNITY COLLEGE      ,AZ,85225-2499,Public       ,176,344,520,5790,6625,12415
03076400,BRYMAN SCHOOL OF ARIZONA (THE)          ,AZ,85029-4919,Proprietary  ,0,0,0,33,193,226
03097800,CARSTEN INSTITUTE OF HAIR & BEAUTY      ,AZ,85282-5404,Proprietary  ,7,18,25,103,220,323
03100400,COCONINO COUNTY COMMUNITY COLLEGE       ,AZ,86001-0000,Public       ,50,84,134,2168,2154,4322
03107000,SOUTHWEST CLG OF NATUROPATHIC MED       ,AZ,85282-0000,Private      ,0,33,33,15,623,638
03115000,ARIZONA COLLEGE OF ALLIED HEALTH        ,AZ,85302-3843,Proprietary  ,57,231,288,473,1646,2119
03120300,COLLEGE AMERICA                         ,AZ,86004-3936,Proprietary  ,53,167,220,482,1665,2147
03156300,ESTRELLA MOUNTAIN COMMUNITY COLLEGE     ,AZ,85392-1010,Public       ,159,367,526,5545,7222,12767
03347300,INTERNATIONAL BAPTIST COLLEGE           ,AZ,85282-6799,Private      ,2,1,3,50,37,87
03445300,HDS TRUCK DRIVING INSTITUTE             ,AZ,85731-0000,Proprietary  ,3,29,32,18,180,198
03478400,PHOENIX SEMINARY                        ,AZ,85018-7611,Private      ,0,13,13,8,201,209
03572300,EAST VALLEY INSTITUTE OF TECHNOLOGY     ,AZ,85201-6910,Public       ,13,47,60,382,740,1122
03593300,SOUTHWEST INSTITUTE OF HEALING ARTS     ,AZ,85281-3658,Proprietary  ,18,186,204,186,1827,2013
03617500,PHOENIX INSTITUTE OF HERBAL MEDICINE & A,AZ,85012-0000,Proprietary  ,2,27,29,55,435,490
03695500,ARIZONA SCHOOL OF ACUPUNCTURE AND ORIENT,AZ,85712-1100,Proprietary  ,0,9,9,18,80,98
03784400,TOHONO O'ODHAM COMMUNITY COLLEGE        ,AZ,85634-3129,Public       ,7,17,24,85,131,216
03813300,NORTHCENTRAL UNIVERSITY                 ,AZ,86314-2336,Proprietary  ,1,1514,1515,72,10133,10205
03814300,TURNING POINT BEAUTY COLLEGE            ,AZ,85222-4229,Proprietary  ,0,0,0,22,66,88
04051300,ART INSTITUTE OF PHOENIX (THE)          ,AZ,85021-2859,Proprietary  ,310,1258,1568,5377,15739,21116
04051306,THE ART INSTITUTE OF TUCSON             ,AZ,85712-2732,Proprietary  ,9,20,29,406,574,980
04051325,ART INSTITUTE OF PHOENIX (THE) - BROWN M,AZ,85712-5300,Proprietary  ,12,48,60,170,721,891
04051327,ART INSTITUTE OF PHOENIX (THE) - BROWN M,AZ,85029-1348,Proprietary  ,4,17,21,154,416,570
04059300,TUCSON COLLEGE OF BEAUTY                ,AZ,85705-2451,Proprietary  ,6,23,29,67,168,235
04120900,ARIZONA CULINARY INSTITUTE              ,AZ,85259-4939,Proprietary  ,7,33,40,190,366,556
04131400,ARIZONA SUMMIT LAW SCHOOL               ,AZ,85004-4418,Proprietary  ,2,24,26,72,1100,1172
04148700,AMERICAN INSTITUTE OF INTERIOR DESIGN   ,AZ,85268-3827,Proprietary  ,1,10,11,28,86,114
04152900,STUDIO ACADEMY OF BEAUTY (THE)          ,AZ,85224-3600,Proprietary  ,19,60,79,177,455,632
04157400,NATIONAL PARALEGAL COLLEGE              ,AZ,85014-1262,Proprietary  ,8,128,136,86,1538,1624
04174100,PAUL MITCHELL THE SCHOOL PHOENIX        ,AZ,85017-1919,Proprietary  ,9,27,36,201,371,572
04174200,ALL BEAUTY COLLEGE                      ,AZ,86426-8326,Proprietary  ,5,14,19,51,165,216
04175300,PENROSE ACADEMY                         ,AZ,85254-4065,Proprietary  ,16,34,50,141,239,380
04177500,PURE AESTHETICS                         ,AZ,85711-2328,Proprietary  ,5,13,18,35,117,152
04194500,AVEDA INSTITUTE TUCSON                  ,AZ,85719-4876,Proprietary  ,18,23,41,137,243,380
04194501,AVEDA INSTITUTE TUCSON - PHOENIX        ,AZ,85284-1064,Proprietary  ,17,32,49,142,278,420
04217600,SESSIONS COLLEGE FOR PROFESSIONAL DESIGN,AZ,85281-2840,Proprietary  ,2,15,17,24,203,227
04233100,ARIZONA SCHOOL OF INTEGRATIVE STUDIES   ,AZ,86324-3106,Proprietary  ,0,1,1,14,59,73
04233101,ARIZONA SCHOOL OF INTEGRATIVE STUDIES - ,AZ,86001-5510,Proprietary  ,3,4,7,34,89,123
04233102,ARIZONA SCHOOL OF INTEGRATIVE STUDIES - ,AZ,86303-4711,Proprietary  ,1,6,7,27,113,140
04233103,ARIZONA SCHOOL OF INTEGRATIVE STUDIES - ,AZ,85705-8330,Proprietary  ,2,8,10,34,136,170
04237700,REGIONAL CENTER FOR BORDER HEALTH       ,AZ,85364-4106,Private      ,0,4,4,0,4,4
04244900,SONORAN DESERT INSTITUTE                ,AZ,85258-3376,Proprietary  ,7,161,168,16,284,300
04246400,AVENTIS COLLEGE                         ,AZ,85282-1118,Proprietary  ,0,0,0,1,5,6
00142800,DELAWARE STATE UNIVERSITY               ,DE,19901-2277,Public       ,154,78,232,8525,2675,11200
00142900,GOLDEY BEACOM COLLEGE                   ,DE,19808-1993,Private      ,11,28,39,719,616,1335
00143100,UNIVERSITY OF DELAWARE                  ,DE,19716-0099,Public       ,218,138,356,27100,3421,30521
00143300,WESLEY COLLEGE                          ,DE,19901-3875,Private      ,36,27,63,2943,952,3895
00331301,WIDENER UNIV SCHOOL OF LAW - DE         ,DE,19803-0000,Private      ,1,16,17,59,977,1036
00705300,DELAWARE TECHNICAL COMMUNITY COLLEGE - O,DE,19947-0000,Public       ,0,0,0,10,25,35
00794800,WILMINGTON UNIVERSITY                   ,DE,19720-6491,Private      ,77,638,715,3463,11918,15381
01172700,DELAWARE TECHNICAL COMMUNITY COLLEGE    ,DE,19901-8736,Public       ,158,474,632,7799,10376,18175
01172703,DELAWARE TECHNICAL COMMUNITY COLLEGE -  ,DE,19801-2412,Public       ,0,0,0,6,13,19
01172704,DELAWARE TECHNICAL COMMUNITY COLLEGE -  ,DE,19713-2197,Public       ,0,0,0,2,10,12
02125200,SCHOOL OF NURSING BEEBE MEDICAL CENTER  ,DE,19958-1462,Private      ,1,4,5,81,134,215
02190400,SCHILLING DOUGLAS SCH OF HAIR DSGN      ,DE,19711-0000,Proprietary  ,6,9,15,101,114,215
02586902,STAR TECHNICAL INSTITUTE -              ,DE,19901-4615,Proprietary  ,0,4,4,24,112,136
03025800,DAWN TRAINING CENTRE                    ,DE,19805-1511,Proprietary  ,12,79,91,131,598,729
03543300,HARRIS SCHOOL OF BUSINESS               ,DE,19803-5341,Proprietary  ,25,67,92,129,480,609
03702300,DELAWARE LEARNING INSTITUTE OF COSMETOLO,DE,19939-9759,Proprietary  ,3,14,17,48,122,170
04130700,ACADEMY OF MASSAGE AND BODYWORK         ,DE,19701-1321,Proprietary  ,1,8,9,29,104,133
04139800,DELAWARE COLLEGE OF ART & DESIGN        ,DE,19801-3007,Private      ,8,12,20,432,213,645
04171100,PAUL MITCHELL THE SCHOOL-DELAWARE       ,DE,19702-5108,Proprietary  ,8,22,30,111,164,275
04250300,HAIR ACADEMY SCHOOL OF BARBERING & BEAUT,DE,19713-2305,Proprietary  ,0,1,1,0,1,1
        ,FEDERAL STUDENT AID USE ONLY            ,DC,20202-0000,,0,0,0,0,1,1
        ,OFFICIAL USE ONLY                       ,DC,20202-0000,,0,0,0,0,1,1
00143400,AMERICAN UNIVERSITY                     ,DC,20016-8020,Private      ,135,179,314,14444,9444,23888
00143700,CATHOLIC UNIVERSITY OF AMERICA          ,DC,20064-0002,Private      ,54,88,142,5432,2513,7945
00143711,"CATHOLIC UNIV AMERICA, LAW SCHOOL       ",DC,20064-0000,Private      ,0,10,10,47,945,992
00144100,UNIV OF THE DISTRICT OF COLUMBIA        ,DC,20008-0000,Public       ,44,196,240,2918,6763,9681
00144102,UNIV OF THE DIST OF COLU -SCHOOL OF LAW ,DC,20008-1173,Public       ,2,17,19,80,873,953
00144300,GALLAUDET UNIVERSITY                    ,DC,20002-3695,Private      ,19,29,48,967,1186,2153
00144400,GEORGE WASHINGTON UNIVERSITY            ,DC,20052-2353,Private      ,169,502,671,15020,12644,27664
00144402,GEORGE WASHINGTON UNIV LAW SCHL         ,DC,20052-0000,Private      ,1,28,29,76,3748,3824
00144403,GEORGE WASHINGTON UNIV SCH MED          ,DC,20052-0000,Private      ,1,35,36,104,1665,1769
00144437,GEORGE WASHINGTON UNIVERSITY            ,DC,20006-4804,Private      ,0,0,0,524,281,805
00144500,GEORGETOWN UNIVERSITY                   ,DC,20057-1252,Private      ,97,150,247,12725,4884,17609
00144501,"GEORGETOWN UNIV, SCH OF MEDICINE        ",DC,20007-0000,Private      ,3,9,12,77,1237,1314
00144502,GEORGETOWN UNIVERSITY - GRADUATE SCHOOL ,DC,20057-0004,Private      ,3,102,105,74,4482,4556
00144503,GEORGETOWN UNIV LAW CENTER              ,DC,20001-0000,Private      ,2,18,20,63,4885,4948
00144800,HOWARD UNIVERSITY                       ,DC,20059-0001,Private      ,321,160,481,16453,8894,25347
00145900,STRAYER UNIVERSITY                      ,DC,20005-2603,Proprietary  ,194,4127,4321,2008,51339,53347
00146000,TRINITY UNIVERSITY                      ,DC,20017-1004,Private      ,12,110,122,1426,2681,4107
00146400,WESLEY THEOLOGICAL SEMINARY             ,DC,20016-0000,Private      ,1,24,25,2,410,412
00207701,JOHNS HOPKINS UNIV SCH ADV INTL STU     ,DC,20036-0000,Private      ,3,31,34,87,1476,1563
01280300,DOMINICAN HOUSE OF STUDIES              ,DC,20017-1584,Private      ,0,0,0,1,23,24
02132800,NAT'L CONSERVATORY DRAMATIC ARTS        ,DC,20007-2758,Private      ,0,4,4,16,56,72
03104300,CAREER BLAZERS LEARNING CENTER OF WASHIN,DC,20037-1881,Proprietary  ,14,179,193,82,1011,1093
03218300,POTOMAC COLLEGE                         ,DC,20016-0000,Proprietary  ,1,27,28,51,278,329
03409600,BENNETT CAREER INSTITUTE                ,DC,20017-1754,Proprietary  ,8,56,64,107,426,533
03750300,TECHNICAL LEARNING CENTERS              ,DC,20006-3749,Proprietary  ,42,170,212,212,1018,1230
04114400,INSTITUTE OF WORLD POLITICS (THE)       ,DC,20036-1464,Private      ,0,5,5,8,160,168
04142700,PONTIFICAL JOHN PAUL II INSTITUTE FOR ST,DC,20064-0001,Private      ,0,0,0,1,20,21
04190000,RADIANS COLLEGE                         ,DC,20005-3542,Proprietary  ,2,40,42,79,1114,1193
04202500,GRADUATE SCHOOL                         ,DC,20024-2520,Private      ,0,11,11,8,151,159
00154100,ABRAHAM BALDWIN AGRICULTURAL CLG        ,GA,31794-0000,Public       ,65,71,136,3524,1819,5343
00154200,AGNES SCOTT COLLEGE                     ,GA,30030-3770,Private      ,15,33,48,1608,595,2203
00154300,DARTON COLLEGE                          ,GA,31707-3098,Public       ,74,266,340,4203,7275,11478
00154400,ALBANY STATE UNIVERSITY                 ,GA,31705-2796,Public       ,121,182,303,6860,5617,12477
00154500,ANDREW COLLEGE                          ,GA,39840-1395,Private      ,6,2,8,437,100,537
00154600,ARMSTRONG ATLANTIC STATE UNIVERSITY     ,GA,31419-1997,Public       ,129,284,413,6809,6927,13736
00154700,POINT UNIVERSITY                        ,GA,30344-1999,Private      ,20,33,53,1167,1090,2257
00155400,BERRY COLLEGE                           ,GA,30149-5007,Private      ,38,26,64,4161,418,4579
00155500,THOMAS UNIVERSITY                       ,GA,31792-7499,Private      ,9,49,58,547,1483,2030
00155600,BRENAU UNIVERSITY                       ,GA,30501-3668,Private      ,26,243,269,1735,4144,5879
00155700,BREWTON PARKER COLLEGE                  ,GA,30445-0000,Private      ,8,6,14,521,197,718
00155800,COLLEGE OF COASTAL GEORGIA              ,GA,31520-3644,Public       ,55,135,190,2651,2645,5296
00155900,CLARK ATLANTA UNIVERSITY                ,GA,30314-4385,Private      ,294,157,451,10884,5932,16816
00156000,COLUMBIA THEOLOGICAL SEMINARY           ,GA,30031-0000,Private      ,0,11,11,11,254,265
00156100,COLUMBUS STATE UNIVERSITY               ,GA,31907-5645,Public       ,115,298,413,7156,7543,14699
00156200,GEORGIA PERIMETER COLLEGE               ,GA,30034-3832,Public       ,394,960,1354,16513,23099,39612
00156300,EMMANUEL COLLEGE                        ,GA,30639-0000,Private      ,8,4,12,974,182,1156
00156400,EMORY UNIVERSITY                        ,GA,30322-1960,Private      ,183,285,468,14441,10651,25092
00156600,FORT VALLEY STATE UNIVERSITY            ,GA,31030-3298,Public       ,90,94,184,4039,2928,6967
00156800,INTERDENOMINATIONAL THEOLOGY CENTER     ,GA,30314-0000,Private      ,0,17,17,7,508,515
00156900,GEORGIA INSTITUTE OF TECHNOLOGY         ,GA,30332-0325,Public       ,339,207,546,24990,6935,31925
00157000,SOUTHERN POLYTECHNIC STATE UNIVERSITY   ,GA,30060-2896,Public       ,57,99,156,4564,3843,8407
00157100,GEORGIA MILITARY COLLEGE                ,GA,31061-3398,Public       ,295,652,947,6279,8225,14504
00157200,GEORGIA SOUTHERN UNIVERSITY             ,GA,30460-8065,Public       ,537,315,852,24630,8940,33570
00157300,GEORGIA SOUTHWESTERN STATE UNIV         ,GA,31709-4693,Public       ,48,106,154,2862,2435,5297
00157400,GEORGIA STATE UNIVERSITY                ,GA,30303-3010,Public       ,839,1004,1843,36417,29174,65591
00157500,GORDON COLLEGE                          ,GA,30204-1762,Public       ,57,78,135,4536,2895,7431
00157700,KENNESAW STATE UNIVERSITY               ,GA,30144-5591,Public       ,557,639,1196,32736,19228,51964
00157800,LAGRANGE COLLEGE                        ,GA,30240-2999,Private      ,17,21,38,1599,628,2227
00157900,GEORGIA REGENTS UNIVERSITY              ,GA,30912-0004,Public       ,92,185,277,5576,6961,12537
00158000,MERCER UNIVERSITY                       ,GA,31207-0003,Private      ,103,260,363,6662,9297,15959
00158100,MIDDLE GEORGIA STATE COLLEGE            ,GA,31014-1599,Public       ,106,224,330,6519,6176,12695
00158200,MOREHOUSE COLLEGE                       ,GA,30314-3773,Private      ,83,42,125,4370,1443,5813
00158500,UNIVERSITY OF NORTH GEORGIA             ,GA,30597-0001,Public       ,316,217,533,15578,6282,21860
00158600,OGLETHORPE UNIVERSITY                   ,GA,30319-2737,Private      ,47,26,73,2444,703,3147
00158700,PAINE COLLEGE                           ,GA,30901-3182,Private      ,16,30,46,1096,735,1831
00158800,PIEDMONT COLLEGE                        ,GA,30535-5644,Private      ,22,66,88,1335,1954,3289
00158900,REINHARDT UNIVERSITY                    ,GA,30183-2981,Private      ,27,36,63,1652,784,2436
00159000,SAVANNAH STATE UNIVERSITY               ,GA,31404-5298,Public       ,174,181,355,8691,4359,13050
00159100,SHORTER UNIVERSITY                      ,GA,30165-4298,Private      ,35,86,121,1921,2203,4124
00159200,SOUTH GEORGIA STATE COLLEGE             ,GA,31533-8104,Public       ,52,70,122,2492,1756,4248
00159400,SPELMAN COLLEGE                         ,GA,30314-4399,Private      ,189,61,250,6852,1775,8627
00159600,TOCCOA FALLS COLLEGE                    ,GA,30598-0001,Private      ,9,17,26,880,323,1203
00159700,TRUETT MCCONNELL COLLEGE                ,GA,30528-1264,Private      ,12,12,24,884,270,1154
00159800,UNIVERSITY OF GEORGIA                   ,GA,30602-6114,Public       ,461,272,733,33845,12103,45948
00159900,VALDOSTA STATE UNIVERSITY               ,GA,31698-0001,Public       ,265,271,536,12573,7767,20340
00160000,WESLEYAN COLLEGE                        ,GA,31210-4407,Private      ,12,29,41,630,781,1411
00160100,UNIV OF WEST GEORGIA                    ,GA,30118-0002,Public       ,229,242,471,14866,7518,22384
00160200,GEORGIA COLLEGE & STATE UNIVERSITY      ,GA,31061-0490,Public       ,163,117,280,7997,2530,10527
00160400,YOUNG HARRIS COLLEGE                    ,GA,30582-4137,Private      ,25,10,35,1675,168,1843
00348400,COVENANT COLLEGE                        ,GA,30750-4164,Private      ,11,4,15,1277,125,1402
00395600,DALTON STATE COLLEGE                    ,GA,30720-3797,Public       ,44,98,142,4639,3417,8056
00402400,GEORGIA NORTHWESTERN TECHNICAL COLLEGE  ,GA,30161-6757,Public       ,73,327,400,2996,6446,9442
00411700,GRADY HEALTH SYSTEM                     ,GA,30303-3050,Public       ,6,26,32,199,931,1130
00489808,MCCANN SCHOOL OF BUSINESS & TECHNOLOGY -,GA,31210-0246,Proprietary  ,0,9,9,48,213,261
00525400,LANIER TECHNICAL COLLEGE                ,GA,30566-3499,Public       ,59,197,256,1982,3970,5952
00525500,MOULTRIE TECHNICAL COLLEGE              ,GA,31768-0000,Public       ,0,0,0,353,893,1246
00525600,WIREGRASS GEORGIA TECHNICAL COLLEGE     ,GA,31602-0929,Public       ,97,354,451,1713,4795,6508
00551100,COASTAL PINES TECHNICAL COLLEGE         ,GA,31501-4016,Public       ,47,151,198,918,2391,3309
00551102,COASTAL PINES TECHNICAL COLLEGE - JESUP ,GA,31545-4465,Public       ,0,0,0,68,257,325
00559900,AUGUSTA TECHNICAL COLLEGE               ,GA,30906-3399,Public       ,80,317,397,2464,6617,9081
00560000,ATHENS TECHNICAL COLLEGE                ,GA,30601-1579,Public       ,80,243,323,2975,4823,7798
00560100,ALBANY TECHNICAL COLLEGE                ,GA,31701-2648,Public       ,73,331,404,1833,6316,8149
00561500,SOUTHERN REGIONAL TECHNICAL COLLEGE     ,GA,31792-2622,Public       ,65,182,247,1302,2997,4299
00561700,SOUTH GEORGIA TECHNICAL COLLEGE         ,GA,31709-8167,Public       ,49,155,204,992,1639,2631
00561800,SAVANNAH TECHNICAL COLLEGE              ,GA,31405-5594,Public       ,112,494,606,2715,7951,10666
00561900,NORTH GEORGIA TECHNICAL COLLEGE         ,GA,30523-0000,Public       ,50,132,182,1844,2721,4565
00562000,CHATTAHOOCHEE TECHNICAL COLLEGE         ,GA,30060-3398,Public       ,182,503,685,6678,11679,18357
00562100,SOUTHERN CRESCENT TECHNICAL COLLEGE     ,GA,30223-2097,Public       ,65,295,360,2559,6346,8905
00562200,GEORGIA PIEDMONT TECHNICAL COLLEGE      ,GA,30021-2397,Public       ,62,383,445,1708,7387,9095
00562400,COLUMBUS TECHNICAL COLLEGE              ,GA,31904-6572,Public       ,70,317,387,2080,5257,7337
00576300,CENTRAL GEORGIA TECHNICAL COLLEGE       ,GA,31206-0000,Public       ,142,525,667,3276,9733,13009
00854300,ATLANTA TECHNICAL COLLEGE               ,GA,30310-4499,Public       ,92,524,616,3150,12602,15752
00897600,CLAYTON STATE UNIVERSITY                ,GA,30260-0285,Public       ,112,327,439,6809,10054,16863
00927000,ART INSTITUTE OF ATLANTA (THE)          ,GA,30328-1649,Proprietary  ,247,425,672,6776,6314,13090
00950700,GEORGIA HIGHLANDS COLLEGE               ,GA,30162-0000,Public       ,94,136,230,5412,4416,9828
00982806,EVEREST INSTITUTE - JONESBORO           ,GA,30236-0000,Private      ,2,24,26,99,565,664
00982807,EVEREST INSTITUTE - MARIETTA            ,GA,30067-8340,Private      ,8,56,64,147,763,910
00982808,EVEREST INSTITUTE - EVEREST COLLEGE- ATL,GA,30331-2620,Private      ,24,130,154,334,1556,1890
00982811,EVEREST INSTITUTE - NORCROSS            ,GA,30093-2813,Private      ,13,81,94,160,815,975
01031903,FORTIS INSTITUTE - FORTIS COLLEGE       ,GA,30080-7630,Proprietary  ,29,105,134,268,908,1176
01048700,WEST GEORGIA TECHNICAL COLLEGE          ,GA,30182-6476,Public       ,95,349,444,4397,7956,12353
01077100,GUPTON JONES COLLEGE                    ,GA,30035-4022,Private      ,13,49,62,169,432,601
01099700,EAST GEORGIA COLLEGE                    ,GA,30401-2699,Public       ,69,62,131,3435,1573,5008
01107400,BAINBRIDGE COLLEGE                      ,GA,39819-8400,Public       ,36,116,152,1155,2511,3666
01157400,BAUDER COLLEGE                          ,GA,30313-2439,Proprietary  ,1,24,25,105,571,676
01205100,PRO WAY HAIR SCHOOL                     ,GA,30083-2884,Proprietary  ,8,37,45,82,330,412
01216500,ATLANTA METROPOLITAN COLLEGE            ,GA,30310-4498,Public       ,115,341,456,3938,8072,12010
01246109,LINCOLN COLLEGE OF TECHNOLOGY - MARIETTA,GA,30067-8638,Proprietary  ,20,68,88,150,572,722
01303900,SOUTH UNIVERSITY                        ,GA,31406-4881,Proprietary  ,268,3135,3403,2823,24443,27266
02060900,BROWN CLG OF COURT REPORTING & M.T.     ,GA,30318-2570,Proprietary  ,2,37,39,46,513,559
02074800,LIFE UNIVERSITY                         ,GA,30060-0000,Private      ,16,68,84,750,3094,3844
02113613,AMERICAN INTERCONTINENTAL UNIVERSITY    ,GA,30328-1649,Proprietary  ,33,225,258,575,2971,3546
02116000,SANFORD-BROWN COLLEGE                   ,GA,30328-4803,Proprietary  ,4,22,26,157,793,950
02141500,SAVANNAH COLLEGE OF ART & DESIGN        ,GA,31402-3146,Private      ,189,218,407,11863,4876,16739
02202800,AUGUSTA AREA DIET INTERN UNIV HOSP      ,GA,30901-0000,Private      ,0,0,0,19,99,118
02217200,PORTFOLIO CENTER                        ,GA,30309-0000,Proprietary  ,1,6,7,46,135,181
02266200,AMERICAN PROFESSIONAL INSTITUTE         ,GA,31201-3185,Private      ,0,2,2,42,214,256
02284300,INTERACTIVE COLLEGE OF TECHNOLOGY       ,GA,30341-0000,Proprietary  ,51,347,398,284,1992,2276
02284308,INTERACTIVE LEARNING SYSTEMS            ,GA,30260-0000,Proprietary  ,10,50,60,58,307,365
02284309,INTERACTIVE COLLEGE OF TECHNOLOGY       ,GA,30501-0000,Proprietary  ,14,60,74,111,421,532
02285500,"CREATIVE CIRCUS, THE                    ",GA,30324-0000,Proprietary  ,6,14,20,89,336,425
02288400,GWINNETT TECHNICAL COLLEGE              ,GA,30043-5702,Public       ,144,510,654,4353,9951,14304
02313902,WESTWOOD COLLEGE - O'HARE AIRPORT - ATLA,GA,30345-2807,Proprietary  ,1,8,9,122,670,792
02321400,ROFFLER-MOLER HAIRSTYLING COLLEGE       ,GA,30062-0000,Proprietary  ,8,13,21,70,138,208
02482100,MOREHOUSE SCHOOL OF MEDICINE            ,GA,30310-0000,Private      ,6,14,20,186,977,1163
02520000,INTERNATIONAL SCH SKIN & NAILCARE       ,GA,30342-1119,Proprietary  ,9,63,72,93,489,582
02559315,(UNITED EDUCATION INSTITUTE) - UEI MORRO,GA,30260-2941,Proprietary  ,27,135,162,89,466,555
02577000,PAUL MITCHELL THE SCHOOL - ESANI        ,GA,30076-1507,Proprietary  ,15,38,53,189,354,543
02577700,BEAUTY COLLEGE OF AMERICA               ,GA,30297-0000,Proprietary  ,2,12,14,65,173,238
02580200,ATLANTA SCHOOL OF MASSAGE               ,GA,30338-0000,Proprietary  ,14,63,77,193,882,1075
02583000,GWINNETT COLLEGE OF BUSINESS            ,GA,30047-3447,Proprietary  ,11,84,95,133,809,942
02614206,MILLER - MOTTE TECHNICAL COLLEGE - COLUM,GA,31907-3222,Proprietary  ,18,121,139,241,1392,1633
02614207,MILLER - MOTTE TECHNICAL COLLEGE - AUGUS,GA,30907-0921,Proprietary  ,19,123,142,203,1295,1498
03005400,GEORGIA CAREER INSTITUTE                ,GA,30013-2076,Proprietary  ,38,114,152,291,865,1156
03010619,VIRGINIA COLLEGE - AUGUSTA              ,GA,30909-5515,Proprietary  ,8,42,50,238,1125,1363
03010623,VIRGINIA COLLEGE - MACON                ,GA,31206-3180,Proprietary  ,8,30,38,165,787,952
03022601,WESTERN CULINARY INSTITUTE - LE CORDON B,GA,30084-5893,Proprietary  ,6,21,27,530,1297,1827
03030000,OGEECHEE TECHNICAL COLLEGE              ,GA,30458-8049,Public       ,57,206,263,1681,3239,4920
03042700,LAURUSTECHNICAL INSTITUTE               ,GA,30030-1506,Proprietary  ,0,0,0,16,95,111
03066500,SOUTHEASTERN TECHNICAL COLLEGE          ,GA,30474-8817,Public       ,39,103,142,825,1889,2714
03076300,BEULAH HEIGHTS BIBLE COLLEGE            ,GA,30316-1873,Private      ,1,52,53,38,834,872
03079202,WESTWOOD COLLEGE - ATLANTA MIDTOWN      ,GA,30309-2848,Proprietary  ,4,28,32,380,1312,1692
03089100,GEORGIA INSTITUTE OF COSMETOLOGY        ,GA,30606-3152,Proprietary  ,16,60,76,229,530,759
03090600,COBB BEAUTY COLLEGE                     ,GA,30144-2828,Proprietary  ,6,12,18,90,215,305
03100900,LUTHER RICE UNIVERSITY                  ,GA,30038-2454,Private      ,0,39,39,48,1162,1210
03102000,RIVERTOWN SCHOOL OF BEAUTY              ,GA,31904-4747,Proprietary  ,4,43,47,92,374,466
03104500,ATLANTA INSTITUTE OF MUSIC              ,GA,30096-4988,Proprietary  ,10,25,35,328,408,736
03116100,VOGUE BEAUTY AND BARBER SCHOOL          ,GA,30141-2226,Proprietary  ,9,18,27,73,265,338
03155500,OCONEE FALL LINE TECHNICAL COLLEGE      ,GA,31082-6179,Public       ,25,83,108,617,1893,2510
03173300,ATLANTA'S JOHN MARSHALL LAW SCHOOL      ,GA,30309-0000,Proprietary  ,3,24,27,76,1520,1596
03418300,GWINNETT COLLEGE-SANDY SPRINGS          ,GA,30328-3161,Proprietary  ,7,39,46,118,412,530
03445500,FAYETTE BEAUTY ACADEMY                  ,GA,30214-1191,Proprietary  ,8,28,36,48,222,270
03523300,AVIATION INSTITUTE OF MAINTENANCE       ,GA,30096-5038,Proprietary  ,57,203,260,391,1283,1674
03635300,CARVER BIBLE COLLEGE                    ,GA,30331-1300,Private      ,2,9,11,48,243,291
03804400,MEDTECH INSTITUTE                       ,GA,30339-6040,Proprietary  ,7,50,57,125,581,706
03812300,OMNITECH INSTITUTE                      ,GA,30035-1206,Proprietary  ,9,38,47,52,277,329
04021300,AUGUSTA SCHOOL OF MASSAGE               ,GA,30809-0000,Proprietary  ,1,12,13,17,95,112
04051331,ART INSTITUTE OF PHOENIX (THE) - BROWN M,GA,30319-3054,Proprietary  ,6,21,27,175,482,657
04142900,GEORGIA GWINNETT COLLEGE                ,GA,30043-7409,Public       ,213,250,463,12899,8387,21286
04147000,PAUL MITCHELL THE SCHOOL ATLANTA        ,GA,30318-5241,Proprietary  ,24,51,75,445,777,1222
04147700,LAKE LANIER SCHOOL OF MASSAGE           ,GA,30501-4546,Proprietary  ,2,38,40,35,226,261
04149900,PROFILE INSTITUTE OF BARBER-STYLING     ,GA,30315-8459,Proprietary  ,3,18,21,53,301,354
04150900,PROCESS INSTITUTE OF COSMETOLOGY (THE)  ,GA,30043-7344,Proprietary  ,8,17,25,107,195,302
04152300,GEORGIA BEAUTY ACADEMY                  ,GA,30721-3952,Proprietary  ,5,16,21,84,190,274
04156500,GEORGIA CHRISTIAN UNIVERSITY            ,GA,30047-3778,Private      ,1,7,8,53,138,191
04160200,ATLANTA BEAUTY ACADEMY                  ,GA,30340-1334,Proprietary  ,7,30,37,102,369,471
04203800,WOODRUFF MEDICAL TRAINING AND TESTING   ,GA,30033-6103,Proprietary  ,6,50,56,45,348,393
04204500,ELAINE STERLING INSTITUTE(THE)          ,GA,30342-2633,Proprietary  ,6,32,38,55,280,335
04206400,HELMS COLLEGE                           ,GA,31206-5309,Private      ,5,49,54,113,451,564
04206600,SAE INSTITUTE OF TECHNOLOGY - ATLANTA   ,GA,30303-1736,Proprietary  ,52,89,141,449,855,1304
04218000,UNITED MEDICAL AND BUSINESS INSTITUTE   ,GA,30344-6977,Proprietary  ,2,7,9,40,201,241
04221100,NEW HORIZONS MEDICAL INSTITUTE          ,GA,30071-2965,Proprietary  ,1,37,38,67,462,529
04242300,DALTON INSTITUTE OF ESTHETICS AND COSMET,GA,30720-8402,Proprietary  ,1,7,8,10,32,42
04245200,PACIFIC INSTITUTE OF TECHNOLOGY         ,GA,30260-1756,Proprietary  ,1,8,9,5,39,44
04247000,POWDER SPRINGS BEAUTY SCHOOL            ,GA,30122-2954,Proprietary  ,3,8,11,3,12,15
00149911,EVEREST COLLEGE - MERRIONETTE PARK      ,IL,60803-4517,Private      ,0,0,0,19,51,70
00162800,AMERICAN ACADEMY OF ART                 ,IL,60604-4302,Proprietary  ,11,18,29,924,416,1340
00163300,AUGUSTANA COLLEGE                       ,IL,61201-2296,Private      ,37,9,46,4794,316,5110
00163400,AURORA UNIVERSITY                       ,IL,60506-4892,Private      ,59,165,224,4690,4240,8930
00163600,SOUTHWESTERN ILLINOIS COLLEGE           ,IL,62221-5899,Public       ,168,391,559,4674,6775,11449
00163800,BLACK HAWK COLLEGE                      ,IL,61265-5899,Public       ,53,141,194,2698,2882,5580
00163900,BLACKBURN COLLEGE                       ,IL,62626-1498,Private      ,18,5,23,1005,200,1205
00164000,PRAIRIE STATE COLLEGE                   ,IL,60411-8226,Public       ,103,273,376,3383,5435,8818
00164100,BRADLEY UNIVERSITY                      ,IL,61625-0002,Private      ,103,75,178,8684,1421,10105
00164300,SPOON RIVER COLLEGE                     ,IL,61520-8907,Public       ,29,46,75,858,942,1800
00164700,CITY COLLEGES OF CHICAGO                ,IL,60606-6998,Public       ,79,285,364,4067,6863,10930
00164800,TRUMAN COLLEGE                          ,IL,60640-5691,Public       ,104,326,430,3214,6165,9379
00164900,RICHARD J DALEY COLLEGE                 ,IL,60652-1299,Public       ,120,246,366,3899,5121,9020
00165000,CITY COLLEGES OF CHICAGO-MALCOLM X      ,IL,60612-3197,Public       ,171,581,752,5275,10326,15601
00165200,HAROLD WASHINGTON COLLEGE               ,IL,60601-2403,Public       ,271,467,738,9577,10322,19899
00165400,KENNEDY KING COLLEGE                    ,IL,60621-3798,Public       ,117,416,533,2993,7979,10972
00165500,WRIGHT COLLEGE                          ,IL,60634-1591,Public       ,147,330,477,6349,7145,13494
00165700,MIDWESTERN UNIVERSITY                   ,IL,60515-1200,Private      ,4,25,29,129,3775,3904
00165900,ROSALIND FRANKLIN UNIVERSITY OF MEDICINE,IL,60064-3095,Private      ,2,37,39,77,2793,2870
00166100,CHICAGO THEOLOGICAL SEMINARY            ,IL,60637-0000,Private      ,1,8,9,22,293,315
00166300,SPERTUS COLLEGE                         ,IL,60605-1995,Private      ,0,2,2,2,45,47
00166400,UNIVERSITY OF ST FRANCIS                ,IL,60435-6188,Private      ,28,109,137,2159,2688,4847
00166500,COLUMBIA COLLEGE                        ,IL,60605-1996,Private      ,189,155,344,14184,5320,19504
00166600,CONCORDIA UNIVERSITY                    ,IL,60305-1499,Private      ,56,271,327,3197,4431,7628
00166900,DANVILLE AREA COMMUNITY COLLEGE         ,IL,61832-5199,Public       ,27,120,147,945,1661,2606
00167100,DEPAUL UNIVERSITY                       ,IL,60604-2287,Private      ,403,597,1000,25273,16539,41812
00167400,EASTERN ILLINOIS UNIVERSITY             ,IL,61920-3099,Public       ,154,94,248,10905,3600,14505
00167500,ELGIN COMMUNITY COLLEGE                 ,IL,60123-7193,Public       ,114,154,268,4608,4362,8970
00167600,ELMHURST COLLEGE                        ,IL,60126-3296,Private      ,49,57,106,4238,1712,5950
00167800,EUREKA COLLEGE                          ,IL,61530-9976,Private      ,18,4,22,1224,187,1411
00168100,HIGHLAND COMMUNITY COLLEGE              ,IL,61032-9341,Public       ,23,51,74,980,1050,2030
00168200,GARRETT-EVANGELICAL THEOLOGICAL SEM     ,IL,60201-0000,Private      ,0,8,8,3,216,219
00168400,GREENVILLE COLLEGE                      ,IL,62246-1199,Private      ,15,58,73,1631,563,2194
00168500,HEBREW THEOLOGICAL COLLEGE              ,IL,60077-3263,Private      ,16,2,18,477,33,510
00168800,ILLINOIS COLLEGE                        ,IL,62650-2299,Private      ,43,11,54,1911,256,2167
00168900,ILLINOIS COLLEGE OF OPTOMETRY           ,IL,60616-3878,Private      ,2,5,7,46,656,702
00169100,ILLINOIS INSTITUTE OF TECHNOLOGY        ,IL,60616-0000,Private      ,74,91,165,4223,2545,6768
00169103,CHICAGO KENT COLLEGE OF LAW             ,IL,60661-0000,Private      ,2,21,23,76,1477,1553
00169200,ILLINOIS STATE UNIVERSITY               ,IL,61790-1000,Public       ,282,124,406,25518,5368,30886
00169300,NORTHEASTERN ILLINOIS UNIV              ,IL,60625-4699,Public       ,149,287,436,7839,8846,16685
00169400,CHICAGO STATE UNIVERSITY                ,IL,60628-1598,Public       ,108,236,344,5938,11504,17442
00169600,ILLINOIS WESLEYAN UNIVERSITY            ,IL,61701-0000,Private      ,32,8,40,3433,270,3703
00169800,JOHN MARSHALL LAW SCHOOL                ,IL,60604-0000,Private      ,1,36,37,69,1975,2044
00169900,JOLIET JUNIOR COLLEGE                   ,IL,60431-8938,Public       ,147,310,457,7811,6781,14592
00170000,JUDSON UNIVERSITY                       ,IL,60123-1498,Private      ,10,58,68,1161,997,2158
00170100,KASKASKIA COLLEGE                       ,IL,62801-7878,Public       ,34,92,126,1534,1913,3447
00170300,KENDALL COLLEGE                         ,IL,60622-4278,Proprietary  ,21,91,112,1009,1746,2755
00170400,KNOX COLLEGE                            ,IL,61401-4999,Private      ,28,6,34,2918,159,3077
00170500,ILLINOIS VALLEY COMMUNITY COLLEGE       ,IL,61348-9692,Public       ,48,86,134,1527,1625,3152
00170600,LAKE FOREST COLLEGE                     ,IL,60045-2399,Private      ,36,8,44,2722,291,3013
00170700,LEWIS UNIVERSITY                        ,IL,60446-2200,Private      ,84,174,258,6421,4127,10548
00170800,LINCOLN CHRISTIAN UNIVERSITY            ,IL,62656-2167,Private      ,6,28,34,447,657,1104
00170900,LINCOLN COLLEGE                         ,IL,62656-1699,Private      ,16,19,35,1352,695,2047
00171000,LOYOLA UNIVERSITY CHICAGO               ,IL,60626-0000,Private      ,288,300,588,20528,11339,31867
00171200,LUTHERAN SCHOOL OF THEOL AT CHICAGO     ,IL,60615-0000,Private      ,0,1,1,6,81,87
00171600,MACCORMAC COLLEGE                       ,IL,60602-4405,Private      ,2,17,19,65,275,340
00171700,MACMURRAY COLLEGE                       ,IL,62650-2590,Private      ,9,10,19,901,292,1193
00172100,MCCORMICK THEOLOGICAL SEMINARY          ,IL,60615-5108,Private      ,0,7,7,4,148,152
00172200,MCKENDREE UNIVERSITY                    ,IL,62254-1299,Private      ,30,87,117,2236,1675,3911
00172300,MEADVILLE LOMBARD THEOLOGICAL SCHOOL    ,IL,60637-1602,Private      ,0,2,2,0,116,116
00172400,MILLIKIN UNIVERSITY                     ,IL,62522-2084,Private      ,24,29,53,3242,944,4186
00172500,MONMOUTH COLLEGE                        ,IL,61462-1963,Private      ,13,3,16,2292,197,2489
00172700,MOODY BIBLE INSTITUTE                   ,IL,60610-3214,Private      ,15,95,110,2314,2153,4467
00172800,MORTON COLLEGE                          ,IL,60804-4398,Public       ,116,108,224,3043,2364,5407
00173200,NATIONAL UNIV OF HEALTH SCIENCES        ,IL,60148-4583,Private      ,0,30,30,52,895,947
00173300,NATIONAL-LOUIS UNIVERSITY               ,IL,60603-3032,Private      ,18,438,456,523,6441,6964
00173400,NORTH CENTRAL COLLEGE                   ,IL,60540-4690,Private      ,75,41,116,5320,985,6305
00173500,NORTH PARK UNIVERSITY                   ,IL,60625-4895,Private      ,59,88,147,3758,2207,5965
00173600,NORTHERN BAPTIST THEOL SEMINARY         ,IL,60148-0000,Private      ,0,1,1,2,80,82
00173700,NORTHERN ILLINOIS UNIVERSITY            ,IL,60115-2854,Public       ,359,265,624,24077,10612,34689
00173900,NORTHWESTERN UNIV                       ,IL,60208-0001,Private      ,189,305,494,20104,10322,30426
00174100,OLIVET NAZARENE UNIVERSITY              ,IL,60914-2271,Private      ,39,175,214,4193,3029,7222
00174200,IL EASTERN COMM COLGS-OLNEY CENTRAL     ,IL,62450-1099,Public       ,30,18,48,571,616,1187
00174500,QUINCY UNIVERSITY                       ,IL,62301-2699,Private      ,11,11,22,1645,508,2153
00174600,ROBERT MORRIS UNIVERSITY ILLINOIS       ,IL,60605-1225,Private      ,118,220,338,5641,5055,10696
00174700,ROCK VALLEY COLLEGE                     ,IL,61114-5699,Public       ,82,208,290,3816,4720,8536
00174800,ROCKFORD UNIVERSITY                     ,IL,61108-2393,Private      ,32,57,89,1616,1330,2946
00174900,ROOSEVELT UNIVERSITY                    ,IL,60605-1394,Private      ,133,177,310,5893,6589,12482
00175000,DOMINICAN UNIVERSITY                    ,IL,60305-1066,Private      ,72,58,130,4300,2086,6386
00175200,SAUK VALLEY COMMUNITY COLLEGE           ,IL,61021-9112,Public       ,24,75,99,1099,1129,2228
00175300,SCHOOL OF ART INSTITUTE OF CHICAGO      ,IL,60603-3013,Private      ,95,63,158,4583,2533,7116
00175600,SHIMER COLLEGE                          ,IL,60616-3893,Private      ,3,2,5,108,64,172
00175700,SOUTHEASTERN ILLINOIS COLLEGE           ,IL,62946-4925,Public       ,19,41,60,660,839,1499
00175800,SOUTHERN ILL UNIV-CARBONDALE            ,IL,62901-0000,Public       ,251,299,550,18780,8855,27635
00175900,SOUTHERN ILL UNIV-EDWARDSVILLE          ,IL,62026-1060,Public       ,171,176,347,15111,6495,21606
00175924,SO IL UNIV-SCHL OF DENTAL MEDICINE      ,IL,62002-0000,Public       ,1,1,2,14,203,217
00176500,UNIVERSITY OF ST MARY OF THE LAKE       ,IL,60060-0000,Private      ,1,1,2,7,20,27
00176700,BENEDICTINE UNIVERSITY                  ,IL,60532-0900,Private      ,61,208,269,3809,4164,7973
00176800,ST XAVIER UNIVERSITY                    ,IL,60655-3199,Private      ,133,113,246,7058,3295,10353
00176900,SOUTH SUBURBAN COLLEGE                  ,IL,60473-9978,Public       ,100,287,387,3180,5766,8946
00177100,TRINITY CHRISTIAN COLLEGE               ,IL,60463-0929,Private      ,10,32,42,1375,959,2334
00177200,TRINITY INTERNATIONAL UNIVERSITY        ,IL,60015-1283,Private      ,8,38,46,958,1024,1982
00177300,TRITON COLLEGE                          ,IL,60171-1995,Public       ,171,316,487,4960,5283,10243
00177400,UNIVERSITY OF CHICAGO                   ,IL,60637-1476,Private      ,227,82,309,18984,3955,22939
00177401,UNIV OF CHICAGO PRITZKER SCH OF MED     ,IL,60637-0000,Private      ,7,4,11,93,595,688
00177403,"UNIV OF CHICAGO, BOOTH SCH OF BUS       ",IL,60637-0000,Private      ,5,71,76,125,1370,1495
00177405,UNIVERSITY OF CHICAGO GRADUATE          ,IL,60637-0000,Private      ,6,74,80,169,4667,4836
00177500,UNIV OF ILLINOIS @ URBANA-CHAMPAIGN     ,IL,61820-5796,Public       ,358,223,581,35384,8993,44377
00177600,UNIV OF ILLINOIS AT CHICAGO             ,IL,60607-0000,Public       ,462,387,849,29920,19136,49056
00177800,VANDERCOOK COLLEGE OF MUSIC             ,IL,60616-3731,Private      ,6,6,12,176,109,285
00177900,IL EASTERN COMM COLGS-WABASH VALLEY     ,IL,62863-2699,Public       ,11,21,32,502,370,872
00178000,WESTERN ILLINOIS UNIVERSITY             ,IL,61455-1390,Public       ,200,150,350,14125,5023,19148
00178100,WHEATON COLLEGE                         ,IL,60187-5535,Private      ,15,16,31,3094,573,3667
00178300,WORSHAM COLLEGE OF MORTUARY SCIENCE     ,IL,60090-2646,Proprietary  ,7,14,21,92,173,265
00396100,HARPER COLLEGE                          ,IL,60067-7398,Public       ,177,302,479,6231,5168,11399
00456000,GEM CITY COLLEGE                        ,IL,62301-4949,Proprietary  ,3,5,8,36,56,92
00456800,MIDSTATE COLLEGE                        ,IL,61614-3558,Proprietary  ,4,71,75,113,938,1051
00621400,BLESSING RIEMAN COLLEGE OF NURSING      ,IL,62301-0000,Private      ,3,13,16,165,231,396
00621401,BLESSING HOSPITAL - SCHOOL OF MEDICAL LA,IL,62305-7005,Private      ,0,1,1,16,38,54
00621402,BLESSING HOSPITAL - SCHOOL OF RADIOLOGIC,IL,62305-7005,Private      ,0,0,0,23,40,63
00622500,TRINITY COLLEGE OF NURSING AND HEALTH SC,IL,61201-5317,Private      ,1,7,8,161,282,443
00622800,METHODIST COLLEGE                       ,IL,61603-3716,Private      ,6,10,16,317,653,970
00624000,ST FRANCIS MED CLG OF NRSG              ,IL,61603-3783,Private      ,7,13,20,372,567,939
00638500,CHAMBERLAIN COLLEGE OF NURSING          ,IL,60101-0000,Proprietary  ,61,2038,2099,3064,34713,37777
00665600,COLLEGE OF DUPAGE                       ,IL,60137-6599,Public       ,334,565,899,13161,10617,23778
00675300,ILLINOIS CENTRAL COLLEGE                ,IL,61635-0001,Public       ,114,291,405,4533,5030,9563
00693100,WAUBONSEE COMMUNITY COLLEGE             ,IL,60554-0000,Public       ,119,238,357,3916,4015,7931
00711800,PARKLAND COLLEGE                        ,IL,61821-1899,Public       ,89,146,235,4510,3757,8267
00711900,REND LAKE COLLEGE                       ,IL,62846-9801,Public       ,35,75,110,1173,1265,2438
00717000,LINCOLN LAND COMMUNITY COLLEGE          ,IL,62794-9256,Public       ,52,165,217,3062,3939,7001
00726500,CARL SANDBURG COLLEGE                   ,IL,61401-9576,Public       ,30,80,110,1238,1410,2648
00730307,LINCOLN COLLEGE OF TECHNOLOGY - MELROSE ,IL,60160-1605,Proprietary  ,53,69,122,736,596,1332
00754900,COYNE AMERICAN INSTITUTE                ,IL,60607-1300,Proprietary  ,27,123,150,379,1152,1531
00764400,LAKE LAND COLLEGE                       ,IL,61938-9366,Public       ,36,93,129,2191,2172,4363
00768400,KISHWAUKEE COLLEGE                      ,IL,60150-9699,Public       ,53,87,140,2398,2094,4492
00769000,KANKAKEE COMMUNITY COLLEGE              ,IL,60901-6505,Public       ,51,142,193,1656,2498,4154
00769100,MCHENRY COUNTY COLLEGE                  ,IL,60012-2761,Public       ,59,144,203,2563,2353,4916
00769200,MORAINE VALLEY COMMUNITY COLLEGE        ,IL,60465-0937,Public       ,203,318,521,7986,6229,14215
00769300,SHAWNEE COMMUNITY COLLEGE               ,IL,62992-9725,Public       ,37,57,94,700,965,1665
00769400,COLLEGE OF LAKE COUNTY                  ,IL,60030-1198,Public       ,205,349,554,5275,5156,10431
00807600,JOHN A LOGAN COLLEGE                    ,IL,62918-2500,Public       ,58,151,209,1956,2485,4441
00809003,EVEREST COLLEGE - BEDFORD PARK          ,IL,60629-5819,Proprietary  ,0,0,0,40,95,135
00825900,EDUCATORS OF BEAUTY                     ,IL,61081-3611,Proprietary  ,3,9,12,37,46,83
00825901,EDUCATORS OF BEAUTY                     ,IL,61104-0000,Proprietary  ,11,15,26,63,81,144
00832800,ALVAREITA'S COLLEGE OF COSMETOLOGY      ,IL,62025-2041,Proprietary  ,0,0,0,29,36,65
00869402,RASMUSSEN COLLEGE - ROCKFORD            ,IL,61108-2513,Proprietary  ,16,115,131,221,1390,1611
00869403,RASMUSSEN COLLEGE - AURORA              ,IL,60506-6219,Proprietary  ,13,88,101,174,879,1053
00869404,RASMUSSEN COLLEGE - ROMEOVILLE          ,IL,60446-0000,Proprietary  ,12,123,135,214,1284,1498
00869418,RASMUSSEN COLLEGE -  MOKENA             ,IL,60448-0000,Proprietary  ,9,61,70,84,703,787
00888000,MORRISON INSTITUTE OF TECHNOLOGY        ,IL,61270-2959,Private      ,1,0,1,132,40,172
00893800,GRAHAM HOSPITAL SCH OF NURSING          ,IL,61520-2497,Private      ,0,0,0,35,80,115
00893900,CANNELLA SCHOOL OF HAIR DESIGN          ,IL,60406-2130,Proprietary  ,1,5,6,36,85,121
00914500,GOVERNORS STATE UNIVERSITY              ,IL,60466-0975,Public       ,65,265,330,2993,7898,10891
00923200,CATHOLIC THEOLOGICAL UNION              ,IL,60615-0000,Private      ,0,1,1,7,64,71
00933300,UNIV OF ILLINOIS AT SPRINGFIELD         ,IL,62703-5407,Public       ,48,153,201,3049,3495,6544
00947500,EDUCATORS OF BEAUTY                     ,IL,61301-2404,Proprietary  ,0,3,3,22,30,52
00959500,CANNELLA SCHOOL OF HAIR DESIGN          ,IL,60617-4303,Proprietary  ,5,7,12,74,200,274
00976700,OLIVE-HARVEY COLLEGE                    ,IL,60628-1696,Public       ,74,247,321,2102,4885,6987
00978600,IL EASTERN COMM COLGS-LINCOLN TRAIL     ,IL,62454-5708,Public       ,10,15,25,402,406,808
00980000,RUSH UNIVERSITY                         ,IL,60612-3806,Private      ,11,86,97,426,3554,3980
00989600,OAKTON COMMUNITY COLLEGE                ,IL,60016-1268,Public       ,114,212,326,4205,3781,7986
00998700,SAINT ANTHONY COLLEGE OF NURSING        ,IL,61108-2468,Private      ,3,9,12,225,494,719
01002000,LEWIS AND CLARK COMMUNITY COLLEGE       ,IL,62035-2466,Public       ,70,148,218,2524,2666,5190
01050100,LAKEVIEW  COLLEGE OF NURSING            ,IL,61832-3781,Private      ,1,5,6,224,350,574
01069500,TRI-COUNTY BEAUTY ACADEMY               ,IL,62056-2036,Proprietary  ,2,2,4,16,25,41
01071000,CAPITAL AREA SCH OF PRAC NRSG           ,IL,62707-0000,Public       ,6,17,23,80,501,581
01072700,DEVRY UNIVERSITY                        ,IL,60618-5994,Proprietary  ,284,3651,3935,8230,66495,74725
01083600,PIVOT POINT ACADEMY                     ,IL,60108-4367,Proprietary  ,4,12,16,148,277,425
01087900,RICHLAND COMMUNITY COLLEGE              ,IL,62521-8513,Public       ,40,133,173,1243,2221,3464
01091303,ROCKFORD CAREER COLLEGE                 ,IL,61108-3900,Proprietary  ,24,116,140,368,1270,1638
01181000,TAYLOR BUSINESS INSTITUTE               ,IL,60606-5111,Proprietary  ,3,13,16,54,192,246
01185800,EVEREST COLLEGE                         ,IL,60077-1074,Private      ,0,0,0,29,85,114
01185802,EVEREST COLLEGE - BURR RIDGE            ,IL,60527-7826,Private      ,0,0,0,15,42,57
01185803,EVEREST COLLEGE - MELROSE PARK          ,IL,60160-1526,Private      ,0,0,0,54,142,196
01236200,NORTHWESTERN COLLEGE                    ,IL,60630-2298,Proprietary  ,60,229,289,1686,3838,5524
01238500,BLOOMINGTON-NORMAL SCH RADIOGRAPHY      ,IL,61761-4604,Private      ,2,1,3,28,54,82
01258400,ILLINOIS INSTITUTE OF ART (THE)         ,IL,60654-1593,Proprietary  ,111,184,295,3962,3313,7275
01281300,JOHN WOOD COMMUNITY COLLEGE             ,IL,62305-0401,Public       ,34,65,99,1211,1395,2606
01308800,CAPRI OAK FOREST COLLEGE OF BEAUTY      ,IL,60452-2798,Proprietary  ,9,13,22,109,130,239
02055200,HARRINGTON COLLEGE OF DESIGN            ,IL,60606-3433,Proprietary  ,0,2,2,179,368,547
02068100,ADLER SCH OF PROFESSIONAL PSYCHLGY      ,IL,60601-0000,Private      ,1,67,68,109,1830,1939
02069300,VATTEROTT COLLEGE                       ,IL,62305-5938,Proprietary  ,8,33,41,86,278,364
02073200,TELSHE YESHIVA-CHICAGO                  ,IL,60625-0000,Private      ,2,0,2,46,13,59
02074400,IL EASTERN COMM COLGS-FRONTIER          ,IL,62837-0000,Public       ,9,29,38,188,333,521
02113600,AMERICAN INTERCONTINENTAL UNIVERSITY    ,IL,60173-2007,Proprietary  ,245,3278,3523,1595,27488,29083
02117400,BECK AREA CAREER CENTER                 ,IL,62278-0000,Public       ,2,3,5,35,163,198
02124400,UNIVERSITY OF SPA & COSMETOLOGY ART     ,IL,62704-0000,Proprietary  ,7,22,29,121,258,379
02150600,COSMETOLOGY AND SPA INSTITUTE (THE)     ,IL,60014-4003,Proprietary  ,18,44,62,118,230,348
02155300,THE CHICAGO SCHOOL OF PROF PSYCHOLOGY   ,IL,60610-4705,Private      ,3,155,158,107,5904,6011
02160300,SANFORD-BROWN COLLEGE                   ,IL,60606-3433,Proprietary  ,0,6,6,158,233,391
02168600,EAST WEST UNIVERSITY                    ,IL,60605-0000,Private      ,18,33,51,1216,1267,2483
02179900,ARGOSY UNIVERSITY                       ,IL,60601-7757,Proprietary  ,390,3258,3648,5725,32491,38216
02185400,ST AUGUSTINE COLLEGE                    ,IL,60640-0000,Private      ,52,138,190,745,2182,2927
02192400,MR JOHNS SCHOOL OF COSMETOLOGY          ,IL,62521-0000,Proprietary  ,6,13,19,35,106,141
02202600,CANNELLA SCHOOL OF HAIR DESIGN          ,IL,60181-1321,Proprietary  ,1,2,3,17,43,60
02214100,RESURRECTION UNIVERSITY                 ,IL,60622-1711,Private      ,6,32,38,270,985,1255
02228100,MAC DANIEL'S BEAUTY SCHOOL              ,IL,60640-0000,Proprietary  ,4,6,10,54,115,169
02261200,HAIR PROFESSIONALS ACAD COSMETOLOGY     ,IL,60118-0000,Proprietary  ,5,34,39,49,256,305
02261201,HAIR PROFESSIONALS ACADEMY OF COSMETOLOG,IL,60118-9333,Proprietary  ,0,4,4,4,22,26
02262100,HAIR PROFESSIONALS SCH COSMETOLOGY      ,IL,60543-0000,Proprietary  ,2,8,10,33,57,90
02291200,CANNELLA SCHOOL OF HAIR DESIGN          ,IL,60639-0000,Proprietary  ,1,7,8,57,169,226
02295500,CANNELLA SCHOOL OF HAIR DESIGN          ,IL,60120-0000,Proprietary  ,0,3,3,13,64,77
02297500,OEHRLEIN SCHOOL OF COSMETOLOGY          ,IL,61611-0000,Proprietary  ,1,10,11,59,99,158
02312300,LA' JAMES COLLEGE HAIRSTYLING           ,IL,61244-0000,Proprietary  ,2,7,9,16,56,72
02313900,WESTWOOD COLLEGE - O'HARE AIRPORT       ,IL,60631-2801,Proprietary  ,0,6,6,217,523,740
02317300,CONCEPT COLLEGE OF COSMETOLOGY          ,IL,61832-0000,Proprietary  ,10,16,26,47,117,164
02319200,LAKE FOREST GRAD SCHL OF MGMT           ,IL,60045-4824,Private      ,0,32,32,7,226,233
02323300,PROFESSIONAL'S CHOICE HAIR DSN ACAD     ,IL,60435-0000,Proprietary  ,2,3,5,39,67,106
02332200,HAIR PROFESSIONALS CAREER COLLEGE       ,IL,60178-0000,Proprietary  ,2,6,8,23,61,84
02349400,ALVAREITA'S COLLEGE OF COSMETOLOGY      ,IL,62035-0000,Proprietary  ,0,0,0,5,3,8
02349500,CANNELLA SCHOOL OF HAIR DESIGN          ,IL,60632-0000,Proprietary  ,7,9,16,113,240,353
02352200,LE CORDON BLEU COLLEGE OF CULINARY ARTS ,IL,60610-3050,Proprietary  ,13,36,49,780,1632,2412
02498200,G SKIN & BEAUTY INSTITUTE               ,IL,60523-1805,Proprietary  ,10,59,69,115,374,489
02498201,HAIR PROFESSIONALS ACADEMY OF COSMETOLOG,IL,60563-0000,Proprietary  ,0,4,4,15,44,59
02522800,FOX COLLEGE                             ,IL,60638-1999,Proprietary  ,17,26,43,439,557,996
02536700,BELL MAR BEAUTY COLLEGE                 ,IL,60650-0000,Proprietary  ,3,13,16,38,81,119
02556100,ENVIRONMENTAL TECHNICAL INSTITUTE       ,IL,60143-0000,Proprietary  ,16,42,58,69,258,327
02556600,NILES SCHOOL OF COSMETOLOGY             ,IL,60714-0000,Proprietary  ,2,8,10,20,57,77
02573700,INSTITUTE FOR CLINICAL SOCIAL WORK      ,IL,60605-1229,Private      ,2,8,10,50,273,323
02584900,"FIRST INSTITUTE, INC.                   ",IL,60014-7489,Proprietary  ,8,35,43,102,266,368
02587700,HAIR PROFESSIONALS CAREER COLLEGE       ,IL,60465-1929,Proprietary  ,5,14,19,47,107,154
02599716,VATTEROTT COLLEGE - FAIRVIEW HEIGHTS    ,IL,62208-2029,Proprietary  ,22,99,121,224,850,1074
02622700,KNOWLEDGE SYSTEMS INSTITUTE             ,IL,60076-0000,Private      ,0,1,1,1,10,11
03002000,HAIRMASTERS INST OF COSMETOLOGY         ,IL,61701-5547,Proprietary  ,4,9,13,35,87,122
03027702,PACIFIC COLLEGE OF ORIENTAL MEDICINE - C,IL,60601-7296,Proprietary  ,1,13,14,20,247,267
03065300,TREND SETTERS COLL OF COSMETOLOGY       ,IL,60915-0000,Proprietary  ,6,10,16,55,102,157
03065301,PAUL MITCHELL THE SCHOOL TINLEY PARK    ,IL,60477-6273,Proprietary  ,12,33,45,181,279,460
03072701,WESTWOOD COLLEGE - RIVER OAKS           ,IL,60409-5503,Proprietary  ,0,3,3,138,523,661
03072702,WESTWOOD COLLEGE OF TECHNOLOGY          ,IL,60602-0000,Proprietary  ,0,8,8,224,816,1040
03078400,CAMEO BEAUTY ACADEMY                    ,IL,60453-3196,Proprietary  ,2,14,16,51,119,170
03079200,WESTWOOD COLLEGE - DUPAGE               ,IL,60517-2321,Proprietary  ,4,10,14,134,343,477
03082900,ROSEL SCHOOL OF COSMETOLOGY             ,IL,60659-1913,Proprietary  ,5,17,22,49,152,201
03083800,HEARTLAND COMMUNITY COLLEGE             ,IL,61761-9446,Public       ,51,110,161,2681,2278,4959
03098000,ST JOHN'S COLLEGE OF NURSING            ,IL,62702-5321,Private      ,2,3,5,128,261,389
03098002,ST JOHN'S HOSP SCH MED TECH             ,IL,62769-5324,Private      ,0,0,0,23,77,100
03099700,CAIN'S BARBER COLLEGE                   ,IL,60615-3510,Proprietary  ,8,22,30,118,409,527
03099800,ILLINOIS SCHOOL OF HEALTH CAREERS       ,IL,60604-0000,Proprietary  ,0,0,0,132,330,462
03101800,ILLINOIS CENTER FOR BROADCASTING        ,IL,60148-7015,Proprietary  ,16,74,90,114,358,472
03128500,NATIONAL LATINO EDUCATION INSTITUTE     ,IL,60609-2205,Private      ,4,6,10,66,142,208
03199300,CHRISTIAN LIFE COLLEGE                  ,IL,60056-2522,Private      ,1,0,1,15,23,38
03368300,MIDWEST TECHNICAL INSTITUTE             ,IL,62707-8805,Proprietary  ,136,664,800,1337,4234,5571
03416300,COMPUTER SYSTEMS INSTITUTE              ,IL,60077-0000,Proprietary  ,25,105,130,460,1466,1926
03448300,BUSINESS INDUSTRIAL RESOURCES           ,IL,60659-1298,Proprietary  ,6,14,20,40,125,165
03455700,CORTIVA INSTITUTE - CHICAGO             ,IL,60602-3315,Proprietary  ,25,84,109,197,515,712
03455701,CORTIVA INSTITUTE - CHICAGO             ,IL,60014-6285,Proprietary  ,0,2,2,21,59,80
03490300,PAUL MITCHELL THE SCHOOL CHICAGO        ,IL,60607-0000,Proprietary  ,16,41,57,61,92,153
03490301,PAUL MITCHELL THE SCHOOL CHICAGO        ,IL,60607-0000,Proprietary  ,0,0,0,505,642,1147
03490302,PAUL MITCHELL THE SCHOOL ESCANABA - PAUL,IL,60148-0000,Proprietary  ,9,4,13,138,150,288
03510300,ERIKSON INSTITUTE                       ,IL,60654-4510,Private      ,0,7,7,8,349,357
03643300,"MR. JOHN'S SCHOOL OF JACKSONVILLE,  INC,",IL,62650-3488,Proprietary  ,3,5,8,19,29,48
03684300,NORTHSHORE UNIVERSITY HEALTHSYSTEM SCHOO,IL,60201-9872,Private      ,0,3,3,10,65,75
03881400,EUROPEAN MASSAGE THERAPY SCHOOL         ,IL,60077-2269,Proprietary  ,5,33,38,33,175,208
03891300,SOMA INSTITUTE - THE NATIONAL SCHOOL OF ,IL,60604-4466,Proprietary  ,7,33,40,57,187,244
03914300,"CALC, INSTITUTE OF TECHNOLOGY           ",IL,62002-5946,Proprietary  ,5,32,37,40,247,287
04117500,SOLEX MEDICAL ACADEMY                   ,IL,60090-3104,Proprietary  ,0,0,0,5,17,22
04117600,LARRY'S BARBER COLLEGE                  ,IL,60628-2322,Proprietary  ,8,41,49,125,481,606
04118400,CHICAGO ORT TECHNICAL INSTITUTE         ,IL,60077-3210,Private      ,8,48,56,69,325,394
04124700,AMBRIA COLLEGE OF NURSING               ,IL,60192-3712,Proprietary  ,5,47,52,141,1003,1144
04136900,UNIVERSITY OF AESTHETICS (THE)          ,IL,60622-2151,Proprietary  ,2,5,7,15,81,96
04137000,UNIVERSITY OF AESTHETICS & COSMETOLOGY (,IL,60515-4607,Proprietary  ,1,1,2,22,57,79
04137500,TRICOCI UNIVERSITY OF BEAUTY CULTURE    ,IL,60656-1805,Proprietary  ,18,41,59,237,383,620
04139000,MIDWESTERN CAREER COLLEGE               ,IL,60606-3103,Proprietary  ,10,54,64,85,670,755
04141000,AVEDA INSTITUTE CHICAGO                 ,IL,60647-0000,Proprietary  ,15,28,43,254,413,667
04147100,TRICOCI UNIVERSITY OF BEAUTY CULTURE    ,IL,60048-2906,Proprietary  ,7,12,19,118,157,275
04147200,TRICOCI UNIVERSITY OF BEAUTY CULTURE    ,IL,60455-1824,Proprietary  ,13,25,38,112,232,344
04147300,TRICOCI UNIVERSITY OF BEAUTY CULTURE    ,IL,60139-3119,Proprietary  ,16,18,34,126,151,277
04147400,TRICOCI UNIVERSITY OF BEAUTY CULTURE    ,IL,61614-4831,Proprietary  ,9,18,27,84,178,262
04147500,TRICOCI UNIVERSITY OF BEAUTY CULTURE    ,IL,61108-2337,Proprietary  ,3,25,28,90,193,283
04160600,PAUL MITCHELL THE SCHOOL NORMAL         ,IL,61761-0000,Proprietary  ,8,13,21,105,128,233
04167800,INNOVATIONS DESIGN ACADEMY              ,IL,61520-2625,Proprietary  ,11,3,14,32,64,96
04168500,SOLEX COLLEGE                           ,IL,60090-3192,Proprietary  ,2,11,13,21,201,222
04170800,UNITY COSMETOLOGY COLLEGE               ,IL,61764-9652,Proprietary  ,3,3,6,22,30,52
04174900,SKIN CARE AND SPA INSTITUTE             ,IL,60077-2200,Proprietary  ,2,26,28,18,146,164
04175000,UNIVERSAL SPA TRAINING ACADEMY          ,IL,60515-0000,Proprietary  ,6,17,23,34,155,189
04175800,J RENEE CAREER FACILITATION             ,IL,60014-7986,Proprietary  ,3,22,25,20,188,208
04179100,PCCTI  IT & HEALTHCARE                  ,IL,60523-0000,Proprietary  ,2,45,47,27,562,589
04187400,COSMETOLOGY CONCEPTS                    ,IL,60452-2501,Proprietary  ,9,27,36,109,282,391
04189200,SALON PROFESSIONAL ACADEMY (THE)        ,IL,60404-8789,Proprietary  ,0,8,8,43,69,112
04189400,SHEAR LEARNING ACADEMY OF COSMETOLOGY   ,IL,62523-1208,Proprietary  ,1,11,12,9,52,61
04189600,STATE CAREER SCHOOL                     ,IL,60085-5129,Proprietary  ,7,27,34,50,169,219
04192000,CURVE METRIC SCHOOL OF HAIR DESIGN      ,IL,60707-1118,Proprietary  ,0,1,1,11,35,46
04195600,TRIBECA FLASHPOINT MEDIA ARTS ACADEMY   ,IL,60602-2716,Proprietary  ,10,22,32,446,348,794
04224400,NETWORKS BARBER COLLEGE                 ,IL,60409-3401,Proprietary  ,2,4,6,17,48,65
04224500,TRENZ BEAUTY ACADEMY                    ,IL,60409-0000,Proprietary  ,5,10,15,24,94,118
04225300,CREATIVE TOUCH COSMETOLOGY SCHOOL       ,IL,62298-1609,Proprietary  ,2,0,2,10,17,27
04227900,MORTHLAND COLLEGE                       ,IL,62896-2742,Private      ,5,7,12,151,49,200
04229900,DEBUTANTES SCHOOL OF COSMETOLOGY AND NAI,IL,60115-3301,Proprietary  ,2,4,6,26,72,98
04230800,COSMETOLOGY TRAINING CENTER             ,IL,60165-1043,Proprietary  ,2,6,8,8,13,21
04232300,HVAC TECHNICAL INSTITUTE                ,IL,60632-4457,Proprietary  ,5,39,44,68,247,315
04254000,ULTIMATE TOUCH BARBER COLLEGE           ,IL,60471-1404,Proprietary  ,0,3,3,0,3,3
11072707,DEVRY UNIVERSITY - DOWNERS              ,IL,60515-0000,Proprietary  ,13,180,193,464,5237,5701
00195100,ALICE LLOYD COLLEGE                     ,KY,41844-9703,Private      ,25,13,38,1274,260,1534
00195200,ASBURY COLLEGE                          ,KY,40390-1198,Private      ,17,27,44,1785,793,2578
00195300,ASBURY THEOLOGICAL SEMINARY             ,KY,40390-0000,Private      ,0,38,38,19,1237,1256
00195400,BELLARMINE UNIVERSITY                   ,KY,40205-1877,Private      ,95,103,198,5669,2162,7831
00195500,BEREA COLLEGE                           ,KY,40403-0000,Private      ,43,31,74,3152,842,3994
00195800,BRESCIA UNIVERSITY                      ,KY,42301-3023,Private      ,22,63,85,1126,1107,2233
00195900,CAMPBELLSVILLE UNIVERSITY               ,KY,42718-2799,Private      ,60,123,183,2975,1997,4972
00196000,SPALDING UNIVERSITY                     ,KY,40203-2188,Private      ,30,119,149,1533,2932,4465
00196100,CENTRE COLLEGE                          ,KY,40422-1394,Private      ,15,7,22,2549,162,2711
00196200,UNIVERSITY OF THE CUMBERLANDS           ,KY,40769-1372,Private      ,57,299,356,2764,4496,7260
00196300,EASTERN KENTUCKY UNIVERSITY             ,KY,40475-3102,Public       ,283,425,708,15354,11284,26638
00196400,GEORGETOWN COLLEGE                      ,KY,40324-1628,Private      ,29,89,118,2003,869,2872
00196500,KENTUCKY CHRISTIAN UNIVERSITY           ,KY,41143-2205,Private      ,17,14,31,1052,326,1378
00196800,KENTUCKY STATE UNIVERSITY               ,KY,40601-2355,Public       ,32,57,89,2823,1952,4775
00196900,KENTUCKY WESLEYAN COLLEGE               ,KY,42301-6057,Private      ,21,19,40,1395,405,1800
00197100,LEXINGTON THEOLOGICAL SEMINARY          ,KY,40508-0000,Private      ,0,2,2,7,76,83
00197200,LINDSEY WILSON COLLEGE                  ,KY,42728-1223,Private      ,57,67,124,3094,1887,4981
00197400,LOUISVILLE PRESBYTERIAN THEOL SEM       ,KY,40205-0000,Private      ,1,3,4,17,160,177
00197500,MIDWAY UNIVERSITY                       ,KY,40347-1120,Private      ,13,87,100,555,1566,2121
00197600,MOREHEAD STATE UNIVERSITY               ,KY,40351-1689,Public       ,140,223,363,8698,5226,13924
00197700,MURRAY STATE UNIVERSITY                 ,KY,42071-0009,Public       ,113,142,255,8147,4591,12738
00197900,WEST KENTUCKY CMNTY & TECHNICAL COLG    ,KY,42002-7380,Public       ,52,210,262,2266,4182,6448
00198000,UNIVERSITY OF PIKEVILLE                 ,KY,41501-1194,Private      ,65,41,106,2541,1681,4222
00198300,ST. CATHARINE COLLEGE                   ,KY,40061-9499,Private      ,12,11,23,779,324,1103
00198700,TRANSYLVANIA UNIVERSITY                 ,KY,40508-1797,Private      ,30,8,38,2130,310,2440
00198800,UNION COLLEGE                           ,KY,40906-1499,Private      ,31,46,77,1333,771,2104
00198900,UNIVERSITY OF KENTUCKY                  ,KY,40506-0054,Public       ,422,261,683,27337,10429,37766
00198901,UNIV OF KY-COLLEGE OF DENTISTRY         ,KY,40536-0000,Public       ,0,3,3,58,306,364
00198902,UNIV OF KY-COLLEGE OF MEDICINE          ,KY,40536-0000,Public       ,2,7,9,104,628,732
00199000,ASHLAND COMMUNITY AND TECHNICAL COLLEGE ,KY,41101-3683,Public       ,32,187,219,1493,3067,4560
00199100,ELIZABETHTOWN COMMUNITY  AND TECHNICAL C,KY,42701-3081,Public       ,83,308,391,2766,4809,7575
00199300,HENDERSON COMMUNITY COLLEGE             ,KY,42420-4699,Public       ,18,67,85,681,1383,2064
00199400,HOPKINSVILLE COMMUNITY COLLEGE          ,KY,42241-2621,Public       ,30,248,278,1046,4084,5130
00199600,BIG SANDY COMMUNITY AND TECHNICAL COLG  ,KY,41653-1815,Public       ,66,230,296,2257,3469,5726
00199700,SOMERSET COMMUNITY COLLEGE              ,KY,42501-2973,Public       ,93,320,413,3066,6578,9644
00199800,SOUTHEAST KENTUCKY COMMUNITY AND TECHNIC,KY,40823-1099,Public       ,53,213,266,1343,2465,3808
00199900,UNIVERSITY OF LOUISVILLE                ,KY,40292-0000,Public       ,236,339,575,17455,12740,30195
00200100,THOMAS MORE COLLEGE                     ,KY,41017-3495,Private      ,33,92,125,1696,900,2596
00200200,WESTERN KENTUCKY UNIVERSITY             ,KY,42101-3576,Public       ,357,363,720,17374,9750,27124
00461800,SPENCERIAN COLLEGE                      ,KY,40216-2605,Proprietary  ,25,111,136,464,1532,1996
00461900,SULLIVAN UNIVERSITY                     ,KY,40205-3031,Proprietary  ,127,439,566,1940,5547,7487
00493402,DAYMAR COLLEGE - BOWLING GREEN          ,KY,42101-4063,Proprietary  ,15,67,82,124,568,692
00493406,DAYMAR COLLEGE - RUSSELLVILLE           ,KY,42276-1622,Proprietary  ,2,11,13,19,106,125
00524400,BLUEGRASS COMMUNITY & TECHNICAL COLLEGE ,KY,40506-0235,Public       ,158,444,602,5906,9579,15485
00527100,BOWLING GREEN TECHNICAL COLLEGE         ,KY,42101-3601,Public       ,45,147,192,2095,3606,5701
00527300,GATEWAY COMMUNITY & TECHNOLOGY COLL     ,KY,41011-0000,Public       ,73,244,317,1819,4062,5881
00696000,MAYSVILLE CMNTY & TECHNCL COLG          ,KY,41056-8910,Public       ,45,220,265,1313,3172,4485
00696100,JEFFERSON COMMUNITY AND TECHNICAL COLLEG,KY,40202-2005,Public       ,166,456,622,7209,12715,19924
00696200,HAZARD COMMUNITY COLLEGE                ,KY,41701-2402,Public       ,33,153,186,1358,2411,3769
00696203,KY TECH-KNOTT CO. TECHNOLOGY CTR        ,KY,41822-0000,Public       ,0,0,0,5,21,26
00696204,KY TECH-LESLIE COUNTY AREA TECH CTR     ,KY,41749-0000,Public       ,0,0,0,7,15,22
00696205,KY TECH-LEE COUNTY AREA TECH CTR        ,KY,41311-0000,Public       ,0,0,0,1,7,8
00696206,KY TECH-LETCHER CNTY AREA TECH CTR      ,KY,41858-0000,Public       ,2,6,8,28,78,106
00696207,KY TECH-BREATHITT COUNTY VOC ED CTR     ,KY,41339-0000,Public       ,3,8,11,26,70,96
00736205,MEDTECH COLLEGE - LEXINGTON             ,KY,40511-1200,Proprietary  ,13,51,64,156,795,951
00842500,DAYMAR COLLEGE                          ,KY,42001-0000,Proprietary  ,0,0,0,21,114,135
00901000,MADISONVILLE COMMUNITY COLLEGE          ,KY,42431-9199,Public       ,25,111,136,1131,2339,3470
00927500,NORTHERN KENTUCKY UNIVERSITY            ,KY,41099-0001,Public       ,171,223,394,11535,7280,18815
00931300,DAYMAR COLLEGE                          ,KY,42301-5830,Proprietary  ,2,46,48,64,752,816
00931302,DAYMAR COLLEGE - LOUISVILLE             ,KY,40219-1973,Proprietary  ,0,0,0,34,61,95
00931305,DAYMAR COLLEGE - BELLEVUE               ,KY,41073-2416,Proprietary  ,1,25,26,6,67,73
00931309,DAYMAR COLLEGE - LOUISVILLE EAST        ,KY,40245-1629,Proprietary  ,0,0,0,11,28,39
00931310,DAYMAR COLLEGE -  MADISONVILLE          ,KY,42431-0000,Proprietary  ,3,14,17,34,216,250
01042400,SALON PROFESSIONAL ACADEMY THE          ,KY,40502-0000,Proprietary  ,5,30,35,118,341,459
01048901,NATIONAL COLLEGE - FLORENCE CAMPUS      ,KY,41042-1812,Proprietary  ,2,21,23,37,210,247
01048902,NATIONAL COLLEGE - PIKEVILLE CAMPUS     ,KY,41501-1518,Proprietary  ,9,41,50,166,578,744
01048903,NATIONAL COLLEGE - DANVILLE CAMPUS      ,KY,40422-1517,Proprietary  ,6,34,40,41,294,335
01048904,NATIONAL COLLEGE - RICHMOND CAMPUS      ,KY,40475-2309,Proprietary  ,4,28,32,54,307,361
01048906,NATIONAL COLLEGE - LOUISVILLE CAMPUS    ,KY,40216-4147,Proprietary  ,7,68,75,95,636,731
01048907,NATIONAL COLLEGE - LEXINGTON CAMPUS     ,KY,40509-2256,Proprietary  ,3,37,40,68,508,576
01172500,COLLINS SCHOOL OF COSMETOLOGY           ,KY,40965-2809,Proprietary  ,0,3,3,29,56,85
01208800,SULLIVAN COLLEGE OF TECHNOLOGY AND DESIG,KY,40218-4528,Proprietary  ,31,85,116,594,947,1541
01272300,KY TECH-WAYNE COUNTY AREA TECH CTR      ,KY,42633-1088,Public       ,0,0,0,7,11,18
02159100,"APPALACHIAN BEAUTY SCHOOL, INC.         ",KY,41503-0000,Proprietary  ,3,1,4,35,80,115
02251500,TREND SETTERS ACAD OF BEAUTY CULT       ,KY,40258-0000,Proprietary  ,7,31,38,74,258,332
02275000,JENNY LEA ACADEMY OF COSMETOLOGY        ,KY,40831-0000,Proprietary  ,4,26,30,59,210,269
02284306,INTERACTIVE LEARNING SYSTEMS            ,KY,41042-0000,Proprietary  ,3,20,23,23,144,167
02323700,PAT WILSON'S BEAUTY COLLEGE             ,KY,42420-0000,Proprietary  ,0,0,0,3,65,68
02337200,PJ'S COLLEGE OF COSMETOLOGY             ,KY,42101-0000,Proprietary  ,11,38,49,133,456,589
02340800,PAUL MITCHELL THE SCHOOL LEXINGTON      ,KY,40514-1545,Proprietary  ,20,22,42,231,343,574
02351700,PAUL MITCHELL THE SCHOOL - LOUISVILLE   ,KY,40222-0000,Proprietary  ,14,39,53,230,367,597
02491100,BECKFIELD COLLEGE                       ,KY,41042-0000,Proprietary  ,20,154,174,296,2189,2485
02518900,BARRETT & COMPANY SCH HAIR DESIGN       ,KY,40356-0000,Proprietary  ,2,10,12,39,138,177
02526100,JENNY LEA ACADEMY OF COSMETOLOGY        ,KY,41858-0000,Proprietary  ,0,6,6,37,77,114
02535600,CLEAR CREEK BAPTIST BIBLE COLLEGE       ,KY,40977-0000,Private      ,0,5,5,50,136,186
02551100,PJ'S COLLEGE OF COSMETOLOGY             ,KY,42141-2434,Proprietary  ,1,10,11,48,89,137
02560800,SOUTHEAST SCHOOL OF COSMETOLOGY         ,KY,40962-0000,Proprietary  ,0,0,0,31,67,98
03002100,KENTUCKY MOUNTAIN BIBLE COLLEGE         ,KY,41385-0010,Private      ,3,4,7,58,46,104
03007000,FRONTIER SCH OF MIDWIFERY&FAMILY NU     ,KY,41749-0000,Private      ,0,287,287,11,2342,2353
03026200,HEAD'S WEST KENTUCKY BEAUTY COLLEGE     ,KY,42431-0000,Proprietary  ,2,4,6,26,93,119
03029200,NU-TEK ACADEMY OF BEAUTY                ,KY,40353-9767,Proprietary  ,2,6,8,17,38,55
03034500,OWENSBORO COMMUNITY & TECHNICAL COLLEGE ,KY,42303-1899,Public       ,29,131,160,1712,2591,4303
03083700,GALEN HEALTH INSTITUTES                 ,KY,40207-1047,Proprietary  ,73,531,604,1130,7299,8429
03611300,BRIGHTON CENTER'S CENTER FOR EMPLOY     ,KY,41071-1968,Private      ,2,27,29,11,124,135
03804300,BELLEFONTE ACADEMY OF BEAUTY            ,KY,41169-2015,Proprietary  ,4,30,34,42,187,229
03885300,EMPLOYMENT SOLUTIONS                    ,KY,40517-3260,Private      ,6,43,49,74,367,441
04038300,ATA CAREER EDUCATION                    ,KY,40223-3832,Proprietary  ,20,104,124,227,1142,1369
04038701,IDEAL BEAUTY ACADEMY - LOUISVILLE       ,KY,40223-5606,Proprietary  ,3,13,16,62,141,203
04051316,ART INSTITUTE OF PHOENIX (THE) - ATS - (,KY,41017-2136,Proprietary  ,0,1,1,32,166,198
04051319,ART INSTITUTE OF PHOENIX (THE) - BROWN M,KY,40219-1916,Proprietary  ,4,22,26,151,427,578
04051320,ART INSTITUTE OF PHOENIX (THE) - BROWN M,KY,42240-3579,Proprietary  ,1,11,12,38,252,290
04123900,LEXINGTON HEALING ARTS ACADEMY          ,KY,40503-1932,Proprietary  ,3,23,26,47,216,263
04177600,LINDSEY INSTITUTE OF COSMETOLOGY        ,KY,42103-8036,Proprietary  ,5,4,9,84,103,187
04177700,TRI-STATE INSTITUTE OF HAIR DESIGN      ,KY,40744-5234,Proprietary  ,5,15,20,38,144,182
04178000,SIMMONS COLLEGE OF KENTUCKY             ,KY,40203-3322,Private      ,4,21,25,107,328,435
04204800,AMERICAN COLLEGE OF BARBERING           ,KY,40229-2862,Proprietary  ,5,26,31,55,224,279
04229300,MEDQUEST COLLEGE                        ,KY,40243-1882,Proprietary  ,14,32,46,118,275,393
04239600,KENTUCKY HORSESHOEING SCHOOL            ,KY,40475-1810,Proprietary  ,4,8,12,5,9,14
04240600,TRI-STATE BARBER COLLEGE                ,KY,41101-7746,Proprietary  ,0,7,7,6,23,29
04247700,REGINA WEBB ACADEMY                     ,KY,42104-4457,Proprietary  ,3,3,6,7,23,30
04249000,MEDICAL CAREER & TECHNICAL COLLEGE      ,KY,40475-2614,Proprietary  ,3,39,42,3,39,42
00200300,CENTENARY COLLEGE OF LOUISIANA          ,LA,71104-3396,Private      ,13,14,27,925,400,1325
00200400,DILLARD UNIVERSITY                      ,LA,70122-3097,Private      ,64,44,108,2950,1469,4419
00200500,NICHOLLS STATE UNIVERSITY               ,LA,70310-0001,Public       ,62,106,168,5931,3158,9089
00200600,GRAMBLING STATE UNIVERSITY              ,LA,71245-2215,Public       ,147,170,317,5147,4333,9480
00200700,LOUISIANA COLLEGE                       ,LA,71359-0000,Private      ,22,42,64,1128,704,1832
00200800,LOUISIANA TECH UNIVERSITY               ,LA,71272-0001,Public       ,142,174,316,9187,3413,12600
00201000,LOUISIANA STATE UNIV & A&M COLG         ,LA,70803-5710,Public       ,350,274,624,28714,9334,38048
00201100,LOUISIANA STATE UNIV-ALEXANDRIA         ,LA,71302-9121,Public       ,36,97,133,2571,2352,4923
00201200,LOUISIANA STATE UNIV-EUNICE             ,LA,70535-6726,Public       ,41,71,112,2250,1902,4152
00201300,LOUISIANA STATE UNIV-SHREVEPORT         ,LA,71115-2399,Public       ,47,271,318,2956,5181,8137
00201400,LA STATE UNIV HEALTH SCIENCES CTR       ,LA,70112-2223,Public       ,2,59,61,662,2693,3355
00201500,(THE) UNIVERSITY OF NEW ORLEANS         ,LA,70148-0001,Public       ,113,218,331,7127,7218,14345
00201600,LOYOLA UNIVERSITY NEW ORLEANS           ,LA,70118-6195,Private      ,78,71,149,4733,2755,7488
00201700,MCNEESE STATE UNIVERSITY                ,LA,70609-4510,Public       ,98,141,239,6224,4093,10317
00201900,NEW ORLEANS BAPTIST THEOL SEMINARY      ,LA,70126-0000,Private      ,0,13,13,59,269,328
00202000,UNIVERSITY OF LOUISIANA AT MONROE       ,LA,71209-9001,Public       ,91,174,265,7433,5127,12560
00202100,NORTHWESTERN STATE UNIVERSITY           ,LA,71497-0001,Public       ,121,316,437,6193,6233,12426
00202200,NOTRE DAME SEMINARY                     ,LA,70118-0000,Private      ,0,3,3,9,34,43
00202300,OUR LADY OF HOLY CROSS COLLEGE          ,LA,70131-7399,Private      ,11,47,58,704,1617,2321
00202400,SOUTHEASTERN LOUISIANA UNIV             ,LA,70402-0001,Public       ,202,175,377,11922,5922,17844
00202500,SOUTHERN UNIVERSITY A & M COLLEGE       ,LA,70813-9374,Public       ,170,223,393,8833,7320,16153
00202600,SOUTHERN UNIV NEW ORLEANS               ,LA,70126-0002,Public       ,63,169,232,2468,4930,7398
00202700,ST JOSEPH SEMINARY COLLEGE              ,LA,70457-9990,Private      ,1,0,1,68,19,87
00202900,TULANE UNIVERSITY                       ,LA,70118-5698,Private      ,163,156,319,13445,6965,20410
00203100,UNIV OF LOUISIANA AT LAFAYETTE          ,LA,70504-0000,Public       ,265,299,564,16744,7534,24278
00203200,XAVIER UNIVERSITY OF LOUISIANA          ,LA,70125-1098,Private      ,110,47,157,5392,2182,7574
00462100,AYERS CAREER COLLEGE                    ,LA,71108-5845,Proprietary  ,8,49,57,92,502,594
00462500,DELGADO COMMUNITY COLLEGE               ,LA,70119-0000,Public       ,303,903,1206,8663,19632,28295
00546700,SOWELA TECHNICAL COMMUNITY COLLEGE      ,LA,70616-6950,Public       ,49,98,147,1840,2381,4221
00546702,SOWELA TECHNICAL COMMUNITY COLLEGE - MOR,LA,70546-1327,Public       ,2,11,13,109,153,262
00548800,CAPITAL AREA TECHNICAL COLLEGE          ,LA,70805-0000,Public       ,13,40,53,302,805,1107
00548812,CAPITAL AREA TECHNICAL COLLEGE - FOLKES ,LA,70748-0000,Public       ,1,9,10,27,80,107
00548817,CAPITAL AREA TECHNICAL COLLEGE - JUMONVI,LA,70760-0000,Public       ,1,2,3,26,52,78
00548842,CAPITAL AREA TECHNICAL COLLEGE - WESTSID,LA,70765-0733,Public       ,0,6,6,41,116,157
00548900,CENTRAL LOUISIANA TECHNICAL COLLEGE     ,LA,71302-3137,Public       ,43,112,155,667,1585,2252
00552600,SOUTH CENTRAL LOUISIANA TECHNICAL COLG  ,LA,70381-2148,Public       ,5,27,32,128,371,499
00552602,SOUTH CENTRAL LOUISIANA TECHNICAL COLG  ,LA,70302-4336,Public       ,8,13,21,127,293,420
00552603,SOUTH CENTRAL LOUISIANA TECHNICAL COLG  ,LA,70084-6632,Public       ,27,41,68,481,708,1189
00576100,L. E. FLETCHER TECHNICAL COMMUNITY COLLE,LA,70360-2863,Public       ,37,95,132,1347,1508,2855
00675600,NORTHSHORE TECHNICAL COLLEGE            ,LA,70427-5866,Public       ,55,101,156,976,1459,2435
00768600,SOUTHERN UNIV AT SHREVEPORT/BOSSIER     ,LA,71107-4795,Public       ,70,174,244,1862,3302,5164
00806700,LSU HEALTH SCIENCES CENTR-SHREVEPOR     ,LA,71130-3932,Public       ,8,49,57,317,1194,1511
00989800,DEMMON SCHOOL OF BEAUTY                 ,LA,70607-2128,Proprietary  ,2,9,11,35,128,163
00997500,NORTHWEST LOUISIANA TECHNICAL COLLEGE   ,LA,71055-2422,Public       ,32,46,78,322,567,889
00997503,NORTHWEST LOUISIANA TECHNICAL COLLEGE   ,LA,71137-8527,Public       ,20,103,123,357,1301,1658
00997504,NORTHWEST LOUISIANA TECHNICAL COLLEGE   ,LA,71052-1236,Public       ,4,22,26,81,195,276
00997505,NORTHWEST LOUISIANA TECHNICAL COLLEGE   ,LA,71449-0790,Public       ,7,20,27,61,130,191
00997506,NORTHWEST LOUISIANA TECHNICAL COLLEGE   ,LA,71458-0657,Public       ,18,24,42,237,398,635
01109700,CLOYD'S BEAUTY SCHOOL #1                ,LA,71291-3131,Proprietary  ,1,13,14,46,148,194
01163100,"D-JAY'S SCHL OF BEAUTY, ARTS & SCI      ",LA,70806-0000,Proprietary  ,8,15,23,62,145,207
01184100,JOHN JAY BEAUTY COLLEGE                 ,LA,70124-2592,Proprietary  ,3,10,13,93,237,330
01282300,PAT GOINS RUSTON BEAUTY SCHOOL          ,LA,71270-4301,Proprietary  ,4,11,15,56,93,149
01287900,PAT GOINS BENTON ROAD BEAUTY SCHOOL     ,LA,71111-4838,Proprietary  ,5,17,22,33,142,175
01288000,CELEBRITY STYLIST BEAUTY SCHOOL         ,LA,71201-5167,Proprietary  ,5,8,13,49,110,159
01288001,CELEBRITY BARBER SCHOOL                 ,LA,71201-5133,Proprietary  ,0,2,2,8,26,34
02055400,BOSSIER PARISH COMMUNITY COLLEGE        ,LA,71111-0000,Public       ,140,388,528,3716,7106,10822
02055500,DELTA SCH OF BUSINESS & TECHNOLOGY      ,LA,70601-0000,Proprietary  ,9,29,38,128,459,587
02117800,AVEDA INSTITUTE LAFAYETTE               ,LA,70503-3246,Proprietary  ,17,27,44,206,306,512
02166100,NUNEZ COMMUNITY COLLEGE                 ,LA,70043-0000,Public       ,47,146,193,847,2264,3111
02166200,ITI TECHNICAL COLLEGE                   ,LA,70817-0000,Proprietary  ,38,77,115,626,1056,1682
02197500,BATON ROUGE SCHOOL OF COMPUTERS         ,LA,70809-8188,Proprietary  ,3,3,6,87,177,264
02234000,CAMERON COLLEGE                         ,LA,70119-0000,Proprietary  ,4,27,31,75,409,484
02258400,AVEDA INSTITUTE BATON ROUGE             ,LA,70816-2246,Proprietary  ,20,43,63,253,350,603
02260200,DIESEL DRIVING ACADEMY                  ,LA,71109-5617,Proprietary  ,13,83,96,89,633,722
02265600,JOHN JAY KENNER ACADEMY                 ,LA,70062-0000,Proprietary  ,1,8,9,37,121,158
02269300,STEVENSON'S ACADEMY OF HAIR DESIGN      ,LA,70116-0000,Proprietary  ,1,20,21,51,245,296
02327800,PINEVILLE BEAUTY SCHOOL                 ,LA,71360-0000,Proprietary  ,1,6,7,59,87,146
02335700,BATON ROUGE GENERAL MEDICAL CENTER      ,LA,70806-3889,Private      ,2,9,11,106,197,303
02335701,BATON ROUGE GEN MED CTR SCH NSG         ,LA,70821-0000,Private      ,1,5,6,116,354,470
02335702,BATON ROUGE GEN MED CTR-RAD TECH        ,LA,70806-0000,Private      ,1,4,5,83,164,247
02338000,"CLOYD'S BEAUTY SCHOOL #2, INC           ",LA,71202-3539,Proprietary  ,2,11,13,44,135,179
02352500,"CLOYD'S BEAUTY SCHOOL #3, INC           ",LA,71201-3211,Proprietary  ,4,10,14,47,135,182
02358600,"STAGE ONE THE HAIR SCHOOL, INC.         ",LA,70605-0000,Proprietary  ,7,11,18,84,184,268
02518300,SOUTH LOUISIANA BEAUTY COLLEGE          ,LA,70363-0000,Proprietary  ,2,6,8,44,62,106
02536400,LOUISIANA ACADEMY OF BEAUTY             ,LA,70535-0000,Proprietary  ,4,8,12,42,70,112
02538300,DELTA COLLEGE OF ARTS & TECH INC        ,LA,70806-1529,Proprietary  ,14,49,63,246,717,963
02538301,DELTA COLLEGE OF ARTS & TECHNOLOGY - LAF,LA,70508-6831,Proprietary  ,9,33,42,152,479,631
02548500,COSMETOLOGY TRAINING CENTER             ,LA,70503-0000,Proprietary  ,6,14,20,102,163,265
02554800,VANGUARD COLLEGE OF COSMETOLOGY         ,LA,70458-8823,Proprietary  ,24,49,73,256,383,639
02582200,"GUY'S ACADEMY HAIR, SKIN & NAILS        ",LA,71105-2404,Proprietary  ,6,14,20,60,149,209
02600900,AVEDA INSTITUTE                         ,LA,70433-2922,Proprietary  ,192,309,501,1407,2149,3556
02601000,AMERICAN SCHOOL OF BUSINESS             ,LA,71105-5646,Proprietary  ,3,10,13,40,211,251
02601100,OPELOUSAS SCHOOL OF COSMETOLOGY         ,LA,70570-6156,Proprietary  ,3,7,10,36,77,113
02619200,DENHAM SPRINGS BEAUTY COLLEGE           ,LA,70726-3829,Proprietary  ,5,12,17,69,117,186
03010400,CRESCENT CITY SCH GAMING & BARTENDG     ,LA,70119-5507,Proprietary  ,9,111,120,131,903,1034
03010624,VIRGINIA COLLEGE - BATON ROUGE          ,LA,70815-8604,Proprietary  ,3,29,32,166,631,797
03023500,CAMELOT CAREER COLLEGE                  ,LA,70805-7539,Proprietary  ,6,29,35,107,328,435
03026514,REMINGTON COLLEGE - LAFAYETTE           ,LA,70508-5760,Private      ,2,24,26,160,393,553
03026515,REMINGTON COLLEGE - BATON ROUGE         ,LA,70816-4040,Private      ,2,13,15,111,287,398
03027300,BLALOCK'S PROFESSIONAL BEAUTY COLLEGE   ,LA,71108-3246,Proprietary  ,1,6,7,24,76,100
03030900,DIESEL DRIVING ACADEMY                  ,LA,70815-8109,Proprietary  ,11,107,118,94,668,762
03106200,OUR LADY OF THE LAKE COLLEGE            ,LA,70808-4345,Private      ,15,77,92,1059,2075,3134
03294300,BLUE CLIFF SCH THERAPEUTIC MASSAGE      ,LA,70002-3458,Proprietary  ,109,468,577,801,3457,4258
03294303,BLUE CLIFF COLLEGE - LAFAYETTE          ,LA,70508-3256,Proprietary  ,7,26,33,141,410,551
03294306,BLUE CLIFF COLLEGE - SHREVEPORT         ,LA,71105-6520,Proprietary  ,15,74,89,134,669,803
03332600,DELTA COLLEGE                           ,LA,70433-9042,Proprietary  ,8,42,50,154,453,607
03332601,DELTA COLLEGE - SLIDELL                 ,LA,70460-2624,Proprietary  ,8,31,39,157,581,738
03356300,MEDICAL TRAINING COLLEGE                ,LA,70816-5820,Proprietary  ,13,58,71,194,461,655
03480300,FORTIS COLLEGE - BATON ROUGE            ,LA,70809-1908,Proprietary  ,8,54,62,179,669,848
03498400,OMEGA INSTITUTE OF COSMETOLOGY          ,LA,70360-0000,Proprietary  ,4,9,13,57,74,131
03727500,MOORE CAREER COLLEGE                    ,LA,70808-4191,Proprietary  ,15,37,52,53,185,238
03730300,BATON ROUGE COMMUNITY COLLEGE           ,LA,78806-4129,Public       ,171,360,531,6649,8382,15031
03789300,UNITECH TRAINING ACADEMY                ,LA,70503-5132,Proprietary  ,26,99,125,334,926,1260
03789301,UNITECH TRAINING ACADEMY - WEST MONROE  ,LA,71291-2913,Proprietary  ,8,73,81,134,640,774
03789302,UNITECH TRAINING ACADEMY - HOUMA        ,LA,70363-5556,Proprietary  ,7,31,38,101,262,363
03789303,UNITECH TRAINING ACADEMY -  ALEXANDRIA  ,LA,71303-3625,Proprietary  ,8,50,58,141,463,604
03789304,UNITECH TRAINING ACADEMY - LAKE CHARLES ,LA,70601-7887,Proprietary  ,9,59,68,149,480,629
03789305,UNITECH TRAINING ACADEMY - METAIRIE     ,LA,70003-0000,Proprietary  ,12,51,63,35,225,260
03789400,RIVER PARISHES COMMUNITY COLLEGE        ,LA,70778-0310,Public       ,29,60,89,1112,1277,2389
03795300,CASSIA BEAUTY COLLEGE                   ,LA,70126-0000,Proprietary  ,0,4,4,27,92,119
03810500,COURT REPORTING INSTITUTE OF LOUISI     ,LA,70816-0000,Proprietary  ,0,5,5,11,72,83
03956300,SOUTH LOUISIANA COMMUNITY COLLEGE       ,LA,70506-0000,Public       ,110,200,310,4303,5330,9633
04040300,COMPASS CAREER COLLEGE                  ,LA,70403-0653,Proprietary  ,23,48,71,260,541,801
04112300,LOUISIANA CULINARY INSTITUTE            ,LA,70816-4109,Proprietary  ,9,27,36,253,352,605
04130100,LOUISIANA DELTA COMMUNITY COLLEGE       ,LA,71203-3618,Public       ,79,283,362,2147,3979,6126
04149500,A & W HEALTHCARE EDUCATORS              ,LA,70122-3146,Proprietary  ,2,6,8,51,359,410
04151600,MY-LE'S BEAUTY COLLEGE                  ,LA,70056-3150,Proprietary  ,1,21,22,23,125,148
04217000,HEALTHCARE TRAINING INSTITUTE           ,LA,70062-7630,Proprietary  ,4,11,15,38,229,267
04225900,SETTING THE STANDARD BARBERING AND NATUR,LA,71109-4124,Proprietary  ,4,2,6,16,47,63
04226000,BOS-MAN'S BARBER COLLEGE                ,LA,71106-2653,Proprietary  ,3,11,14,34,118,152
04234600,PARK PLACE PREMIER BARBER SCHOOL        ,LA,70122-3808,Proprietary  ,2,8,10,26,109,135
04245400,INFINITY COLLEGE                        ,LA,70501-8833,Proprietary  ,2,23,25,22,127,149
04248400,ACADEMY OF INTERACTIVE ENTERTAINMENT    ,LA,70506-4293,Private      ,0,4,4,11,22,33
04248900,VH BARBER & STYLING ACADEMY             ,LA,71111-4409,Proprietary  ,3,6,9,5,12,17
00143600,CAPITOL COLLEGE                         ,MD,20708-9759,Private      ,6,16,22,498,629,1127
00205700,ALLEGANY COLLEGE OF MARYLAND            ,MD,21502-2596,Public       ,44,71,115,2693,2070,4763
00205800,ANNE ARUNDEL COMMUNITY COLLEGE          ,MD,21012-1895,Public       ,172,522,694,5345,8821,14166
00206100,BALTIMORE CITY COMMUNITY COLLEGE        ,MD,21215-7893,Public       ,97,503,600,3736,10207,13943
00206200,BOWIE STATE UNIVERSITY                  ,MD,20715-9465,Public       ,166,215,381,7557,6317,13874
00206300,COMMUNITY COLLEGE OF BALTIMORE COUNTY   ,MD,21228-5381,Public       ,353,1007,1360,10212,18052,28264
00206400,COLLEGE OF SOUTHERN MARYLAND            ,MD,20646-0910,Public       ,115,304,419,3939,5361,9300
00206500,NOTRE DAME OF MARYLAND UNIVERSITY       ,MD,21210-2476,Private      ,15,71,86,1078,2080,3158
00206700,WASHINGTON ADVENTIST UNIVERSITY         ,MD,20912-7796,Private      ,17,32,49,732,898,1630
00206800,COPPIN STATE UNIVERSITY                 ,MD,21216-3698,Public       ,66,211,277,3744,5966,9710
00207100,FREDERICK COMMUNITY COLLEGE             ,MD,21702-9745,Public       ,78,200,278,2331,3197,5528
00207200,FROSTBURG STATE UNIVERSITY              ,MD,21532-1099,Public       ,89,78,167,6922,2137,9059
00207300,GOUCHER COLLEGE                         ,MD,21204-2794,Private      ,28,34,62,3205,955,4160
00207400,HAGERSTOWN COMMUNITY COLLEGE            ,MD,21742-6514,Public       ,49,184,233,2124,3174,5298
00207500,HARFORD COMMUNITY COLLEGE               ,MD,21015-1696,Public       ,77,161,238,2696,3249,5945
00207600,HOOD COLLEGE                            ,MD,21701-8575,Private      ,20,26,46,2209,868,3077
00207700,JOHNS HOPKINS UNIVERSITY                ,MD,21218-2693,Private      ,101,84,185,10313,2670,12983
00207702,JOHNS HOPKINS UNIV SCH ARTS/SCI/ENG     ,MD,21218-0000,Private      ,45,189,234,5515,2878,8393
00207703,JOHNS HOPKINS UNIV SCH OF BUS/ED        ,MD,21046-0000,Private      ,4,58,62,90,1464,1554
00207705,JOHNS HOPKINS BLOOMBERG SCH OF PH       ,MD,21205-0000,Private      ,4,22,26,93,1719,1812
00207706,JOHNS HOPKINS UNIV SCH OF MEDICINE      ,MD,21205-0000,Private      ,14,18,32,390,1052,1442
00207707,JOHNS HOPKINS UNIV SCH OF NURSING       ,MD,21205-0000,Private      ,9,42,51,352,1821,2173
00207708,JOHNS HOPKINS UNIV PEABODY CONSERV      ,MD,21202-2397,Private      ,5,6,11,533,456,989
00207764,JOHNS HOPKINS UNIVERSITY - CAREY BUSINES,MD,21202-4649,Private      ,4,50,54,58,1007,1065
00207800,LOYOLA UNIVERSITY MARYLAND              ,MD,21210-2699,Private      ,101,73,174,10035,2945,12980
00208000,MARYLAND INST COLLEGE OF ART            ,MD,21217-4191,Private      ,30,21,51,2688,1010,3698
00208300,MORGAN STATE UNIVERSITY                 ,MD,21251-0002,Public       ,203,235,438,11261,7492,18753
00208600,MOUNT SAINT MARY'S UNIVERSITY           ,MD,21727-7799,Private      ,49,38,87,4070,601,4671
00208700,NER ISRAEL RABBINICAL COLLEGE           ,MD,21208-1198,Private      ,5,7,12,89,56,145
00208900,PRINCE GEORGES COMMUNITY COLLEGE        ,MD,20774-2199,Public       ,203,621,824,7257,12518,19775
00209100,SALISBURY UNIVERSITY                    ,MD,21801-6862,Public       ,125,80,205,11598,2852,14450
00209200,ST JOHN'S COLLEGE                       ,MD,21404-0000,Private      ,8,12,20,517,196,713
00209500,ST. MARY'S COLLEGE OF MARYLAND          ,MD,20686-3001,Public       ,22,19,41,2552,398,2950
00209600,ST MARY'S SEMINARY & UNIV               ,MD,21210-1994,Private      ,2,2,4,29,68,97
00209900,TOWSON UNIVERSITY                       ,MD,21252-0002,Public       ,299,270,569,23832,9483,33315
00210200,UNIVERSITY OF BALTIMORE                 ,MD,21201-5779,Public       ,50,219,269,2479,7893,10372
00210300,"UNIVERSITY OF MARYLAND, COLLEGE PARK    ",MD,20742-5145,Public       ,419,514,933,36068,14732,50800
00210400,"UNIVERSITY OF MARYLAND, BALTIMORE       ",MD,21201-1691,Public       ,90,252,342,5141,11311,16452
00210500,UMBC                                    ,MD,21250-0002,Public       ,162,209,371,11580,6626,18206
00210600,UNIVERSITY MARYLAND EASTERN SHORE       ,MD,21853-4053,Public       ,140,76,216,6086,2574,8660
00210700,STEVENSON UNIVERSITY                    ,MD,21153-0641,Private      ,86,102,188,6866,2308,9174
00210800,WASHINGTON COLLEGE                      ,MD,21620-1197,Private      ,26,6,32,3117,148,3265
00210900,MCDANIEL COLLEGE                        ,MD,21157-4390,Private      ,30,29,59,3263,825,4088
00458612,KAPLAN COLLEGE                          ,MD,21742-2797,Proprietary  ,21,176,197,233,2002,2235
00465000,CHESAPEAKE COLLEGE                      ,MD,21679-0008,Public       ,34,78,112,1363,1713,3076
00691100,MONTGOMERY COLLEGE                      ,MD,20850-1195,Public       ,320,600,920,12933,13483,26416
00734100,INTERNATIONAL BEAUTY SCHOOL             ,MD,21502-2370,Proprietary  ,0,0,0,4,12,16
00744700,DEL-MAR-VA BEAUTY ACADEMY               ,MD,21804-0000,Proprietary  ,4,9,13,47,140,187
00749100,TESST COLLEGE OF TECHNOLOGY             ,MD,21227-1063,Proprietary  ,30,127,157,343,1333,1676
00793600,LINCOLN TECHNICAL INSTITUTE             ,MD,21046-1544,Proprietary  ,56,104,160,567,901,1468
00817500,HOWARD COMMUNITY COLLEGE                ,MD,21044-3197,Public       ,150,323,473,4462,5681,10143
00826300,AWARD BEAUTY SCHOOL                     ,MD,21740-5624,Proprietary  ,13,65,78,82,337,419
00830800,CECIL COLLEGE                           ,MD,21901-1999,Public       ,43,80,123,1314,1634,2948
00907906,EVEREST COLLEGE- EVEREST INSTITUTE      ,MD,20910-3737,Private      ,0,0,0,38,159,197
01001400,GARRETT COMMUNITY COLLEGE               ,MD,21541-1265,Public       ,12,24,36,890,368,1258
01031900,FORTIS INSTITUTE                        ,MD,21204-2538,Proprietary  ,63,310,373,705,2887,3592
01041000,TESST COLLEGE OF TECHNOLOGY             ,MD,21286-2201,Proprietary  ,14,63,77,142,558,700
01164400,UNIV OF MARYLAND UNIVERSITY COLLEGE     ,MD,20783-8078,Public       ,137,3614,3751,3028,45629,48657
01164402,U OF MD UNIVERSITY COLLEGE - EUROPE     ,MD,20832-0000,Public       ,3,62,65,399,1060,1459
01164404,U OF MD UNIVERSITY COLLEGE - ASIA       ,MD,31207-0000,Public       ,6,69,75,109,1092,1201
02073900,WOR-WIC COMMUNITY COLLEGE               ,MD,21804-0000,Public       ,54,155,209,1692,2824,4516
02083600,TESST COLLEGE OF TECHNOLOGY             ,MD,20705-2698,Proprietary  ,28,83,111,197,611,808
02127900,SOJOURNER-DOUGLASS COLLEGE              ,MD,21205-1802,Private      ,0,22,22,69,808,877
02155100,MARYLAND COLLEGE OF ART AND DESIGN      ,MD,20902-0000,Private      ,3,13,16,139,178,317
02269700,"COLORLAB ACADEMY OF HAIR, THE           ",MD,21014-3639,Proprietary  ,4,6,10,41,89,130
02331000,MARYLAND BEAUTY ACADEMY OF ESSEX        ,MD,21221-0000,Proprietary  ,1,29,30,73,271,344
02333000,HAIR ACADEMY                            ,MD,20784-0000,Proprietary  ,5,79,84,142,618,760
02343800,MONTGOMERY BEAUTY SCHOOL                ,MD,20901-0000,Proprietary  ,4,43,47,106,278,384
02494700,BALTIMORE STUDIO OF HAIR DESIGN         ,MD,21201-0000,Proprietary  ,2,33,35,87,320,407
02495000,ROBERT PAUL ACAD COSMTGY ARTS & SCI     ,MD,21093-0000,Proprietary  ,7,8,15,55,80,135
02495100,MARYLAND BEAUTY ACADEMY                 ,MD,21136-0000,Proprietary  ,0,7,7,19,77,96
02545400,NORTH AMERICAN TRADE SCHOOLS            ,MD,21244-0069,Proprietary  ,6,179,185,201,1165,1366
02573800,"L' ACADEMIE DE CUISINE, INC.            ",MD,20877-0000,Proprietary  ,4,13,17,75,251,326
02578400,MARYLAND UNIVERSITY OF INTEGRATIVE HEALT,MD,20723-6010,Private      ,2,97,99,36,1144,1180
03027200,BLADES SCHOOL OF HAIR DESIGN            ,MD,20619-0226,Proprietary  ,9,13,22,52,125,177
03064900,AARON'S ACADEMY OF BEAUTY               ,MD,20602-2715,Proprietary  ,1,7,8,42,135,177
03097200,AESTHETICS INSTITUTE OF COSMETOLOGY     ,MD,20877-1305,Proprietary  ,3,10,13,24,149,173
03100700,CARROLL COMMUNITY COLLEGE               ,MD,21157-6913,Public       ,41,66,107,1373,1495,2868
03148300,AMERICAN BEAUTY ACADEMY                 ,MD,20902-1911,Proprietary  ,0,0,0,226,654,880
03296300,BALTIMORE SCHOOL OF MASSAGE             ,MD,21090-2261,Proprietary  ,25,146,171,172,691,863
03327300,NEW CREATIONS ACADEMY OF HAIR DSN       ,MD,20746-0000,Proprietary  ,5,38,43,77,324,401
03493300,ALL-STATE CAREER SCHOOL                 ,MD,21224-6658,Proprietary  ,61,343,404,500,2167,2667
03667300,FAITH THEOLOGICAL SEMINARY              ,MD,21212-2624,Private      ,0,7,7,6,171,177
03822400,MAPLE SPRINGS BAPTIST BIBLE COLLEGE & SE,MD,20743-5711,Private      ,0,4,4,5,62,67
03937300,YESHIVA COLLEGE OF THE NATION'S CAPITAL ,MD,20902-1700,Private      ,3,0,3,23,28,51
03965500,HAIR EXPRESSIONS ACADEMY                ,MD,20852-1729,Proprietary  ,10,29,39,157,326,483
04139700,FREDERICK SCHOOL OF COSMETOLOGY         ,MD,21701-0000,Proprietary  ,1,7,8,31,76,107
04141600,OMEGA STUDIOS' SCHOOL OF APPLIED RECORDI,MD,20852-1731,Proprietary  ,3,11,14,76,145,221
04151800,TEMPLE (THE): A PAUL MITCHELL PARTNER SC,MD,21701-5409,Proprietary  ,26,37,63,197,288,485
04167602,FINGER LAKES SCHOOL OF MASSAGE (THE)    ,MD,21701-3030,Proprietary  ,2,15,17,26,138,164
04168900,HOLISTIC MASSAGE TRAINING INSTITUTE     ,MD,21218-2407,Proprietary  ,0,13,13,19,184,203
04171501,COSMOPOLITAN BEAUTY & TECH SCHOOL -     ,MD,20143-3370,Proprietary  ,0,4,4,21,74,95
04188400,BAIS HAMEDRASH AND MESIVTA OF BALTIMORE ,MD,21209-1613,Private      ,1,1,2,46,14,60
04204000,ASPEN BEAUTY ACADEMY - LAUREL           ,MD,20724-2013,Proprietary  ,6,14,20,41,145,186
04209600,INSTITUTE OF HEALTH SCIENCES            ,MD,21031-1408,Proprietary  ,0,16,16,27,229,256
04211700,HARMON'S BEAUTY SCHOOL                  ,MD,20785-2135,Proprietary  ,1,4,5,28,85,113
00211400,AMERICAN INTERNATIONAL COLLEGE          ,MA,01109-3189,Private      ,26,84,110,2174,3086,5260
00211500,AMHERST COLLEGE                         ,MA,01002-5000,Private      ,34,4,38,4685,351,5036
00211600,ANDOVER NEWTON THEOLOGICAL SCHOOL       ,MA,02459-0000,Private      ,0,1,1,0,177,177
00211700,ANNA MARIA COLLEGE                      ,MA,01612-1198,Private      ,21,42,63,1665,772,2437
00211800,ASSUMPTION COLLEGE                      ,MA,01615-1294,Private      ,45,29,74,4830,919,5749
00212000,MERRIMACK COLLEGE                       ,MA,01845-5800,Private      ,68,42,110,7016,807,7823
00212100,BABSON COLLEGE                          ,MA,02457-0310,Private      ,41,30,71,3180,619,3799
00212200,BAY PATH COLLEGE                        ,MA,01106-2212,Private      ,23,215,238,1220,3464,4684
00212300,BECKER COLLEGE-WORCESTER                ,MA,01615-0071,Private      ,47,43,90,3108,1222,4330
00212400,BENTLEY UNIVERSITY                      ,MA,02452-4705,Private      ,54,30,84,6614,718,7332
00212600,BERKLEE COLLEGE OF MUSIC                ,MA,02215-3693,Private      ,80,139,219,4487,2185,6672
00212800,BOSTON COLLEGE                          ,MA,02467-3800,Private      ,168,64,232,18469,5363,23832
00212900,BOSTON CONSERVATORY OF MUSIC            ,MA,02215-9830,Private      ,13,2,15,1160,369,1529
00213000,BOSTON UNIVERSITY                       ,MA,02215-1789,Private      ,394,357,751,38307,16411,54718
00213300,BRANDEIS UNIVERSITY                     ,MA,02453-2728,Private      ,46,25,71,6420,1361,7781
00213900,CLARK UNIVERSITY                        ,MA,01610-1473,Private      ,39,19,58,4933,788,5721
00214000,ELMS COLLEGE                            ,MA,01013-2839,Private      ,10,24,34,1337,1249,2586
00214100,COLLEGE OF THE HOLY CROSS               ,MA,01610-2395,Private      ,41,3,44,5446,185,5631
00214300,CURRY COLLEGE                           ,MA,02186-2395,Private      ,65,50,115,5224,1375,6599
00214400,DEAN COLLEGE                            ,MA,02038-1994,Private      ,25,10,35,1805,350,2155
00214500,EASTERN NAZARENE COLLEGE                ,MA,02170-2999,Private      ,11,28,39,866,647,1513
00214507,EASTERN NAZARENE COLLEGE - OLD COLONY CA,MA,02170-3831,Private      ,0,0,0,3,5,8
00214600,EMERSON COLLEGE                         ,MA,02116-4624,Private      ,62,17,79,7685,1329,9014
00214700,EMMANUEL COLLEGE                        ,MA,02115-5798,Private      ,46,15,61,5255,472,5727
00214800,ENDICOTT COLLEGE                        ,MA,01915-2098,Private      ,43,76,119,5358,1109,6467
00214900,EPISCOPAL DIVINITY SCHOOL               ,MA,02138-0000,Private      ,0,2,2,0,53,53
00215000,FISHER COLLEGE                          ,MA,02116-1500,Private      ,27,103,130,1630,1679,3309
00215100,BENJAMIN FRANKLIN INSTITUTE OF TECH     ,MA,02116-6296,Public       ,13,20,33,684,455,1139
00215300,GORDON COLLEGE                          ,MA,01984-1899,Private      ,25,10,35,2317,222,2539
00215400,HELLENIC COLLEGE                        ,MA,02445-7496,Private      ,3,1,4,86,123,209
00215500,HARVARD UNIVERSITY                      ,MA,02138-3800,Private      ,34,30,64,3671,841,4512
00215501,AMRCN REPERTORY THTR INST ADV THTR      ,MA,02138-0000,Private      ,0,1,1,1,99,100
00215502,HARVARD BUSINESS SCHOOL                 ,MA,02163-0000,Private      ,7,31,38,268,1618,1886
00215503,HARVARD EXTENSION SCHOOL                ,MA,02138-0000,Private      ,8,126,134,222,2105,2327
00215504,HARVARD SCH OF DENTAL MEDICINE          ,MA,02115-0000,Private      ,0,2,2,23,189,212
00215505,HARVARD UNIV GRAD SCH DESIGN            ,MA,02138-0000,Private      ,1,8,9,15,894,909
00215506,HARVARD DIVINITY SCHOOL                 ,MA,02138-0000,Private      ,0,5,5,20,516,536
00215507,HARVARD UNIV GRAD SCH ED                ,MA,02138-0000,Private      ,1,22,23,13,1183,1196
00215508,HARVARD UNIV GRAD S OF ARTS & SCIEN     ,MA,02138-0000,Private      ,2,23,25,71,715,786
00215509,HARVARD KENNEDY SCHOOL                  ,MA,02138-0000,Private      ,1,22,23,20,1272,1292
00215510,HARVARD LAW SCHOOL                      ,MA,02138-0000,Private      ,2,15,17,132,2866,2998
00215511,HARVARD UNIV MEDICAL SCHOOL             ,MA,02115-0000,Private      ,7,5,12,186,1004,1190
00215512,HARVARD UNIV SCH PUBLIC HEALTH          ,MA,02115-0000,Private      ,2,9,11,30,926,956
00215513,HARVARD UNIVERSITY-HARVARD COLLEGE      ,MA,02138-0000,Private      ,188,42,230,21528,1684,23212
00215700,HEBREW COLLEGE                          ,MA,02459-2237,Private      ,0,1,1,1,128,129
00215800,LASELL COLLEGE                          ,MA,02466-2716,Private      ,28,30,58,3196,582,3778
00216000,LESLEY UNIVERSITY                       ,MA,02138-2790,Private      ,32,149,181,3086,3478,6564
00216100,UMASS LOWELL                            ,MA,01854-3089,Public       ,188,284,472,16136,6951,23087
00216400,NEW ENGLAND COLLEGE OF OPTOMETRY        ,MA,02115-1129,Private      ,0,6,6,11,464,475
00216500,MASS. COLLEGE OF PHARMACY  & HEALTH SCIE,MA,02115-5804,Private      ,57,52,109,5670,4383,10053
00216700,BERKSHIRE COMMUNITY COLLEGE             ,MA,01201-5786,Public       ,24,60,84,979,1408,2387
00216800,CAPE COD COMMUNITY COLLEGE              ,MA,02668-1599,Public       ,58,120,178,1483,2206,3689
00216900,GREENFIELD COMMUNITY COLLEGE            ,MA,01301-9739,Public       ,28,70,98,879,1499,2378
00217000,HOLYOKE COMMUNITY COLLEGE               ,MA,01040-1099,Public       ,84,191,275,3845,4664,8509
00217100,MASSACHUSETTS BAY COMMUNITY COLLEGE     ,MA,02181-0000,Public       ,63,120,183,2209,2792,5001
00217200,MOUNT WACHUSETT COMMUNITY COLLEGE       ,MA,01440-1000,Public       ,59,167,226,2043,3472,5515
00217300,NORTH SHORE COMMUNITY COLLEGE           ,MA,01923-4093,Public       ,66,157,223,3563,4759,8322
00217400,NORTHERN ESSEX COMMUNITY COLLEGE        ,MA,01830-2399,Public       ,106,200,306,3484,4462,7946
00217500,QUINSIGAMOND COMMUNITY COLLEGE          ,MA,01606-2092,Public       ,127,271,398,4496,6483,10979
00217600,BRISTOL COMMUNITY COLLEGE               ,MA,02720-7399,Public       ,94,230,324,4746,6387,11133
00217700,MASSASOIT COMMUNITY COLLEGE             ,MA,02302-3996,Public       ,87,178,265,3834,4755,8589
00217800,MASSACHUSETTS INST OF TECHNOLOGY        ,MA,02139-4307,Private      ,113,128,241,12606,2854,15460
00218000,MASSACHUSETTS COLLEGE OF ART AND DESIGN ,MA,02115-5803,Public       ,27,18,45,2436,771,3207
00218100,MASSACHUSETTS MARITIME ACADEMY          ,MA,02532-3400,Public       ,16,0,16,1799,180,1979
00218300,BRIDGEWATER STATE UNIVERSITY            ,MA,02325-0001,Public       ,110,112,222,12132,4217,16349
00218400,FITCHBURG STATE UNIVERSITY              ,MA,01420-2697,Public       ,62,49,111,6659,1868,8527
00218500,FRAMINGHAM STATE COLLEGE                ,MA,01702-2471,Public       ,66,51,117,6954,1808,8762
00218700,MASSACHUSETTS CLG OF LIBERAL ARTS       ,MA,01247-4100,Public       ,22,13,35,2580,579,3159
00218800,SALEM STATE UNIVERSITY                  ,MA,01970-5353,Public       ,150,138,288,9687,4462,14149
00218900,WESTFIELD STATE UNIVERSITY              ,MA,01086-1630,Public       ,63,44,107,8331,2153,10484
00219000,WORCESTER STATE UNIVERSITY              ,MA,01602-2597,Public       ,57,77,134,6640,2769,9409
00219200,MOUNT HOLYOKE COLLEGE                   ,MA,01075-1492,Private      ,22,7,29,2802,405,3207
00219300,MOUNT IDA COLLEGE                       ,MA,02459-3323,Private      ,19,11,30,1945,457,2402
00219400,NEW ENGLAND CONSERVATORY OF MUSIC       ,MA,02115-5018,Private      ,5,4,9,739,578,1317
00219700,NICHOLS COLLEGE                         ,MA,01571-6346,Private      ,19,14,33,2233,406,2639
00219900,NORTHEASTERN UNIVERSITY                 ,MA,02115-5000,Private      ,315,400,715,32536,12866,45402
00220100,PINE MANOR COLLEGE                      ,MA,02167-0000,Private      ,3,0,3,461,136,597
00220200,BLESSED JOHN XXIII NATIONAL SEMINARY    ,MA,02493-0000,Private      ,0,0,0,0,1,1
00220500,QUINCY COLLEGE                          ,MA,02169-4324,Public       ,67,184,251,2078,4505,6583
00220600,REGIS COLLEGE                           ,MA,02193-0000,Private      ,32,24,56,2179,963,3142
00220800,SIMMONS COLLEGE                         ,MA,02115-5898,Private      ,30,317,347,3611,6373,9984
00220900,SMITH COLLEGE                           ,MA,01063-2936,Private      ,29,7,36,3927,499,4426
00220901,"SMITH COLLEGE, SCH FOR SOCIAL WORK      ",MA,01063-0000,Private      ,1,11,12,18,515,533
00221000,UNIV OF MASSACHUSETTS-DARTMOUTH         ,MA,02747-2300,Public       ,111,94,205,12156,3846,16002
00221100,SPRINGFIELD COLLEGE                     ,MA,01109-3797,Private      ,47,170,217,4886,4604,9490
00221400,ST JOHN'S SEMINARY                      ,MA,02135-8839,Private      ,2,12,14,9,75,84
00221700,STONEHILL COLLEGE                       ,MA,02357-6110,Private      ,39,7,46,5814,230,6044
00221800,SUFFOLK UNIVERSITY                      ,MA,02108-2770,Private      ,74,61,135,7835,4050,11885
00221900,TUFTS UNIVERSITY                        ,MA,02155-5808,Private      ,76,33,109,11108,2328,13436
00221901,TUFTS UNIV SCH OF DENTAL MEDICINE       ,MA,02111-0000,Private      ,2,3,5,28,898,926
00221902,TUFTS UNIVERSITY - CUMMINGS SCHOOL OF VE,MA,01536-0000,Private      ,1,2,3,34,500,534
00221904,TUFTS UNIV SCHOOL OF MEDICINE           ,MA,02111-0000,Private      ,4,8,12,92,2133,2225
00222100,UNIV OF MASSACHUSETTS-AMHERST           ,MA,01003-0000,Public       ,372,194,566,41693,7803,49496
00222200,UNIV OF MASSACHUSETTS-BOSTON            ,MA,02125-3393,Public       ,193,299,492,13861,11296,25157
00222400,WELLESLEY COLLEGE                       ,MA,02481-8203,Private      ,27,5,32,3560,243,3803
00222500,WENTWORTH INSTITUTE OF TECHNOLOGY       ,MA,02115-5998,Private      ,61,23,84,6791,1062,7853
00222600,WESTERN NEW ENGLAND UNIVERSITY          ,MA,01119-2654,Private      ,68,37,105,6166,1762,7928
00222700,WHEATON COLLEGE                         ,MA,02766-2322,Private      ,18,2,20,2755,101,2856
00222800,WHEELOCK COLLEGE                        ,MA,02215-4176,Private      ,9,11,20,1565,783,2348
00222900,WILLIAMS COLLEGE                        ,MA,01267-2600,Private      ,22,2,24,3827,147,3974
00223300,WORCESTER POLYTECHNIC INSTITUTE         ,MA,01609-2280,Private      ,46,20,66,8371,713,9084
00267104,BARD COLLEGE - LONGY SCHOOL OF MUSIC    ,MA,02138-3599,Private      ,0,0,0,29,140,169
00396500,BAY STATE COLLEGE                       ,MA,02116-2901,Proprietary  ,17,60,77,1027,1383,2410
00396600,BOSTON ARCHITECTURAL COLLEGE            ,MA,02115-2795,Private      ,3,18,21,254,662,916
00466100,HAMPSHIRE COLLEGE                       ,MA,01002-3359,Private      ,16,5,21,2218,203,2421
00466600,SALTER COLLEGE                          ,MA,01583-1700,Proprietary  ,50,322,372,516,2498,3014
00466700,SCHOOL OF MUSEUM OF FINE ARTS           ,MA,02115-5534,Private      ,4,4,8,434,267,701
00466900,UPPER CAPE COD REGIONAL VOC TECH        ,MA,02532-3310,Public       ,0,2,2,26,150,176
00527900,GREATER LOWELL REGNL VOC TECH SCH       ,MA,01879-0000,Public       ,0,3,3,29,138,167
00551900,DIMAN REGIONAL VOC TECH INST            ,MA,02723-3519,Public       ,1,11,12,42,193,235
00552300,BLUE HILLS REGIONAL VOC TECH            ,MA,02021-1398,Public       ,2,0,2,31,166,197
00555700,MCCANN TECHNICAL SCHOOL                 ,MA,01247-0000,Public       ,0,2,2,28,62,90
00613600,NATIONAL AVIATION ACADEMY - NEW ENGLAND ,MA,01730-2620,Proprietary  ,9,31,40,111,278,389
00632200,BROCKTON HOSPITAL SCH OF NURSING        ,MA,02302-0000,Private      ,0,7,7,128,585,713
00632400,LABOURE COLLEGE                         ,MA,02124-0000,Private      ,1,25,26,252,1268,1520
00633100,LAWRENCE MEM HOSPITAL SCH OF NRSNG      ,MA,02155-1643,Private      ,0,10,10,69,378,447
00635200,BAYSTATE MEDICAL CENTER                 ,MA,01199-0001,Private      ,0,5,5,36,99,135
00687300,MARIAN COURT COLLEGE                    ,MA,01907-2896,Private      ,0,1,1,67,89,156
00748400,NEWBURY COLLEGE                         ,MA,02445-5796,Private      ,20,7,27,1780,323,2103
00748600,THE NEW ENGLAND INSTITUTE OF ART        ,MA,02445-7295,Proprietary  ,0,1,1,447,256,703
00807800,SPRINGFIELD TECHNICAL COMMUNITY CLG     ,MA,01105-0000,Public       ,92,272,364,3719,5450,9169
00809002,EVEREST COLLEGE - EVEREST INSTITUTE     ,MA,02150-2333,Proprietary  ,0,0,0,8,40,48
00891600,NEW ENGLAND LAW | BOSTON                ,MA,02116-5687,Private      ,0,7,7,19,1222,1241
00964500,BARD COLLEGE AT SIMON'S ROCK            ,MA,01230-9702,Private      ,4,0,4,378,14,392
00974700,GORDON-CONWELL THEOLOGICAL SEMINARY     ,MA,01982-0000,Private      ,0,12,12,6,485,491
00975600,UNIVERSITY OF MASS MEDICAL CENTER       ,MA,01655-0000,Public       ,0,6,6,45,829,874
00987700,HENRI'S SCHOOL OF HAIR DESIGN           ,MA,01420-5675,Proprietary  ,0,0,0,7,10,17
00989900,LOWELL ACADEMY HAIRSTYLING INST         ,MA,01852-1909,Proprietary  ,4,13,17,51,111,162
00993600,MIDDLESEX COMMUNITY COLLEGE             ,MA,01730-1197,Public       ,68,106,174,1933,1947,3880
00993602,"MIDDLESEX COMMUNITY COLLEGE, LOWELL     ",MA,01852-0000,Public       ,100,178,278,3153,3406,6559
01121000,BUNKER HILL COMMUNITY COLLEGE           ,MA,02129-2991,Public       ,118,311,429,6868,11165,18033
01193000,ROXBURY COMMUNITY COLLEGE               ,MA,02120-3400,Public       ,36,132,168,990,3210,4200
01204200,MANSFIELD BEAUTY SCHOOLS                ,MA,02169-5061,Proprietary  ,0,6,6,23,80,103
01206800,MANSFIELD BEAUTY SCHOOL                 ,MA,01103-1410,Proprietary  ,0,2,2,16,51,67
01218700,BLACKSTONE VALLEY VOCATIONAL REGIONAL SC,MA,01568-1499,Public       ,0,0,0,15,57,72
01238600,SOUTHEASTERN TECHNICAL INSTITUTE        ,MA,02375-1780,Public       ,1,0,1,66,200,266
01246108,LINCOLN TECHNICAL INSTITUTE - BROCKTON  ,MA,02401-1818,Proprietary  ,8,62,70,151,423,574
01246114,LINCOLN TECHNICAL INSTITUTE - LOWELL    ,MA,01852-5119,Proprietary  ,17,55,72,150,411,561
01246115,LINCOLN TECHNICAL INSTITUTE - SOMERVILLE,MA,02145-1102,Proprietary  ,21,67,88,165,406,571
01288100,MONTACHUSETT REG VOC TECH SCH           ,MA,01420-4649,Public       ,0,4,4,21,99,120
01294800,ROB ROY ACADEMY                         ,MA,02721-5330,Proprietary  ,2,16,18,43,97,140
02063000,MONTSERRAT COLLEGE OF ART               ,MA,01915-0000,Private      ,6,1,7,669,66,735
02079400,EMPIRE BEAUTY SCHOOL                    ,MA,01702-5232,Proprietary  ,63,208,271,707,1756,2463
02092100,MASSACHUSETTS SCHOOL OF BARBERING       ,MA,02169-5058,Proprietary  ,3,16,19,25,130,155
02122000,NEW ENGLAND HAIR ACADEMY                ,MA,02148-0000,Proprietary  ,11,27,38,76,166,242
02137000,ROB ROY ACADEMY                         ,MA,02780-0000,Proprietary  ,2,6,8,21,34,55
02137200,MASS GEN HOSP DIETETIC INTERNSHIP       ,MA,02114-0000,Private      ,0,0,0,13,35,48
02163500,NEW ENGLAND SCHOOL OF PHOTOGRAPHY       ,MA,02215-0000,Proprietary  ,3,2,5,85,85,170
02163600,WILLIAM JAMES COLLEGE                   ,MA,02132-0000,Private      ,0,7,7,23,837,860
02169900,ASSABET VALLEY REGIONAL VOC SCHOOL      ,MA,01752-0000,Public       ,0,3,3,20,96,116
02181600,ROB ROY ACADEMY                         ,MA,01609-0000,Proprietary  ,4,24,28,67,151,218
02182900,CAMBRIDGE COLLEGE                       ,MA,02138-5304,Private      ,8,185,193,374,2749,3123
02197900,NORTH BENNET STREET SCHOOL              ,MA,02113-0000,Private      ,0,6,6,43,175,218
02215100,HALLMARK INSTITUTE OF PHOTOGRAPHY       ,MA,01376-0000,Proprietary  ,2,4,6,101,104,205
02219501,MILDRED ELLEY - PITTSFIELD              ,MA,01201-5300,Proprietary  ,9,78,87,33,209,242
02220400,CATHERINE HINDS INST OF ESTHETICS       ,MA,01801-0000,Proprietary  ,13,25,38,79,221,300
02231600,MGH INSTITUTE OF HEALTH PROFESSION      ,MA,02129-0000,Private      ,2,43,45,110,1635,1745
02274300,CONWAY SCHOOL OF LANDSCAPE DESIGN       ,MA,01341-0179,Private      ,0,0,0,0,28,28
02325700,LABARON HAIRDRESSING ACADEMY            ,MA,02740-0000,Proprietary  ,2,7,9,14,39,53
02325800,LABARON HAIRDRESSING ACAD-BROCKTON      ,MA,02301-0000,Proprietary  ,2,4,6,15,47,62
02337400,BANCROFT SCHOOL OF MASSAGE THERAPY      ,MA,01604-4614,Proprietary  ,2,9,11,20,77,97
02338200,BAY STATE SCHOOL OF TECHNOLOGY          ,MA,02021-0000,Proprietary  ,2,17,19,38,148,186
02339400,ROB ROY ACADEMY                         ,MA,02746-0000,Proprietary  ,0,4,4,8,37,45
02491700,CORTIVA INSTITUTE -  BOSTON             ,MA,02472-2577,Proprietary  ,2,6,8,22,77,99
02523900,ELIZABETH GRADY SCHOOL OF ESTHETICS     ,MA,02155-0000,Proprietary  ,7,32,39,56,184,240
02579800,NEW ENGLAND SCHOOL OF ACUPUNCTURE       ,MA,02458-0000,Private      ,0,3,3,0,144,144
02616704,LE CORDON BLEU COLLEGE OF CULINARY ARTS ,MA,02142-1221,Proprietary  ,1,1,2,108,191,299
03066700,AILANO SCHOOL OF COSMETOLOGY            ,MA,02303-4740,Proprietary  ,1,7,8,12,66,78
03104000,SHAWSHEEN ADULT TECHNICAL INSTITUTE     ,MA,01821-5499,Public       ,0,3,3,13,66,79
03115200,MOTORING TECHNICAL TRAINING INST        ,MA,02771-5933,Proprietary  ,24,52,76,165,349,514
03120800,KAY HARVEY HAIRDRESSING ACADEMY         ,MA,01089-2701,Proprietary  ,0,4,4,17,36,53
03130500,URBAN COLLEGE OF BOSTON                 ,MA,02111-1093,Private      ,4,109,113,67,1014,1081
03194300,BOSTON GRAD SCH OF PSYCHOANALYSIS       ,MA,02446-4602,Private      ,0,4,4,0,80,80
03205400,JOLIE HAIR & BEAUTY ACADEMY             ,MA,01056-2769,Proprietary  ,9,17,26,34,103,137
03235300,MASSACHUSETTS SCHOOL OF LAW             ,MA,01810-1094,Private      ,0,7,7,12,420,432
03240300,TONI & GUY HAIRDRESSING ACADEMY         ,MA,01605-2213,Proprietary  ,8,12,20,89,111,200
03240301,TONI & GUY HAIRDRESSING ACADEMY - BRAINT,MA,02184-2807,Proprietary  ,7,8,15,82,86,168
03248300,BOSTON BAPTIST COLLEGE                  ,MA,02136-4030,Private      ,0,1,1,71,54,125
03316400,FUNERAL INSTITUTE OF THE NORTHEAST      ,MA,02062-4766,Proprietary  ,1,18,19,30,120,150
03504300,NATL GRAD SCH OF QUALITY SYSTM MGMT     ,MA,02540-0000,Private      ,0,21,21,0,93,93
03570500,NORTHPOINT BIBLE COLLEGE                ,MA,01835-0000,Private      ,5,6,11,227,155,382
03763300,MEDICAL PROFESSIONAL INSTITUTE          ,MA,02148-8143,Proprietary  ,3,16,19,43,355,398
03859300,E.I.N.E.                                ,MA,01876-4709,Proprietary  ,0,3,3,6,62,68
03927303,MARINELLO SCHOOL OF BEAUTY - NORTHAMPTON,MA,01060-3947,Proprietary  ,0,0,0,34,55,89
03946300,FRANKLIN W. OLIN COLLEGE OF ENGINEERING ,MA,02492-1200,Private      ,6,0,6,673,21,694
03965300,NEW ENGLAND COLLEGE OF FINANCE          ,MA,02110-1605,Proprietary  ,3,89,92,94,1052,1146
04116900,DIGRIGOLI SCHOOL OF COSMETOLOGY         ,MA,01089-4623,Proprietary  ,5,5,10,78,108,186
04122000,TRI COUNTY REGIONAL VOCATIONAL TECHNICAL,MA,02038-0000,Public       ,0,2,2,26,69,95
04128000,MILLENNIUM TRAINING INSTITUTE           ,MA,01801-6386,Proprietary  ,0,29,29,6,125,131
04143200,HULT INTERNATIONAL BUSINESS SCHOOL      ,MA,02141-1805,Private      ,2,4,6,103,246,349
04153200,SOUTHERN WORCESTER COUNTY REGIONAL VOC S,MA,01507-1331,Public       ,3,3,6,16,47,63
04193100,ALEXANDER ACADEMY                       ,MA,01420-0000,Proprietary  ,3,5,8,34,69,103
04221500,BCI                                     ,MA,02245-0000,Private      ,4,35,39,4,49,53
04229200,JUPITER BEAUTY ACADEMY                  ,MA,02122-2834,Proprietary  ,1,2,3,14,45,59
04251600,NATIONAL PERSONAL TRAINING INSTITUTE OF ,MA,02452-4682,Proprietary  ,1,7,8,2,10,12
00401200,HEBREW UNIVERSITY OF JERUSALEM (THE)    ,FC,00000-0000,Public       ,1,3,4,30,85,115
00403000,UNIVERSITY OF CAMBRIDGE                 ,FC,00000-0000,Public       ,0,1,1,8,107,115
00503400,AMERICAN UNIVERSITY OF CAIRO            ,FC,00000-0000,Private      ,1,6,7,39,110,149
00669000,UNIVERSITY OF COPENHAGEN                ,FC,00000-0000,Public       ,0,1,1,5,74,79
00669100,UNIVERSITY OF CAMBRIDGE - PEMBROKE      ,FC,00000-0000,Public       ,0,0,0,1,10,11
00669200,UNIVERSITY OF LEEDS                     ,FC,00000-0000,Public       ,0,0,0,25,119,144
00669300,UNIV OF LONDON-LONDON SCHOOL ECON       ,FC,00000-0000,Public       ,0,1,1,18,391,409
00669400,UNIVERSITY OF LONDON - SCHOOL OF ORIENTA,FC,00000-0000,Public       ,0,2,2,16,180,196
00669500,UNIV OF LONDON-UNIVERSITY COLLEGE       ,FC,00000-0000,Public       ,1,6,7,52,431,483
00669502,UNIVERSITY OF LONDON - UCL INSTITUTE OF ,FC,00000-0000,Public       ,0,0,0,1,40,41
00669600,UNIV OF LONDON-SCH ADVANCED STUDY       ,FC,00000-0000,Public       ,0,0,0,0,16,16
00669700,"QUEEN MARY, UNIVERSITY OF LONDON        ",FC,00000-0000,Public       ,1,1,2,40,163,203
00669900,UNIVERSITY OF SUSSEX                    ,FC,00000-0000,Public       ,0,0,0,18,79,97
00670000,"UNIVERSITY OF YORK, THE                 ",FC,00000-0000,Public       ,1,0,1,26,145,171
00670400,UNIVERSITY COLLEGE CORK                 ,FC,00000-0000,Public       ,0,0,0,25,79,104
00671300,UPPSALA UNIVERSITY                      ,FC,00000-0000,Public       ,0,1,1,1,54,55
00671500,UNIVERSITY OF GENEVA                    ,FC,00000-0000,Public       ,0,1,1,5,86,91
00683900,UNIVERSITY OF EDINBURGH                 ,FC,00000-0000,Public       ,3,7,10,264,788,1052
00684200,UNIVERSITY OF DUBLIN TRINITY COLLEG     ,FC,00000-0000,Public       ,0,2,2,63,247,310
00685000,UNIVERSITY OF CAMBRIDGE - DOWNING C     ,FC,00000-0000,Public       ,0,0,0,1,4,5
00763200,UNIVERSITY OF BRISTOL                   ,FC,00000-0000,Public       ,0,0,0,24,84,108
00770500,ROYAL COLLEGE OF SURGEONS IN IRELAN     ,FC,00000-0000,Private      ,0,0,0,4,57,61
00788100,AMERICAN UNIVERSITY OF PARIS            ,FC,00000-0000,Private      ,6,8,14,598,331,929
00837100,AMERICAN UNIVERSITY OF BEIRUT           ,FC,00000-0000,Private      ,4,2,6,85,81,166
00837300,TEL-AVIV UNIVERSITY                     ,FC,00000-0000,Public       ,1,1,2,34,121,155
00837600,VRIJE UNIVERSITEIT AMSTERDAM            ,FC,00000-0000,Public       ,0,2,2,8,55,63
00837700,UNIVERSITEIT VAN AMSTERDAM(UNIVERSI     ,FC,00000-0000,Public       ,0,2,2,22,163,185
00838000,UNIVERSITY OF WARWICK                   ,FC,00000-0000,Public       ,0,1,1,11,62,73
00838300,UNIVERSITY OF GLASGOW                   ,FC,00000-0000,Public       ,2,0,2,93,463,556
00839400,UNIVERSITY OF OXFORD                    ,FC,00000-0000,Public       ,1,3,4,24,305,329
00839800,UNIVERSITY OF SHEFFIELD (THE)           ,FC,00000-0000,Public       ,0,0,0,19,101,120
00839900,UNIVERSITY OF SOUTHAMPTON               ,FC,00000-0000,Public       ,0,2,2,19,62,81
00845200,ABERYSTWYTH UNIVERSITY                  ,FC,00000-0000,Public       ,0,0,0,18,39,57
00845800,LOUGHBOROUGH UNIVERSITY                 ,FC,00000-0000,Public       ,0,0,0,6,16,22
00846000,UNIVERSITY OF NEWCASTLE UPON TYNE       ,FC,00000-0000,Public       ,0,0,0,29,96,125
00846100,UNIVERSITY OF SAINT ANDREWS             ,FC,00000-0000,Private      ,2,3,5,335,166,501
00850500,UNIVERSITY OF MELBOURNE                 ,FC,00000-0000,Public       ,1,16,17,20,188,208
00858600,SWANSEA UNIVERSITY                      ,FC,00000-0000,Public       ,0,1,1,24,56,80
00858700,UNIVERSITY OF DURHAM                    ,FC,00000-0000,Public       ,0,1,1,35,217,252
00866500,UNIVERSITY OF KENT AT CANTERBURY (THE)  ,FC,00000-0000,Public       ,0,3,3,32,169,201
00867000,UNIVERSITY OF NEW SOUTH WALES           ,FC,00000-0000,Public       ,2,9,11,27,88,115
00868700,UNIVERSITY OF ESSEX                     ,FC,00000-0000,Public       ,0,1,1,35,135,170
00869300,CITY UNIVERSITY                         ,FC,00000-0000,Public       ,0,1,1,25,239,264
00890800,THE UNIVERSITY OF BIRMINGHAM            ,FC,00000-0000,Public       ,1,3,4,22,129,151
00891000,UNIVERSITY OF HULL                      ,FC,00000-0000,Public       ,0,1,1,5,11,16
00892000,UNIVERSITY OF NOTTINGHAM                ,FC,00000-0000,Public       ,0,1,1,20,109,129
00900600,UNIVERSITY OF SALFORD (THE)             ,FC,00000-0000,Public       ,0,0,0,3,24,27
00908400,"UNIV OF LONDON, BIRKBECK                ",FC,00000-0000,Public       ,0,1,1,12,95,107
00908500,UNIV OF LONDON KING'S COLLEGE           ,FC,00000-0000,Public       ,2,4,6,119,471,590
00908600,UNIVERSITY OF LONDON - ROYAL HOLLOWAY   ,FC,00000-0000,Public       ,0,0,0,40,84,124
00914300,BAR-ILAN UNIVERSITY                     ,FC,00000-0000,Private      ,0,0,0,19,31,50
00924900,UNIVERSITY OF LIVERPOOL                 ,FC,00000-0000,Public       ,0,6,6,22,95,117
00936800,UNIVERSITY OF ABERDEEN                  ,FC,00000-0000,Public       ,2,0,2,58,141,199
00942300,ROYAL COLLEGE OF ART                    ,FC,00000-0000,Public       ,0,0,0,5,55,60
00942800,TECHNION-ISRAEL INST OF TECHLGY         ,FC,00000-0000,Public       ,0,2,2,8,76,84
00944200,UNIVERSITY OF EXETER                    ,FC,00000-0000,Public       ,0,0,0,21,74,95
00944400,UNIVERSITY OF LANCASTER                 ,FC,00000-0000,Public       ,1,1,2,10,37,47
00963400,UNIVERSITY OF OXFORD ST CATHERINE'S     ,FC,00000-0000,Public       ,0,0,0,1,5,6
00980800,UNIVERSITY OF STRATHCLYDE               ,FC,00000-0000,Public       ,0,0,0,10,59,69
00986000,UNIVERSITY OF SURREY                    ,FC,00000-0000,Public       ,0,2,2,19,43,62
00992700,UNIVERSITY OF CAMBRIDGE - FITZWILLI     ,FC,00000-0000,Public       ,0,0,0,1,8,9
01006700,LUND UNIVERSITY                         ,FC,00000-0000,Public       ,0,1,1,8,101,109
01008400,UNIVERSITY OF CAPE TOWN                 ,FC,00000-0000,Public       ,3,8,11,13,73,86
01008700,UNIVERSITY OF OXFORD ST PETER'S COL     ,FC,00000-0000,Public       ,0,0,0,0,4,4
01008800,UNIVERSITY OF OXFORD - CORPUS CHRIS     ,FC,00000-0000,Public       ,0,0,0,1,4,5
01008900,CENTRAL SCHOOL OF SPEECH AND DRAMA      ,FC,00000-0000,Public       ,0,0,0,12,49,61
01009000,UNIVERSITY OF OXFORD - BALLIOL COLL     ,FC,00000-0000,Public       ,0,0,0,1,9,10
01014300,UNIVERSITY OF READING                   ,FC,00000-0000,Public       ,0,0,0,13,67,80
01015700,CARDIFF UNIVERSITY                      ,FC,00000-0000,Public       ,1,1,2,25,72,97
01016000,CG JUNG INST                            ,FC,00000-0000,Private      ,0,0,0,0,4,4
01018800,UNIVERSITY COLLEGE DUBLIN               ,FC,00000-0000,Public       ,1,1,2,88,300,388
01019000,UNIVERSITY OF CAMBRIDGE CHURCHILL C     ,FC,00000-0000,Public       ,0,0,0,1,7,8
01022800,UNIVERSITY OF STIRLING                  ,FC,00000-0000,Public       ,0,0,0,24,47,71
01033200,UNIVERSITY OF CAMBRIDGE - CLARE COL     ,FC,00000-0000,Public       ,0,0,0,2,7,9
01045600,UNIVERSITY OF HAIFA                     ,FC,00000-0000,Public       ,0,0,0,4,44,48
01047200,INST EUROPEEN OPEEN D'ADMINISTRATIO     ,FC,00000-0000,Private      ,0,0,0,0,54,54
01049300,CRANFIELD UNIVERSITY                    ,FC,00000-0000,Public       ,0,1,1,0,12,12
01052000,TRINITY LABAN CONSERVATOIRE OF MUSIC AND,FC,00000-0000,Public       ,0,0,0,7,18,25
01052500,UNIVERSITY OF HERTFORDSHIRE             ,FC,00000-0000,Public       ,0,0,0,25,30,55
01057400,LONDON INTRNTL FILM SCHOOL              ,FC,00000-0000,Private      ,0,3,3,3,22,25
01058800,AUSTRALIAN NATIONAL UNIVERSITY          ,FC,00000-0000,Public       ,0,2,2,14,47,61
01058900,BANGOR UNIVERSITY                       ,FC,00000-0000,Public       ,1,0,1,29,29,58
01059400,"RICHMOND, THE AMERICAN INT UNI IN LONDON",FC,00000-0000,Private      ,1,0,1,320,58,378
01059900,INST D'ETUDES POLITIQUES DE PARIS       ,FC,00000-0000,Public       ,0,3,3,11,123,134
01068100,MACQUARIE UNIVERSITY                    ,FC,00000-0000,Public       ,0,3,3,11,43,54
01069200,UNIVERSITY OF QUEENSLAND (THE)          ,FC,00000-0000,Public       ,0,30,30,26,511,537
01078900,UNIVERSITY OF OXFORD - WORCESTER CO     ,FC,00000-0000,Public       ,0,0,0,0,4,4
01079700,"NATIONAL UNIVERSITY OF IRELAND, MAY     ",FC,00000-0000,Public       ,0,0,0,14,25,39
01081600,KINGSTON UNIVERSITY                     ,FC,00000-0000,Public       ,0,0,0,63,213,276
01086400,UNIV OF DUNDEE                          ,FC,00000-0000,Public       ,0,0,0,6,31,37
01086600,UNIVERSITY OF OXFORD - MAGDALEN COLLEGE ,FC,00000-0000,Public       ,0,0,0,2,6,8
01086700,UNIVERSITY OF OXFORD ST JOHN'S COLL     ,FC,00000-0000,Public       ,0,0,0,0,3,3
01091400,MONASH UNIVERSITY                       ,FC,00000-0000,Public       ,0,6,6,10,44,54
01091500,UNIV OF EAST ANGLIA                     ,FC,00000-0000,Public       ,0,2,2,31,79,110
01094200,UNIVERSITY OF OXFORD - ST HUGH'S CO     ,FC,00000-0000,Public       ,0,0,0,1,10,11
01097700,UNIVERSIDAD CENTRAL DEL ESTE            ,FC,00000-0000,Private      ,2,4,6,24,125,149
01098000,SOMERVILLE COLLEGE                      ,FC,00000-0000,Public       ,0,0,0,2,5,7
01099900,UNIV OF OXFORD - WADHAM COLLEGE         ,FC,00000-0000,Public       ,0,1,1,0,5,5
01105300,UNIVERSITY OF OXFORD - ST HILDA'S C     ,FC,00000-0000,Public       ,0,1,1,1,6,7
01105400,UNIVERSITY OF OXFORD - ST ANNE'S CO     ,FC,00000-0000,Public       ,0,0,0,0,12,12
01105500,UNIV OF OXFORD - LADY MARGARET HALL     ,FC,00000-0000,Public       ,0,1,1,0,9,9
01105600,UNIVERSITY OF OXFORD - UNIVERSITY C     ,FC,00000-0000,Public       ,2,0,2,19,53,72
01105700,UNIVERSITY OF OXFORD - TRINITY COLL     ,FC,00000-0000,Public       ,0,0,0,2,4,6
01105800,UNIVERSITY OF OXFORD-ST EDMUND HALL     ,FC,00000-0000,Public       ,0,0,0,1,5,6
01105900,UNIVERSITY OF OXFORD ST ANTONY'S CO     ,FC,00000-0000,Public       ,0,0,0,0,23,23
01106000,UNIVERSITY OF OXFORD - QUEEN'S COLL     ,FC,00000-0000,Public       ,0,0,0,2,3,5
01106100,UNIVERSITY OF OXFORD - PEMBROKE COL     ,FC,00000-0000,Public       ,0,1,1,0,6,6
01106200,UNIVERSITY OF OXFORD - ORIEL COLLEG     ,FC,00000-0000,Public       ,0,0,0,1,9,10
01106300,UNIVERSITY OF OXFORD - NUFFIELD COL     ,FC,00000-0000,Public       ,0,0,0,0,4,4
01106400,UNIVERSITY OF OXFORD - NEW COLLEGE      ,FC,00000-0000,Public       ,0,0,0,3,6,9
01106500,UNIVERSITY OF OXFORD MERTON COLLEGE     ,FC,00000-0000,Public       ,0,0,0,2,8,10
01106600,UNIVERSITY OF OXFORD - LINCOLN COLL     ,FC,00000-0000,Public       ,0,0,0,0,9,9
01106700,UNIVERSITY OF OXFORD - KEBLE COLLEG     ,FC,00000-0000,Public       ,0,0,0,0,5,5
01106800,UNIVERSITY OF OXFORD - JESUS COLLEG     ,FC,00000-0000,Public       ,0,0,0,2,6,8
01106900,UNIVERSITY OF OXFORD - HERTFORD COL     ,FC,00000-0000,Public       ,0,0,0,1,8,9
01107000,UNIVERSITY OF OXFORD EXETER COLLEGE     ,FC,00000-0000,Public       ,0,0,0,0,5,5
01107100,UNIV OF OXFORD - CHRIST CHURCH          ,FC,00000-0000,Public       ,0,1,1,3,16,19
01107200,UNIVERSITY OF OXFORD - BRASENOSE CO     ,FC,00000-0000,Public       ,0,0,0,1,4,5
01109100,FLINDERS UNIVERSITY OF S AUSTRALIA      ,FC,00000-0000,Public       ,0,1,1,8,23,31
01109400,UNIVERSITY OF WESTERN AUSTRALIA (THE)   ,FC,00000-0000,Public       ,1,2,3,4,23,27
01121400,UNIVERSITY OF THE WITWATERSRAND         ,FC,00000-0000,Public       ,0,0,0,3,23,26
01122600,AARHUS UNIVERSITY                       ,FC,00000-0000,Public       ,0,0,0,3,41,44
01156700,"IMPERIAL COLLEGE OF SCIENCE, TECHNOLOGY ",FC,00000-0000,Public       ,0,1,1,17,91,108
01167900,UNIVERSITY OF BATH                      ,FC,00000-0000,Public       ,0,0,0,11,38,49
01168300,FRANKLIN COLLEGE  SWITZERLAND           ,FC,00000-0000,Private      ,2,2,4,253,37,290
01175800,UNIV OF CAMBRIDGE - PETERHOUSE          ,FC,00000-0000,Public       ,1,0,1,2,4,6
01176400,ROYAL ACADEMY OF MUSIC                  ,FC,00000-0000,Public       ,0,0,0,8,22,30
01176500,GOLDSMITHS' COLLEGE-UNIV OF LONDON      ,FC,00000-0000,Public       ,1,0,1,52,178,230
01178000,BRUNEL UNIVERSITY                       ,FC,00000-0000,Public       ,0,0,0,13,67,80
01183800,UNIVERSITY OF OXFORD - MANSFIELD CO     ,FC,00000-0000,Public       ,0,0,0,0,6,6
01207500,UNIVERSITY CAMBRIDGE - TRINITY COLL     ,FC,00000-0000,Public       ,0,0,0,3,7,10
01207800,VICTORIA UNIV OF WELLINGTON             ,FC,00000-0000,Public       ,1,1,2,11,53,64
01209600,ECOLE HÔTELIERE DE LAUSANNE             ,FC,00000-0000,Private      ,0,0,0,5,10,15
01210100,UNIVERSITY OF CAMBRIDGE - GIRTON CO     ,FC,00000-0000,Public       ,0,0,0,1,6,7
01213600,VICTORIA UNIV OF MANCHESTER (THE)       ,FC,00000-0000,Public       ,1,2,3,32,147,179
01219800,UNIVERSITY OF BRADFORD                  ,FC,00000-0000,Public       ,0,0,0,4,31,35
01220100,UNIVERSITY OF OXFORD - REGENT'S PAR     ,FC,00000-0000,Public       ,0,0,0,0,3,3
01220600,JAMES COOK UNIVERSITY                   ,FC,00000-0000,Public       ,0,3,3,17,59,76
01221500,BIRMINGHAM CITY UNIVERSITY              ,FC,00000-0000,Public       ,0,0,0,10,43,53
01222300,JAGIELLONIAN UNIVERSITY COLLEGIUM M     ,FC,00000-0000,Public       ,0,3,3,1,34,35
01225800,ASTON UNIVERSITY                        ,FC,00000-0000,Public       ,0,1,1,5,11,16
01227500,UNIVERSITY OF OXFORD - WOLFSON COLL     ,FC,00000-0000,Public       ,0,2,2,0,21,21
01230200,GONVILLE & CAIUS COLLEGE                ,FC,00000-0000,Public       ,1,0,1,1,2,3
01233500,ROYAL COLLEGE OF MUSIC                  ,FC,00000-0000,Public       ,0,0,0,4,23,27
01234100,UNIVERSITY OF WALES - ST DAVID'S UN     ,FC,00000-0000,Public       ,0,1,1,5,12,17
01242100,UNIV OF AUCKLAND                        ,FC,00000-0000,Public       ,2,7,9,26,107,133
01254000,UNIVERSIDAD DE NAVARRA                  ,FC,00000-0000,Private      ,0,2,2,12,37,49
01276500,UNIVERSITY OF OXFORD - LINACRE COLL     ,FC,00000-0000,Public       ,0,1,1,0,14,14
01276600,"NATIONAL UNIVERSITY IRELAND, GALWAY     ",FC,00000-0000,Public       ,0,1,1,33,124,157
01280200,PONTIFICIA UNIV CATOLICA MAD Y MAES     ,FC,00000-0000,Private      ,4,4,8,127,118,245
01281100,INST TECNOLOGICO DE SANTO DOMINGO       ,FC,00000-0000,Private      ,2,3,5,24,59,83
01283900,UNIVERSITY OF CAMBRIDGE - SAINT JOH     ,FC,00000-0000,Public       ,0,0,0,0,8,8
01297800,UNIVERSITY OF HUDDERSFIELD (THE)        ,FC,00000-0000,Public       ,0,0,0,7,19,26
01315300,MASSEY UNIVERSITY                       ,FC,00000-0000,Public       ,1,6,7,11,55,66
02052400,DARWIN COLLEGE                          ,FC,00000-0000,Public       ,0,0,0,1,8,9
02082400,UNIVERSITY OF CAMBRIDGE - QUEEN'S C     ,FC,00000-0000,Public       ,0,0,0,2,7,9
02083400,UNIVERSITY OF CAMBRIDGE - WOLFSON C     ,FC,00000-0000,Public       ,0,0,0,0,20,20
02087400,UNIVERSITY OF CAMBRIDGE - NEWNHAM C     ,FC,00000-0000,Public       ,0,0,0,0,5,5
02087900,OXFORD BROOKES UNIVERSITY               ,FC,00000-0000,Public       ,0,0,0,23,99,122
02094100,BEN-GURION UNIV                         ,FC,00000-0000,Public       ,0,0,0,3,89,92
02094400,UNIV OF CAMBRIDGE - ST EDMUND'S HOU     ,FC,00000-0000,Public       ,0,0,0,0,11,11
02095500,LONDON BUS SCHOOL                       ,FC,00000-0000,Public       ,0,0,0,3,93,96
02101900,ROEHAMPTON UNIVERSITY                   ,FC,00000-0000,Public       ,1,1,2,45,113,158
02108600,LONDON ACADEMY OF MUSIC & DRAMATIC      ,FC,00000-0000,Private      ,0,1,1,28,60,88
02115900,UNIVERSITY OF PORTSMOUTH                ,FC,00000-0000,Public       ,0,0,0,15,14,29
02116700,UNIVERSITY OF CAMBRIDGE - LUCY CAVE     ,FC,00000-0000,Public       ,0,0,0,1,8,9
02120000,UNIV OF LONDON - COURTALD INST OF A     ,FC,00000-0000,Public       ,0,0,0,0,36,36
02133400,UNIVERSITY OF CAMBRIDGE - SIDNEY SU     ,FC,00000-0000,Public       ,0,1,1,2,10,12
02142000,UNIVERSITY OF CAMBRIDGE - HOMERTON      ,FC,00000-0000,Public       ,0,0,0,0,8,8
02149700,UNIVERSITY OF WINCHESTER (THE)          ,FC,00000-0000,Public       ,0,0,0,15,9,24
02156800,UNIV OF OTAGO                           ,FC,00000-0000,Public       ,0,0,0,12,52,64
02162300,"IESE BUSINESS SCH, UNIV OF NAVARRA      ",FC,00000-0000,Private      ,0,2,2,4,65,69
02167400,UNIVERSITY OF CAMBRIDGE - CORPUS CH     ,FC,00000-0000,Public       ,0,0,0,0,6,6
02177700,KING'S COLLEGE- UNIV OF CAMBRIDGE       ,FC,00000-0000,Public       ,1,1,2,14,34,48
02180500,MIDDLESEX UNIVERSITY                    ,FC,00000-0000,Public       ,1,1,2,51,103,154
02183500,UNIV OF OXFORD - WYCLIFFE HALL          ,FC,00000-0000,Public       ,0,1,1,3,15,18
02186000,UNIVERSITY OF CAMBRIDGE - MAGDALENE     ,FC,00000-0000,Public       ,0,0,0,3,3,6
02186100,UNIVERSITY OF CAMBRIDGE - EMMANUEL      ,FC,00000-0000,Public       ,0,0,0,0,5,5
02194800,UNIVERSITY OF THE WEST OF ENGLAND -     ,FC,00000-0000,Public       ,1,0,1,9,29,38
02195100,UNIV OF WESTMINSTER                     ,FC,00000-0000,Public       ,1,0,1,66,165,231
02196700,GUILDHALL SCHOOL OF MUSIC & DRAMA       ,FC,00000-0000,Public       ,0,0,0,13,22,35
02207300,UNIVERSITY OF CAMBRIDGE - CHRIST'S      ,FC,00000-0000,Public       ,0,0,0,0,7,7
02207400,CHINESE UNIVERSITY OF HONG KONG (THE)   ,FC,00000-0000,Public       ,0,1,1,12,26,38
02209500,UNIVERSITEIT UTRECHT                    ,FC,00000-0000,Public       ,0,1,1,14,51,65
02210000,UNIV OF LONDON - LONDON SCHOOL OF H     ,FC,00000-0000,Public       ,0,0,0,0,107,107
02212300,UNIVERSITY OF CAMBRIDGE - ROBINSON      ,FC,00000-0000,Public       ,0,1,1,0,1,1
02225300,UNIVERSITY OF CANTERBURY                ,FC,00000-0000,Public       ,0,0,0,4,17,21
02229100,UNIVERSITY OF LEICESTER                 ,FC,00000-0000,Public       ,0,5,5,15,120,135
02229600,SACKLER SCHOOL OF MEDICINE              ,FC,00000-0000,Public       ,0,0,0,0,159,159
02232100,UNIVERSITY OF CAMBRIDGE                 ,FC,00000-0000,Public       ,0,0,0,2,36,38
02233300,"ST GEORGE'S UNIVERSITY, SCHOOL OF MEDICI",FC,00000-0000,Proprietary  ,0,38,38,21,4174,4195
02235300,LONDON METROPOLITAN UNIVERSITY          ,FC,00000-0000,Public       ,2,1,3,43,88,131
02244400,AMERICAN UNIV OF THE CARIBBEAN          ,FC,00000-0000,Proprietary  ,0,79,79,10,1710,1720
02266600,UNIVERSITY OF LONDON - SAINT GEORGE     ,FC,00000-0000,Public       ,0,0,0,3,55,58
02271700,UNIVERSITY OF CAMBRIDGE - CLARE HAL     ,FC,00000-0000,Public       ,0,0,0,0,4,4
02271800,UNIV OF OXFORD - CAMPION HALL           ,FC,00000-0000,Public       ,0,1,1,0,1,1
02271900,UNIVERSITY OF OXFORD - BLACKFRIARS      ,FC,00000-0000,Public       ,0,0,0,0,2,2
02272200,UNIVERSITY OF CAMBRIDGE - MURRAY EDWARDS,FC,00000-0000,Public       ,0,0,0,0,1,1
02273600,QUEEN'S UNIV OF BELFAST (THE)           ,FC,00000-0000,Public       ,0,1,1,18,86,104
02273900,HERIOT WATT UNIVERSITY                  ,FC,00000-0000,Public       ,0,1,1,8,36,44
02293400,ECOLE DES HAUTES ETUDES COMERCIALS      ,FC,00000-0000,Public       ,0,0,0,0,33,33
02296300,UNIVERSITY OF CAMBRIDGE - JESUS COL     ,FC,00000-0000,Public       ,0,0,0,0,10,10
02310500,DE MONTFORT UNIVERSITY                  ,FC,00000-0000,Public       ,0,0,0,5,12,17
02320500,ROYAL NORTHERN COLLEGE OF MUSIC         ,FC,00000-0000,Public       ,0,0,0,2,9,11
02335100,UNIV OF CAMBRIDGE - TRINITY HALL        ,FC,00000-0000,Public       ,0,0,0,2,12,14
02338900,UNIVERSITY  FOR THE CREATIVE ARTS       ,FC,00000-0000,Public       ,0,0,0,11,10,21
02351800,UNIVERSIDAD IBEROAMERICANA (UNIBE       ,FC,00000-0000,Private      ,3,14,17,84,447,531
02352100,UNIVERSITY OF PLYMOUTH                  ,FC,00000-0000,Public       ,0,0,0,15,16,31
02496700,NATIONAL FILM & TV SCHOOL               ,FC,00000-0000,Public       ,0,1,1,2,9,11
02545700,GLASGOW SCHOOL OF ART                   ,FC,00000-0000,Public       ,0,0,0,5,25,30
02561600,SOUTHAMPTON SOLENT UNIVERSITY           ,FC,00000-0000,Public       ,1,0,1,13,4,17
02579600,MURDOCH UNIVERSITY                      ,FC,00000-0000,Public       ,1,4,5,5,27,32
02588000,UNIVERSITY OF ULSTER                    ,FC,00000-0000,Public       ,0,0,0,7,21,28
02611700,DUBLIN CITY UNIVERSITY                  ,FC,00000-0000,Public       ,0,0,0,13,42,55
03012700,UNIVERSITY OF BUCKINGHAM                ,FC,00000-0000,Private      ,1,1,2,8,13,21
03029400,KEELE UNIVERSITY                        ,FC,00000-0000,Public       ,2,0,2,15,13,28
03029500,NORTHUMBRIA UNIVERSITY                  ,FC,00000-0000,Public       ,0,0,0,9,41,50
03033300,MANCHESTER METROPOLITAN UNIV            ,FC,00000-0000,Public       ,0,1,1,35,68,103
03045000,UNIVERSITY OF EAST LONDON               ,FC,00000-0000,Public       ,1,1,2,34,56,90
03050100,STUDIO ART CENTERS INTERNATIONAL        ,FC,00000-0000,Private      ,2,1,3,20,54,74
03067200,UNIVERSITY OF SYDNEY                    ,FC,00000-0000,Public       ,2,18,20,25,193,218
03073800,UNIV OF DEBRECEN MED & HEALTH SCI       ,FC,00000-0000,Public       ,0,1,1,3,17,20
03078700,UNIVERSITA COMMERCIALE L BOCCONI        ,FC,00000-0000,Private      ,2,1,3,12,38,50
03080300,SHEFFIELD HALLAM UNIVERSITY             ,FC,00000-0000,Public       ,0,1,1,7,10,17
03084300,UNIVERSITY OF LIMERICK                  ,FC,00000-0000,Public       ,0,1,1,20,78,98
03088700,ROYAL SCOTTISH ACAD MUSIC & DRAMA       ,FC,00000-0000,Public       ,0,0,0,21,27,48
03091400,UNIVERSITY OF WOLLONGONG                ,FC,00000-0000,Public       ,0,2,2,8,23,31
03091500,UNIVERSITY OF CANBERRA                  ,FC,00000-0000,Public       ,0,0,0,3,5,8
03091700,POZNAN UNIVERSITY OF MEDICAL SCIENCES   ,FC,00000-0000,Public       ,1,0,1,6,43,49
03092500,NOTTINGHAM TRENT UNIVERSITY             ,FC,00000-0000,Public       ,0,0,0,16,31,47
03095000,RMIT UNIVERSITY                         ,FC,00000-0000,Public       ,0,0,0,10,37,47
03095400,BOND UNIVERSITY                         ,FC,00000-0000,Private      ,0,6,6,21,64,85
03095900,ESSEC BUSINESS SCHOOL                   ,FC,00000-0000,Private      ,0,0,0,3,15,18
03096100,LA TROBE UNIVERSITY                     ,FC,00000-0000,Public       ,2,2,4,12,22,34
03100000,UNIVERSITY OF ADELAIDE (THE)            ,FC,00000-0000,Public       ,0,0,0,6,15,21
03101600,ASIAN INSTITUTE OF MANAGEMENT           ,FC,00000-0000,Private      ,0,0,0,3,25,28
03102500,AMERICAN UNIVERSITY OF ROME             ,FC,00000-0000,Private      ,1,6,7,127,98,225
03102800,ROBERT GORDON UNIVERSITY (THE)          ,FC,00000-0000,Public       ,0,1,1,1,40,41
03104800,GRIFFITH UNIVERSITY                     ,FC,00000-0000,Public       ,1,0,1,17,34,51
03140600,SOUTHERN CROSS UNIVERSITY               ,FC,00000-0000,Public       ,0,1,1,1,9,10
03150400,"UNIVERSITY OF TECHNOLOGY, SYDNEY        ",FC,00000-0000,Public       ,3,0,3,5,33,38
03287300,LIVERPOOL INSTITUTE FOR PERFORMING ARTS ,FC,00000-0000,Public       ,1,0,1,26,3,29
03300300,"2ND SCHOOL OF MEDICINE, CHARLES UNI     ",FC,00000-0000,Public       ,0,0,0,3,22,25
03300400,"FIRST FACULTY OF MEDICINE, CHARLES UNIV.",FC,00000-0000,Public       ,0,2,2,5,33,38
03329300,JOHN CABOT UNIVERSITY                   ,FC,00000-0000,Private      ,2,0,2,187,42,229
03333300,MEDICAL UNIVERSITY SCHOOL OF LUBLIN     ,FC,00000-0000,Public       ,0,6,6,11,165,176
03334300,UNIVERSIDAD NORDESTANA                  ,FC,00000-0000,Private      ,0,1,1,7,59,66
03335300,MEDICAL UNIVERSITY OF SILESIA           ,FC,00000-0000,Public       ,0,3,3,8,74,82
03342300,GLASGOW CALEDONIAN UNIVERSITY           ,FC,00000-0000,Public       ,1,0,1,7,45,52
03349400,"QUEEN MARGARET UNIVERSITY, EDINBURGH    ",FC,00000-0000,Public       ,0,0,0,3,27,30
03350300,BOURNEMOUTH UNIVERSITY                  ,FC,00000-0000,Public       ,0,0,0,15,35,50
03352300,LONDON SOUTH BANK UNIVERSITY            ,FC,00000-0000,Private      ,0,2,2,18,47,65
03378300,"THE 3RD FACULTY OF MEDICINE, CHARLE     ",FC,00000-0000,Public       ,0,0,0,1,3,4
03418400,NAPIER UNIVERSITY                       ,FC,00000-0000,Public       ,0,2,2,9,56,65
03435300,ANGLIA  RUSKIN UNIVERSITY               ,FC,00000-0000,Private      ,0,0,0,14,33,47
03460300,INTERNATIONALES THEOLOGISCHES INSTI     ,FC,00000-0000,Private      ,0,0,0,5,16,21
03473300,UNIVERSITY OF THE ARTS LONDON           ,FC,00000-0000,Public       ,2,2,4,125,164,289
03478300,ROYAL WELSH COLLEGE OF MUSIC AND DRAMA  ,FC,00000-0000,Public       ,0,0,0,14,24,38
03492300,UNIVERSITY OF OXFORD - GREEN TEMPLETON C,FC,00000-0000,Public       ,0,0,0,0,23,23
03492400,UNIV OF CAMBRIDGE-ST CATHERINE'S CG     ,FC,00000-0000,Public       ,0,0,0,1,3,4
03494400,UNIV OF CAMBRIDGE-SELWYN COLLEGE        ,FC,00000-0000,Public       ,0,0,0,0,4,4
03494600,UNIV OF OXFORD-HARRIS MANCHESTER        ,FC,00000-0000,Public       ,0,0,0,2,7,9
03501400,LEEDS METROPOLITAN UNIVERSITY           ,FC,00000-0000,Public       ,0,0,0,13,57,70
03507300,UNIVERSITY OF SUNDERLAND                ,FC,00000-0000,Public       ,0,0,0,7,9,16
03515300,UNIVERSITY OF CENTRAL LANCASHIRE        ,FC,00000-0000,Public       ,0,1,1,13,27,40
03517300,UNIVERSITY OF BRIGHTON                  ,FC,00000-0000,Public       ,1,0,1,22,41,63
03518300,EUROPEAN GRADUATE SCHOOL (EGS)          ,FC,00000-0000,Private      ,0,12,12,2,103,105
03527300,SOFIA UNIVERSITY ST. KLIMENT OHRIDSKI   ,FC,00000-0000,Public       ,0,0,0,1,9,10
03533300,BATH SPA UNIVERSITY                     ,FC,00000-0000,Public       ,0,2,2,11,30,41
03547300,UNIVERSITY OF SOUTH WALES               ,FC,00000-0000,Public       ,0,0,0,10,15,25
03547303,"UNIVERSITY OF SOUTH WALES - NEWPORT, CAE",FC,00000-0000,Public       ,0,0,0,0,1,1
03565300,MASARYKOVA UNIVERZITA                   ,FC,00000-0000,Public       ,1,0,1,2,8,10
03580300,LIVERPOOL JOHN MOORES UNIVERSITY        ,FC,00000-0000,Public       ,0,0,0,2,10,12
03589400,ARTS INSTITUTE AT BOURNEMOUTH (THE)     ,FC,00000-0000,Public       ,0,0,0,17,12,29
03594300,GROUP ESC GRENOBLE GRAD SCH OF BUS.     ,FC,00000-0000,Private      ,0,1,1,2,44,46
03597300,JAGIELLONIAN UNIVERSITY                 ,FC,00000-0000,Public       ,0,1,1,4,23,27
03619300,UNIVERSITY OF GREENWICH                 ,FC,00000-0000,Public       ,1,2,3,52,54,106
03653400,UNIVERSIDAD DE IBEROAMERICA - UNIBE     ,FC,00000-0000,Private      ,0,1,1,5,21,26
03674300,UNIVERSITY OF ABERTAY DUNDEE            ,FC,00000-0000,Public       ,0,0,0,3,7,10
03684400,UNIVERSITY OF LINCOLN                   ,FC,00000-0000,Public       ,0,0,0,11,17,28
03684500,MEDICAL UNIVERSITY OF GDANSK            ,FC,00000-0000,Public       ,0,0,0,5,10,15
03694300,UNIVERSITY OF CHICHESTER                ,FC,00000-0000,Public       ,0,0,0,1,6,7
03721300,WRITTLE COLLEGE                         ,FC,00000-0000,Public       ,1,0,1,1,1,2
03728300,UNIVERSITY OF DERBY                     ,FC,00000-0000,Public       ,0,0,0,2,10,12
03738300,LONDON SCHOOL OF THEOLOGY               ,FC,00000-0000,Private      ,0,1,1,0,7,7
03770300,NAZARENE THEOLOGICAL COLLEGE            ,FC,00000-0000,Private      ,0,1,1,0,6,6
03780300,SABA UNIVERSITY SCHOOL OF MEDICINE      ,FC,00000-0000,Proprietary  ,1,19,20,5,485,490
03784300,MEDICAL UNIVERSITY OF BIALYSTOK         ,FC,00000-0000,Public       ,0,0,0,4,9,13
03794400,ANGLO EUROPEAN COLLEGE OF CHIROPRACTIC  ,FC,00000-0000,Private      ,0,0,0,0,1,1
03807300,ROSE BRUFORD COLLEGE                    ,FC,00000-0000,Public       ,0,0,0,6,10,16
03816400,AMERICAN GRAD SCH OF INTERNTL REL & DIPL,FC,00000-0000,Private      ,1,1,2,7,44,51
03818300,LEIPZIG GRADUATE SCHOOL OF MANAGEMENT   ,FC,00000-0000,Private      ,0,1,1,0,14,14
03824300,"ROYAL VETERINARY COLLEGE (THE), UNIVERSI",FC,00000-0000,Public       ,0,0,0,2,99,101
03829300,INTERNATIONAL CHRISTIAN COLLEGE         ,FC,00000-0000,Private      ,0,0,0,0,1,1
03859400,UNIVERSITY COLLEGE FALMOUTH             ,FC,00000-0000,Public       ,0,0,0,22,13,35
03873300,COPENHAGEN BUSINESS SCHOOL              ,FC,00000-0000,Public       ,0,0,0,5,18,23
03880300,UNIVERSITY OF GLOUCESTERSHIRE (THE)     ,FC,00000-0000,Public       ,0,0,0,6,6,12
03897400,INTERNATIONAL SPACE UNIVERSITY          ,FC,00000-0000,Private      ,0,1,1,0,8,8
03900300,MEDICAL UNIVERSITY OF THE AMERICAS      ,FC,00000-0000,Proprietary  ,0,25,25,0,345,345
03945300,UNIVERSITY OF WEST LONDON               ,FC,00000-0000,Public       ,1,2,3,17,28,45
03974300,"ST. GEORGE'S UNIVERSITY, SCHOOL OF VETER",FC,00000-0000,Proprietary  ,0,4,4,3,731,734
04015300,FRANKFURT SCHOOL OF FINANCE & MANAGEMENT,FC,00000-0000,Private      ,1,1,2,8,33,41
04021400,"AMERICAN COLLEGE, DUBLIN LIMITED (THE)  ",FC,00000-0000,Private      ,0,1,1,26,37,63
04021500,CENTRAL EUROPEAN UNIVERSITY             ,FC,00000-0000,Private      ,0,2,2,0,84,84
04032300,YORK ST JOHN UNIVERSITY                 ,FC,00000-0000,Public       ,0,0,0,5,5,10
04046300,HK UNIVERSITY OF SCI & TECH (HKUST)     ,FC,00000-0000,Public       ,0,0,0,3,15,18
04070300,"RAPHAEL RECANATI INTERNATIONAL SCHOOL, T",FC,00000-0000,Private      ,4,2,6,70,82,152
04076300,NEWCASTLE COLLEGE                       ,FC,00000-0000,Public       ,0,0,0,1,8,9
04085400,NEW ZEALAND COLLEGE OF CHIROPRACTIC     ,FC,00000-0000,Private      ,0,1,1,1,6,7
04113300,LEBANESE AMERICAN UNIVERSITY            ,FC,00000-0000,Private      ,0,1,1,65,25,90
04115900,LIVERPOOL HOPE UNIVERSITY               ,FC,00000-0000,Public       ,0,0,0,3,9,12
04116300,EDHEC BUSINESS SCHOOL                   ,FC,00000-0000,Private      ,0,0,0,1,23,24
04128600,UNIVERSITY OF WORCESTER                 ,FC,00000-0000,Public       ,0,1,1,10,4,14
04128700,HERTIE SCHOOL OF GOVERNANCE             ,FC,00000-0000,Private      ,1,1,2,8,42,50
04134200,LONDON CONTEMPORARY DANCE SCHOOL        ,FC,00000-0000,Private      ,0,0,0,12,3,15
04139100,UNIVERSITA DEGLI STUDI DI SCIENZE GASTRO,FC,00000-0000,Private      ,0,1,1,1,12,13
04143700,ST MARY'S UNIVERSITY COLLEGE TWICKENHAM ,FC,00000-0000,Public       ,0,0,0,16,12,28
04160800,CORK INSTITUTE OF TECHNOLOGY            ,FC,00000-0000,Public       ,0,0,0,3,4,7
04168200,EUROPEAN UNIVERSITY AT ST. PETERSBURG   ,FC,00000-0000,Private      ,0,5,5,3,22,25
04170900,UNIVERSITY OF CHESTER                   ,FC,00000-0000,Public       ,0,0,0,5,11,16
04176500,ESMT EUROPEAN SCHOOL OF MANAGEMENT AND T,FC,00000-0000,Private      ,0,3,3,8,36,44
04180700,"HEYTHROP COLLEGE, UNIVERSITY OF LONDON  ",FC,00000-0000,Public       ,0,0,0,3,4,7
04212900,UNIVERSITY COLLEGE BIRMINGHAM           ,FC,00000-0000,Public       ,0,0,0,0,1,1
04218800,REGENT'S UNIVERSITY LONDON              ,FC,00000-0000,Private      ,0,0,0,72,44,116
04219400,UNIVERSIDAD TORCUATO DI TELLA           ,FC,00000-0000,Private      ,0,2,2,4,9,13
04227300,UNIVERSITY OF OXFORD-ST. STEPHEN'S HOUSE,FC,00000-0000,Public       ,0,0,0,0,2,2
04240100,AMERICAN UNIVERSITY OF ANTIGUA COLLEGE O,FC,00000-0000,Proprietary  ,4,164,168,6,796,802
04244500,NORWICH UNIVERSITY OF THE ARTS          ,FC,00000-0000,Public       ,0,0,0,2,2,4
00380600,ALDERSON BROADDUS UNIVERSITY            ,WV,26416-1051,Private      ,18,13,31,1923,396,2319
00380700,MOUNTAIN STATE UNIVERSITY               ,WV,25801-5624,Private      ,2,6,8,76,192,268
00380800,BETHANY COLLEGE                         ,WV,26032-0417,Private      ,13,4,17,1133,157,1290
00380900,BLUEFIELD STATE COLLEGE                 ,WV,24701-2198,Public       ,23,69,92,1374,1621,2995
00381000,CONCORD UNIVERSITY                      ,WV,24712-0000,Public       ,35,50,85,2479,1449,3928
00381100,DAVIS & ELKINS COLLEGE                  ,WV,26241-3996,Private      ,14,21,35,1126,365,1491
00381200,FAIRMONT STATE UNIVERSITY               ,WV,26554-2470,Public       ,57,93,150,4616,2747,7363
00381300,GLENVILLE STATE COLLEGE                 ,WV,26351-1292,Public       ,33,26,59,1551,650,2201
00381500,MARSHALL UNIVERSITY                     ,WV,25755-3300,Public       ,96,221,317,10346,7537,17883
00381600,SOUTHERN WV COMMUNITY COLLEGE           ,WV,25637-2900,Public       ,24,135,159,1226,1760,2986
00381800,UNIVERSITY OF CHARLESTON                ,WV,25304-1099,Private      ,19,78,97,1763,1905,3668
00381900,OHIO VALLEY COLLEGE                     ,WV,26105-8000,Private      ,5,6,11,462,148,610
00382000,SALEM INTERNATIONAL UNIVERSITY          ,WV,26426-0500,Proprietary  ,11,110,121,365,875,1240
00382200,SHEPHERD UNIVERSITY                     ,WV,25443-5000,Public       ,39,50,89,3784,1564,5348
00382300,WEST LIBERTY UNIVERSITY                 ,WV,26074-0295,Public       ,15,37,52,2537,920,3457
00382600,WEST VIRGINIA STATE UNIVERSITY          ,WV,25112-0000,Public       ,61,71,132,2715,2067,4782
00382700,WEST VIRGINIA UNIVERSITY                ,WV,26506-6201,Public       ,284,231,515,25960,9860,35820
00382711,WEST VIRGINIA UNIVERSITY - POTOMAC STATE,WV,26726-3000,Public       ,32,28,60,1795,627,2422
00382721,WEST VIRGINIA UNIV INST OF TECH         ,WV,25136-2436,Public       ,16,23,39,1442,672,2114
00382800,WEST VIRGINIA UNIV AT PARKERSBURG       ,WV,26101-9577,Public       ,47,121,168,1544,2451,3995
00383000,WEST VIRGINIA WESLEYAN COLLEGE          ,WV,26201-2600,Private      ,20,11,31,2048,317,2365
00383100,WHEELING JESUIT UNIVERSITY              ,WV,26003-6243,Private      ,7,33,40,1113,840,1953
00500700,WEST VIRGINIA JUNIOR COLLEGE            ,WV,26505-5596,Proprietary  ,20,95,115,322,816,1138
00500800,MOUNTAIN STATE COLLEGE                  ,WV,26101-3993,Proprietary  ,1,24,25,60,371,431
00754400,APPALACHIAN BIBLE COLLEGE               ,WV,25818-1353,Private      ,1,2,3,233,70,303
00760000,INTERNATIONAL BEAUTY SCHOOL             ,WV,25401-3231,Proprietary  ,3,12,15,32,109,141
00835500,JAMES RUMSEY TECHNICAL INSTITUTE        ,WV,25403-0259,Public       ,2,26,28,128,390,518
00895900,CLARKSBURG BEAUTY ACADEMY               ,WV,26301-2903,Proprietary  ,2,24,26,49,138,187
00904700,HUNTINGTON JUNIOR COLLEGE               ,WV,25701-2004,Proprietary  ,17,107,124,224,1172,1396
00905400,WEST VIRGINIA NORTHERN CMTY COLLEGE     ,WV,26003-0000,Public       ,11,105,116,1007,1689,2696
01014000,MINERAL COUNTY VOCATIONAL TECH CTR      ,WV,26726-0000,Public       ,3,6,9,33,63,96
01057300,WEST VIRGINIA JUNIOR COLLEGE            ,WV,25322-0000,Proprietary  ,6,42,48,228,499,727
01057302,WEST VIRGINIA JUNIOR COLLEGE            ,WV,26330-0000,Proprietary  ,11,33,44,187,344,531
01086100,WEST VIRGINIA BUSINESS COLLEGE          ,WV,26301-0000,Proprietary  ,0,20,20,21,200,221
01124500,WEST VIRGINIA SCH OSTEOPATHIC MED       ,WV,24901-1128,Public       ,0,3,3,14,888,902
01174900,WOOD COUNTY SCH OF PRAC NURSING         ,WV,26101-6424,Public       ,1,9,10,41,154,195
01235900,B M SPURR SCHOOL OF PRAC NURSING        ,WV,26038-1660,Private      ,0,2,2,10,47,57
01257300,WEST VIRGINIA UNIV-HOSP-RAD TECH        ,WV,26506-8062,Private      ,3,2,5,132,120,252
01274300,BENJAMIN FRANKLIN CAREER&TECH           ,WV,25064-0000,Public       ,2,29,31,75,207,282
01290400,MONONGALIA CNTY TECH ED CTR             ,WV,26501-6841,Public       ,0,5,5,70,154,224
01290500,ACADEMY OF CAREERS AND TECHNOLOGY       ,WV,25801-0000,Public       ,1,21,22,174,457,631
02057400,ROANE-JACKSON TECHNICAL CENTER          ,WV,25252-0000,Public       ,1,2,3,32,59,91
02068000,UNITED TECHNICAL CENTER                 ,WV,26301-0000,Public       ,3,16,19,45,128,173
02073400,CARVER CAREER TECH ED CTR               ,WV,25306-6397,Public       ,5,28,33,235,459,694
02145100,SCOTT COLLEGE OF COSMETOLOGY            ,WV,26003-0000,Proprietary  ,0,11,11,48,96,144
02178200,CHARLESTON SCHOOL OF BEAUTY CULTURE     ,WV,25301-0000,Proprietary  ,6,24,30,88,264,352
02218200,GARNET CAREER CENTER                    ,WV,25301-0000,Public       ,4,27,31,110,434,544
02275300,CABELL COUNTY CAREER TECHNOLOGY CTR     ,WV,25705-0000,Public       ,6,22,28,166,374,540
02524500,RALPH R WILLIS VOCATIONAL CENTER        ,WV,25601-0000,Public       ,2,6,8,42,116,158
02534800,FRED W EBERLE TECHNICAL CENTER          ,WV,26201-0000,Public       ,0,11,11,78,144,222
02535500,MERCER COUNTY TECH EDUC CNTR            ,WV,24740-0000,Public       ,5,23,28,104,296,400
02579900,NORTH CENTRAL OPPORTUNITIES INDUSTRIALIZ,WV,26554-2936,Private      ,2,16,18,32,122,154
02609400,VALLEY COLLEGE                          ,WV,25404-5711,Proprietary  ,8,61,69,95,483,578
03052000,MEREDITH MANOR EQUESTRIAN CENTRE        ,WV,26184-9707,Proprietary  ,2,4,6,172,118,290
03076500,FAYETTE INSTITUTE OF TECHNOLOGY         ,WV,25901-2174,Public       ,5,13,18,32,93,125
03084200,VALLEY COLLEGE                          ,WV,24740-3141,Proprietary  ,8,43,51,92,308,400
03084400,VALLEY COLLEGE                          ,WV,25801-2643,Proprietary  ,8,102,110,130,737,867
03098300,PUTNAM CAREER & TECHNICAL CENTER        ,WV,25070-0000,Public       ,1,0,1,76,104,180
03102100,MORGANTOWN BEAUTY COLLEGE               ,WV,26505-5430,Proprietary  ,4,12,16,96,165,261
03734300,JOHN D. ROCKEFELLER IV CAREER CENTER    ,WV,26047-9424,Public       ,0,4,4,10,40,50
03819300,AMERICAN PUBLIC UNIVERSITY SYSTEM       ,WV,25414-1621,Proprietary  ,134,5490,5624,2011,60225,62236
03957300,BLUE RIDGE COMMUNITY AND TECHNICAL COLLE,WV,25401-3244,Public       ,34,90,124,1127,2213,3340
03960300,NEW RIVER COMMUNITY AND TECHNICAL COLLEG,WV,25801-2636,Public       ,27,108,135,1175,2289,3464
04028300,MOUNTAIN STATE SCHOOL OF MASSAGE        ,WV,25304-2025,Proprietary  ,2,8,10,29,90,119
04038500,PIERPONT COMMUNITY & TECHNICAL COLLEGE  ,WV,26554-2451,Public       ,29,69,98,1424,1555,2979
04038600,BRIDGEVALLEY COMMUNITY AND TECHNICAL COL,WV,25303-2735,Public       ,18,106,124,1160,2159,3319
04038601,BRIDGEVALLEY COMMUNITY AND TECHNICAL COL,WV,25136-2435,Public       ,0,0,0,61,48,109
04041400,MOUNTWEST COMMUNITY AND TECHNICAL COLLEG,WV,25755-3300,Public       ,26,145,171,1131,2191,3322
04119000,EASTERN WEST VIRGINIA COMMUNITY & TECHNI,WV,26836-0000,Public       ,10,36,46,261,647,908
04124200,CATHOLIC DISTANCE UNIVERSITY            ,WV,25414-1621,Private      ,0,3,3,0,3,3
04139900,FUTURE GENERATIONS GRADUATE SCHOOL      ,WV,26807-0000,Private      ,0,1,1,0,3,3
04212400,MINGO EXTENDED LEARNING CENTER          ,WV,25670-9797,Public       ,0,5,5,13,63,76
04234800,RANDOLPH TECHNICAL CENTER               ,WV,26241-9527,Public       ,0,1,1,18,38,56
04242900,MARTINSBURG COLLEGE                     ,WV,25404-6204,Proprietary  ,1,9,10,1,9,10
00106100,ALASKA PACIFIC UNIVERSITY               ,AK,99508-4672,Private      ,17,50,67,568,893,1461
00106300,UNIVERSITY OF ALASKA FAIRBANKS          ,AK,99775-7500,Public       ,72,247,319,3660,4500,8160
00106500,UNIVERSITY OF ALASKA SOUTHEAST          ,AK,99801-8680,Public       ,20,70,90,834,1473,2307
00884300,ALASKA BIBLE COLLEGE                    ,AK,99588-0000,Private      ,0,3,3,33,45,78
01146200,UNIVERSITY OF ALASKA ANCHORAGE          ,AK,99514-1608,Public       ,193,496,689,6970,9168,16138
02541000,ALASKA CAREER COLLEGE                   ,AK,99507-1033,Proprietary  ,28,108,136,317,1012,1329
02576900,CHARTER COLLEGE                         ,AK,99508-0000,Proprietary  ,138,593,731,1114,4262,5376
03160300,AVTEC - ALASKA'S INSTITUTE OF TECHNOLOGY,AK,99664-0889,Public       ,5,20,25,262,389,651
03461300,ILISAGVIK COLLEGE                       ,AK,99723-0749,Public       ,0,7,7,27,79,106
04138600,ALASKA CHRISTIAN COLLEGE                ,AK,99669-9755,Private      ,2,15,17,40,114,154
00108500,UNIV ARKANSAS MONTICELLO                ,AR,71656-0000,Public       ,49,85,134,2333,2134,4467
00108600,UNIV OF ARKANSAS AT PINE BLUFF          ,AR,71601-2790,Public       ,98,80,178,3434,1891,5325
00108700,ARKANSAS BAPTIST COLLEGE                ,AR,72202-6099,Private      ,45,52,97,1160,1287,2447
00108800,LYON COLLEGE                            ,AR,72501-3699,Private      ,11,5,16,1149,172,1321
00108900,ARKANSAS TECH UNIVERSITY                ,AR,72801-2222,Public       ,99,229,328,7707,5864,13571
00109000,ARKANSAS STATE UNIVERSITY               ,AR,72467-0000,Public       ,129,657,786,9826,11631,21457
00109003,ARKANSAS STATE UNIVERSITY-MOUNTAIN HOME ,AR,72653-4405,Public       ,16,50,66,16,51,67
00109100,ARKANSAS STATE UNIVERSITY - BEEBE       ,AR,72012-1000,Public       ,39,150,189,2303,2952,5255
00109200,UNIVERSITY OF CENTRAL ARKANSAS          ,AR,72035-0001,Public       ,118,162,280,10647,5277,15924
00109300,CENTRAL BAPTIST COLLEGE                 ,AR,72034-6470,Private      ,7,21,28,643,640,1283
00109400,UNIVERSITY OF THE OZARKS                ,AR,72830-2880,Private      ,11,12,23,895,193,1088
00109500,CROWLEYS RIDGE COLLEGE                  ,AR,72450-9775,Private      ,1,9,10,247,179,426
00109700,HARDING UNIVERSITY                      ,AR,72149-0001,Private      ,30,71,101,4129,1887,6016
00109800,HENDERSON STATE UNIVERSITY              ,AR,71999-0001,Public       ,59,73,132,3848,1901,5749
00109900,HENDRIX COLLEGE                         ,AR,72032-3080,Private      ,20,11,31,2232,315,2547
00110000,JOHN BROWN UNIVERSITY                   ,AR,72761-2747,Private      ,12,56,68,1695,1438,3133
00110100,UNIV ARKANSAS LITTLE ROCK               ,AR,72204-1099,Public       ,68,296,364,5613,10029,15642
00110200,OUACHITA BAPTIST UNIVERSITY             ,AR,71998-0001,Private      ,24,15,39,1874,245,2119
00110300,PHILANDER SMITH COLLEGE                 ,AR,72202-3718,Private      ,23,42,65,1055,836,1891
00110400,PHILLIPS COUNTY COMMUNITY COLLEGE       ,AR,72342-0000,Public       ,49,67,116,506,801,1307
00110500,SHORTER COLLEGE                         ,AR,72114-4885,Private      ,2,57,59,87,741,828
00110600,WILLIAMS BAPTIST COLLEGE                ,AR,72476-4661,Private      ,6,2,8,602,179,781
00110700,SOUTHERN ARKANSAS UNIVERSITY            ,AR,71754-0000,Public       ,38,82,120,3284,1962,5246
00110800,UNIV ARKANSAS FAYETTEVILLE              ,AR,72701-0000,Public       ,270,210,480,19304,7632,26936
00110900,UNIVERSITY OF ARKANSAS FOR MEDICAL SCIEN,AR,72205-7102,Public       ,9,53,62,654,3354,4008
00111000,UNIVERSITY OF ARKANSAS-FORT SMITH       ,AR,72904-7397,Public       ,59,122,181,4528,4108,8636
00524500,U OF A COMM COLLEGE AT MORRILTON        ,AR,72110-9601,Public       ,24,81,105,1385,1966,3351
00570700,SEARK COLLEGE                           ,AR,71603-0000,Public       ,38,97,135,752,1945,2697
00573200,UNIV AR COMMUNITY COLLEGE AT HOPE       ,AR,71801-0000,Public       ,16,69,85,602,1170,1772
00704400,CROWLEYS RIDGE TECHNICAL INSTITUTE      ,AR,72336-0000,Public       ,7,15,22,168,329,497
00732967,ITT TECHNICAL INSTITUTE                 ,AR,72204-7739,Proprietary  ,12,65,77,196,803,999
00773800,SOUTHERN ARKANSAS UNIVERSITY TECH       ,AR,71701-1900,Public       ,11,44,55,542,927,1469
00792100,PAUL MITCHELL THE SCHOOL ARKANSAS       ,AR,72701-0000,Proprietary  ,4,15,19,97,177,274
00997600,COLLEGE OF THE OUACHITAS                ,AR,72104-0816,Public       ,6,51,57,418,1102,1520
01074100,MELLIE'S BEAUTY COLLEGE                 ,AR,72901-3833,Proprietary  ,5,13,18,62,190,252
01210500,NATIONAL PARK COMMUNITY COLLEGE         ,AR,71913-9174,Public       ,25,112,137,1167,2285,3452
01226000,EAST ARKANSAS COMMUNITY COLLEGE         ,AR,72335-2204,Public       ,15,36,51,483,675,1158
01226100,NORTH ARKANSAS COLLEGE                  ,AR,72601-5508,Public       ,18,56,74,994,1643,2637
01286000,ARKANSAS NORTHEASTERN COLLEGE           ,AR,72316-1109,Public       ,23,89,112,756,1223,1979
02052200,BLACK RIVER TECHNICAL COLLEGE           ,AR,72455-0000,Public       ,11,49,60,770,1605,2375
02073500,UNIVERSITY OF ARKANSAS COMMUNITY COLLEGE,AR,72503-0000,Public       ,18,57,75,619,1101,1720
02073700,NORTHWEST TECHNICAL INSTITUTE           ,AR,72765-0000,Public       ,4,13,17,263,587,850
02074600,SOUTH ARKANSAS COMMUNITY COLLEGE        ,AR,71731-0000,Public       ,16,94,110,668,1835,2503
02075300,PULASKI TECHNICAL COLLEGE               ,AR,72118-0000,Public       ,70,323,393,3738,10489,14227
02087000,OZARKA COLLEGE                          ,AR,72556-0000,Public       ,17,66,83,416,1094,1510
02111100,RICH MOUNTAIN COMMUNITY COLLEGE         ,AR,71953-0000,Public       ,12,43,55,380,518,898
02202400,PROFESSIONAL COSMETOLOGY EDUC CTR       ,AR,71730-5828,Proprietary  ,0,1,1,34,90,124
02220900,COSSATOT COMMUNITY COLLEGE              ,AR,71832-0000,Public       ,15,33,48,558,824,1382
02272400,EASTERN COLLEGE OF HEALTH VOCATIONS     ,AR,72205-3535,Proprietary  ,29,88,117,207,744,951
02284200,NEW TYLER BARBER COLLEGE INC            ,AR,72114-0000,Proprietary  ,4,17,21,46,157,203
02330800,JEFFERSON SCHOOL OF NURSING             ,AR,71603-0000,Private      ,0,7,7,83,237,320
02339800,SOUTHERN INSTITUTE OF COSMETOLOGY       ,AR,72301-0000,Proprietary  ,0,1,1,23,62,85
02341700,CAREER ACADEMY OF HAIR DESIGN           ,AR,72764-4304,Proprietary  ,1,12,13,41,147,188
02341701,CAREER ACADEMY OF HAIR DESIGN - ROGERS  ,AR,72756-2102,Proprietary  ,2,5,7,44,94,138
02341702,CAREER ACADEMY OF HAIR DESIGN - SILOAM  ,AR,72761-4217,Proprietary  ,1,3,4,20,47,67
02341703,CAREER ACADEMY OF HAIR DESIGN - FAYETTEV,AR,72701-7731,Proprietary  ,1,9,10,31,90,121
02341704,CAREER ACADEMY OF HAIR DESIGN - FORT SMI,AR,72901-7814,Proprietary  ,4,7,11,4,7,11
02348200,MID-SOUTH COMMUNITY COLLEGE             ,AR,72301-0000,Public       ,24,97,121,707,1537,2244
02363500,ARTHUR'S BEAUTY COLLEGE                 ,AR,72901-0000,Proprietary  ,9,20,29,73,241,314
02525800,LEE'S SCHOOL OF COSMETOLOGY             ,AR,72114-0000,Proprietary  ,2,5,7,31,93,124
02538500,ARTHUR'S BEAUTY COLLEGE                 ,AR,72076-0000,Proprietary  ,7,34,41,86,278,364
02569600,SEARCY BEAUTY COLLEGE                   ,AR,72143-0000,Proprietary  ,5,8,13,34,124,158
02572013,VISTA COLLEGE - FT. SMITH               ,AR,72903-2629,Proprietary  ,7,66,73,7,66,73
03005100,ARKANSAS BEAUTY SCHOOL                  ,AR,72209-5116,Proprietary  ,4,30,34,78,322,400
03007100,HOT SPRINGS BEAUTY COLLEGE              ,AR,71901-5432,Proprietary  ,2,7,9,45,148,193
03007600,ARKANSAS BEAUTY SCHOOL-CONWAY           ,AR,72032-4354,Proprietary  ,0,0,0,15,31,46
03023400,ARKANSAS COLLEGE OF BARBERING           ,AR,72114-5615,Proprietary  ,9,41,50,78,383,461
03063300,NORTHWEST ARKANSAS COMMUNITY COLLEG     ,AR,72712-5190,Public       ,88,203,291,3796,5129,8925
03065100,ABC BEAUTY COLLEGE                      ,AR,71923-4206,Proprietary  ,3,9,12,25,87,112
03066302,BRYAN UNIVERSITY - ROGERS               ,AR,72756-1825,Proprietary  ,1,20,21,70,317,387
03105200,BAPTIST HEALTH SCHOOLS LITTLE ROCK      ,AR,72210-2820,Private      ,6,34,40,515,1672,2187
03115102,HERITAGE COLLEGE - LITTLE ROCK          ,AR,72227-5544,Proprietary  ,15,114,129,234,1029,1263
03124900,IMAGINE -  PAUL MITCHELL PARTNER SCHOOL ,AR,72117-2516,Proprietary  ,8,24,32,197,418,615
03214300,VELVATEX COLLEGE OF BEAUTY CULTURE      ,AR,72202-5452,Proprietary  ,0,3,3,12,73,85
03254300,MARGARET'S HAIR ACADEMY                 ,AR,71655-4905,Proprietary  ,1,2,3,18,89,107
03855300,ECCLESIA COLLEGE                        ,AR,72762-8159,Private      ,3,5,8,180,175,355
03912300,CROSSETT SCHOOL OF COSMETOLOGY          ,AR,71635-0000,Proprietary  ,2,5,7,17,36,53
03997300,ARKANSAS BEAUTY COLLEGE                 ,AR,72801-3741,Proprietary  ,2,10,12,27,77,104
04183100,WASHINGTON BARBER COLLEGE               ,AR,72209-3820,Proprietary  ,12,30,42,61,216,277
04183400,SALON PROFESSIONAL ACADEMY (THE)        ,AR,72116-7310,Proprietary  ,8,11,19,69,160,229
04203400,ARKANSAS STATE UNIVERSITY - NEWPORT     ,AR,72112-9073,Public       ,22,91,113,1057,1843,2900
04220000,DESIGNER BARBER & STYLIST SCHOOL        ,AR,72903-3753,Proprietary  ,3,9,12,24,107,131
04238900,"BEAUTY SCHOOL, (THE)                    ",AR,72653-3275,Proprietary  ,2,4,6,10,43,53
04241800,ACADEMY OF PROFESSIONAL COSMETOLOGY     ,AR,72756-2028,Proprietary  ,0,3,3,36,69,105
04241900,RIVER VALLEY SCHOOL OF MASSAGE          ,AR,72802-2310,Proprietary  ,1,2,3,3,26,29
04247600,NEW BEGINNINGS BEAUTY ACADEMY           ,AR,71601-5257,Proprietary  ,1,3,4,6,51,57
00133900,CORBAN UNIVERSITY                       ,OR,97301-0000,Private      ,38,29,67,2152,736,2888
00318600,BLUE MOUNTAIN COMMUNITY COLLEGE         ,OR,97801-0000,Public       ,29,101,130,1253,1665,2918
00318800,CENTRAL OREGON COMMUNITY COLLEGE        ,OR,97701-5998,Public       ,134,307,441,3321,5351,8672
00318900,CLATSOP COMMUNITY COLLEGE               ,OR,97103-3698,Public       ,17,55,72,474,860,1334
00319100,CONCORDIA UNIVERSITY                    ,OR,97211-6099,Private      ,49,674,723,2208,10584,12792
00319300,EASTERN OREGON UNIVERSITY               ,OR,97850-2899,Public       ,69,91,160,2993,2900,5893
00319400,GEORGE FOX UNIVERSITY                   ,OR,97132-2697,Private      ,62,89,151,4414,2429,6843
00319600,LANE COMMUNITY COLLEGE                  ,OR,97405-0640,Public       ,213,539,752,6058,9606,15664
00319700,LEWIS & CLARK COLLEGE                   ,OR,97219-7899,Private      ,68,57,125,6137,3233,9370
00319800,LINFIELD COLLEGE                        ,OR,97128-6894,Private      ,57,50,107,3712,1079,4791
00319801,LINFIELD COLLEGE - PORTLAND CAMPUS      ,OR,97210-0000,Private      ,15,43,58,801,1108,1909
00319900,MARYLHURST UNIVERSITY                   ,OR,97036-7036,Private      ,6,51,57,149,1312,1461
00320300,MOUNT ANGEL SEMINARY                    ,OR,97373-9700,Private      ,0,0,0,18,19,37
00320400,MOUNT HOOD COMMUNITY COLLEGE            ,OR,97030-3300,Public       ,143,430,573,5204,8070,13274
00320600,MULTNOMAH UNIVERSITY                    ,OR,97220-5898,Private      ,10,39,49,563,908,1471
00320700,PACIFIC NORTHWEST COLLEGE OF ART        ,OR,97209-3404,Private      ,13,16,29,786,713,1499
00320800,NORTHWEST CHRISTIAN UNIVERSITY          ,OR,97401-3727,Private      ,11,48,59,718,918,1636
00320900,WESTERN OREGON UNIVERSITY               ,OR,97361-1394,Public       ,162,124,286,7825,3244,11069
00321000,OREGON STATE UNIVERSITY                 ,OR,97331-8507,Public       ,516,704,1220,28322,16644,44966
00321100,OREGON INSTITUTE OF TECHNOLOGY          ,OR,97601-8801,Public       ,81,99,180,3228,2831,6059
00321200,PACIFIC UNIVERSITY                      ,OR,97116-1797,Private      ,67,85,152,4421,3475,7896
00321300,PORTLAND COMMUNITY COLLEGE              ,OR,97219-7198,Public       ,593,1804,2397,15603,32578,48181
00321600,PORTLAND STATE UNIVERSITY               ,OR,97207-0000,Public       ,428,836,1264,18941,24892,43833
00321700,REED COLLEGE                            ,OR,97202-8199,Private      ,53,19,72,4202,770,4972
00321800,CHEMEKETA COMMUNITY COLLEGE             ,OR,97309-1500,Public       ,194,524,718,6892,10962,17854
00321900,SOUTHERN OREGON UNIVERSITY              ,OR,97520-5010,Public       ,115,182,297,6127,3742,9869
00322000,SOUTHWESTERN OREGON COMMUNITY CLG       ,OR,97420-2956,Public       ,36,85,121,1703,1574,3277
00322100,TREASURE VALLEY COMMUNITY COLLEGE       ,OR,97914-3423,Public       ,41,116,157,1484,1996,3480
00322200,UMPQUA COMMUNITY COLLEGE                ,OR,97470-0226,Public       ,51,137,188,1218,2246,3464
00322300,UNIVERSITY OF OREGON                    ,OR,97403-1226,Public       ,444,312,756,27916,10557,38473
00322400,UNIVERSITY OF PORTLAND                  ,OR,97203-5798,Private      ,172,100,272,11717,3108,14825
00322500,WARNER PACIFIC COLLEGE                  ,OR,97215-4099,Private      ,31,116,147,1321,1836,3157
00322700,WILLAMETTE UNIVERSITY                   ,OR,97301-3930,Private      ,76,48,124,5289,1436,6725
00487800,CLACKAMAS COMMUNITY COLLEGE             ,OR,97045-7998,Public       ,138,349,487,4172,5772,9944
00488200,OREGON HEALTH & SCIENCE UNIVERSITY      ,OR,97239-0000,Public       ,28,97,125,1176,4639,5815
00693800,LINN BENTON COMMUNITY COLLEGE           ,OR,97321-3774,Public       ,130,256,386,3891,4870,8761
00717800,WESTERN SEMINARY                        ,OR,97215-0000,Private      ,1,36,37,15,650,665
00723402,HEALD COLLEGE - PORTLAND                ,OR,97205-3432,Proprietary  ,0,0,0,118,456,574
00732969,ITT TECHNICAL INSTITUTE                 ,OR,97220-6819,Proprietary  ,36,193,229,458,2074,2532
00781900,ART INSTITUTE OF PORTLAND (THE)         ,OR,97209-2911,Proprietary  ,51,91,142,1595,1704,3299
00888700,CONCORDE CAREER INSTITUTE               ,OR,97232-2242,Proprietary  ,28,107,135,374,1004,1378
00907900,EVEREST COLLEGE                         ,OR,97204-2296,Private      ,3,25,28,171,673,844
00958100,SPRINGFIELD COLLEGE OF BEAUTY           ,OR,97477-5474,Proprietary  ,6,13,19,62,189,251
01012200,PHAGANS' MEDFORD BEAUTY SCHOOL          ,OR,97504-5297,Proprietary  ,6,19,25,52,197,249
01018200,ROGUE COMMUNITY COLLEGE                 ,OR,97527-0000,Public       ,132,447,579,2834,6293,9127
01050700,ACADEMY OF HAIR DESIGN                  ,OR,97301-3526,Proprietary  ,4,16,20,68,224,292
01230900,UNIVERSITY OF WESTERN STATES            ,OR,97230-3099,Private      ,7,47,54,165,912,1077
01234700,PHAGANS CENTRAL OREGON BEAUTY CLG       ,OR,97701-5175,Proprietary  ,10,25,35,103,237,340
01234800,PHAGANS BEAUTY COLLEGE                  ,OR,97333-4716,Proprietary  ,1,16,17,80,130,210
01235000,PHAGANS SCHOOL OF HAIR DESIGN           ,OR,97086-7721,Proprietary  ,7,17,24,108,213,321
01235100,PHAGANS SCHOOL OF BEAUTY                ,OR,97301-4732,Proprietary  ,3,11,14,79,226,305
01300800,PHAGANS TIGARD BEAUTY SCHOOL            ,OR,97223-0000,Proprietary  ,1,11,12,27,89,116
02101000,NORTHWEST COLLEGE OF HAIR DESIGN        ,OR,97086-7702,Proprietary  ,42,94,136,291,730,1021
02101002,NORTHWEST COLLEGE                       ,OR,97007-3954,Proprietary  ,1,6,7,33,101,134
02104900,SUMNER COLLEGE                          ,OR,97219-4063,Proprietary  ,9,55,64,100,574,674
02106100,COLLEGE OF COSMETOLOGY                  ,OR,97601-0000,Proprietary  ,3,11,14,41,121,162
02154400,BEAU MONDE CLG OF HAIR DESIGN           ,OR,97205-0000,Proprietary  ,4,15,19,104,264,368
02154401,BEAU MONDE COLLEGE OF HAIR DESIGN - BEAU,OR,97232-1315,Proprietary  ,13,28,41,97,210,307
02159700,NEW HOPE CHRISTIAN COLLEGE              ,OR,97405-1194,Private      ,2,6,8,233,256,489
02201900,PHAGANS' SCHOOL OF HAIR DESIGN          ,OR,97232-0000,Proprietary  ,5,24,29,119,357,476
02311000,PAUL MITCHELL THE SCHOOL                ,OR,97205-3724,Proprietary  ,15,27,42,254,377,631
02330100,PIONEER PACIFIC COLLEGE                 ,OR,97070-0000,Proprietary  ,36,109,145,373,1106,1479
02330102,PIONEER PACIFIC COLLEGE                 ,OR,97403-0000,Proprietary  ,17,88,105,234,1013,1247
02337900,COLLEGE OF HAIR DESIGN CAREERS          ,OR,97301-0000,Proprietary  ,4,13,17,73,195,268
02344100,ROSEBURG BEAUTY COLLEGE                 ,OR,97470-0000,Proprietary  ,1,8,9,38,113,151
02534000,NATIONAL COLLEGE OF NATURAL MEDICINE    ,OR,97201-0000,Private      ,5,26,31,82,1167,1249
02578800,NORTHWEST NANNIES INSTITUTE             ,OR,97035-0000,Proprietary  ,0,0,0,11,12,23
02603700,OREGON COL OF ORIENTAL MEDICINE         ,OR,97216-0000,Private      ,1,7,8,41,457,498
02617506,EVEREST COLLEGE - EVEREST INSTITUTE     ,OR,97223-6581,Private      ,12,39,51,113,352,465
03007300,OREGON COLLEGE OF ART & CRAFT           ,OR,97225-6399,Private      ,3,13,16,306,511,817
03022600,LE CORDON BLEU COLLEGE OF CULINARY ARTS ,OR,97205-2793,Proprietary  ,6,29,35,553,1177,1730
03042500,CARRINGTON COLLEGE                      ,OR,97232-1302,Proprietary  ,30,153,183,313,1020,1333
03074400,PHAGANS NEWPORT ACAD CSMTLGY CAREER     ,OR,97365-4963,Proprietary  ,2,9,11,34,66,100
03074500,EAST-WEST COLLEGE OF THE HEALING ARTS   ,OR,97232-2765,Proprietary  ,5,46,51,78,468,546
03185300,PHAGANS GRANTS PASS COLLEGE OF BTY      ,OR,97527-0000,Proprietary  ,2,14,16,48,112,160
03428300,KLAMATH COMMUNITY COLLEGE               ,OR,97603-7121,Public       ,49,134,183,744,1590,2334
03642300,INSTITUTE OF TECHNOLOGY                 ,OR,97305-1373,Proprietary  ,16,66,82,214,652,866
03668300,BIRTHINGWAY COLLEGE OF MIDWIFERY        ,OR,97266-4042,Private      ,4,7,11,46,271,317
03783400,ABDILL CAREER COLLEGE                   ,OR,97504-7137,Proprietary  ,3,42,45,70,385,455
04146500,PORTLAND ACTORS CONSERVATORY            ,OR,97201-2557,Private      ,0,4,4,48,157,205
04151900,COLUMBIA GORGE COMMUNITY COLLEGE        ,OR,97058-3434,Public       ,23,50,73,557,887,1444
04167400,SAGE SCHOOL OF MASSAGE & HEALING ARTS   ,OR,97701-4082,Proprietary  ,3,10,13,35,138,173
04171400,AVEDA INSTITUTE PORTLAND                ,OR,97209-3144,Proprietary  ,28,48,76,395,595,990
04194400,AMERICAN COLLEGE OF HEALTHCARE SCIENCES ,OR,97239-3719,Proprietary  ,5,89,94,211,1578,1789
04194900,TILLAMOOK BAY COMMUNITY COLLEGE         ,OR,97141-2807,Public       ,12,22,34,200,373,573
00137400,ALBERTUS MAGNUS COLLEGE                 ,CT,06511-1189,Private      ,17,99,116,999,2130,3129
00137800,CENTRAL CONNECTICUT STATE UNIV          ,CT,06050-2490,Public       ,142,168,310,12350,5698,18048
00137900,CONNECTICUT COLLEGE                     ,CT,06320-4196,Private      ,29,6,35,3290,232,3522
00138000,WESTERN CONNECTICUT STATE UNIV          ,CT,06810-6826,Public       ,109,75,184,7004,2262,9266
00138500,FAIRFIELD UNIVERSITY                    ,CT,06430-0000,Private      ,73,50,123,8269,1174,9443
00138700,HARTFORD SEMINARY                       ,CT,06105-0000,Private      ,2,1,3,32,110,142
00138900,HOLY APOSTLES COLLEGE & SEMINARY        ,CT,06416-2027,Private      ,0,3,3,30,114,144
00139200,MANCHESTER COMMUNITY COLLEGE            ,CT,06045-1046,Public       ,111,174,285,4195,4392,8587
00139300,MITCHELL COLLEGE                        ,CT,06320-4498,Private      ,13,9,22,856,284,1140
00139700,UNIVERSITY OF NEW HAVEN                 ,CT,06516-1999,Private      ,140,79,219,10811,2476,13287
00139728,LYME ACADEMY COLLEGE OF FINE ARTS       ,CT,06371-2333,Private      ,0,0,0,78,24,102
00139800,NORTHWESTERN CT COMMUNITY COLLEGE       ,CT,06098-1747,Public       ,12,42,54,610,765,1375
00139900,NORWALK COMMUNITY TECHNICAL COLLEGE     ,CT,06854-1655,Public       ,94,150,244,2718,3349,6067
00140100,POST UNIVERSITY                         ,CT,06723-3240,Proprietary  ,159,1672,1831,2046,14581,16627
00140200,QUINNIPIAC UNIVERSITY                   ,CT,06518-1908,Private      ,199,105,304,17938,3804,21742
00140300,SACRED HEART UNIVERSITY                 ,CT,06825-1000,Private      ,96,133,229,9217,3523,12740
00140600,SOUTHERN CONNECTICUT STATE UNIV         ,CT,06515-1355,Public       ,141,163,304,11818,5904,17722
00140900,UNIVERSITY OF SAINT JOSEPH              ,CT,06117-2791,Private      ,4,78,82,1157,2130,3287
00141400,TRINITY COLLEGE                         ,CT,06106-3100,Private      ,36,10,46,3605,407,4012
00141600,UNIVERSITY OF BRIDGEPORT                ,CT,06601-5650,Private      ,50,132,182,3581,3860,7441
00141700,UNIVERSITY OF CONNECTICUT-STORRS        ,CT,06269-2151,Public       ,340,181,521,35152,6368,41520
00141702,UNIV CONN STAMFORD                      ,CT,06901-0000,Public       ,18,33,51,1102,721,1823
00141703,UNIV OF CONNECTICUT - TORINGTON         ,CT,06790-0000,Public       ,1,4,5,356,156,512
00141706,UNIV OF CONNECTICUT SCH LAW             ,CT,06105-0000,Public       ,0,4,4,71,856,927
00141707,UNIV OF CT - SCH OF SOCIAL WORK         ,CT,06117-0000,Public       ,1,7,8,155,550,705
00141708,UNIVERSITY OF CONNECTICUT - SCHOOL OF ME,CT,06030-1920,Public       ,5,3,8,191,579,770
00141709,UNIVERSITY OF CONNECTICUT - SCHOOL OF DE,CT,06030-1920,Public       ,10,7,17,332,324,656
00142200,UNIVERSITY OF HARTFORD                  ,CT,06117-1599,Private      ,139,67,206,11079,2533,13612
00142400,WESLEYAN UNIVERSITY                     ,CT,06459-3208,Private      ,51,10,61,5382,334,5716
00142500,EASTERN CONNECTICUT STATE UNIV          ,CT,06226-2295,Public       ,83,61,144,7293,1582,8875
00142600,YALE UNIVERSITY                         ,CT,06520-8229,Private      ,153,109,262,18392,8038,26430
00280301,RENSSELAER POLYTECHNIC INSTITUTE-RENSSEL,CT,06120-2991,Private      ,0,0,0,28,28,56
00451300,HOUSATONIC COMMUNITY COLLEGE            ,CT,06604-4704,Public       ,63,135,198,3039,4657,7696
00618100,BRIDGEPORT HOSP SCHL OF NURSING         ,CT,06610-2896,Private      ,3,16,19,191,608,799
00619100,ST. VINCENT'S COLLEGE                   ,CT,06606-9966,Private      ,9,52,61,299,1013,1312
00698200,NAUGATUCK VALLEY COMM-TECH COLG         ,CT,06708-3089,Public       ,102,202,304,3581,4472,8053
00730000,ELI WHITNEY TECHNICAL HIGH SCHOOL       ,CT,06514-0000,Public       ,0,1,1,16,85,101
00730300,LINCOLN TECHNICAL INSTITUTE             ,CT,06051-0000,Proprietary  ,39,133,172,485,1251,1736
00730306,LINCOLN TECHNICAL INSTITUTE - EAST WINDS,CT,06088-9631,Proprietary  ,46,70,116,801,575,1376
00730500,PORTER AND CHESTER INSTITUTE OF BRANFORD,CT,06405-4022,Proprietary  ,17,35,52,257,423,680
00731100,WINDHAM TECHNICAL HIGH SCHOOL           ,CT,06226-2100,Public       ,0,0,0,4,13,17
00745900,PAIER COLLEGE OF ART                    ,CT,06514-3902,Proprietary  ,2,3,5,117,70,187
00763500,CAPITAL COMMUNITY COLLEGE               ,CT,06103-1207,Public       ,42,154,196,1848,4392,6240
00803700,GATEWAY COMMUNITY-TECHNICAL COLLEGE     ,CT,06511-0000,Public       ,128,258,386,4086,6356,10442
00803800,MIDDLESEX COMMUNITY CLG                 ,CT,06457-4889,Public       ,23,78,101,1431,1956,3387
00887300,PAUL MITCHELL THE SCHOOL                ,CT,06810-6716,Proprietary  ,5,9,14,126,98,224
00887400,MARINELLO SCHOOL OF BEAUTY              ,CT,06450-4836,Proprietary  ,6,10,16,54,139,193
00887401,MARINELLO SCHOOL OF BEAUTY - HAMDEN     ,CT,06514-4132,Proprietary  ,3,14,17,35,117,152
00887402,MARINELLO SCHOOL OF BEAUTY - FAIRFIELD  ,CT,06825-4847,Proprietary  ,4,8,12,72,199,271
00887403,MARINELLO SCHOOL OF BEAUTY - WILLIMANTIC,CT,06226-1940,Proprietary  ,2,12,14,30,91,121
00927700,E C GOODWIN TECHNICAL HIGH SCHOOL       ,CT,06053-0000,Public       ,0,6,6,38,65,103
00940700,LINCOLN COLLEGE OF NEW ENGLAND          ,CT,06489-1057,Proprietary  ,13,42,55,518,723,1241
00976400,TUNXIS COMMUNITY COLLEGE                ,CT,06032-3187,Public       ,63,111,174,2320,2444,4764
00976500,THREE RIVERS COMMUNITY COLLEGE          ,CT,06360-6598,Public       ,53,165,218,2022,3136,5158
00982200,ALBERT I PRINCE TECHNICAL HIGH SCHOOL   ,CT,06106-3799,Public       ,0,4,4,29,127,156
01041700,MARINELLO SCHOOL OF BEAUTY              ,CT,06108-2220,Proprietary  ,3,25,28,128,344,472
01053000,QUINEBAUG VALLEY COMMUNITY COLLEGE      ,CT,06239-1440,Public       ,18,40,58,903,1217,2120
01077900,PORTER AND CHESTER INSTITUTE-ALLCAMPUSES,CT,06615-7158,Proprietary  ,169,400,569,1563,3127,4690
01115000,ASNUNTUCK COMMUNITY COLLEGE             ,CT,06082-3800,Public       ,33,58,91,687,959,1646
01149600,BULLARD HAVENS VOC TECH SCHOOL          ,CT,06610-3499,Public       ,0,6,6,25,156,181
01169700,VINAL REGIONAL VOC TECH SCHOOL          ,CT,06457-4918,Public       ,0,0,0,6,45,51
01184300,NORWICH TECHNICAL HIGH SCHOOL           ,CT,06360-7097,Public       ,1,0,1,21,78,99
01242500,STONE ACADEMY                           ,CT,06516-4049,Proprietary  ,29,224,253,257,1479,1736
01242503,STONE ACADEMY -WATERBURY                ,CT,06705-3823,Proprietary  ,0,6,6,33,133,166
01242504,STONE ACADEMY -  EAST HARTFORD          ,CT,06118-0000,Proprietary  ,2,10,12,58,213,271
02074000,BRANFORD HALL CAREER INSTITUTE          ,CT,06405-0000,Proprietary  ,105,505,610,801,3291,4092
02106600,AMERICAN INSTITUTE                      ,CT,06110-1922,Proprietary  ,6,87,93,115,585,700
02112300,RIDLEY LOWELL BUSINESS & TECH INST      ,CT,06320-0000,Proprietary  ,12,65,77,138,665,803
02112700,NORTH HAVEN ACADEMY                     ,CT,06473-3108,Proprietary  ,7,6,13,116,122,238
02148700,CONNECTICUT INST OF HAIR DESIGN         ,CT,06716-0000,Proprietary  ,1,2,3,14,56,70
02202500,NEW ENGLAND TRACTOR TRAILER SCH         ,CT,06071-2036,Proprietary  ,34,348,382,144,1534,1678
02244900,GOODWIN COLLEGE                         ,CT,06118-9980,Private      ,48,388,436,1283,5453,6736
02245300,HOWELL CHENEY TECHNICAL HIGH SCHOOL     ,CT,06040-0000,Public       ,1,1,2,15,34,49
02265900,WINDHAM COMMUNITY MEM HOSP-RAD TECH     ,CT,06226-0000,Private      ,0,0,0,9,26,35
02296100,YALE-NEW HAVEN HOSP DIETETIC INTERN     ,CT,06510-8900,Private      ,0,2,2,11,62,73
02300000,W F KAYNOR TECHNICAL HIGH SCHOOL        ,CT,06708-0000,Public       ,0,3,3,12,73,85
02316600,CONNECTICUT CTR FOR MASSAGE THERAPY     ,CT,06111-3975,Proprietary  ,11,35,46,74,213,287
02316601,CONNECTICUT CENTER FOR MASSAGE THERAPY -,CT,06880-4619,Proprietary  ,9,18,27,42,145,187
02316603,CONNECTICUT CENTER FOR MASSAGE THERAPY -,CT,06340-4619,Proprietary  ,5,15,20,37,110,147
02565000,PLATT TECHNICAL HIGH SCHOOL             ,CT,06460-2105,Public       ,1,0,1,14,38,52
03094800,INDUSTRIAL MANAGEMENT & TRAINING        ,CT,06706-1211,Proprietary  ,7,19,26,30,135,165
03234300,CHARTER OAK STATE COLLEGE               ,CT,06053-2150,Public       ,5,125,130,156,2269,2425
03316300,LINCOLN TECHNICAL INSTITUTE - HARTFORD  ,CT,06105-3630,Proprietary  ,1,6,7,279,347,626
03927300,MARINELLO SCHOOL OF BEAUTY              ,CT,06357-2447,Proprietary  ,0,1,1,18,48,66
03927301,MARINELLO SCHOOL OF BEAUTY  - TORRINGTON,CT,06790-5425,Proprietary  ,0,0,0,18,33,51
04104300,ACADEMY DI CAPELLI - SCHOOL OF COSMETOLO,CT,06492-0000,Proprietary  ,1,10,11,54,97,151
04128800,BRANFORD ACADEMY OF HAIR & COSMETOLOGY  ,CT,06405-0000,Proprietary  ,2,3,5,31,59,90
04145400,OXFORD ACADEMY OF HAIR DESIGN           ,CT,06483-2911,Proprietary  ,5,13,18,45,71,116
04148400,EUROPEAN ACADEMY OF COSMETOLOGY AND HAIR,CT,06437-0000,Proprietary  ,0,3,3,23,19,42
04152400,INTERNATIONAL INSTITUTE OF COSMETOLOGY  ,CT,06109-0000,Proprietary  ,8,12,20,107,98,205
04219200,ACE COSMETOLOGY & BARBERING TRAINING CEN,CT,06716-0000,Proprietary  ,3,9,12,15,51,66
04224200,BELLE ACADEMY OF COSMETOLOGY            ,CT,06704-0135,Proprietary  ,3,7,10,24,81,105
04230900,RICCI'S ACADEMY OF COSMETOLOGY          ,CT,06470-0000,Proprietary  ,2,10,12,54,56,110
04249800,DOLCE LLC THE ACADEMY                   ,CT,06705-2685,Proprietary  ,1,8,9,10,37,47
00146600,BARRY UNIVERSITY                        ,FL,33161-6695,Private      ,138,264,402,4865,8252,13117
00146601,BARRY UNIVERSITY - ORLANDO              ,FL,32807-3673,Private      ,16,41,57,437,1901,2338
00146700,BETHUNE COOKMAN UNIVERSITY              ,FL,32114-3099,Private      ,308,110,418,8397,2343,10740
00146800,ST THOMAS UNIVERSITY                    ,FL,33054-0000,Private      ,56,267,323,1606,3575,5181
00146900,FLORIDA INSTITUTE OF TECHNOLOGY         ,FL,32901-6988,Private      ,123,625,748,5439,8847,14286
00147000,EASTERN FLORIDA STATE COLLEGE           ,FL,32922-6503,Public       ,215,543,758,6276,10660,16936
00147100,COLLEGE OF CENTRAL FLORIDA              ,FL,34474-4415,Public       ,141,270,411,4566,7085,11651
00147200,CHIPOLA  COLLEGE                        ,FL,32446-2053,Public       ,33,50,83,1087,1374,2461
00147300,CLEARWATER CHRISTIAN COLLEGE            ,FL,33759-0000,Private      ,0,0,0,492,154,646
00147500,DAYTONA STATE COLLEGE                   ,FL,32114-2800,Public       ,297,813,1110,8058,12724,20782
00147700,FLORIDA SOUTHWESTERN STATE COLLEGE      ,FL,33919-5566,Public       ,251,330,581,8645,9353,17998
00147800,EDWARD WATERS COLLEGE                   ,FL,32209-6199,Private      ,62,74,136,1500,1232,2732
00147900,EMBRY-RIDDLE AERONAUTICAL UNIV          ,FL,32114-3900,Private      ,157,1004,1161,8399,11464,19863
00148000,FLORIDA A & M UNIVERSITY                ,FL,32307-3100,Public       ,833,291,1124,17447,8606,26053
00148100,FLORIDA ATLANTIC UNIVERSITY             ,FL,33431-6498,Public       ,1323,680,2003,29955,18945,48900
00148101,FLORIDA ATLANTIC UNIVERSITY/DAVIE       ,FL,33314-0000,Public       ,100,176,276,3367,5473,8840
00148103,FLORIDA ATLANTIC UNIV-JUPITER/PSL       ,FL,33458-0000,Public       ,66,49,115,1707,1461,3168
00148200,FLORIDA COLLEGE                         ,FL,33617-5578,Private      ,7,5,12,587,97,684
00148400,FLORIDA STATE COLLEGE AT JACKSONVILLE   ,FL,32202-4030,Public       ,476,1505,1981,13835,27632,41467
00148500,FLORIDA KEYS COMMUNITY COLLEGE          ,FL,33040-4397,Public       ,22,34,56,623,754,1377
00148600,FLORIDA MEMORIAL UNIVERSITY             ,FL,33054-6199,Private      ,154,61,215,3252,1654,4906
00148700,ECKERD COLLEGE                          ,FL,33711-4744,Private      ,58,50,108,3533,999,4532
00148800,FLORIDA SOUTHERN COLLEGE                ,FL,33801-5698,Private      ,76,68,144,4817,1560,6377
00148900,FLORIDA STATE UNIVERSITY                ,FL,32306-2430,Public       ,2124,608,2732,53861,19229,73090
00149000,GULF COAST STATE COLLEGE                ,FL,32401-1058,Public       ,56,210,266,2610,4973,7583
00149300,INDIAN RIVER STATE COLLEGE              ,FL,34981-5596,Public       ,256,506,762,7585,11083,18668
00149500,JACKSONVILLE UNIVERSITY                 ,FL,32211-3394,Private      ,136,258,394,4087,4666,8753
00149700,JONES COLLEGE                           ,FL,32205-5395,Private      ,4,43,47,101,859,960
00149900,EVEREST UNIVERSITY                      ,FL,32810-5601,Private      ,66,540,606,465,3777,4242
00149901,EVEREST UNIVERSITY - ORLANDO SOUTH      ,FL,32819-7666,Private      ,91,917,1008,1026,12968,13994
00149902,EVEREST UNIVERSITY - MELBOURNE          ,FL,32905-6609,Private      ,7,49,56,102,821,923
00149904,EVEREST UNIVERSITY - TAMPA              ,FL,33614-5801,Private      ,30,111,141,360,2207,2567
00149905,EVEREST UNIVERSITY - BRANDON            ,FL,33619-1354,Private      ,14,142,156,274,2926,3200
00149906,EVEREST UNIVERSITY - ORANGE PARK        ,FL,32073-1111,Private      ,9,84,93,104,868,972
00149907,EVEREST UNIVERSITY - LARGO              ,FL,33770-2556,Private      ,8,40,48,77,589,666
00149908,EVEREST UNIVERSITY - LAKELAND           ,FL,33801-3801,Private      ,7,64,71,168,873,1041
00149909,EVEREST UNIVERSITY - JACKSONVILLE       ,FL,32256-0000,Private      ,6,59,65,252,1442,1694
00149910,EVEREST UNIVERSITY - POMPANO            ,FL,33062-2522,Private      ,7,52,59,128,1483,1611
00150000,BROWARD COLLEGE- DOWNTOWN CTR           ,FL,33301-2298,Public       ,941,1805,2746,26360,36698,63058
00150100,FLORIDA GATEWAY COLLEGE                 ,FL,32025-2007,Public       ,49,118,167,1255,2598,3853
00150200,LAKE SUMTER COMMUNITY COLLEGE           ,FL,34788-8751,Public       ,65,122,187,2693,3106,5799
00150400,"STATE COLLEGE OF FLORIDA, MANATEE-SARASO",FL,34207-3596,Public       ,155,292,447,5389,7308,12697
00150500,LYNN UNIVERSITY                         ,FL,33431-5598,Private      ,64,80,144,3144,1438,4582
00150600,MIAMI DADE COLLEGE ADMINISTRATION ONLY  ,FL,33176-3393,Public       ,15,70,85,611,1029,1640
00150601,MIAMI DADE COLLEGE - NORTH CAMPUS       ,FL,33167-3495,Public       ,520,868,1388,15038,17393,32431
00150602,MIAMI DADE COLLEGE - KENDALL CAMPUS     ,FL,33176-3393,Public       ,685,911,1596,21758,17196,38954
00150603,MIAMI DADE COLLEGE - WOLFSON CAMPUS     ,FL,33132-2297,Public       ,458,679,1137,12812,13075,25887
00150604,MIAMI DADE COLLEGE - MEDICAL CAMPUS     ,FL,33127-4693,Public       ,133,326,459,4087,7848,11935
00150605,MIAMI DADE COLLEGE - HOMESTEAD CAMPUS   ,FL,33030-6009,Public       ,126,230,356,3671,4396,8067
00150606,MIAMI DADE COLLEGE -INTERAMERICAN CAMPUS,FL,33135-0000,Public       ,185,457,642,4920,7990,12910
00150607,MIAMI DADE COLLEGE - HIALEAH CAMPUS     ,FL,33012-2918,Public       ,268,319,587,5856,5766,11622
00150800,NORTH FLORIDA COMMUNITY COLLEGE         ,FL,32340-1699,Public       ,10,46,56,503,912,1415
00150900,NOVA SOUTHEASTERN UNIVERSITY            ,FL,33314-7796,Private      ,231,753,984,7698,27614,35312
00151000,NORTHWEST FLORIDA STATE COLLEGE         ,FL,32578-1295,Public       ,48,224,272,2106,4747,6853
00151200,PALM BEACH COMMUNITY COLLEGE            ,FL,33461-4796,Public       ,517,774,1291,16340,17289,33629
00151300,PENSACOLA STATE COLLEGE                 ,FL,32504-8998,Public       ,153,491,644,4831,9043,13874
00151400,POLK STATE COLLEGE                      ,FL,33881-4256,Public       ,127,372,499,5614,8997,14611
00151500,ROLLINS COLLEGE                         ,FL,32789-4499,Private      ,94,43,137,3522,1387,4909
00151900,SANTA FE COLLEGE                        ,FL,32606-6200,Public       ,332,410,742,10568,9354,19922
00152000,SEMINOLE STATE COLLEGE OF FLORIDA       ,FL,32773-6199,Public       ,306,728,1034,10239,13925,24164
00152100,SOUTHEASTERN UNIVERSITY                 ,FL,33801-6099,Private      ,101,140,241,5144,2517,7661
00152200,SOUTH FLORIDA COMMUNITY COLLEGE         ,FL,33825-9399,Public       ,36,98,134,1537,2014,3551
00152300,SAINT JOHNS RIVER STATE COLLEGE         ,FL,32177-3897,Public       ,85,214,299,3066,4684,7750
00152600,SAINT LEO UNIVERSITY                    ,FL,33574-6665,Private      ,139,1284,1423,5078,19551,24629
00152800,ST. PETERSBURG COLLEGE                  ,FL,33760-3768,Public       ,321,1043,1364,11294,26068,37362
00153100,STETSON UNIVERSITY                      ,FL,32723-3761,Private      ,218,56,274,7188,1102,8290
00153101,STETSON UNIVERSITY - COLLEGE OF LAW     ,FL,33707-3299,Private      ,4,14,18,141,1747,1888
00153300,TALLAHASSEE COMMUNITY COLLEGE           ,FL,32304-2895,Public       ,327,377,704,10862,9026,19888
00153500,UNIVERSITY OF FLORIDA                   ,FL,32611-3150,Public       ,1775,688,2463,50493,23274,73767
00153600,UNIVERSITY OF MIAMI                     ,FL,33146-6531,Private      ,479,261,740,23505,7182,30687
00153601,UNIV OF MIAMI SCHOOL OF LAW             ,FL,33124-0000,Private      ,3,21,24,172,1698,1870
00153602,UNIV OF MIAMI-SCH OF MEDICINE           ,FL,33136-0000,Private      ,38,49,87,1013,1887,2900
00153700,UNIVERSITY OF SOUTH FLORIDA             ,FL,33620-6960,Public       ,1771,779,2550,45522,27294,72816
00153701,UNIV OF SOUTH FLORIDA-ST PETERSBURG     ,FL,33701-0000,Public       ,221,141,362,5307,4141,9448
00153702,UNIV OF SOUTH FLORIDA-SARASOTA          ,FL,34243-2025,Public       ,46,59,105,1416,1904,3320
00153705,UNIVERSITY OF SOUTH FLORIDA - LAKELAND C,FL,33803-9714,Public       ,25,35,60,1097,1024,2121
00153706,UNIV OF SOUTH FLORIDA- MEDICINE         ,FL,33612-0000,Public       ,69,48,117,1502,2468,3970
00153800,UNIVERSITY OF TAMPA                     ,FL,33606-1490,Private      ,289,153,442,15612,4139,19751
00154000,WEBBER INTERNATIONAL UNIVERSITY         ,FL,33827-0096,Private      ,20,23,43,1480,440,1920
00173308,NATIONAL-LOUIS UNIVERSITY               ,FL,33609-0000,Private      ,1,15,16,28,123,151
00177201,TRINITY INTERNATIONAL UNIVERSITY - SOUTH,FL,33324-4611,Private      ,4,33,37,66,491,557
00395400,UNIV OF CENTRAL FLORIDA                 ,FL,32816-0001,Public       ,2987,1102,4089,75087,35457,110544
00395500,UNIVERSITY OF WEST FLORIDA              ,FL,32514-5750,Public       ,283,458,741,10199,9415,19614
00407215,NORTHWOOD UNIVERSITY                    ,FL,33409-0000,Private      ,0,4,4,584,374,958
00491005,KAPLAN COLLEGE JACKSONVILLE             ,FL,32216-3216,Proprietary  ,0,0,0,132,1557,1689
00558500,LIVELY TECHNICAL CENTER                 ,FL,32304-0000,Public       ,20,81,101,627,1956,2583
00558600,LINDSEY HOPKINS TECHNICAL ED CENTER     ,FL,33127-4692,Public       ,20,82,102,319,1087,1406
00559400,D G ERWIN TECHNICAL CENTER              ,FL,33610-8255,Public       ,52,141,193,667,2014,2681
00560500,PINELLAS TECH ED CTR-CLEARWATER         ,FL,33760-2194,Public       ,22,101,123,368,1365,1733
00560700,SARASOTA COUNTY TECHNICAL INSTITUTE     ,FL,34233-0000,Public       ,18,48,66,395,896,1291
00560800,MAYNARD A. TRAVISS CAREER CENTER        ,FL,33803-9709,Public       ,12,60,72,397,1206,1603
00561200,MANATEE TECHNICAL INSTITUTE             ,FL,34210-0000,Public       ,31,97,128,550,1515,2065
00561201,MANATEE TECHNICAL INSTITUTE-EAST        ,FL,34211-0000,Public       ,7,41,48,277,778,1055
00675000,VALENCIA COMMUNITY COLLEGE              ,FL,32802-3028,Public       ,1443,1408,2851,35233,30209,65442
00732910,ITT TECHNICAL INSTITUTE                 ,FL,33634-7515,Proprietary  ,100,499,599,921,4658,5579
00732947,ITT TECHNICAL INSTITUTE                 ,FL,32746-1607,Proprietary  ,35,143,178,387,1914,2301
00736206,MEDTECH COLLEGE - MEDTECH INSTITUTE - OR,FL,32826-4906,Proprietary  ,19,91,110,280,1209,1489
00752500,SUWANNEE-HAMILTON AREA VOC TECH CTR     ,FL,32060-0000,Public       ,7,15,22,81,266,347
00752600,WASHINGTON HOLMES TECHNICAL CENTER      ,FL,32428-1699,Public       ,15,28,43,174,469,643
00755800,LEE COUNTY HIGH TECH CENTER CENTRAL     ,FL,33916-2299,Public       ,19,74,93,477,1072,1549
00787000,HILLSBOROUGH COMMUNITY COLLEGE          ,FL,33606-3572,Public       ,411,940,1351,16230,23982,40212
00789300,FLAGLER COLLEGE                         ,FL,32085-1027,Private      ,80,27,107,4610,856,5466
00789301,FLAGLER COLLEGE - TALLAHASSEE COMMUNITY ,FL,32304-2895,Private      ,17,41,58,536,948,1484
00807500,ST JOHN VIANNEY COLLEGE SEMINARY        ,FL,33165-3244,Private      ,2,1,3,36,34,70
00822300,ST VINCENT DE PAUL REGIONL SEMINARY     ,FL,33436-0000,Private      ,0,1,1,4,13,17
00841700,STENOTYPE INSTITUTE OF JACKSONVILLE     ,FL,32207-0000,Proprietary  ,0,8,8,21,225,246
00869410,RASMUSSEN COLLEGE - OCALA               ,FL,34471-7051,Proprietary  ,66,716,782,941,8220,9161
00869411,RASMUSSEN COLLEGE - NEW PORT RICHEY     ,FL,34690-4554,Proprietary  ,13,92,105,196,1310,1506
00869413,RASMUSSEN COLLEGE - FORT MYERS          ,FL,33905-7805,Proprietary  ,13,130,143,322,1631,1953
00869420,RASMUSSEN COLLEGE - TAMPA               ,FL,33610-9558,Proprietary  ,16,116,132,253,1508,1761
00869422,RASMUSSEN COLLEGE - PASCO               ,FL,33558-0000,Proprietary  ,7,49,56,84,528,612
00884800,WARNER UNIVERSITY                       ,FL,33859-8725,Private      ,24,74,98,1079,932,2011
00884900,PALM BEACH ATLANTIC UNIVERSITY          ,FL,33401-6505,Private      ,75,106,181,4031,2840,6871
00887800,MIAMI INTERNATIONAL UNIV ART&DESIGN     ,FL,33132-1418,Proprietary  ,76,136,212,2069,2129,4198
00910400,TONI & GUY HAIRDRESSING ACADEMY         ,FL,32256-3810,Proprietary  ,5,11,16,57,122,179
00963500,FLORIDA INTERNATIONAL UNIVERSITY        ,FL,33199-0001,Public       ,1921,1017,2938,46426,36627,83053
00984100,UNIVERSITY OF NORTH FLORIDA             ,FL,32224-2645,Public       ,886,394,1280,17312,10543,27855
00990200,SHERIDAN TECHNICAL CENTER               ,FL,33021-3399,Public       ,49,191,240,812,2573,3385
01016100,"LORAINE'S ACADEMY, INC                  ",FL,33710-0000,Proprietary  ,5,27,32,56,310,366
01019500,ART INSTITUTE OF FT LAUDERDALE          ,FL,33316-3000,Proprietary  ,39,120,159,1520,1645,3165
01065200,PASCO-HERNANDO COMMUNITY CLG            ,FL,34654-5199,Public       ,184,369,553,6340,8174,14514
01072401,CARLOS ALBIZU UNIVERSITY                ,FL,33172-0000,Private      ,6,51,57,133,1170,1303
01082600,TOM P. HANEY TECHNICAL CENTER           ,FL,32405-5099,Public       ,18,83,101,306,1341,1647
01112700,GOODING INST OF NUR ANES BAY MED CT     ,FL,32401-0000,Proprietary  ,0,0,0,17,103,120
01226300,ATLANTIC TECHNICAL CENTER               ,FL,33063-3902,Public       ,28,92,120,738,1729,2467
01246117,LINCOLN COLLEGE OF TECHNOLOGY - WEST PAL,FL,33407-3105,Proprietary  ,32,78,110,548,829,1377
01254400,FIRST COAST TECHNICAL COLLEGE           ,FL,32084-1921,Public       ,16,72,88,436,1048,1484
01257400,RINGLING SCHOOL OF ART AND DESIGN       ,FL,34234-5895,Private      ,25,18,43,2083,454,2537
01303904,SOUTH UNIVERSITY - WEST PALM BEACH CAMPU,FL,33409-5149,Proprietary  ,34,234,268,601,2607,3208
01323400,LORENZO WALKER INST OF TECHNOLOGY       ,FL,34104-4405,Public       ,18,17,35,395,704,1099
02089600,CONCORDE CAREER INSTITUTE               ,FL,32211-0000,Proprietary  ,38,137,175,322,1524,1846
02113609,AMERICAN INTERCONTINENTAL UNIV - WESTON ,FL,33326-3233,Proprietary  ,0,0,0,16,157,173
02115300,PINELLAS TECHNICAL EDUCATION CENTERS - S,FL,33711-0000,Public       ,24,175,199,489,2035,2524
02116006,SANFORD-BROWN INSTITUTE - FT. LAUDERDALE,FL,33309-1906,Proprietary  ,1,13,14,157,515,672
02148200,FASHION FOCUS HAIR ACADEMY              ,FL,34231-0000,Proprietary  ,1,9,10,36,123,159
02148300,MANHATTAN BEAUTY SCHOOL                 ,FL,33611-1304,Proprietary  ,0,11,11,26,100,126
02149900,PAUL MITCHELL THE SCHOOL-JACKSONVILLE   ,FL,32205-0000,Proprietary  ,16,30,46,169,387,556
02151900,KEISER  UNIVERSITY                      ,FL,33309-0000,Private      ,445,2392,2837,5993,25314,31307
02156300,MARGATE SCHOOL OF BEAUTY                ,FL,33063-0000,Proprietary  ,0,0,0,21,84,105
02159600,BAPTIST COLLEGE OF FLORIDA (THE)        ,FL,32440-0000,Private      ,8,21,29,250,345,595
02172700,CONCORDE CAREER INSTITUTE               ,FL,33607-0000,Proprietary  ,23,90,113,216,829,1045
02188900,HOBE SOUND BIBLE COLLEGE                ,FL,33475-0000,Private      ,1,10,11,89,98,187
02200100,BRADENTON BEAUTY & BARBER ACADEMY       ,FL,34209-0000,Proprietary  ,3,19,22,29,178,207
02215900,ATI CAREER TRAINING CENTER              ,FL,33309-1785,Proprietary  ,0,16,16,44,211,255
02218700,FLORIDA TECHNICAL COLLEGE               ,FL,32826-2707,Proprietary  ,154,545,699,1494,4625,6119
02218707,FLORIDA TECHNICAL COLLEGE - LAKELAND    ,FL,33813-2101,Proprietary  ,11,32,43,254,555,809
02218709,FLORIDA TECHNICAL COLLEGE - DELAND      ,FL,32720-7415,Proprietary  ,33,149,182,232,1188,1420
02228300,LAKE TECHNICAL CENTER                   ,FL,32726-0000,Public       ,26,92,118,547,1436,1983
02245500,FORTIS COLLEGE                          ,FL,32789-4679,Proprietary  ,5,54,59,62,518,580
02257900,INTERNATIONAL ACADEMY                   ,FL,32119-3541,Proprietary  ,9,37,46,83,312,395
02275100,CONCORDE CAREER INSTITUTE               ,FL,33025-0000,Proprietary  ,16,67,83,160,615,775
02278800,SOUTHWEST FLORIDA COLLEGE               ,FL,33907-0000,Proprietary  ,30,171,201,1290,2403,3693
02278801,SOUTHWEST FLORIDA COLLEGE - TAMPA       ,FL,33619-1344,Proprietary  ,20,86,106,421,1100,1521
02278802,SOUTHWEST FLORIDA COLLEGE - INSTITUTUE O,FL,33928-9469,Proprietary  ,0,0,0,78,133,211
02278803,SOUTHWEST FLORIDA COLLEGE - PORT CHARLOT,FL,33953-3100,Proprietary  ,14,64,78,251,698,949
02279600,CORTIVA INSTITUTE - FLORIDA             ,FL,33781-0000,Proprietary  ,19,90,109,141,448,589
02283800,BEAUTY SCHOOLS OF AMERICA               ,FL,33012-3322,Proprietary  ,53,384,437,371,2017,2388
02286502,ITT TECHNICAL INSTITUTE                 ,FL,32244-6630,Proprietary  ,0,0,0,0,2,2
02287100,LA BELLE BEAUTY SCHOOL                  ,FL,33012-3224,Proprietary  ,3,51,54,47,251,298
02293200,ATI CAREER TRAINING CENTER              ,FL,33309-5916,Proprietary  ,0,0,0,11,41,52
02293201,ATI CAREER TRAINING CENTER - MIAMI      ,FL,33122-1707,Proprietary  ,2,11,13,63,171,234
02293202,ATI CAREER TAINING CENTER - ATI COLLEGE ,FL,87109-2016,Proprietary  ,1,6,7,45,163,208
02293600,ADVANCED TECHNICAL CENTERS              ,FL,33266-1597,Private      ,1,14,15,52,131,183
02297000,CHARLOTTE TECHNICAL CENTER              ,FL,33948-0000,Public       ,7,18,25,180,430,610
02300900,WITHLACOOCHEE TECHNICAL INSTITUTE       ,FL,34450-0000,Public       ,12,25,37,219,640,859
02305800,FLORIDA CAREER COLLEGE                  ,FL,33012-7028,Proprietary  ,289,1400,1689,1338,6715,8053
02305810,FLORIDA CAREER COLLEGE - CLEARWATER     ,FL,33759-3924,Proprietary  ,0,0,0,19,79,98
02307400,GEORGE STONE TECHNICAL CENTER           ,FL,32526-0000,Public       ,34,108,142,351,1343,1694
02314100,SCHILLER INTERNATIONAL UNIVERSITY       ,FL,33770-0000,Proprietary  ,3,13,16,57,285,342
02316200,MIAMI LAKES TECHNICAL EDUCATION CTR     ,FL,33014-0000,Public       ,43,163,206,418,1404,1822
02321200,ORANGE TECH EDUC CTR- WESTSIDE TECH     ,FL,34787-0000,Public       ,17,54,71,307,725,1032
02325100,KEY COLLEGE                             ,FL,33004-3046,Proprietary  ,2,12,14,13,87,100
02326303,MEDVANCE INSTITUTE - WEST PALM          ,FL,33461-2171,Proprietary  ,0,6,6,19,87,106
02326306,MEDVANCE INSTITUTE - MIAMI              ,FL,33173-3431,Proprietary  ,0,0,0,22,46,68
02326800,MERIDIAN COLLEGE                        ,FL,34240-8478,Proprietary  ,6,34,40,88,354,442
02326900,SUNSTATE ACADEMY OF HAIR DESIGN         ,FL,33907-1415,Proprietary  ,18,66,84,177,495,672
02329900,FLORIDA INSTITUTE OF ULTRASOUND         ,FL,32514-0000,Proprietary  ,1,20,21,107,385,492
02338400,FT PIERCE BEAUTY ACADEMY                ,FL,34982-0000,Proprietary  ,10,48,58,80,357,437
02346200,WYOTECH                                 ,FL,32174-1010,Private      ,13,40,53,148,431,579
02362100,FULL SAIL UNIVERSITY                    ,FL,32792-0000,Proprietary  ,874,2619,3493,15498,28098,43596
02499000,ACADEMY OF COSMETOLOGY                  ,FL,32953-3311,Proprietary  ,7,25,32,60,228,288
02501500,"O*TEC, MID-FLORIDA TECH                 ",FL,32809-0000,Public       ,50,141,191,529,1665,2194
02504600,WINTER PARK TECH                        ,FL,32789-0000,Public       ,13,37,50,166,538,704
02508900,TALMUDIC COLLEGE OF FLORIDA             ,FL,33139-0000,Private      ,0,0,0,28,12,40
02511700,RIDGE TECHNICAL CENTER                  ,FL,33881-0000,Public       ,14,60,74,322,1004,1326
02513200,ORLANDO TECHNICAL CENTER                ,FL,32801-0000,Public       ,31,91,122,521,1545,2066
02515400,CITY COLLEGE                            ,FL,33309-3073,Private      ,56,256,312,562,2443,3005
02517100,SARASOTA SCHOOL OF MASSAGE THERAPY      ,FL,34243-6130,Proprietary  ,8,39,47,52,218,270
02524000,SUNSTATE ACADEMY OF HAIR DESIGN         ,FL,34624-0000,Proprietary  ,14,44,58,94,285,379
02524002,SUNSTATE ACADEMY - JONES TECHNICAL INSTI,FL,32256-0367,Proprietary  ,15,42,57,120,308,428
02524200,ROBERT MORGAN EDUCATIONAL CENTER        ,FL,33177-0000,Public       ,25,71,96,450,917,1367
02531803,PAUL MITCHELL THE SCHOOL - ORLANDO      ,FL,32765-6444,Proprietary  ,23,35,58,211,359,570
02531805,PAUL MITCHELL THE SCHOOL -TAMPA         ,FL,33613-0000,Proprietary  ,25,47,72,254,447,701
02547600,FLORIDA NATIONAL COLLEGE                ,FL,33012-0000,Proprietary  ,55,204,259,552,2054,2606
02547601,FLORIDA NATIONAL UNIVERSITY - SOUTH CAMP,FL,33175-2478,Proprietary  ,68,198,266,850,1880,2730
02547602,FLORIDA NATIONAL UNIVERSITY - TRAINING A,FL,33012-4108,Proprietary  ,10,22,32,137,407,544
02554200,RADFORD LOCKLIN TECH CENTER             ,FL,32570-0000,Public       ,7,8,15,114,405,519
02573200,LA BELLE BEAUTY ACADEMY                 ,FL,33135-0000,Proprietary  ,16,64,80,116,401,517
02597100,HERITAGE INSTITUTE                      ,FL,33912-7132,Proprietary  ,25,82,107,440,1008,1448
02598200,SOUTHERN CAREER COLLEGE                 ,FL,32225-9828,Proprietary  ,0,0,0,70,431,501
02601600,HENRY W BREWSTER TECHNICAL CENTER       ,FL,33602-0000,Public       ,13,42,55,126,563,689
02612700,"SALON PROFESSIONAL ACADEMY - MELBOURNE, ",FL,32904-3919,Proprietary  ,13,21,34,90,221,311
02616400,SANFORD-BROWN INSTITUTE                 ,FL,32256-3520,Proprietary  ,1,16,17,140,591,731
02616705,LE CORDON BLEU COLLEGE OF CULINARY ARTS ,FL,33025-3929,Proprietary  ,9,14,23,358,522,880
03003600,MCFATTER TECHNICAL CENTER               ,FL,33317-7499,Public       ,42,105,147,639,1477,2116
03008600,FLORIDA COLLEGE OF NATURAL HEALTH       ,FL,33064-1342,Proprietary  ,36,151,187,206,763,969
03010608,VIRGINIA COLLEGE - PENSACOLA            ,FL,32501-5650,Proprietary  ,5,53,58,174,827,1001
03010612,VIRGINIA COLLEGE - GOLF ACADEMY OF AMERI,FL,32701-0000,Proprietary  ,0,5,5,21,62,83
03010618,VIRGINIA COLLEGE - JACKSONVILLE         ,FL,32207-5167,Proprietary  ,9,44,53,149,821,970
03012300,ASM BEAUTY WORLD ACADEMY                ,FL,33021-0000,Proprietary  ,0,35,35,25,181,206
03018500,BENE'S INTERNATIONAL SCHOOL OF BEAUTY   ,FL,34652-1636,Proprietary  ,15,76,91,137,529,666
03026508,REMINGTON COLLEGE - TAMPA               ,FL,33619-1177,Private      ,2,23,25,96,495,591
03028200,TRINITY COLLEGE OF FLORIDA              ,FL,34655-4401,Private      ,5,12,17,197,216,413
03031400,INTERNATIONAL ACADEMY OF DESIGN AND TECH,FL,33634-6313,Proprietary  ,8,30,38,604,2017,2621
03031402,INTERNATIONAL ACADEMY OF DESIGN AND TECH,FL,32809-4613,Proprietary  ,7,14,21,185,343,528
03031403,IADT - ORLANDO CULINARY ACADEMY         ,FL,32819-0000,Proprietary  ,5,17,22,341,710,1051
03035800,HERITAGE INSTITUTE                      ,FL,32216-0948,Proprietary  ,11,70,81,107,602,709
03035900,NATIONAL AVIATION ACADEMY               ,FL,33760-3931,Proprietary  ,19,75,94,369,897,1266
03037500,HODGES UNIVERSITY                       ,FL,34119-7932,Private      ,67,295,362,746,3372,4118
03071600,COLLEGE OF BUSINESS & TECHNOLOGY        ,FL,33176-1412,Proprietary  ,25,214,239,283,1371,1654
03078003,OHIO CENTER FOR BROADCASTING - MIAMI MED,FL,33130-3042,Proprietary  ,5,50,55,47,179,226
03079800,GEORGE T BAKER AVIATION                 ,FL,33142-5687,Public       ,10,38,48,382,525,907
03079900,CITY COLLEGE                            ,FL,32714-3129,Private      ,8,66,74,162,703,865
03089200,NOUVELLE INSTITUTE                      ,FL,33125-4141,Proprietary  ,9,123,132,49,527,576
03096300,FORTIS INSTITUTE                        ,FL,33860-0000,Proprietary  ,0,0,0,6,30,36
03099600,MERCY HOSPITAL SCHOOL OF PRACTICAL NSG  ,FL,33133-4237,Proprietary  ,6,19,25,101,281,382
03100800,TAYLOR TECHNICAL INSTITUTE              ,FL,32348-0894,Public       ,2,7,9,62,160,222
03101900,TRINITY BAPTIST COLLEGE                 ,FL,32221-1398,Private      ,13,13,26,453,336,789
03103900,MARION COUNTY COMMUNITY TECH & ADUL     ,FL,34474-3172,Public       ,17,52,69,438,1455,1893
03108500,EVERGLADES UNIVERSITY                   ,FL,33431-0000,Private      ,26,211,237,278,2110,2388
03108600,COM-PU-MED VOCATIONAL CAREERS           ,FL,33012-4861,Proprietary  ,11,77,88,73,402,475
03113400,ACADEMY OF HEALING ARTS                 ,FL,33463-2113,Proprietary  ,1,7,8,46,200,246
03114700,PRAXIS INSTITUTE                        ,FL,33135-2657,Proprietary  ,21,111,132,70,490,560
03115500,ADVENTIST UNIVERSITY OF HEALTH SCIENCES ,FL,32803-1237,Private      ,50,114,164,1453,2637,4090
03123900,SOUTHEASTERN COLLEGE                    ,FL,33413-0000,Proprietary  ,8,77,85,191,1072,1263
03125600,MIAMI AD SCHOOL                         ,FL,33139-0000,Proprietary  ,3,17,20,106,382,488
03127900,TECHNICAL EDUCATION CTR OSCEOLA         ,FL,34744-4459,Public       ,22,50,72,525,1180,1705
03158300,LEE COUNTY HIGH TECH CENTER NORTH       ,FL,33993-2479,Public       ,18,40,58,182,472,654
03171300,UNIVERSITY OF ST. AUGUSTINE FOR HEALTH S,FL,32084-4215,Proprietary  ,4,219,223,107,2316,2423
03224300,NEW PROFESSIONS TECHNICAL INSTITUTE     ,FL,33134-1640,Proprietary  ,37,157,194,108,724,832
03230300,CHOICE HIGH SCHOOL AND TECHNICAL CENTER ,FL,32547-1299,Public       ,7,42,49,130,581,711
03238300,FLORIDA COLLEGE OF INTEGRATIVE MED      ,FL,32809-5721,Proprietary  ,4,17,21,115,392,507
03255300,FLORIDA GULF COAST UNIVERSITY           ,FL,33965-6565,Public       ,752,186,938,21260,6512,27772
03256300,YESHIVA GEDOLAH RABBINICAL COLLEGE      ,FL,33139-4708,Private      ,4,0,4,14,11,25
03264300,SOUTH FLORIDA BIBLE COLLEGE AND THEOLOGI,FL,33441-5768,Private      ,0,10,10,11,204,215
03346300,ACAD FOR PRAC NURSING & HEALTH OCCP     ,FL,33417-4574,Private      ,10,68,78,217,934,1151
03348400,PROFESSIONAL TRAINING CENTERS           ,FL,33184-0000,Proprietary  ,13,38,51,176,864,1040
03373300,BEACON COLLEGE                          ,FL,34748-5224,Private      ,5,2,7,295,135,430
03374300,FLORIDA COASTAL SCHOOL OF LAW           ,FL,32256-0000,Proprietary  ,1,36,37,87,1786,1873
03382300,BRADFORD-UNION AREA CAREERTECHNICAL CENT,FL,32091-2434,Public       ,7,7,14,68,292,360
03390300,LINCOLN TECHNICAL INSTITUTE             ,FL,32730-2351,Proprietary  ,0,7,7,38,143,181
03411400,INTERNATIONAL TRAINING CAREERS          ,FL,33155-1462,Private      ,5,77,82,36,389,425
03414500,ACUPUNCTURE AND MASSAGE COLLEGE         ,FL,33176-1509,Proprietary  ,3,29,32,74,327,401
03429600,ATLANTIC INST OF ORIENTAL MEDICINE      ,FL,33316-0000,Private      ,0,26,26,31,239,270
03429700,EAST WEST COLLG OF NATURAL MEDICINE     ,FL,34236-4959,Proprietary  ,3,20,23,26,262,288
03433400,NEW CONCEPT MASSAGE AND BEAUTY SCHO     ,FL,33135-0000,Proprietary  ,3,27,30,13,147,160
03434300,FORTIS COLLEGE                          ,FL,32073-2999,Proprietary  ,7,68,75,147,626,773
03480301,FORTIS COLLEGE - FORTIS INSTITUTE       ,FL,33313-7261,Proprietary  ,2,8,10,22,119,141
03480302,FORTIS COLLEGE - FORTIS INSTITUTE       ,FL,34952-0000,Proprietary  ,16,50,66,203,740,943
03491400,AMERICAN ADVANCED TECHNICIANS INST      ,FL,33014-4430,Proprietary  ,5,37,42,54,218,272
03549300,ULTIMATE MEDICAL ACADEMY                ,FL,33756-4917,Private      ,451,4460,4911,3062,31195,34257
03553300,SOUTHEASTERN COLLEGE                    ,FL,32216-0000,Proprietary  ,6,34,40,150,564,714
03557300,NORTH FLORIDA COSMETOLOGY INSTITUTE     ,FL,32312-0000,Proprietary  ,7,30,37,121,440,561
03570400,ENGLISH CENTER (THE)                    ,FL,33133-2703,Public       ,2,33,35,26,210,236
03611400,FLORIDA BARBER ACADEMY                  ,FL,33441-0000,Proprietary  ,9,87,96,39,418,457
03618300,FLORIDA INSTITUTE OF ANIMAL ARTS        ,FL,32792-0000,Proprietary  ,0,0,0,132,180,312
03627400,JACKSONVILLE BEAUTY INSTITUTE           ,FL,32208-1885,Proprietary  ,7,40,47,83,367,450
03627600,FLORIDA EDUCATION INSTITUTE             ,FL,33144-5036,Proprietary  ,6,73,79,112,451,563
03661400,SOUTH FLORIDA INSTITUTE OF TECHNOLO     ,FL,33135-0000,Proprietary  ,42,341,383,274,1638,1912
03691400,AVE MARIA SCHOOL OF LAW                 ,FL,34119-1376,Private      ,3,14,17,78,519,597
03696400,SABER                                   ,FL,33134-1604,Private      ,5,44,49,82,697,779
03698308,WEST COAST UNIVERSITY - MIAMI           ,FL,33178-2431,Proprietary  ,6,15,21,164,261,425
03706300,AMERICAN INSTITUTE                      ,FL,33319-0000,Proprietary  ,11,50,61,88,287,375
03757300,ADVANCE SCIENCE INSTITUTE               ,FL,33012-0000,Proprietary  ,0,11,11,26,106,132
03801400,BEAUTY INSTITUTE (THE)                  ,FL,33409-2972,Proprietary  ,2,20,22,47,172,219
03801401,BEAUTY INSTITUTE (THE) - MARGATE        ,FL,33068-5704,Proprietary  ,0,2,2,15,43,58
03816300,ARTISTIC NAILS & BEAUTY ACADEMY         ,FL,33605-5919,Proprietary  ,17,69,86,148,549,697
03823300,FLORIDA ACADEMY OF HEALTH & BEAUTY      ,FL,33311-0000,Proprietary  ,1,8,9,21,45,66
03832300,DADE MEDICAL COLLEGE                    ,FL,33126-5534,Proprietary  ,0,0,0,858,3143,4001
03842500,CAMBRIDGE INSTITUTE OF ALLIED HEALTH    ,FL,32750-0000,Proprietary  ,4,38,42,34,337,371
03856300,UNIVERSAL BEAUTY SCHOOL                 ,FL,33174-4406,Proprietary  ,4,23,27,34,177,211
03856500,FLORIDA SCHOOL OF TRADITIONAL MIDWIFERY ,FL,32601-5507,Private      ,1,3,4,32,162,194
03875300,MCI INSTITUTE OF TECHNOLOGY             ,FL,33409-4937,Proprietary  ,0,0,0,41,158,199
03888300,DRAGON RISES COLLEGE OF ORIENTAL MEDICIN,FL,32601-5089,Private      ,1,3,4,9,97,106
03903500,SOUTHERN TECHNICAL COLLEGE              ,FL,32809-0000,Proprietary  ,51,319,370,441,2659,3100
03907301,PAUL MITCHELL THE SCHOOL FT MYERS       ,FL,33907-0000,Proprietary  ,12,18,30,141,207,348
03911300,TOTAL INTERNATIONAL CAREER INSTITUTE    ,FL,33012-0000,Proprietary  ,0,0,0,4,3,7
03939300,WOLFORD COLLEGE                         ,FL,34108-1931,Proprietary  ,1,13,14,41,300,341
03939400,CENTURA INSTITUTE                       ,FL,32807-3566,Proprietary  ,6,21,27,102,403,505
03939600,DAYTONA COLLEGE                         ,FL,32174-8445,Proprietary  ,12,63,75,131,555,686
03941300,AVE MARIA UNIVERSITY                    ,FL,34142-9505,Private      ,21,1,22,1570,172,1742
03957400,NEW COLLEGE OF FLORIDA                  ,FL,34243-2109,Public       ,42,20,62,2088,436,2524
03985300,COMMERCIAL DIVING ACADEMY               ,FL,32208-0000,Proprietary  ,43,96,139,410,1000,1410
03986300,AVIATOR COLLEGE OF AERONAUTICAL SCIENCE ,FL,34946-9022,Proprietary  ,3,25,28,96,283,379
04016500,AMERICAN INSTITUTE OF BEAUTY            ,FL,33773-0000,Proprietary  ,6,73,79,75,389,464
04029300,TRENDSETTERS OF FLORIDA SCHOOL OF BEAUTY,FL,32205-4737,Proprietary  ,6,17,23,35,158,193
04038302,ATA COLLEGE-ATA CAREER EDUCATION        ,FL,34606-4300,Proprietary  ,8,64,72,113,484,597
04039300,SULLIVAN AND COGLIANO TRAINING CENTERS  ,FL,33014-6427,Proprietary  ,6,209,215,46,1143,1189
04051310,BROWN MACKIE COLLEGE-CINCINNATI - BROWN ,FL,33132-1418,Proprietary  ,0,1,1,0,1,1
04083400,CAMBRIDGE INSTITUTE OF ALLIED HEALTH & T,FL,33484-6543,Proprietary  ,8,37,45,129,634,763
04105400,PENSACOLA SCHOOL OF MASSAGE THERAPY & HE,FL,32504-7337,Proprietary  ,10,46,56,57,345,402
04106300,PALM BEACH ACADEMY OF HEALTH & BEAUTY   ,FL,33403-2130,Proprietary  ,6,51,57,56,290,346
04116400,FUTURE-TECH INSTITUTE                   ,FL,33135-4142,Proprietary  ,4,36,40,39,260,299
04116600,TAYLOR COLLEGE                          ,FL,34420-8714,Proprietary  ,1,26,27,75,565,640
04119400,AVEDA INSTITUTE - SAINT PETERSBURG      ,FL,33701-4242,Proprietary  ,41,97,138,497,814,1311
04120400,PAUL MITCHELL THE SCHOOL MIAMI          ,FL,33156-0000,Proprietary  ,6,17,23,83,179,262
04126900,ACADEMY OF CAREER TRAINING              ,FL,34741-4644,Proprietary  ,14,58,72,153,482,635
04127400,DIGITAL MEDIA ARTS COLLEGE              ,FL,33431-5919,Proprietary  ,10,15,25,318,244,562
04128400,MANAGEMENT RESOURCES INSTITUTE          ,FL,33126-5473,Proprietary  ,14,109,123,91,1128,1219
04129900,FLORIDA SCHOOL OF MASSAGE               ,FL,32608-5419,Proprietary  ,7,26,33,81,296,377
04130400,SHEAR EXCELLENCE INTERNATIONAL HAIR ACAD,FL,33614-2783,Proprietary  ,3,50,53,45,248,293
04133500,ACADEMY FOR FIVE ELEMENT ACUPUNCTURE    ,FL,32601-6811,Private      ,0,3,3,13,133,146
04133900,FUTURA CAREER INSTITUTE                 ,FL,33012-3325,Proprietary  ,8,74,82,38,265,303
04134800,AVEDA INSTITUTE - TALLAHASSEE           ,FL,32304-3186,Proprietary  ,44,80,124,406,732,1138
04135000,COZMO THE SCHOOL                        ,FL,34135-4810,Proprietary  ,1,11,12,29,96,125
04135900,ALLIED HEALTH INSTITUTE                 ,FL,33068-0000,Proprietary  ,2,33,35,41,694,735
04140800,NORTH FLORIDA ACADEMY                   ,FL,32065-7758,Proprietary  ,1,6,7,25,88,113
04143100,PROFESSIONAL HANDS INSTITUTE            ,FL,33135-1939,Proprietary  ,1,47,48,6,194,200
04145900,CELEBRITY SCHOOL OF BEAUTY              ,FL,33144-4153,Proprietary  ,10,63,73,97,327,424
04146200,WALTON CAREER DEVELOPMENT CENTER        ,FL,32433-1557,Public       ,4,16,20,77,264,341
04146300,MARCHMAN TECHNICAL EDUCATION CENTER     ,FL,34653-1211,Public       ,7,14,21,199,378,577
04148500,MEDICAL INSTITUTE OF PALM BEACH         ,FL,33463-3276,Proprietary  ,20,27,47,103,187,290
04150800,IMMOKALEE TECHNICAL CENTER              ,FL,34142-3146,Public       ,6,8,14,218,170,388
04151500,AMERICAN ACADEMY OF COSMETOLOGY         ,FL,32065-8026,Proprietary  ,2,22,24,49,175,224
04156300,UNIVERSITY OF FORT LAUDERDALE           ,FL,33313-5809,Private      ,2,13,15,58,125,183
04156400,AVIATION INSTITUTE OF MAINTENANCE       ,FL,32803-6487,Proprietary  ,31,49,80,274,540,814
04157100,AEROSIM FLIGHT ACADEMY                  ,FL,32773-9683,Proprietary  ,19,20,39,185,317,502
04158300,FLAGLER TECHNICAL INSTITUTE             ,FL,32137-4714,Public       ,1,13,14,99,230,329
04162000,JOSE MARIA VARGAS UNIVERSITY            ,FL,33025-4534,Proprietary  ,0,12,12,26,111,137
04162500,HOLLYWOOD INSTITUTE OF BEAUTY CAREERS   ,FL,33023-6720,Proprietary  ,31,136,167,186,918,1104
04163000,SUMMIT SALON ACADEMY                    ,FL,33624-6321,Proprietary  ,8,26,34,101,217,318
04163100,SALON PROFESSIONAL ACADEMY (THE)        ,FL,32607-1672,Proprietary  ,3,16,19,64,219,283
04163200,SALON PROFESSIONAL ACADEMY (THE)        ,FL,32162-9311,Proprietary  ,7,25,32,62,182,244
04164500,EUREKA INSTITUTE OF HEALTH AND BEAUTY   ,FL,33174-4205,Proprietary  ,2,6,8,18,49,67
04164600,D. A. DORSEY EDUCATIONAL CENTER         ,FL,33147-6304,Public       ,4,18,22,44,258,302
04167300,SALON PROFESSIONAL ACADEMY (THE)        ,FL,33904-4824,Proprietary  ,6,12,18,43,102,145
04170300,BEAUTY ACADEMY OF SOUTH FLORIDA         ,FL,33012-3221,Proprietary  ,7,42,49,45,255,300
04172300,ETERNITY COSMETOLOGY SCHOOL             ,FL,33415-5719,Proprietary  ,10,46,56,51,249,300
04176900,AMERICAN HEALTH INSTITUTE               ,FL,34654-3743,Proprietary  ,2,12,14,36,179,215
04182500,MILLENNIA ATLANTIC UNIVERSITY           ,FL,33178-2369,Proprietary  ,0,1,1,8,47,55
04188300,FLORIDA ACADEMY                         ,FL,33966-1155,Proprietary  ,13,58,71,135,469,604
04192100,AMERICAN MEDICAL ACADEMY                ,FL,33186-4830,Proprietary  ,18,36,54,181,361,542
04194000,"SCHOOL DISTRICT OF INDIAN RIVER COUNTY, ",FL,32960-3527,Public       ,5,12,17,193,351,544
04194200,APARICIO-LEVY TECHNICAL CENTER          ,FL,33610-9666,Public       ,2,14,16,66,209,275
04195100,AMBIANCE BEAUTY & BARBER ACADEMY        ,FL,32935-8771,Proprietary  ,1,10,11,36,137,173
04197600,"FLORIDA INSTITUTE OF RECORDING, SOUND AN",FL,32804-3309,Proprietary  ,21,31,52,234,318,552
04204600,BEAUTY AND HEALTH INSTITUTE             ,FL,33626-2610,Proprietary  ,9,38,47,88,354,442
04206300,FLORIDA VOCATIONAL INSTITUTE            ,FL,33155-3762,Proprietary  ,9,75,84,70,399,469
04207900,SAE INSTITUTE OF TECHNOLOGY - MIAMI     ,FL,33160-4307,Proprietary  ,22,48,70,194,303,497
04209500,SHEAR FINESSE HAIRSTYLING ACADEMY       ,FL,32208-5005,Proprietary  ,1,9,10,27,102,129
04210800,ULTRASOUND MEDICAL INSTITUTE            ,FL,33462-4221,Proprietary  ,0,6,6,10,66,76
04212600,COSMIX SCHOOL OF MAKEUP ARTISTRY        ,FL,33306-1640,Proprietary  ,8,29,37,110,264,374
04213200,KAIZEN BEAUTY ACADEMY                   ,FL,33024-6609,Proprietary  ,1,3,4,17,60,77
04214500,PRESTIGE HEALTH & BEAUTY SCIENCES ACADEM,FL,33160-4102,Proprietary  ,0,7,7,31,74,105
04216600,AZURE COLLEGE                           ,FL,33169-5345,Proprietary  ,7,27,34,93,650,743
04216900,SAN IGNACIO COLLEGE                     ,FL,33178-2350,Proprietary  ,1,4,5,16,44,60
04217800,BOCA BEAUTY ACADEMY                     ,FL,33434-4178,Proprietary  ,17,84,101,114,437,551
04220200,MORE TECH INSTITUTE                     ,FL,33012-2165,Proprietary  ,1,28,29,9,118,127
04221200,BLY'S SCHOOL OF COSMETOLOGY             ,FL,32601-4021,Proprietary  ,0,0,0,16,41,57
04223400,INTERAMERICAN TECHNICAL INSTITUTE       ,FL,00174-2950,Proprietary  ,0,41,41,33,219,252
04225000,PARISIAN SPA INSTITUTE                  ,FL,32204-4127,Proprietary  ,6,40,46,41,271,312
04225200,YECHANLAZ INSTITUTO VOCACIONAL          ,FL,33144-4817,Proprietary  ,1,9,10,3,53,56
04225800,FRED D. LEAREY TECHNICAL CENTER         ,FL,33614-1892,Public       ,3,32,35,107,328,435
04227500,MERRYFIELD SCHOOL OF PET GROOMING       ,FL,33334-4925,Proprietary  ,1,13,14,9,106,115
04228900,BEAUTY ANATOMY INSTITUTE OF COSMETOLOGY ,FL,33069-4313,Proprietary  ,2,22,24,29,100,129
04229700,FIRST COAST BARBER ACADEMY              ,FL,32210-8054,Proprietary  ,2,15,17,20,131,151
04233200,UNILATINA INTERNATIONAL COLLEGE         ,FL,33025-3943,Proprietary  ,1,1,2,7,20,27
04233400,LEE PROFESSIONAL INSTITUTE              ,FL,33916-9320,Proprietary  ,2,28,30,50,251,301
04233500,MED-LIFE INSTITUTE                      ,FL,34112-6263,Proprietary  ,0,2,2,0,2,2
04233900,ATLANTIS UNIVERSITY                     ,FL,33132-1417,Proprietary  ,12,10,22,216,198,414
04234500,BURNETT INTERNATIONAL COLLEGE           ,FL,33426-6591,Proprietary  ,0,5,5,17,127,144
04238400,FLORIDA INTERNATIONAL TRAINING INSTITUTE,FL,33172-1507,Proprietary  ,3,25,28,37,141,178
04238500,TRAINING DOMAIN (THE)                   ,FL,33907-4080,Proprietary  ,0,10,10,3,35,38
04242000,LATIN BEAUTY ACADEMY                    ,FL,33415-6104,Proprietary  ,2,6,8,8,67,75
04243600,INTERNATIONAL HAIR AND BARBER ACADEMY   ,FL,33433-3443,Proprietary  ,4,11,15,24,59,83
04244700,MED ACADEMY                             ,FL,33018-4937,Proprietary  ,1,5,6,3,31,34
04246900,PIBERRY INSTITUTE                       ,FL,33032-8219,Proprietary  ,2,0,2,4,10,14
04249400,CENTER FOR NEUROSOMATIC STUDIES         ,FL,33760-3712,Proprietary  ,0,4,4,2,16,18
04250500,NATIONAL PERSONAL TRAINING INSTITUTE    ,FL,32789-7101,Proprietary  ,3,14,17,3,14,17
04251700,HOPE COLLEGE OF ARTS AND SCIENCES       ,FL,33069-3240,Proprietary  ,0,1,1,0,1,1
00160500,CHAMINADE UNIV OF HONOLULU              ,HI,96816-1578,Private      ,39,138,177,2242,2310,4552
00160600,BRIGHAM YOUNG UNIV-HAWAII CAMPUS        ,HI,96762-1294,Private      ,80,50,130,2158,977,3135
00161000,UNIVERSITY OF HAWAII AT MANOA           ,HI,96822-2399,Public       ,181,204,385,14557,9143,23700
00161100,UNIVERSITY OF HAWAII AT HILO            ,HI,96720-4091,Public       ,44,63,107,3636,2782,6418
00161200,HONOLULU COMMUNITY COLLEGE              ,HI,96817-4598,Public       ,45,90,135,2192,2744,4936
00161300,KAPIOLANI COMMUNITY COLLEGE             ,HI,96816-4421,Public       ,74,132,206,3389,3770,7159
00161400,KAUAI COMMUNITY COLLEGE                 ,HI,96766-9591,Public       ,22,25,47,605,784,1389
00161500,UNIVERSITY OF HAWAII MAUI COLLEGE       ,HI,96732-1644,Public       ,28,79,107,1724,2524,4248
00454900,LEEWARD COMMUNITY COLLEGE               ,HI,96782-3393,Public       ,81,134,215,3131,3767,6898
00525800,HAWAII COMMUNITY COLLEGE                ,HI,96720-4075,Public       ,23,59,82,1635,2316,3951
00723401,HEALD COLLEGE - HONOLULU                ,HI,96814-0000,Proprietary  ,0,0,0,457,849,1306
00727900,HAWAII PACIFIC UNIVERSITY               ,HI,96813-2882,Private      ,101,168,269,4794,3292,8086
01122000,WINDWARD COMMUNITY COLLEGE              ,HI,96744-0000,Public       ,25,58,83,993,1552,2545
02100300,MED-ASSIST SCHOOL OF HAWAII             ,HI,96813-0000,Proprietary  ,4,20,24,101,263,364
02107800,UNIVERSITY OF HAWAII - WEST OAHU        ,HI,96707-0000,Public       ,36,64,100,2100,2550,4650
02139500,HAWAII INSTITUTE OF HAIR DESIGN         ,HI,96817-5195,Proprietary  ,7,25,32,85,240,325
03017800,TRAVEL INSTITUTE OF THE PACIFIC         ,HI,96814-1946,Proprietary  ,3,10,13,57,156,213
03072500,WORLD MEDICINE INSTITUTE                ,HI,96826-0000,Private      ,2,2,4,47,156,203
03735300,INST OF CLINICAL ACUPUNCTURE & ORIENT MD,HI,96813-2307,Proprietary  ,1,2,3,13,106,119
04165200,MAUNA LOA HELICOPTERS                   ,HI,96740-2650,Proprietary  ,1,9,10,37,80,117
04175100,PAUL MITCHELL THE SCHOOL HONOLULU       ,HI,96816-2433,Proprietary  ,10,17,27,140,249,389
04182200,HAWAII MEDICAL INSTITUTE                ,HI,96814-3518,Proprietary  ,34,107,141,330,909,1239
04252700,PACIFIC RIM CHRISTIAN UNIVERSITY        ,HI,96819-2228,Private      ,2,4,6,10,20,30
00161600,BOISE STATE UNIVERSITY                  ,ID,83725-1000,Public       ,203,376,579,14213,11243,25456
00161700,"COLLEGE OF IDAHO, THE                   ",ID,83605-4432,Private      ,37,27,64,1930,561,2491
00161900,COLLEGE OF SOUTHERN IDAHO               ,ID,83301-0000,Public       ,88,153,241,3288,3400,6688
00162000,IDAHO STATE UNIVERSITY                  ,ID,83209-5377,Public       ,186,211,397,6320,7519,13839
00162100,LEWIS-CLARK STATE COLLEGE               ,ID,83501-2698,Public       ,58,68,126,2760,2329,5089
00162300,NORTH IDAHO COLLEGE                     ,ID,83814-2199,Public       ,70,128,198,3007,3934,6941
00162400,NORTHWEST NAZARENE UNIVERSITY           ,ID,83686-5897,Private      ,15,52,67,1569,1520,3089
00162500,BRIGHAM YOUNG UNIVERSITY-IDAHO          ,ID,83460-1650,Private      ,750,770,1520,17258,14817,32075
00162600,UNIVERSITY OF IDAHO                     ,ID,83844-4291,Public       ,137,108,245,9674,4398,14072
00732915,ITT TECHNICAL INSTITUTE                 ,ID,83713-1529,Proprietary  ,26,203,229,415,2099,2514
00987300,MR JUAN'S CLG OF HAIR DESIGN            ,ID,83301-4154,Proprietary  ,2,7,9,35,84,119
01113300,EASTERN IDAHO TECHNICAL COLLEGE         ,ID,83404-5788,Public       ,13,37,50,449,1075,1524
02218000,CARRINGTON COLLEGE                      ,ID,83704-0000,Proprietary  ,36,216,252,517,1866,2383
02234500,BOISE BIBLE COLLEGE                     ,ID,83714-1220,Private      ,2,3,5,174,115,289
02275800,MR LEONS SCHOOL OF HAIR DESIGN          ,ID,83843-8384,Proprietary  ,3,12,15,22,65,87
02275801,MR. LEON'S SCHOOL OF HAIR DESIGN        ,ID,83501-1910,Proprietary  ,0,2,2,5,20,25
02314000,SCHOOL OF HAIRSTYLING (THE)             ,ID,83202-0000,Proprietary  ,0,6,6,7,42,49
02319800,TONI&GUY HAIRDRESSING ACADEMY           ,ID,83814-2822,Proprietary  ,2,9,11,59,143,202
02319801,TONI&GUY HAIRDRESSING ACADEMY - BOISE   ,ID,83705-2636,Proprietary  ,5,12,17,97,175,272
02349200,HEADMASTERS SCHOOL OF HAIR DESIGN       ,ID,83501-0000,Proprietary  ,3,3,6,21,54,75
02559500,RAZZLE DAZZLE CLG OF HAIR DESIGN        ,ID,83686-5104,Proprietary  ,7,11,18,68,147,215
02607100,PAUL MITCHELL THE SCHOOL BOISE          ,ID,83709-1662,Proprietary  ,19,45,64,206,340,546
03098700,ACADEMY OF COURT REPORTING              ,ID,83704-8320,Proprietary  ,19,72,91,142,460,602
03832400,COSMETOLOGY SCHOOL OF ARTS & SCIENCES   ,ID,83318-1327,Proprietary  ,2,5,7,20,71,91
04051323,ART INSTITUTE OF PHOENIX (THE) - BROWN M,ID,83709-2746,Proprietary  ,4,8,12,53,174,227
04134300,EVANS HAIRSTYLING COLLEGE               ,ID,83440-5277,Proprietary  ,6,9,15,73,60,133
04144500,HAIR ACDMY PAUL MITCHELL PARTNER SCHOOL ,ID,83440-2600,Proprietary  ,14,14,28,124,136,260
04150600,D & L ACADEMY OF HAIR DESIGN            ,ID,83301-6229,Proprietary  ,2,2,4,22,48,70
04155200,OLIVER FINLEY ACADEMY OF COSMETOLOGY    ,ID,83704-8011,Proprietary  ,26,33,59,198,274,472
04163800,MASTER EDUCATORS BEAUTY SCHOOL          ,ID,83301-4118,Proprietary  ,2,1,3,31,55,86
04168600,COLLEGE OF MASSAGE THERAPY              ,ID,83221-1758,Proprietary  ,2,0,2,18,59,77
04176700,D'SHAW INSTITUTE OF COSMETOLOGY         ,ID,83704-4406,Proprietary  ,2,3,5,41,78,119
04194800,VELVET TOUCH ACADEMY OF COSMETOLOGY     ,ID,83687-5020,Proprietary  ,0,0,0,24,39,63
04203200,BOISE BARBER COLLEGE                    ,ID,83704-5919,Proprietary  ,4,15,19,30,149,179
04203500,AUSTIN KADE ACADEMY                     ,ID,83404-5540,Proprietary  ,10,40,50,83,304,387
04207200,ACADEMY DI FIRENZE                      ,ID,83338-2329,Proprietary  ,0,2,2,6,23,29
04211800,COLLEGE OF WESTERN IDAHO                ,ID,83687-5505,Public       ,84,304,388,4670,7773,12443
00149912,EVEREST UNIVERSITY - EVEREST COLLEGE - K,MO,64114-3246,Private      ,2,28,30,114,644,758
00163200,AQUINAS INSTITUTE OF THEOLOGY           ,MO,63108-3323,Private      ,0,1,1,2,73,75
00244900,AVILA UNIVERSITY                        ,MO,64145-1698,Private      ,17,72,89,1546,1707,3253
00245000,CALVARY BIBLE COLLEGE                   ,MO,64147-1341,Private      ,2,11,13,175,216,391
00245300,CENTRAL METHODIST UNIVERSITY            ,MO,65248-1198,Private      ,18,115,133,1889,2507,4396
00245400,UNIVERSITY OF CENTRAL MISSOURI          ,MO,64093-5178,Public       ,108,199,307,9375,5007,14382
00245600,COLUMBIA COLLEGE                        ,MO,65216-4581,Private      ,111,1327,1438,3225,20972,24197
00245700,CONCORDIA SEMINARY                      ,MO,63105-3199,Private      ,0,3,3,2,420,422
00245800,COTTEY COLLEGE                          ,MO,64772-2790,Private      ,3,4,7,395,74,469
00245900,CROWDER COLLEGE                         ,MO,64850-9165,Public       ,83,155,238,2797,3076,5873
00246000,CULVER STOCKTON COLLEGE                 ,MO,63435-1299,Private      ,11,4,15,1467,227,1694
00246100,DRURY UNIVERSITY                        ,MO,65802-3791,Private      ,37,191,228,2413,3516,5929
00246200,EDEN THEOLOGICAL SEMINARY               ,MO,63119-0000,Private      ,0,6,6,2,156,158
00246300,EVANGEL UNIVERSITY                      ,MO,65802-2125,Private      ,12,41,53,2302,1178,3480
00246400,FONTBONNE UNIVERSITY                    ,MO,63105-3098,Private      ,17,70,87,1267,1983,3250
00246600,HARRIS - STOWE STATE UNIVERSITY         ,MO,63103-2199,Public       ,36,83,119,1651,2013,3664
00246700,CONCEPTION SEMINARY COLLEGE             ,MO,64433-0502,Private      ,0,0,0,59,9,68
00246800,JEFFERSON COLLEGE                       ,MO,63050-2441,Public       ,54,140,194,2789,2864,5653
00247100,ST LOUIS COMMUNITY COLLEGE              ,MO,63102-0000,Public       ,261,793,1054,11044,15204,26248
00247300,KANSAS CITY ART INSTITUTE               ,MO,64111-1874,Private      ,11,17,28,1183,391,1574
00247400,KANSAS CITY UNIV OF MED AND BIOSCIENCES ,MO,64106-0000,Private      ,3,7,10,100,1301,1401
00247600,KENRICK-GLENNON SEMINARY                ,MO,63119-4330,Private      ,1,0,1,33,11,44
00247700,A.T. STILL UNIV OF HEALTH SCIENCES      ,MO,63501-0000,Private      ,1,106,107,25,3196,3221
00247900,LINCOLN UNIVERSITY                      ,MO,65101-3500,Public       ,65,77,142,2813,1773,4586
00248000,LINDENWOOD UNIVERSITY                   ,MO,63301-1695,Private      ,72,443,515,7376,8075,15451
00248200,MARYVILLE UNIVERSITY                    ,MO,63141-7299,Private      ,41,302,343,2754,5894,8648
00248400,METROPOLITAN COMMUNITY COLLEGE          ,MO,64111-2408,Public       ,214,618,832,9486,12953,22439
00248500,MIDWESTERN BAPTIST THEOL SEMINARY       ,MO,64118-4697,Private      ,2,36,38,143,555,698
00248600,MINERAL AREA COLLEGE                    ,MO,63601-1000,Public       ,30,82,112,1939,2193,4132
00248800,MISSOURI SOUTHERN STATE UNIVERSITY      ,MO,64801-1595,Public       ,53,124,177,4764,3768,8532
00248900,MISSOURI VALLEY COLLEGE                 ,MO,65340-3197,Private      ,19,19,38,1798,481,2279
00249000,MISSOURI WESTERN STATE UNIVERSITY       ,MO,64507-2294,Public       ,45,87,132,4468,2534,7002
00249100,MOBERLY AREA COMMUNITY COLLEGE          ,MO,65270-1304,Public       ,76,126,202,3092,3017,6109
00249400,NAZARENE THEOLOGICAL SEMINARY           ,MO,64131-1246,Private      ,0,9,9,7,168,175
00249500,TRUMAN STATE UNIVERSITY                 ,MO,63501-4221,Public       ,60,24,84,5891,670,6561
00249600,NORTHWEST MISSOURI STATE UNIV           ,MO,64468-6001,Public       ,54,56,110,6314,1352,7666
00249800,PARK UNIVERSITY                         ,MO,64152-3795,Private      ,22,671,693,1476,9364,10840
00249900,ROCKHURST UNIVERSITY                    ,MO,64110-2561,Private      ,18,46,64,2365,1203,3568
00250000,COLLEGE OF THE OZARKS                   ,MO,65726-2502,Private      ,40,6,46,3584,403,3987
00250100,SOUTHEAST MISSOURI STATE UNIV           ,MO,63701-4799,Public       ,117,157,274,9112,4545,13657
00250200,SOUTHWEST BAPTIST UNIVERSITY            ,MO,65613-2597,Private      ,29,70,99,2198,1770,3968
00250300,MISSOURI STATE UNIVERSITY               ,MO,65897-0094,Public       ,183,249,432,17583,9078,26661
00250400,ST LOUIS COLLEGE OF PHARMACY            ,MO,63110-1088,Private      ,11,12,23,805,873,1678
00250600,SAINT LOUIS UNIVERSITY                  ,MO,63103-2097,Private      ,111,184,295,10217,7283,17500
00250900,SAINT PAUL SCHOOL OF THEOLOGY           ,MO,64127-2499,Private      ,0,5,5,1,103,104
00251200,STEPHENS COLLEGE                        ,MO,65215-0001,Private      ,14,21,35,1073,661,1734
00251400,NORTH CENTRAL MISSOURI COLLEGE          ,MO,64683-1824,Public       ,39,25,64,1000,903,1903
00251600,UNIVERSITY OF MISSOURI - COLUMBIA       ,MO,65211-1600,Public       ,269,240,509,28356,8781,37137
00251700,MISSOURI UNIVERSITY OF SCIENCE & TECHNOL,MO,65409-0250,Public       ,54,55,109,6765,1589,8354
00251800,UNIVERSITY OF MISSOURI-KANSAS CITY      ,MO,64110-2497,Public       ,111,249,360,8352,9390,17742
00251900,UNIVERSITY OF MISSOURI-ST LOUIS         ,MO,63121-4499,Public       ,77,291,368,7073,10108,17181
00252000,WASHINGTON UNIVERSITY                   ,MO,63130-4899,Private      ,127,116,243,15913,5571,21484
00252001,WASHINGTON UNIV-SCHOOL OF MEDICINE      ,MO,63110-0000,Private      ,5,11,16,175,1461,1636
00252100,WEBSTER UNIVERSITY                      ,MO,63119-3194,Private      ,46,493,539,3550,11517,15067
00252200,WENTWORTH MILITARY ACADEMY              ,MO,64067-1799,Private      ,6,13,19,292,227,519
00252300,WESTMINSTER COLLEGE                     ,MO,65251-1299,Private      ,6,4,10,1249,160,1409
00252400,WILLIAM JEWELL COLLEGE                  ,MO,64068-1896,Private      ,12,22,34,1269,304,1573
00252500,WILLIAM WOODS UNIVERSITY                ,MO,65251-2388,Private      ,8,139,147,1101,1573,2674
00405704,NATIONAL AMERICAN UNIVERSITY            ,MO,64057-1791,Proprietary  ,3,31,34,51,661,712
00470300,LOGAN COLLEGE OF CHIROPRACTIC           ,MO,63006-0000,Private      ,5,48,53,67,989,1056
00470700,COVENANT THEOLOGICAL SEMINARY           ,MO,63141-8697,Private      ,0,9,9,5,451,456
00471100,STATE TECHNICAL COLLEGE OF MISSOURI     ,MO,65051-9607,Public       ,45,16,61,1462,491,1953
00471300,THREE RIVERS COMMUNITY COLLEGE          ,MO,63901-2393,Public       ,54,193,247,2114,3627,5741
00528800,KIRKSVILLE AREA TECHNICAL CENTER        ,MO,63501-0000,Public       ,2,7,9,33,83,116
00528900,WAYNESVILLE CAREER CENTER               ,MO,65583-2131,Public       ,0,4,4,57,159,216
00542400,SOUTH CENTRAL CAREER CENTER             ,MO,65775-3052,Public       ,1,4,5,59,178,237
00542600,SIKESTON CAREER AND TECHNOLOGY CTR      ,MO,63801-0000,Public       ,2,13,15,94,268,362
00542900,ROLLA TECHNICAL INSTITUTE               ,MO,65401-3601,Public       ,5,15,20,246,360,606
00543000,POPLAR BLUFF TECHNICAL CAREER CNTR      ,MO,63901-0000,Public       ,4,15,19,85,258,343
00543800,SALINE COUNTY CAREER CENTER             ,MO,65340-0000,Public       ,1,2,3,15,61,76
00544500,TRUMAN MEDICAL CENTER SCHOOL OF NURSE AN,MO,64108-2677,Private      ,0,0,0,50,96,146
00553100,GRAND RIVER TECHNICAL SCHOOL            ,MO,64601-1299,Public       ,0,1,1,73,63,136
00553200,CAPE GIRARDEAU CAREER & TECHNOLOGY CENTE,MO,63703-7511,Public       ,7,20,27,295,591,886
00638900,BARNES JEWISH COLLEGE OF NURSING AND ALL,MO,63110-1091,Private      ,9,31,40,596,1111,1707
00639200,RESEARCH COLLEGE OF NURSING             ,MO,64132-1199,Proprietary  ,0,8,8,155,339,494
00639201,RESEARCH MEDICAL CENTER - COLLEGE OF NUR,MO,64132-1199,Proprietary  ,0,6,6,57,149,206
00639202,RESEARCH MED CTR SCHL OF RAD TECH       ,MO,64132-0000,Proprietary  ,0,4,4,32,87,119
00666600,LUTHERAN SCHOOL OF NURSING              ,MO,63118-3909,Proprietary  ,2,17,19,61,218,279
00732923,ITT TECHNICAL INSTITUTE                 ,MO,63045-1122,Proprietary  ,48,448,496,634,3700,4334
00754000,MISSOURI BAPTIST UNIVERSITY             ,MO,63141-8698,Private      ,30,145,175,2012,2546,4558
00808000,STATE FAIR COMMUNITY COLLEGE            ,MO,65301-0000,Public       ,86,207,293,2572,3618,6190
00826900,HILLYARD TECHNICAL CENTER               ,MO,64506-0000,Public       ,4,5,9,183,245,428
00855200,STEVENS INSTITUTE OF BUSINESS & ARTS    ,MO,63103-0000,Proprietary  ,2,14,16,111,236,347
00886200,EAST CENTRAL COLLEGE                    ,MO,63084-0529,Public       ,31,88,119,1990,2248,4238
00908900,HANNIBAL-LAGRANGE COLLEGE               ,MO,63401-1999,Private      ,5,30,35,738,595,1333
00952000,NATIONAL ACADEMY OF BEAUTY ARTS         ,MO,63128-1307,Proprietary  ,2,10,12,85,215,300
00959000,INDEPENDENCE COLLEGE OF COSMETOLOGY     ,MO,64055-1105,Proprietary  ,3,12,15,44,112,156
00960700,HOUSE OF HEAVILIN BEAUTY COLLEGE        ,MO,64110-2826,Proprietary  ,2,13,15,37,135,172
00978200,SAINT LUKE'S COLLEGE OF HEALTH SCIENCES ,MO,64114-3237,Private      ,1,15,16,281,530,811
00979500,MISSOURI COLLEGE                        ,MO,63144-2901,Proprietary  ,24,52,76,229,686,915
01027900,HICKEY COLLEGE                          ,MO,63146-0000,Proprietary  ,30,30,60,601,446,1047
01040500,PINNACLE CAREER INSTITUTE               ,MO,64131-3367,Proprietary  ,14,163,177,177,1526,1703
01040501,PINNACLE CAREER INSTITUTE - NORTH KANSAS,MO,64153-1151,Proprietary  ,3,33,36,58,356,414
01050303,WICHITA TECHNICAL INSTITUTE - WTI JOPLIN,MO,64801-2970,Proprietary  ,5,36,41,45,272,317
01102600,WARRENSBURG AREA VOC TECH SCH           ,MO,64093-0000,Public       ,1,6,7,48,84,132
01173500,PIKE/LINCOLN TECHNICAL CENTER           ,MO,63344-0000,Public       ,0,4,4,13,46,59
01250000,RANKEN TECHNICAL COLLEGE                ,MO,63113-2811,Private      ,36,114,150,1754,2125,3879
01258000,ST LOUIS CHRISTIAN COLLEGE              ,MO,63033-6499,Private      ,4,6,10,111,184,295
01320800,BAPTIST BIBLE COLLEGE                   ,MO,65803-3498,Private      ,3,5,8,318,244,562
02056100,FOUR RIVERS CAREER CENTER               ,MO,63090-0000,Public       ,0,3,3,26,80,106
02068200,COX HEALTH - COX COLLEGE                ,MO,65802-0000,Private      ,9,35,44,382,1231,1613
02119200,COURT REPORTING INSTITUTE OF ST LOUIS   ,MO,63105-3329,Proprietary  ,2,18,20,26,348,374
02119204,COURT REPORTING INSTITUTE OF DALLAS - CO,MO,63105-3329,Proprietary  ,0,0,0,1,20,21
02121100,MIDWEST INSTITUTE                       ,MO,63122-0000,Proprietary  ,7,33,40,81,247,328
02124500,FRANKLIN TECHNOLOGY CENTER              ,MO,64801-0000,Public       ,4,19,23,101,394,495
02142200,LEX LA RAY TECHNICAL CENTER             ,MO,64067-0000,Public       ,2,0,2,21,76,97
02154900,MISSOURI SCH OF BARB & HAIR             ,MO,63031-0000,Proprietary  ,1,2,3,19,76,95
02164200,FOREST INSTITUTE OF PROFESSIONAL PSYCHOL,MO,65807-1445,Private      ,0,6,6,13,104,117
02165900,CHILLICOTHE BEAUTY ACADEMY              ,MO,64601-0000,Proprietary  ,2,0,2,13,17,30
02180200,METRO BUSINESS COLLEGE                  ,MO,63701-0000,Proprietary  ,9,51,60,109,591,700
02188100,NORTHLAND CAREER CENTER                 ,MO,64079-8333,Public       ,0,1,1,25,62,87
02202700,OZARK CHRISTIAN COLLEGE                 ,MO,64801-0000,Private      ,2,10,12,654,244,898
02203400,NEVADA REGIONAL TECHNICAL CENTER        ,MO,64772-0000,Public       ,2,5,7,48,86,134
02205200,SANFORD-BROWN COLLEGE                   ,MO,63026-7305,Proprietary  ,0,0,0,10,28,38
02214500,SALEM COLLEGE OF HAIRSTYLING            ,MO,65401-0000,Proprietary  ,2,3,5,23,50,73
02239200,ANTHEM COLLEGE                          ,MO,63043-0000,Proprietary  ,0,0,0,11,34,45
02250600,EVEREST COLLEGE                         ,MO,65807-2446,Private      ,5,50,55,87,593,680
02263400,LAKE CAREER AND TECHNICAL CENTER        ,MO,65020-0000,Public       ,1,0,1,8,53,61
02266400,CENTRAL CHRISTIAN CLG OF THE BIBLE      ,MO,65270-0000,Private      ,1,4,5,216,137,353
02277500,HOUSE OF HEAVILIN BEAUTY COLLEGE        ,MO,64014-3953,Proprietary  ,11,27,38,95,220,315
02289200,COLUMBIA AREA CAREER CENTER             ,MO,65203-0000,Public       ,4,20,24,180,493,673
02295700,MISSOURI BEAUTY ACADEMY                 ,MO,63640-1827,Proprietary  ,1,6,7,27,105,132
02300105,EVEREST COLLEGE - EARTH CITY            ,MO,63045-1100,Private      ,0,0,0,11,57,68
02304000,MISSOURI TECH                           ,MO,63303-3887,Proprietary  ,0,0,0,63,122,185
02309100,AMERICAN COLLEGE OF HAIR DESIGN         ,MO,65301-2144,Proprietary  ,2,7,9,30,63,93
02313000,CASS CAREER CENTER                      ,MO,64701-0000,Public       ,0,5,5,12,78,90
02340500,ST LOUIS COLLEGE OF HEALTH CAREERS      ,MO,63110-0000,Proprietary  ,17,106,123,303,1403,1706
02342100,CAREER & TECHNOLOGY CTR AT FT OSAGE     ,MO,64058-0000,Public       ,1,4,5,13,84,97
02361600,CONCORDE CAREER COLLEGE                 ,MO,64111-0000,Proprietary  ,52,174,226,388,1531,1919
02497500,CLINTON TECHNICAL SCHOOL                ,MO,64735-2966,Public       ,0,6,6,16,90,106
02520800,MERRELL UNIV OF BTY ARTS & SCIENCES     ,MO,65109-0000,Proprietary  ,2,13,15,73,168,241
02530600,SAINT CHARLES COMMUNITY COLLEGE         ,MO,63376-0975,Public       ,89,146,235,4568,3144,7712
02543800,PARIS II EDUCATIONAL CENTER (THE)       ,MO,64118-0000,Proprietary  ,2,4,6,41,100,141
02564700,ELAINE STEVEN BEAUTY COLLEGE            ,MO,63136-0000,Proprietary  ,6,39,45,86,293,379
02564702,ELAINE STEVEN BEAUTY COLLEGE - ADVANCE B,MO,63401-2269,Proprietary  ,2,1,3,11,24,35
02568500,GRABBER SCHOOL OF HAIR DESIGN           ,MO,63011-0000,Proprietary  ,7,18,25,113,162,275
02599700,VATTEROTT COLLEGE                       ,MO,63134-2900,Proprietary  ,38,227,265,428,2018,2446
02599701,VATTEROTT COLLEGE - KANSAS CITY         ,MO,64117-0000,Proprietary  ,16,123,139,212,1032,1244
02599702,VATTEROTT COLLEGE - SPRINGFIELD LOCATION,MO,65807-5340,Proprietary  ,18,96,114,178,915,1093
02599703,VATTEROTT COLLEGE - JOPLIN              ,MO,64801-5033,Proprietary  ,10,69,79,93,657,750
02599705,VATTEROTT COLLEGE - SUNSET HILLS        ,MO,63127-1516,Proprietary  ,8,100,108,132,786,918
02599712,VATTEROTT COLLEGE - O'FALLON            ,MO,63366-2748,Proprietary  ,17,87,104,134,610,744
02599714,VATTEROTT COLLEGE - EX'TREME INSTITUTE B,MO,63102-2115,Proprietary  ,16,42,58,279,680,959
02603101,CRAVE BEAUTY ACADEMY-BALLWIN            ,MO,63011-3125,Proprietary  ,3,11,14,8,36,44
02608000,NEOSHO BEAUTY COLLEGE                   ,MO,64850-1525,Proprietary  ,0,2,2,18,46,64
02609202,VATTEROTT COLLEGE-ST JOSEPH             ,MO,64501-2911,Proprietary  ,4,21,25,62,306,368
02609203,VATTEROTT COLLEGE - L'ECOLE CULINAIRE   ,MO,63124-1103,Proprietary  ,8,65,73,119,474,593
02609206,VATTEROTT COLLEGE - L'ECOLE CULINAIRE   ,MO,64112-2110,Proprietary  ,14,70,84,102,451,553
02611004,HERITAGE COLLEGE-KANSAS CITY            ,MO,64131-4203,Proprietary  ,14,93,107,167,760,927
03066300,BRYAN CAREER COLLEGE                    ,MO,65806-2507,Proprietary  ,10,108,118,77,769,846
03066303,BRYAN COLLEGE - COLUMBIA                ,MO,65201-8248,Proprietary  ,4,24,28,80,323,403
03068600,SPECIAL SCHOOL DISTRICT OF ST. LOUIS CO.,MO,63127-1324,Public       ,4,46,50,65,444,509
03070200,CENTRAL COLLEGE OF COSMETOLOGY          ,MO,65583-0000,Proprietary  ,4,9,13,43,104,147
03070900,SE MO HOSP CLG NURSING & HEALTH SCI     ,MO,63703-4507,Private      ,3,12,15,175,434,609
03077200,COSMETOLOGY CONCEPTS INSTITUTE          ,MO,65202-1972,Proprietary  ,8,9,17,75,151,226
03083000,OZARKS TECHNICAL COMMUNITY COLLEGE      ,MO,65802-3601,Public       ,183,452,635,8066,11666,19732
03092600,MESSENGER COLLEGE                       ,MO,64804-0000,Private      ,1,5,6,113,105,218
03097600,ST LOUIS HAIR ACADEMY                   ,MO,63107-1737,Proprietary  ,3,9,12,49,142,191
03101000,NEW DIMENSION SCHOOL OF HAIR DESIGN     ,MO,64801-5017,Proprietary  ,1,7,8,20,87,107
03106000,MISSOURI STATE UNIVERSITY - WEST PLAINS ,MO,65775-2715,Public       ,31,87,118,1380,1313,2693
03110900,HOUSE OF HEAVILIN BEAUTY COLLEGE        ,MO,64083-9195,Proprietary  ,2,5,7,29,51,80
03519300,MISSOURI COLLEGE OF COSMETOLOGY NORTH   ,MO,65803-0000,Proprietary  ,5,13,18,64,178,242
03579300,TEXAS COUNTY TECHNICAL INSTITUTE        ,MO,65483-2700,Private      ,2,14,16,40,246,286
03616300,AVIATION INSTITUTE OF MAINTENANCE       ,MO,64129-1811,Proprietary  ,11,38,49,71,303,374
03878300,PROFESSIONAL MASSAGE TRAINING CENTER    ,MO,65803-2939,Proprietary  ,0,0,0,13,53,66
03916300,ECLIPS SCHOOL OF COSMETOLOGY AND BARBERI,MO,63703-5809,Proprietary  ,4,13,17,32,154,186
03924300,HAIR ACADEMY 110 (THE)                  ,MO,63501-2915,Proprietary  ,2,1,3,16,24,40
03970400,WELLSPRING SCHOOL OF ALLIED HEALTH      ,MO,64114-3313,Proprietary  ,6,56,62,61,319,380
04037500,ACADEMY OF HAIR DESIGN                  ,MO,65804-2303,Proprietary  ,11,49,60,125,373,498
04051329,ART INSTITUTE OF PHOENIX (THE) - BROWN M,MO,63026-2564,Proprietary  ,2,5,7,102,197,299
04118700,AMERICAN BUSINESS & TECHNOLOGY UNIVERSIT,MO,64506-2961,Proprietary  ,7,108,115,43,521,564
04119100,CITY VISION COLLEGE                     ,MO,64141-3188,Private      ,0,16,16,20,185,205
04122300,GRANTHAM UNIVERSITY                     ,MO,64153-2262,Proprietary  ,40,974,1014,637,13090,13727
04130600,"CENTER FOR HEALING ARTS (THE), LLC      ",MO,63143-2103,Proprietary  ,2,30,32,18,182,200
04133300,TREND SETTERS SCHOOL OF COSMETOLOGY     ,MO,63702-7607,Proprietary  ,0,3,3,29,102,131
04145200,TRANSFORMED BARBER AND COSMETOLOGY ACADE,MO,64137-1207,Proprietary  ,3,18,21,43,200,243
04145700,THE SYSTEM A PAUL MITCHELL PARTNER SCHL ,MO,65807-5969,Proprietary  ,10,16,26,107,216,323
04146100,URSHAN GRADUATE SCHOOL OF THEOLOGY      ,MO,63031-7526,Private      ,1,1,2,29,50,79
04152200,CARTHAGE R-9 SCHOOL DISTRICT/CARTHAGE TE,MO,64836-1332,Public       ,0,0,0,9,66,75
04170600,SALON PROFESSIONAL ACADEMY (THE)        ,MO,63301-1021,Proprietary  ,6,13,19,56,127,183
04170700,PAUL MITCHELL THE SCHOOL ST LOUIS       ,MO,63108-1554,Proprietary  ,13,24,37,239,314,553
04173900,COSMETOLOGY COLLEGE OF FRANKLIN COUNTY  ,MO,63077-3448,Proprietary  ,0,7,7,13,48,61
04174000,SKIN INSTITUTE                          ,MO,63128-1307,Proprietary  ,4,14,18,42,119,161
04174800,AMERICAN TRADE SCHOOL                   ,MO,63074-1807,Proprietary  ,5,14,19,44,167,211
04179000,"SALON PROFESSIONAL ACADEMY, THE         ",MO,65616-7216,Proprietary  ,0,0,0,1,4,5
04184400,SEYMOUR BEAUTY ACADEMY                  ,MO,65746-8743,Proprietary  ,1,4,5,8,41,49
04187000,DONNA'S ACADEMY OF HAIR DESIGN          ,MO,64089-9042,Proprietary  ,2,2,4,33,31,64
04212100,ACADEMY OF SALON PROFESSIONALS          ,MO,65301-6910,Proprietary  ,2,13,15,25,98,123
04218400,CITY POINTE BEAUTY ACADEMY              ,MO,64870-2502,Proprietary  ,5,15,20,46,125,171
04236300,BEYOND THE BASICS SCHOOL OF COSMETOLOGY ,MO,65706-0003,Proprietary  ,0,3,3,0,17,17
04243000,ESSENTIALS ACADEMY OF COSMETOLOGY       ,MO,64850-9104,Proprietary  ,2,4,6,5,11,16
04247100,ACADEMY OF COSMETOLOGY AND ESTHETICS    ,MO,64772-2805,Proprietary  ,2,4,6,9,20,29
04247400,EA LA MAR'S COSMETOLOGY & BARBER COLLEGE,MO,64127-1912,Proprietary  ,2,4,6,8,30,38
04249500,LEBANON COLLEGE OF COSMETOLOGY          ,MO,65536-3800,Proprietary  ,1,7,8,5,13,18
00314600,WESTERN OKLAHOMA STATE COLLEGE          ,OK,73521-1397,Public       ,31,83,114,606,1027,1633
00314700,BACONE COLLEGE                          ,OK,74403-1597,Private      ,20,36,56,861,755,1616
00314900,SOUTHERN NAZARENE UNIVERSITY            ,OK,73008-2694,Private      ,28,137,165,1299,2198,3497
00315000,CAMERON UNIVERSITY                      ,OK,73505-6377,Public       ,60,161,221,2195,3913,6108
00315100,OKLAHOMA WESLEYAN UNIVERSITY            ,OK,74006-6299,Private      ,11,89,100,1188,1316,2504
00315200,UNIV OF CENTRAL OKLAHOMA                ,OK,73034-5209,Public       ,215,315,530,10697,8256,18953
00315300,CONNORS STATE COLLEGE                   ,OK,74469-2204,Public       ,32,77,109,1406,1708,3114
00315400,EAST CENTRAL UNIVERSITY                 ,OK,74820-6999,Public       ,75,117,192,3071,2592,5663
00315500,EASTERN OKLAHOMA STATE COLLEGE          ,OK,74578-4999,Public       ,14,63,77,855,1170,2025
00315600,REDLANDS COMMUNITY COLLEGE              ,OK,73036-5304,Public       ,27,79,106,796,1107,1903
00315700,LANGSTON UNIVERSITY                     ,OK,73050-0000,Public       ,69,90,159,3597,2089,5686
00315800,MURRAY STATE COLLEGE                    ,OK,73460-3137,Public       ,25,95,120,1399,1654,3053
00316000,NORTHEASTERN OKLAHOMA A & M COLLEGE     ,OK,74354-6497,Public       ,51,59,110,1870,1253,3123
00316100,NORTHEASTERN STATE UNIVERSITY           ,OK,74464-2399,Public       ,78,194,272,5331,6194,11525
00316200,NORTHERN OKLAHOMA COLLEGE               ,OK,74653-0310,Public       ,57,106,163,2094,1985,4079
00316300,NORTHWESTERN OKLAHOMA STATE UNIV        ,OK,73717-2799,Public       ,32,39,71,1483,1049,2532
00316400,OKLAHOMA BAPTIST UNIVERSITY             ,OK,74801-2590,Private      ,48,29,77,2929,562,3491
00316500,OKLAHOMA CHRISTIAN UNIVERSITY           ,OK,73131-0000,Private      ,24,48,72,2654,1084,3738
00316600,OKLAHOMA CITY UNIVERSITY                ,OK,73106-1493,Private      ,54,93,147,2814,2964,5778
00316700,UNIV OF SCIENCE & ARTS OF OKLAHOMA      ,OK,73018-5322,Public       ,17,29,46,869,458,1327
00316800,ROGERS STATE UNIVERSITY                 ,OK,74017-3252,Public       ,50,110,160,2827,2882,5709
00317000,OKLAHOMA STATE UNIVERSITY               ,OK,74078-1026,Public       ,319,305,624,20377,8546,28923
00317200,OKLAHOMA STATE UNIVERSITY-OKMULGEE      ,OK,74447-3901,Public       ,62,118,180,1952,2002,3954
00317400,OKLAHOMA PANHANDLE STATE UNIVERSITY     ,OK,73939-0000,Public       ,26,24,50,883,431,1314
00317600,CARL ALBERT STATE COLLEGE               ,OK,74953-5208,Public       ,39,78,117,1322,1859,3181
00317800,SEMINOLE STATE COLLEGE                  ,OK,74818-0351,Public       ,58,71,129,1060,1228,2288
00317900,SOUTHEASTERN OKLAHOMA STATE UNIV        ,OK,74701-0609,Public       ,70,121,191,2483,2567,5050
00318000,SOUTHWESTERN CHRISTIAN UNIVERSITY       ,OK,73008-2335,Private      ,17,46,63,486,603,1089
00318100,SOUTHWESTERN OKLAHOMA STATE UNIV        ,OK,73096-3098,Public       ,88,105,193,3544,2351,5895
00318101,SOUTHWESTERN OK STATE UNIV AT SAYRE     ,OK,73662-0000,Public       ,8,12,20,168,212,380
00318300,ST GREGORY'S UNIVERSITY                 ,OK,74804-2499,Private      ,13,36,49,523,476,999
00318308,SAINT GREGORY'S UNIVERSITY - IPD TULSA  ,OK,74135-2499,Private      ,0,9,9,44,153,197
00318400,UNIVERSITY OF OKLAHOMA                  ,OK,73019-4078,Public       ,339,461,800,19633,10623,30256
00318401,UNIVERSITY OF OKLAHOMA-HLTH SCI CTR     ,OK,73190-0000,Public       ,8,89,97,782,3298,4080
00318500,UNIVERSITY OF TULSA                     ,OK,74104-3189,Private      ,54,67,121,3922,2030,5952
00398500,ORAL ROBERTS UNIVERSITY                 ,OK,74171-0001,Private      ,38,79,117,3207,2153,5360
00531100,TULSA COUNTY AREA VOC TECH SCHOOL       ,OK,74145-0000,Public       ,19,109,128,746,1832,2578
00531200,RED RIVER TECHNOLOGY CENTER             ,OK,73533-2700,Public       ,5,13,18,45,195,240
00533900,METRO TECHNOLOGY CENTERS SCH DIST22     ,OK,73111-0000,Public       ,19,75,94,238,1141,1379
00533903,METRO TECHNOLOGY CENTERS SCH DIST22     ,OK,73129-0000,Public       ,8,41,49,163,774,937
00694200,MID-AMERICA CHRISTIAN UNIVERSITY        ,OK,73170-4504,Private      ,13,269,282,628,3353,3981
00767800,SPARTAN COLLEGE OF AERONAUTICS AND TECHN,OK,74115-5800,Proprietary  ,35,89,124,949,929,1878
00791100,VIRGILS BEAUTY COLLEGE                  ,OK,74401-6802,Proprietary  ,2,9,11,14,75,89
00834300,AUTRY TECHNOLOGY CENTER                 ,OK,73703-2598,Public       ,2,17,19,89,259,348
00861900,TRI COUNTY TECHNOLOGY CENTER            ,OK,74006-6029,Public       ,0,0,0,19,65,84
00918500,ROSE STATE COLLEGE                      ,OK,73110-2799,Public       ,115,375,490,3139,5543,8682
00920400,KIAMICHI TECHNOLOGY CENTER              ,OK,74578-0548,Public       ,10,68,78,275,884,1159
00961800,TULSA WELDING SCHOOL                    ,OK,74104-0000,Proprietary  ,327,548,875,2472,3412,5884
00964700,"OKLAHOMA STATE UNIV, OKLA CITY          ",OK,73107-6159,Public       ,124,432,556,3126,6650,9776
00970800,EVES COLLEGE OF HAIRSTYLING             ,OK,73501-0000,Proprietary  ,5,20,25,21,173,194
00976300,TULSA COMMUNITY COLLEGE                 ,OK,74135-6198,Public       ,216,711,927,8781,12724,21505
00996300,CADDO KIOWA VOC TECH CENTER             ,OK,73038-0000,Public       ,2,31,33,80,286,366
00996400,CENTRAL OKLAHOMA AREA VOC TECH SCH      ,OK,74030-9613,Public       ,6,43,49,105,310,415
00996500,CANADIAN VALLEY TECHNOLOGY CENTER       ,OK,73036-9117,Public       ,10,30,40,97,376,473
00996800,GORDON COOPER TECHNOLOGY CENTER         ,OK,74804-9913,Public       ,10,36,46,136,455,591
01005300,INDIAN CAPITAL TECHNOLGY CENTER #4      ,OK,74403-9907,Public       ,19,57,76,249,706,955
01026600,HILLSDALE FREE WILL BAPTIST COLLEGE     ,OK,73153-0000,Private      ,8,13,21,266,156,422
01034200,SOUTHERN OKLAHOMA TECHNOLOGY CENTER     ,OK,73401-2100,Public       ,1,14,15,85,312,397
01039100,OKLAHOMA CITY COMMUNITY COLLEGE         ,OK,73159-4444,Public       ,226,669,895,5950,10079,16029
01050304,WTI TULSA CAMPUS                        ,OK,74112-3140,Proprietary  ,5,63,68,45,354,399
01071700,GREAT PLAINS TECHNOLOGY CENTER SCHOOL DI,OK,73505-8399,Public       ,11,24,35,203,606,809
01076200,WESTERN OK AREA VOC TECH SCH DIST12     ,OK,73624-1469,Public       ,2,3,5,48,142,190
01120600,PIONEER TECHNOLOGY CENTER               ,OK,74601-1106,Public       ,2,22,24,34,206,240
01128200,OKLAHOMA STATE UNV CLG OSTEOPTHC MD     ,OK,74107-0000,Public       ,3,21,24,152,776,928
01153700,MID-AMERICA TECHNOLOGY CENTER           ,OK,73095-0210,Public       ,2,8,10,48,126,174
01227200,MOORE-NORMAN TECHNOLOGY CENTER          ,OK,73069-8399,Public       ,8,59,67,270,970,1240
02052700,NORTHEAST TECHNOLOGY CENTER             ,OK,74361-0487,Public       ,6,28,34,160,522,682
02060800,MERIDIAN TECHNOLOGY CENTER              ,OK,74074-0000,Public       ,1,21,22,141,314,455
02126500,ENID BEAUTY COLLEGE                     ,OK,73701-0000,Proprietary  ,3,4,7,25,54,79
02184400,SAND SPRINGS BEAUTY COLLEGE             ,OK,74063-0000,Proprietary  ,4,9,13,29,102,131
02197300,HOLLYWOOD COSMETOLOGY CENTER            ,OK,73189-0000,Proprietary  ,3,16,19,26,104,130
02222700,FRANCIS TUTTLE TECHNOLOGY CENTER        ,OK,73142-0000,Public       ,27,108,135,383,1649,2032
02238500,CENTRAL STATE BEAUTY ACADEMY            ,OK,73162-6007,Proprietary  ,15,69,84,106,423,529
02250900,E OK COUNTY AREA VO-TECH                ,OK,73020-0000,Public       ,2,4,6,55,99,154
02256200,"BROKEN ARROW BEAUTY COLLEGE, INC        ",OK,74012-0000,Proprietary  ,6,29,35,75,236,311
02282100,HIGH PLAINS AREA VOC-TECH               ,OK,73801-0000,Public       ,6,6,12,32,118,150
02306800,PLATT COLLEGE                           ,OK,74145-0000,Proprietary  ,34,234,268,274,1635,1909
02306811,PLATT COLLEGE - LAWTON                  ,OK,73501-3808,Proprietary  ,7,55,62,88,541,629
02510300,BEAUTY TECHNICAL COLLEGE                ,OK,74465-0000,Proprietary  ,3,8,11,15,65,80
02531200,WOODWARD BEAUTY COLLEGE                 ,OK,73801-0000,Proprietary  ,1,6,7,9,55,64
02556500,YUKON BEAUTY COLLEGE                    ,OK,73099-4108,Proprietary  ,1,4,5,7,49,56
02560200,PHILLIPS THEOLOGICAL SEMINARY -         ,OK,74116-5612,Private      ,0,9,9,2,126,128
02581100,CLAREMORE BEAUTY COLLEGE                ,OK,74017-7034,Proprietary  ,1,8,9,17,48,65
02581200,CC'S COSMETOLOGY COLLEGE                ,OK,74129-0000,Proprietary  ,1,15,16,49,197,246
02591101,CAREER POINT INSTITUTE                  ,OK,74146-0000,Proprietary  ,0,28,28,76,384,460
02596501,ATI-CAREER TRAINING CENTER - OKLAHOMA CI,OK,73107-2442,Proprietary  ,0,5,5,13,113,126
02596502,ATI- CAREER TRAINING CENTER - OKLAHOMA C,OK,76101-2740,Proprietary  ,0,10,10,26,149,175
02597400,PONTOTOC TECHNOLOGY CENTER SCHOOL       ,OK,74820-8621,Public       ,1,8,9,81,180,261
02599706,VATTEROTT COLLEGE - TULSA               ,OK,74146-2205,Proprietary  ,2,39,41,61,483,544
02600000,NORTHWEST TECHNOLOG CTR SCH DIST 10     ,OK,73717-9600,Public       ,1,4,5,19,56,75
02600500,WES WATKINS TECHNOLOGY CENTER           ,OK,74883-9660,Public       ,0,1,1,24,111,135
02609205,VATTEROTT COLLEGE - OKLAHOMA CITY       ,OK,73127-2103,Proprietary  ,8,98,106,77,862,939
03008700,SOUTHWEST TECHNOLOGY CENTER             ,OK,73521-1527,Public       ,3,15,18,54,188,242
03024700,STILLWATER BEAUTY ACADEMY               ,OK,74075-3467,Proprietary  ,0,0,0,16,50,66
03030700,OKLAHOMA SCHOOL OF PHOTOGRAPHY          ,OK,73160-3320,Proprietary  ,0,5,5,32,102,134
03030800,AMERICAN BROADCASTING SCHOOL            ,OK,73115-3334,Proprietary  ,3,21,24,40,267,307
03051100,CHISHOLM TRAIL TECHNOLOGY CENTER        ,OK,73764-6335,Public       ,1,9,10,13,73,86
03078500,TECH INST OF COSMETOLOGY ARTS & SCI     ,OK,74120-3610,Proprietary  ,1,6,7,35,97,132
03103800,SOUTHERN SCHOOL OF BEAUTY               ,OK,74701-5008,Proprietary  ,5,8,13,23,51,74
03109800,PONCA CITY BEAUTY COLLEGE               ,OK,74601-4201,Proprietary  ,0,12,12,12,68,80
03109801,BARTLESVILLE BEAUTY COLLEGE             ,OK,74003-2835,Proprietary  ,0,3,3,10,39,49
03115100,HERITAGE COLLEGE                        ,OK,73119-0000,Proprietary  ,22,115,137,231,1120,1351
03124901,IMAGINE -  PAUL MITCHELL PARTNER SCHOOL ,OK,73072-4831,Proprietary  ,16,39,55,111,249,360
03126200,GREEN COUNTRY AREA VOC TECH SCHOOL      ,OK,74447-1217,Public       ,5,15,20,69,181,250
03198400,MID-DEL AREA VOCATIONAL & TECH SCH      ,OK,73110-4825,Public       ,1,13,14,57,200,257
03329400,PRYOR BEAUTY COLLEGE                    ,OK,74361-0000,Proprietary  ,0,8,8,9,35,44
03329401,PRYOR BEAUTY COLLEGE - GROVE BEAUTY COLL,OK,74345-0009,Proprietary  ,1,6,7,1,25,26
03329402,PRYOR BEAUTY COLLEGE - NORTH EAST OKLAHO,OK,74338-0000,Proprietary  ,0,0,0,0,1,1
03367400,COMMUNITY CARE COLLEGE                  ,OK,74145-6420,Proprietary  ,64,345,409,598,2333,2931
03453400,SHAWNEE BEAUTY COLLEGE                  ,OK,74801-7014,Proprietary  ,2,3,5,8,45,53
03676300,FAMILY OF FAITH COLLEGE                 ,OK,74802-1805,Private      ,1,2,3,8,30,38
03831300,INSTITUTE OF HAIR DESIGN                ,OK,74804-0000,Proprietary  ,3,6,9,10,35,45
03928300,CENTRAL STATE MASSAGE ACADEMY           ,OK,73162-6007,Proprietary  ,1,6,7,16,98,114
04051324,ART INSTITUTE OF PHOENIX (THE) - BROWN M,OK,74146-5234,Proprietary  ,0,17,17,60,298,358
04060300,AMERICAN INSTITUTE OF MEDICAL TECHNOLOGY,OK,74146-5201,Proprietary  ,2,28,30,111,323,434
04133600,CUTTER'S EDGE SCHOOL OF COSMETOLOGY     ,OK,74023-2905,Proprietary  ,0,0,0,4,18,22
04144400,ACADEMY OF HAIR DESIGN (THE)            ,OK,73120-6808,Proprietary  ,10,25,35,59,223,282
04184300,PAUL MITCHELL THE SCHOOL ARDMORE        ,OK,73401-3912,Proprietary  ,0,8,8,17,71,88
04213600,RIVER VALLEY COSMETOLOGY INSTITUTE      ,OK,74953-5260,Proprietary  ,0,6,6,15,77,92
04224700,JB'S HAIR DESIGN AND BARBER COLLEGE     ,OK,73139-1602,Proprietary  ,6,29,35,38,197,235
04224900,COLLEGE OF THE MUSCOGEE NATION          ,OK,74447-0917,Public       ,9,19,28,141,214,355
04225100,COMANCHE NATION COLLEGE                 ,OK,73501-7434,Public       ,0,6,6,23,117,140
04240500,PAUL MITCHELL THE SCHOOL TULSA          ,OK,74134-1410,Proprietary  ,11,22,33,116,249,365
00163700,BETHANY THEOLOGICAL SEMINARY            ,IN,47374-0000,Private      ,1,1,2,3,48,51
00178400,ANCILLA COLLEGE-FINANCIAL AID OFFC      ,IN,46513-0001,Private      ,10,20,30,562,415,977
00178500,ANDERSON UNIVERSITY                     ,IN,46012-3495,Private      ,28,58,86,2603,1187,3790
00178600,BALL STATE UNIVERSITY                   ,IN,47306-0880,Public       ,205,385,590,24260,9483,33743
00178700,BETHEL COLLEGE INC                      ,IN,46545-5591,Private      ,22,53,75,1814,1431,3245
00178800,BUTLER UNIVERSITY                       ,IN,46208-3487,Private      ,73,81,154,8294,2368,10662
00178900,CHRISTIAN THEOLOGICAL SEMINARY          ,IN,46208-0000,Private      ,0,10,10,15,280,295
00179200,DEPAUW UNIVERSITY                       ,IN,46135-0037,Private      ,25,13,38,3358,190,3548
00179300,EARLHAM COLLEGE                         ,IN,47374-4095,Private      ,9,5,14,1630,175,1805
00179301,EARLHAM SCHOOL OF RELIGION              ,IN,47374-0000,Private      ,0,1,1,14,58,72
00179500,UNIVERSITY OF EVANSVILLE                ,IN,47722-0002,Private      ,26,22,48,3420,868,4288
00179800,FRANKLIN COLLEGE OF INDIANA             ,IN,46131-2623,Private      ,13,13,26,1989,372,2361
00179900,GOSHEN COLLEGE                          ,IN,46526-4794,Private      ,6,16,22,910,572,1482
00180000,GRACE COLLEGE & THEO SEMINARY           ,IN,46590-1224,Private      ,12,37,49,2278,825,3103
00180100,HANOVER COLLEGE                         ,IN,47243-0108,Private      ,17,2,19,2237,135,2372
00180300,HUNTINGTON UNIVERSITY                   ,IN,46750-1299,Private      ,7,27,34,1304,624,1928
00180400,UNIVERSITY OF INDIANAPOLIS              ,IN,46227-3697,Private      ,57,150,207,6951,5121,12072
00180500,INDIANA INSTITUTE OF TECHNOLOGY         ,IN,46803-1297,Private      ,84,797,881,3034,9981,13015
00180700,INDIANA STATE UNIVERSITY                ,IN,47809-2501,Public       ,141,225,366,15258,8160,23418
00180800,UNIVERSITY OF SOUTHERN INDIANA          ,IN,47712-3596,Public       ,52,92,144,8645,3780,12425
00180900,INDIANA UNIVERSITY-BLOOMINGTON          ,IN,47405-7000,Public       ,306,241,547,35685,11674,47359
00181100,INDIANA UNIV-EAST                       ,IN,47374-1289,Public       ,15,90,105,2108,3099,5207
00181300,INDIANA UNIV-PURDUE UNIV INDPLS         ,IN,46202-2896,Public       ,241,555,796,24959,23361,48320
00181301,INDIANA UNIVERSITY - PURDUE UNIVERSITY I,IN,47203-1769,Public       ,32,60,92,2166,2013,4179
00181400,INDIANA UNIV KOKOMO                     ,IN,46902-3557,Public       ,34,86,120,2879,2678,5557
00181500,INDIANA UNIV-NORTHWEST                  ,IN,46408-1197,Public       ,54,150,204,4326,5185,9511
00181600,INDIANA UNIVERSITY - SOUTH BEND         ,IN,46615-0000,Public       ,59,142,201,5311,5206,10517
00181700,INDIANA UNIVERSITY-SOUTHEAST            ,IN,47150-6405,Public       ,70,152,222,4476,4079,8555
00182000,MANCHESTER UNIVERSITY                   ,IN,46962-1276,Private      ,20,11,31,2687,581,3268
00182100,MARIAN UNIVERSITY                       ,IN,46222-1997,Private      ,23,142,165,2580,3566,6146
00182200,INDIANA WESLEYAN UNIVERSITY             ,IN,46953-4974,Private      ,45,1274,1319,4479,18026,22505
00182300,ASSOCIATED MENNONITE BIBLICAL SEM       ,IN,46517-1999,Private      ,0,4,4,4,80,84
00182400,OAKLAND CITY UNIVERSITY                 ,IN,47660-1099,Private      ,3,41,44,491,688,1179
00182500,PURDUE UNIVERSITY                       ,IN,47907-2050,Public       ,392,254,646,36286,8166,44452
00182600,PURDUE UNIV NORTH CENTRAL CAMPUS        ,IN,46391-9542,Public       ,31,59,90,3465,2293,5758
00182700,PURDUE UNIV CALUMET                     ,IN,46323-2094,Public       ,84,248,332,6078,6635,12713
00182800,INDIANA UNIV-PURDUE UNIV FORT WAYNE     ,IN,46805-1499,Public       ,101,204,305,9942,7020,16962
00183000,ROSE HULMAN INSTITUTE OF TECHNOLOGY     ,IN,47803-3999,Private      ,12,5,17,3401,226,3627
00183200,UNIVERSITY OF SAINT FRANCIS             ,IN,46808-3994,Private      ,20,79,99,2362,2226,4588
00183300,ST JOSEPH'S COLLEGE                     ,IN,47978-0000,Private      ,16,6,22,1510,225,1735
00183400,CALUMET COLLEGE OF SAINT JOSEPH         ,IN,46394-2195,Private      ,8,38,46,591,811,1402
00183500,SAINT MARY-OF-THE-WOODS COLLEGE         ,IN,47876-0067,Private      ,6,46,52,446,1089,1535
00183600,ST MARY'S COLLEGE                       ,IN,46556-5007,Private      ,6,7,13,1945,205,2150
00183800,TAYLOR UNIVERSITY                       ,IN,46989-1001,Private      ,16,14,30,2533,272,2805
00183900,TRINE UNIVERSITY                        ,IN,46703-1764,Private      ,21,37,58,3051,1236,4287
00184000,UNIVERSITY OF NOTRE DAME                ,IN,46556-5602,Private      ,113,67,180,14171,3226,17397
00184200,VALPARAISO UNIVERSITY                   ,IN,46383-6493,Private      ,69,59,128,5882,2038,7920
00184300,VINCENNES UNIVERSITY                    ,IN,47591-1523,Public       ,89,244,333,7648,5033,12681
00184400,WABASH COLLEGE                          ,IN,47933-0352,Private      ,15,4,19,1323,86,1409
00457900,INTERNATIONAL BUSINESS COLLEGE          ,IN,46804-0000,Proprietary  ,14,19,33,648,410,1058
00457901,INTERNATIONAL BUSINESS COLLEGE          ,IN,46256-0000,Proprietary  ,20,33,53,660,534,1194
00625700,SAINT ELIZABETH SCHOOL OF NURSING       ,IN,47904-2198,Private      ,0,6,6,163,370,533
00638510,CHAMBERLAIN COLLEGE OF NURSING - INDIANA,IN,46240-2158,Proprietary  ,1,75,76,210,1939,2149
00726300,HOLY CROSS COLLEGE                      ,IN,46556-0308,Private      ,9,4,13,747,135,882
00727600,SAINT MEINRAD SCHOOL OF THEOLOGY        ,IN,47577-1002,Private      ,0,2,2,1,99,100
00732900,ITT TECHNICAL INSTITUTE                 ,IN,46268-1119,Proprietary  ,378,2535,2913,3637,20126,23763
00732933,ITT TECHNICAL INSTITUTE                 ,IN,46635-1512,Proprietary  ,9,31,40,304,842,1146
00732962,ITT TECHNICAL INSTITUTE                 ,IN,47630-7430,Proprietary  ,67,422,489,666,3853,4519
00732968,ITT TECHNICAL INSTITUTE                 ,IN,46410-0000,Proprietary  ,16,58,74,240,869,1109
00732993,ITT TECHNICAL INSTITUTE                 ,IN,46825-2393,Proprietary  ,62,357,419,900,3078,3978
00736200,MEDTECH COLLEGE                         ,IN,46250-3970,Proprietary  ,8,74,82,285,1596,1881
00736202,MEDTECH COLLEGE - GREENWOOD             ,IN,46143-6478,Proprietary  ,3,28,31,104,603,707
00736204,MEDTECH COLLEGE - FORT WAYNE            ,IN,46804-2209,Proprietary  ,9,47,56,200,1003,1203
00793800,LINCOLN COLLEGE OF TECHNOLOGY           ,IN,46202-0000,Proprietary  ,97,107,204,1814,1231,3045
00951500,J MICHAEL HARROLD BEAUTY ACADEMY        ,IN,47807-3390,Proprietary  ,5,11,16,53,149,202
00961200,"APEX SCHOOL OF BEAUTY CULTURE, INC      ",IN,46016-0000,Proprietary  ,1,3,4,24,66,90
00961300,MERRILLVILLE BEAUTY COLLEGE             ,IN,46410-3401,Proprietary  ,3,12,15,43,190,233
00967300,RUDAE'S SCHOOL OF BEAUTY CULTURE        ,IN,46825-5444,Proprietary  ,11,25,36,159,263,422
00991700,IVY TECH COMMUNITY COLLEGE OF INDIANA   ,IN,46208-1763,Public       ,1051,3757,4808,43069,84327,127396
01015100,VINCENNES BEAUTY COLLEGE                ,IN,47591-1297,Proprietary  ,0,4,4,92,95,187
01040900,TRICOCI U OF BEAUTY CULTURE-LAFAYETTE   ,IN,47901-1149,Proprietary  ,8,20,28,87,230,317
01048900,NATIONAL COLLEGE                        ,IN,46250-1930,Proprietary  ,2,34,36,59,450,509
01048910,NATIONAL COLLEGE - SOUTH BEND           ,IN,46617-3123,Proprietary  ,2,12,14,63,363,426
01048911,NATIONAL COLLEGE - FORT WAYNE           ,IN,46826-4905,Proprietary  ,3,14,17,48,231,279
01061800,MID-AMERICA CLG FUNERAL SERVICE         ,IN,47130-9990,Private      ,3,7,10,63,130,193
01072733,DEVRY UNIVERSITY - MERRILLVILLE         ,IN,46410-5673,Proprietary  ,2,14,16,2,14,16
01150500,CREATIVE HAIR STYLING ACADEMY           ,IN,46322-1554,Proprietary  ,10,15,25,143,227,370
02084800,RAVENSCROFT BEAUTY COLLEGE              ,IN,46815-0000,Proprietary  ,9,32,41,130,296,426
02087600,CONCORDIA THEOLOGICAL SEMINARY          ,IN,46825-0000,Private      ,1,6,7,12,229,241
02100402,EVEREST INSTITUTE - EVEREST COLLEGE     ,IN,46410-7064,Proprietary  ,0,0,0,71,280,351
02140800,MARTIN UNIVERSITY                       ,IN,46218-0000,Private      ,4,57,61,158,1195,1353
02158400,HARRISON COLLEGE                        ,IN,46204-2611,Proprietary  ,24,173,197,664,3286,3950
02158401,HARRISON COLLEGE - COLUMBUS             ,IN,47203-1843,Proprietary  ,4,45,49,162,687,849
02158402,HARRISON COLLEGE - LAFAYETTE            ,IN,47905-4859,Proprietary  ,10,43,53,193,706,899
02158403,INDIANA BUSINESS COLLEGE                ,IN,47303-0000,Proprietary  ,1,12,13,87,223,310
02158405,HARRISON COLLEGE - TERRE HAUTE          ,IN,47802-0000,Proprietary  ,2,28,30,123,724,847
02158407,HARRISON COLLEGE - ANDERSON             ,IN,46013-0000,Proprietary  ,5,35,40,164,682,846
02158409,HARRISON COLLEGE - EVANSVILLE           ,IN,47715-3901,Proprietary  ,6,39,45,188,642,830
02158410,HARRISON COLLEGE - EAST                 ,IN,46239-8903,Proprietary  ,12,92,104,259,1332,1591
02158412,HARRISON COLLEGE - FORT WAYNE           ,IN,46825-0000,Proprietary  ,4,40,44,155,710,865
02158413,HARRISON COLLEGE - NORTHWEST            ,IN,46278-0000,Proprietary  ,7,39,46,249,509,758
02158416,HARRISON COLLEGE - ELKHART              ,IN,46516-0000,Proprietary  ,0,24,24,71,366,437
02158800,DON ROBERTS BEAUTY SCHOOLS              ,IN,46383-0000,Proprietary  ,2,9,11,41,85,126
02164300,DON ROBERTS SCHOOL OF HAIR DESIGN       ,IN,46375-9999,Proprietary  ,2,16,18,30,102,132
02180108,ROSS MEDICAL EDUCATION CENTER -         ,IN,46530-4479,Proprietary  ,1,11,12,63,225,288
02201800,KAPLAN COLLEGE                          ,IN,46324-3347,Proprietary  ,20,85,105,259,964,1223
02201806,KAPLAN COLLEGE - SOUTHEAST INDIANAPOLIS ,IN,46227-1493,Proprietary  ,44,160,204,483,2170,2653
02241700,PJ'S COLLEGE OF COSMETOLOGY             ,IN,47129-0000,Proprietary  ,5,25,30,79,195,274
02245505,FORTIS COLLEGE - INDIANAPOLIS CAMPUS    ,IN,46268-0000,Proprietary  ,4,53,57,106,733,839
02304800,PJ'S COLLEGE OF COSMETOLOGY             ,IN,47374-0000,Proprietary  ,1,4,5,53,103,156
02308900,MASTER'S OF COSMETOLOGY COLLEGE         ,IN,46809-0000,Proprietary  ,0,0,0,101,147,248
02339600,ROGER'S ACADEMY OF HAIR DESIGN          ,IN,47712-0000,Proprietary  ,1,22,23,84,178,262
02351300,KNOX BEAUTY COLLEGE                     ,IN,46534-0000,Proprietary  ,1,3,4,13,33,46
02490500,HAIR FASHIONS BY KAYE BEAUTY CLG        ,IN,46250-0000,Proprietary  ,1,31,32,90,368,458
02490800,HAIR FASHIONS BY KAYE BEAUTY CLG        ,IN,46060-0000,Proprietary  ,2,12,14,34,80,114
02607000,HAIR ARTS ACADEMY                       ,IN,47404-2419,Proprietary  ,3,10,13,72,141,213
02615800,COLLEGE OF COURT REPORTING              ,IN,46342-5969,Proprietary  ,6,29,35,43,296,339
03176300,AVIATION INSTITUTE OF MAINTENANCE       ,IN,46241-1445,Proprietary  ,12,36,48,158,422,580
03456700,CROSSROADS BIBLE COLLEGE                ,IN,46219-4912,Private      ,0,21,21,63,449,512
03538300,ALEXANDRIA SCH OF SCIENTIFIC THERAP     ,IN,46001-0287,Proprietary  ,0,2,2,21,74,95
04038700,IDEAL BEAUTY ACADEMY                    ,IN,47130-4215,Proprietary  ,1,11,12,18,70,88
04051304,ART INSTITUTE OF PHOENIX (THE) - ART  IN,IN,46268-1170,Proprietary  ,31,76,107,1062,1110,2172
04051311,ART INSTITUTE OF PHOENIX (THE) - BROWN M,IN,46410-5608,Proprietary  ,5,34,39,139,668,807
04051312,ART INSTITUTE OF PHOENIX (THE) - BROWN M,IN,46360-7362,Proprietary  ,1,2,3,46,120,166
04051318,ART INSTITUTE OF PHOENIX (THE) - BROWN M,IN,46204-1017,Proprietary  ,12,92,104,267,1426,1693
04051321,ART INSTITUTE OF PHOENIX (THE) - BROWN M,IN,46635-1176,Proprietary  ,3,47,50,154,617,771
04051322,ART INSTITUTE OF PHOENIX (THE) - BROWN M,IN,46805-0000,Proprietary  ,12,52,64,179,671,850
04100300,SUCCESS SCHOOLS                         ,IN,46410-5310,Proprietary  ,7,27,34,87,262,349
04121000,TECHSKILLS - INDIANAPOLIS               ,IN,46240-4302,Proprietary  ,15,114,129,125,745,870
04130900,TRICOCI UNIVERSITY OF BEAUTY CULTURE    ,IN,46256-3317,Proprietary  ,14,28,42,126,333,459
04155900,AVEDA FREDRIC'S INSTITUTE               ,IN,46250-4746,Proprietary  ,7,21,28,206,311,517
04166700,REM SPA INC                             ,IN,46013-3136,Proprietary  ,2,18,20,71,178,249
04171700,AVANT GARD THE SCHOOL                   ,IN,46214-6500,Proprietary  ,3,5,8,29,89,118
04172700,SALON PROFESSIONAL ACADEMY (THE)        ,IN,47715-7822,Proprietary  ,8,21,29,130,174,304
04184000,PAUL MITCHELL THE SCHOOL INDIANAPOLIS   ,IN,46227-6252,Proprietary  ,10,23,33,182,340,522
04186600,SALON PROFESSIONAL ACADEMY (THE)        ,IN,46901-6248,Proprietary  ,0,21,21,72,170,242
04205500,LIL LOU'S BARBER COLLEGE                ,IN,46409-2645,Proprietary  ,5,17,22,49,217,266
04230300,EXCEL ACADEMIES OF COSMETOLOGY - MERRILL,IN,46410-5540,Proprietary  ,5,7,12,81,111,192
00190100,ALLEN COUNTY COMMUNITY COLLEGE          ,KS,66749-1607,Public       ,32,72,104,1140,1360,2500
00190200,COWLEY COUNTY COMMUNITY COLLEGE & AREA V,KS,67005-2662,Public       ,58,144,202,1582,2173,3755
00190300,BAKER UNIVERSITY                        ,KS,66006-0065,Private      ,14,169,183,1355,2047,3402
00190400,BETHANY COLLEGE                         ,KS,67456-1897,Private      ,18,3,21,947,147,1094
00190500,BETHEL COLLEGE                          ,KS,67117-8061,Private      ,5,10,15,752,178,930
00190600,BUTLER COUNTY COMMUNITY COLLEGE         ,KS,67042-3280,Public       ,131,321,452,4462,5266,9728
00190700,CENTRAL BAPTIST THEOLOGY SEMINARY       ,KS,66226-3513,Private      ,0,1,1,0,54,54
00190800,CENTRAL CHRISTIAN COLLEGE OF KANSAS     ,KS,67460-5799,Private      ,9,128,137,397,1275,1672
00190900,CLOUD COUNTY COMMUNITY COLLEGE          ,KS,66901-1002,Public       ,19,72,91,763,999,1762
00191000,COFFEYVILLE COMMUNITY COLLEGE           ,KS,67337-5064,Public       ,46,29,75,1025,562,1587
00191100,COLBY COMMUNITY COLLEGE                 ,KS,67701-4099,Public       ,14,27,41,591,564,1155
00191300,DODGE CITY COMMUNITY COLLEGE            ,KS,67801-2399,Public       ,35,53,88,929,746,1675
00191400,DONNELLY COLLEGE                        ,KS,66102-4298,Private      ,9,30,39,299,516,815
00191500,FORT HAYS STATE UNIVERSITY              ,KS,67601-4099,Public       ,36,283,319,4624,7280,11904
00191600,FORT SCOTT COMMUNITY COLLEGE            ,KS,66701-3199,Public       ,33,36,69,1154,870,2024
00191700,BARCLAY COLLEGE                         ,KS,67059-0288,Private      ,3,2,5,170,169,339
00191800,FRIENDS UNIVERSITY                      ,KS,67213-3397,Private      ,17,83,100,1330,2032,3362
00191900,GARDEN CITY COMMUNITY COLLEGE           ,KS,67846-6398,Public       ,70,47,117,1313,727,2040
00192000,HESSTON COLLEGE                         ,KS,67062-2093,Private      ,1,4,5,394,174,568
00192100,HIGHLAND COMMUNITY COLLEGE              ,KS,66035-4062,Public       ,37,48,85,1296,1356,2652
00192300,HUTCHINSON COMMUNITY COLLEGE            ,KS,67501-5894,Public       ,71,175,246,2308,2727,5035
00192400,INDEPENDENCE COMMUNITY COLLEGE          ,KS,67301-0708,Public       ,48,37,85,677,435,1112
00192500,KANSAS CITY KANSAS COMMUNITY CLG        ,KS,66112-9978,Public       ,90,266,356,2191,4625,6816
00192600,PITTSBURG STATE UNIVERSITY              ,KS,66762-7500,Public       ,51,92,143,5553,2685,8238
00192700,EMPORIA STATE UNIVERSITY                ,KS,66801-5415,Public       ,32,99,131,3669,2829,6498
00192800,KANSAS STATE UNIVERSITY                 ,KS,66506-1104,Public       ,166,216,382,16903,6889,23792
00192900,KANSAS WESLEYAN UNIVERSITY              ,KS,67401-6196,Private      ,14,7,21,1033,314,1347
00193000,LABETTE COMMUNITY COLLEGE               ,KS,67357-4299,Public       ,13,47,60,607,839,1446
00193100,MANHATTAN CHRISTIAN COLLEGE             ,KS,66502-4081,Private      ,3,5,8,344,121,465
00193300,MCPHERSON COLLEGE                       ,KS,67460-3899,Private      ,11,10,21,897,192,1089
00193600,NEOSHO COUNTY COMMUNITY COLLEGE         ,KS,66720-2699,Public       ,11,56,67,759,1115,1874
00193700,OTTAWA UNIVERSITY                       ,KS,66067-3399,Private      ,17,212,229,1109,2601,3710
00193800,PRATT COMMUNITY COLLEGE                 ,KS,67124-8432,Public       ,9,34,43,583,605,1188
00193900,NEWMAN UNIVERSITY                       ,KS,67213-2084,Private      ,10,60,70,1199,1551,2750
00194000,SOUTHWESTERN COLLEGE                    ,KS,67156-2499,Private      ,6,83,89,715,1323,2038
00194300,UNIVERSITY OF ST MARY                   ,KS,66048-5023,Private      ,7,58,65,866,935,1801
00194500,STERLING COLLEGE                        ,KS,67579-1533,Private      ,9,2,11,978,168,1146
00194600,TABOR COLLEGE                           ,KS,67063-1799,Private      ,6,15,21,821,299,1120
00194800,UNIVERSITY OF KANSAS                    ,KS,66045-7535,Public       ,251,366,617,18560,10161,28721
00194900,WASHBURN UNIVERSITY                     ,KS,66621-1110,Public       ,57,147,204,3775,3920,7695
00194901,WASHBURN INSTITUTE OF TECHNOLOGY        ,KS,66604-2199,Public       ,13,41,54,400,1004,1404
00195000,WICHITA STATE UNIVERSITY                ,KS,67208-0000,Public       ,122,319,441,9020,8328,17348
00460800,BARTON COUNTY COMMUNITY COLLEGE         ,KS,67530-9283,Public       ,25,228,253,999,2545,3544
00526400,FLINT HILLS TECHNICAL COLLEGE           ,KS,66801-5999,Public       ,7,17,24,301,405,706
00526500,NORTH CENTRAL KANSAS TECH COLG          ,KS,67420-0000,Public       ,4,11,15,397,310,707
00526700,NORTHWEST KANSAS TECHNICAL SCHOOL       ,KS,67735-3441,Public       ,3,5,8,354,105,459
00549800,WICHITA AREA TECHNICAL COLLEGE          ,KS,67211-2099,Public       ,60,200,260,938,3017,3955
00549900,SALINA AREA TECHNICAL COLLEGE           ,KS,67401-8195,Public       ,3,13,16,172,301,473
00550000,MANHATTAN AREA TECHNICAL COLLEGE        ,KS,66503-2499,Public       ,5,29,34,396,696,1092
00675500,BROWN MACKIE COLLEGE (THE)              ,KS,67401-7307,Proprietary  ,42,237,279,549,2645,3194
00703200,MID AMERICA NAZARENE UNIVERSITY         ,KS,66062-1899,Private      ,20,71,91,1143,1399,2542
00822800,SEWARD CO COMM CO/AREA TECHNICAL SCHOOL ,KS,67905-0000,Public       ,23,45,68,575,503,1078
00824400,JOHNSON COUNTY COMMUNITY COLLEGE        ,KS,66210-1299,Public       ,153,376,529,6041,7285,13326
00833200,MARINELLO SCHOOL OF BEAUTY              ,KS,66502-6082,Proprietary  ,2,9,11,38,112,150
00833201,MARINELLO SCHOOL OF BEAUTY - LAWRENCE   ,KS,66046-2743,Proprietary  ,0,0,0,18,35,53
00869423,RASMUSSEN COLLEGE - OVERLAND PARK       ,KS,66210-2786,Proprietary  ,5,30,35,37,314,351
00869424,RASMUSSEN COLLEGE - TOPEKA              ,KS,66606-2339,Proprietary  ,4,40,44,63,458,521
01025600,BENEDICTINE COLLEGE                     ,KS,66002-1499,Private      ,25,6,31,2531,191,2722
01043800,HASKELL INDIAN NATIONS UNIVERSITY       ,KS,66046-4800,Public       ,18,19,37,966,679,1645
01050300,WICHITA TECHNICAL INSTITUTE             ,KS,67213-1927,Proprietary  ,17,99,116,209,995,1204
01050302,WICHITA TECHNICAL INSTITUTE - WTI TOPEKA,KS,66609-1217,Proprietary  ,7,40,47,57,351,408
01050305,WICHITA TECHNICAL INSTITUTE - EAST CAMPU,KS,67208-4243,Proprietary  ,3,22,25,76,354,430
02090700,CLEVELAND CHIROPRACTIC COLLEGE          ,KS,66210-1613,Private      ,2,10,12,52,539,591
02134800,OLD TOWN BARBER AND BEAUTY COLLEGE      ,KS,67211-0000,Proprietary  ,3,17,20,41,136,177
02168900,KANSAS CITY COLLEGE & BIBLE SCHOOL      ,KS,66204-1975,Private      ,5,14,19,25,72,97
02257700,HAYS ACADEMY OF HAIR DESIGN             ,KS,67601-3685,Proprietary  ,1,6,7,47,62,109
02257702,HAYS ACADEMY OF HAIR DESIGN -           ,KS,67401-0000,Proprietary  ,0,4,4,48,58,106
02340700,LABARON HAIRDRESSING ACADEMY            ,KS,66204-0000,Proprietary  ,2,5,7,10,53,63
02590900,WRIGHT CAREER COLLEGE                   ,KS,66212-0000,Private      ,50,249,299,344,2849,3193
02599709,VATTEROTT COLLEGE - WICHITA             ,KS,67226-1304,Proprietary  ,7,47,54,77,502,579
02603100,CRAVE BEAUTY ACADEMY                    ,KS,67203-5428,Proprietary  ,4,21,25,110,237,347
02606300,PAUL MITCHELL THE SCHOOL WICHITA        ,KS,67226-2803,Proprietary  ,11,13,24,140,189,329
02611005,HERITAGE COLLEGE - WICHITA              ,KS,67210-1879,Proprietary  ,17,89,106,181,713,894
02613000,PINNACLE CAREER INSTITUTE               ,KS,66046-2703,Proprietary  ,7,26,33,60,272,332
03066200,BRYAN COLLEGE                           ,KS,66604-2496,Proprietary  ,5,17,22,37,262,299
03450300,MARINELLO SCHOOL OF BEAUTY              ,KS,66611-1101,Proprietary  ,0,10,10,50,141,191
03450301,MARINELLO SCHOOL OF BEAUTY - WICHITA    ,KS,67207-5148,Proprietary  ,1,6,7,44,116,160
03450302,MARINELLO SCHOOL OF BEAUTY - OVERLAND PA,KS,66212-5451,Proprietary  ,2,7,9,63,211,274
03529300,SIDNEY'S HAIRDRESSING COLLEGE           ,KS,67501-7094,Proprietary  ,1,4,5,17,30,47
04132900,Z HAIR ACADEMY                          ,KS,66046-4040,Proprietary  ,4,10,14,70,86,156
04162700,ERIC FISHER ACADEMY                     ,KS,67212-3376,Proprietary  ,14,29,43,194,250,444
04179600,ENTOURAGE INSTITUTE OF BEAUTY AND ESTHET,KS,66215-3803,Proprietary  ,4,17,21,31,136,167
04205300,MITSU SATO HAIR ACADEMY                 ,KS,66212-1457,Proprietary  ,0,6,6,15,48,63
04209300,PAUL MITCHELL THE SCHOOL - OVERLAND PARK,KS,66212-4050,Proprietary  ,6,16,22,137,213,350
00203300,UNIVERSITY OF MAINE-PRESQUE ISLE        ,ME,04769-2888,Public       ,10,16,26,1105,513,1618
00203600,BATES COLLEGE                           ,ME,04240-6028,Private      ,22,3,25,3244,133,3377
00203800,BOWDOIN COLLEGE                         ,ME,04011-8451,Private      ,18,6,24,4001,127,4128
00203900,COLBY COLLEGE                           ,ME,04901-8841,Private      ,36,6,42,3706,112,3818
00204000,UNIVERSITY OF MAINE-FARMINGTON          ,ME,04938-1990,Public       ,22,20,42,2609,502,3111
00204100,UNIVERSITY OF MAINE-FORT KENT           ,ME,04743-1292,Public       ,7,20,27,726,663,1389
00204300,HUSSON UNIVERSITY                       ,ME,04401-2999,Private      ,38,45,83,3333,1601,4934
00204307,HUSSON UNIVERSITY - NEW ENGLAND SCHOOL O,ME,04401-0000,Private      ,0,0,0,165,78,243
00204400,MAINE MARITIME ACADEMY                  ,ME,04420-0001,Public       ,14,4,18,1217,206,1423
00205000,UNIVERSITY OF NEW ENGLAND               ,ME,04005-9599,Private      ,48,133,181,4994,5609,10603
00205100,SAINT JOSEPH'S COLLEGE                  ,ME,04084-5236,Private      ,20,75,95,1779,1441,3220
00205200,THOMAS COLLEGE                          ,ME,04901-5097,Private      ,16,6,22,1309,311,1620
00205300,UNIVERSITY OF MAINE                     ,ME,04469-0001,Public       ,137,52,189,14141,2984,17125
00205400,UNIVERSITY OF SOUTHERN MAINE            ,ME,04104-0000,Public       ,73,145,218,5776,5234,11010
00205500,UNIVERSITY OF MAINE-MACHIAS             ,ME,04654-1397,Public       ,8,17,25,601,410,1011
00458615,KAPLAN UNIVERSITY - PORTLAND            ,ME,04106-2415,Proprietary  ,6,78,84,101,941,1042
00458616,KAPLAN UNIVERSITY - LEWISTON            ,ME,04240-0000,Proprietary  ,7,88,95,100,1012,1112
00458617,KAPLAN UNIVERSITY - AUGUSTA             ,ME,04330-8038,Proprietary  ,7,102,109,142,1149,1291
00520400,BEAL COLLEGE                            ,ME,04401-6896,Proprietary  ,4,36,40,215,673,888
00527600,CENTRAL MAINE COMMUNITY COLLEGE         ,ME,04210-6498,Public       ,23,60,83,1630,2043,3673
00527700,EASTERN MAINE COMMUNITY COLLEGE         ,ME,04401-4280,Public       ,37,59,96,1757,1858,3615
00552500,SOUTHERN MAINE COMMUNITY  COLLEGE       ,ME,04106-1698,Public       ,76,140,216,3855,4084,7939
00576000,NORTHERN MAINE COMMUNITY COLLEGE        ,ME,04769-2016,Public       ,6,20,26,484,525,1009
00630500,CENTRAL MAINE MEDICAL CENTER COLLEGE OF ,ME,04243-9986,Private      ,1,5,6,122,292,414
00676000,UNIVERSITY OF MAINE-AUGUSTA             ,ME,04330-9410,Public       ,23,112,135,1555,4989,6544
00685800,UNITY COLLEGE                           ,ME,04988-9502,Private      ,14,5,19,1130,140,1270
00903800,MR BERNARD'S SCH HAIR FASHION INC       ,ME,04243-1163,Proprietary  ,0,0,0,1,3,4
00923100,WASHINGTON COUNTY COMMUNITY COLLEGE     ,ME,04619-9704,Public       ,4,7,11,291,281,572
00945900,EMPIRE BEAUTY SCHOOL                    ,ME,04101-3348,Proprietary  ,51,205,256,612,1619,2231
00982600,KENNEBEC VALLEY  COMMUNITY  COLLEGE     ,ME,04937-1367,Public       ,26,93,119,988,1870,2858
01138500,COLLEGE OF THE ATLANTIC                 ,ME,04609-1105,Private      ,6,4,10,603,89,692
01167300,MAINE COLLEGE OF ART                    ,ME,04101-3987,Private      ,7,14,21,798,235,1033
02104400,SPA TECH INSTITUTE                      ,ME,04093-0000,Proprietary  ,22,94,116,182,493,675
02361300,LANDING SCHOOL OF BOATBUILDING & DESIGN ,ME,04046-1490,Private      ,0,0,0,37,38,75
03122900,YORK COUNTY COMMUNITY COLLEGE           ,ME,04090-0529,Public       ,15,45,60,748,1024,1772
03429300,SEACOAST CAREER SCHOOLS                 ,ME,04073-0000,Proprietary  ,12,25,37,98,348,446
03612300,BIRTHWISE MIDWIFERY SCHOOL              ,ME,04009-1110,Proprietary  ,1,1,2,15,92,107
04177400,CAPILO SCHOOL OF HAIR DESIGN            ,ME,04330-0000,Proprietary  ,6,14,20,92,157,249
04185100,NORTHEAST TECHNICAL INSTITUTE           ,ME,04074-0000,Proprietary  ,11,132,143,126,703,829
04188800,INSTITUTE FOR DOCTORAL STUDIES IN THE VI,ME,04102-0000,Private      ,0,3,3,2,71,73
04214100,COSMOTECH SCHOOL OF COSMETOLOGY         ,ME,04092-2878,Proprietary  ,1,1,2,31,57,88
00209300,ST JOHN'S COLLEGE                       ,NM,87505-4599,Private      ,3,9,12,329,203,532
00264900,SANTA FE UNIVERSITY OF ART AND DESIGN   ,NM,87505-7634,Proprietary  ,23,6,29,1481,400,1881
00265000,UNIVERSITY OF THE SOUTHWEST             ,NM,88240-9129,Private      ,8,69,77,369,998,1367
00265100,EASTERN NEW MEXICO UNIV PORTALES        ,NM,88130-6000,Public       ,53,169,222,3328,3101,6429
00265101,EASTERN NEW MEXICO UNIV-ROSWELL CAM     ,NM,88202-0000,Public       ,27,103,130,999,1503,2502
00265300,NEW MEXICO HIGHLANDS UNIVERSITY         ,NM,87701-4436,Public       ,31,74,105,1943,2697,4640
00265400,NEW MEXICO INST OF MINING & TECH        ,NM,87801-4796,Public       ,29,15,44,1489,504,1993
00265500,NEW MEXICO JUNIOR COLLEGE               ,NM,88240-9123,Public       ,38,92,130,904,1042,1946
00265600,NEW MEXICO MILITARY INSTITUTE           ,NM,88201-5173,Public       ,19,4,23,467,54,521
00265700,NEW MEXICO STATE UNIVERSITY             ,NM,88003-8001,Public       ,218,285,503,11580,7916,19496
00265701,NEW MEXICO STATE UNIV-ALAMOGORDO        ,NM,88311-0000,Public       ,19,83,102,481,1135,1616
00265702,NEW MEXICO STATE UNIV.-DONA ANA CLG     ,NM,88003-0000,Public       ,92,189,281,3357,4363,7720
00265703,NEW MEXICO STATE UNIV-CARLSBAD          ,NM,88220-0000,Public       ,19,37,56,343,583,926
00265704,NEW MEXICO STATE UNIV-GRANTS            ,NM,87020-0000,Public       ,7,36,43,209,492,701
00266000,SAN JUAN COLLEGE                        ,NM,87402-4699,Public       ,61,314,375,2161,5242,7403
00266300,THE UNIVERSITY OF NEW MEXICO            ,NM,87131-0001,Public       ,395,689,1084,19651,18817,38468
00266400,WESTERN NEW MEXICO UNIVERSITY           ,NM,88061-5417,Public       ,19,101,120,1430,2533,3963
00405701,NATIONAL AMERICAN UNIVERSITY            ,NM,87110-0000,Proprietary  ,2,44,46,72,606,678
00474200,CENTRAL NEW MEXICO COMMUNITY COLLEGE    ,NM,87106-4096,Public       ,329,1133,1462,9126,15630,24756
00474300,CLOVIS COMMUNITY COLLEGE                ,NM,88101-8381,Public       ,33,123,156,777,1817,2594
00996200,LUNA COMMUNITY COLLEGE                  ,NM,87701-0000,Public       ,14,41,55,442,528,970
01063200,DEWOLFF CLG HAIRSTYLING/COSMETOLOGY     ,NM,87112-4113,Proprietary  ,1,14,15,52,161,213
01300500,OLYMPIAN UNIVERSITY OF COSMETOLOGY      ,NM,88310-5051,Proprietary  ,47,143,190,431,1290,1721
02083900,NORTHERN NEW MEXICO COLLEGE             ,NM,87530-0000,Public       ,12,43,55,488,717,1205
02146400,INSTITUTE OF AMERICAN INDIAN ARTS       ,NM,87508-0000,Public       ,9,19,28,206,357,563
02218808,BROOKLINE COLLEGE - ALBUQUERQUE         ,NM,87105-1649,Proprietary  ,14,108,122,204,811,1015
02278100,SANTA FE COMMUNITY COLLEGE              ,NM,87507-0000,Public       ,35,149,184,1119,2487,3606
02293203,ATI CAREER TRAINING CENTER - ALBUQUERQUE,NM,87109-2016,Proprietary  ,0,8,8,50,192,242
02357600,NAVAJO TECHNICAL UNIVERSITY             ,NM,87313-0849,Public       ,27,114,141,599,1389,1988
02511000,SOUTHWESTERN INDIAN POLYTECH INST       ,NM,87184-0000,Public       ,16,22,38,323,465,788
02572003,COMPUTER CAREER CENTER - LAS CRUCES CAMP,NM,88011-8220,Proprietary  ,24,83,107,217,651,868
02622000,SOUTHWEST ACUPUNCTURE COLLEGE           ,NM,87505-0000,Proprietary  ,0,8,8,6,212,218
03076100,SOUTHWESTERN COLLEGE                    ,NM,87507-0000,Private      ,1,7,8,19,287,306
03206300,MESALANDS COMMUNITY COLLEGE             ,NM,88401-3352,Public       ,4,30,34,136,227,363
03430300,UNIVERSAL THERAPEUTIC MASSAGE INSTITUTE ,NM,87107-4403,Proprietary  ,6,20,26,52,218,270
03678300,PIMA MEDICAL INSTITUTE                  ,NM,87110-0000,Proprietary  ,17,63,80,371,813,1184
03944300,MASSAGE THERAPY TRAINING INSTITUTE      ,NM,88007-0000,Proprietary  ,0,17,17,58,149,207
04162400,TONI AND GUY HAIRDRESSING  ACADEMY      ,NM,87110-4404,Proprietary  ,4,22,26,143,270,413
04174500,AVEDA INSTITUTE OF NEW MEXICO (THE)     ,NM,87110-3640,Proprietary  ,14,16,30,182,321,503
04178500,VOGUE COLLEGE OF COSMETOLOGY            ,NM,87505-7636,Proprietary  ,5,12,17,66,132,198
00223400,ADRIAN COLLEGE                          ,MI,49221-2575,Private      ,45,15,60,3073,416,3489
00223500,ALBION COLLEGE                          ,MI,49224-1831,Private      ,22,11,33,2531,186,2717
00223600,ALMA COLLEGE                            ,MI,48801-1599,Private      ,34,10,44,2518,172,2690
00223700,ALPENA COMMUNITY COLLEGE                ,MI,49707-1495,Public       ,10,44,54,982,895,1877
00223800,ANDREWS UNIVERSITY                      ,MI,49104-0750,Private      ,21,39,60,1742,1303,3045
00223900,AQUINAS COLLEGE                         ,MI,49506-1799,Private      ,23,17,40,2703,670,3373
00224000,BAY DE NOC COMMUNITY COLLEGE            ,MI,49829-2524,Public       ,14,64,78,1036,1249,2285
00224100,CALVIN COLLEGE                          ,MI,49546-4388,Private      ,25,21,46,4769,645,5414
00224200,CALVIN THEOLOGICAL SEMINARY             ,MI,49546-4387,Private      ,0,4,4,14,167,181
00224300,CENTRAL MICHIGAN UNIVERSITY             ,MI,48859-0001,Public       ,232,419,651,23775,11123,34898
00224600,CLEARY UNIVERSITY                       ,MI,48105-0000,Private      ,2,37,39,327,580,907
00224800,CRANBROOK ACADEMY OF ART                ,MI,48303-0000,Private      ,0,2,2,39,247,286
00224900,DAVENPORT UNIVERSITY                    ,MI,49503-0000,Private      ,59,376,435,4282,10049,14331
00225100,DELTA COLLEGE                           ,MI,48710-0001,Public       ,103,386,489,5950,7277,13227
00225400,MICHIGAN STATE UNIVERSITY COLLEGE OF LAW,MI,48824-1300,Private      ,9,14,23,332,1782,2114
00225900,EASTERN MICHIGAN UNIVERSITY             ,MI,48197-2214,Public       ,252,379,631,19756,13646,33402
00226000,FERRIS STATE UNIVERSITY                 ,MI,49307-2251,Public       ,144,178,322,15394,7857,23251
00226100,CHARLES STEWART MOTT COMMUNITY CLG      ,MI,48503-2089,Public       ,103,399,502,5830,8838,14668
00226200,KETTERING UNIVERSITY                    ,MI,48504-4898,Private      ,31,26,57,2699,589,3288
00226300,GLEN OAKS COMMUNITY COLLEGE             ,MI,49032-9784,Public       ,5,45,50,621,719,1340
00226400,GOGEBIC COMMUNITY COLLEGE               ,MI,49938-1365,Public       ,11,17,28,656,498,1154
00226500,GRACE BIBLE COLLEGE                     ,MI,49509-1998,Private      ,13,129,142,549,1160,1709
00226600,CORNERSTONE UNIVERSITY                  ,MI,49525-5897,Private      ,21,129,150,2293,1899,4192
00226700,GRAND RAPIDS COMMUNITY COLLEGE          ,MI,49503-3295,Public       ,192,527,719,10973,10249,21222
00226800,GRAND VALLEY STATE UNIVERSITY           ,MI,49401-9403,Public       ,215,210,425,27436,8711,36147
00226900,GREAT LAKES CHRISTIAN COLLEGE           ,MI,48917-1299,Private      ,2,4,6,190,164,354
00227000,HENRY FORD COMMUNITY COLLEGE            ,MI,48128-1495,Public       ,240,555,795,10727,14270,24997
00227300,HOPE COLLEGE                            ,MI,49423-3607,Private      ,27,12,39,4890,227,5117
00227400,JACKSON COMMUNITY COLLEGE               ,MI,49201-8399,Public       ,109,275,384,3994,4430,8424
00227500,KALAMAZOO COLLEGE                       ,MI,49006-3295,Private      ,26,11,37,2346,320,2666
00227600,KELLOGG COMMUNITY COLLEGE               ,MI,49017-3397,Public       ,46,214,260,2683,4760,7443
00227700,LAKE MICHIGAN COLLEGE                   ,MI,49022-1899,Public       ,41,158,199,2163,2745,4908
00227800,LANSING COMMUNITY COLLEGE               ,MI,48933-1293,Public       ,163,410,573,9451,9976,19427
00227900,LAWRENCE TECHNOLOGICAL UNIVERSITY       ,MI,48075-1058,Private      ,21,57,78,2430,1317,3747
00228200,MADONNA UNIVERSITY                      ,MI,48150-1173,Private      ,25,71,96,1873,2924,4797
00228400,MARYGROVE COLLEGE                       ,MI,48221-2599,Private      ,29,107,136,1292,2706,3998
00228800,ROCHESTER COLLEGE                       ,MI,48307-2764,Private      ,31,72,103,969,909,1878
00229000,MICHIGAN STATE UNIVERSITY               ,MI,48824-1113,Public       ,488,524,1012,42050,14883,56933
00229200,MICHIGAN TECHNOLOGICAL UNIV             ,MI,49931-1295,Public       ,52,16,68,6780,947,7727
00229300,LAKE SUPERIOR STATE UNIVERSITY          ,MI,49783-1691,Public       ,20,16,36,2585,898,3483
00229400,MONROE COUNTY COMMUNITY CLG             ,MI,48161-9746,Public       ,36,101,137,1744,2059,3803
00229500,MONTCALM COMMUNITY COLLEGE              ,MI,48885-9723,Public       ,18,58,76,981,1382,2363
00229700,MUSKEGON COMMUNITY COLLEGE              ,MI,49442-1432,Public       ,48,173,221,3179,3115,6294
00229900,NORTH CENTRAL MICHIGAN COLLEGE          ,MI,49770-8740,Public       ,32,64,96,1231,1324,2555
00230100,NORTHERN MICHIGAN UNIVERSITY            ,MI,49855-5316,Public       ,68,69,137,7906,2526,10432
00230200,NORTHWESTERN MICHIGAN COLLEGE           ,MI,49686-3061,Public       ,46,113,159,2646,2612,5258
00230301,OAKLAND COMMUNITY COLLEGE - ORCHARD RIDG,MI,48334-4579,Public       ,73,207,280,3689,5370,9059
00230302,OAKLAND COMMUNITY COLLEGE - ROYAL OAK CA,MI,48067-3898,Public       ,79,292,371,4809,7712,12521
00230303,OAKLAND COMMUNITY COLLEGE - SOUTHFIELD C,MI,48075-4793,Public       ,68,278,346,3668,8364,12032
00230304,OAKLAND COMMUNITY COLLEGE - AUBURN HILLS,MI,48323-2845,Public       ,92,242,334,5242,6199,11441
00230305,OAKLAND COMMUNITY COLLEGE - HIGHLAND LAK,MI,48327-4187,Public       ,43,167,210,2632,3693,6325
00230700,OAKLAND UNIVERSITY                      ,MI,48309-4401,Public       ,209,316,525,18267,10385,28652
00230800,OLIVET COLLEGE                          ,MI,49076-9902,Private      ,27,9,36,1675,245,1920
00231000,ST. CLAIR COUNTY COMMUNITY COLLEGE      ,MI,48061-0000,Public       ,38,132,170,2067,2187,4254
00231100,KUYPER COLLEGE                          ,MI,49525-9749,Private      ,2,3,5,350,169,519
00231300,SACRED HEART MAJOR SEMINARY             ,MI,48206-1799,Private      ,2,13,15,40,211,251
00231400,SAGINAW VALLEY STATE UNIV               ,MI,48710-0001,Public       ,101,121,222,10371,4146,14517
00231500,SCHOOLCRAFT COLLEGE                     ,MI,48152-2696,Public       ,162,401,563,7397,9971,17368
00231600,SIENA HEIGHTS UNIVERSITY                ,MI,49221-1796,Private      ,14,82,96,1908,2426,4334
00231700,SOUTHWESTERN MICHIGAN COLLEGE           ,MI,49047-9793,Public       ,32,60,92,2277,1597,3874
00231800,SPRING ARBOR UNIVERSITY                 ,MI,49283-9984,Private      ,22,193,215,1998,3219,5217
00232200,FINLANDIA UNIVERSITY                    ,MI,49930-1882,Private      ,12,10,22,795,262,1057
00232300,UNIVERSITY OF DETROIT MERCY             ,MI,48221-3038,Private      ,54,107,161,3815,3727,7542
00232303,UNIV OF DETROIT MERCY - LAW SCHOOL      ,MI,48226-0000,Private      ,1,10,11,66,621,687
00232330,UNIV OF DETROIT MERCY - DENTAL SCHOOL   ,MI,48208-2576,Private      ,7,11,18,213,705,918
00232500,UNIVERSITY OF MICHIGAN - ANN ARBOR      ,MI,48109-1316,Public       ,461,260,721,38618,12300,50918
00232501,UNIVERSITY OF MICHIGAN-MEDICAL SCH      ,MI,48109-0000,Public       ,5,7,12,341,1025,1366
00232503,UNIVERSITY OF MICHIGAN LAW SCHOOL       ,MI,48109-0000,Public       ,1,20,21,82,2157,2239
00232600,UNIVERSITY OF MICHIGAN-DEARBORN         ,MI,48128-2406,Public       ,95,190,285,7872,5983,13855
00232700,UNIVERSITY OF MICHIGAN-FLINT            ,MI,48502-1950,Public       ,74,201,275,5694,6990,12684
00232800,WASHTENAW COMMUNITY COLLEGE             ,MI,48106-0000,Public       ,143,468,611,5515,7940,13455
00232900,WAYNE STATE UNIVERSITY                  ,MI,48202-0000,Public       ,298,665,963,19882,21206,41088
00232901,WAYNE STATE UNIV SCH OF MEDICINE        ,MI,48201-3359,Public       ,21,36,57,832,2062,2894
00232902,WAYNE STATE UNIVERSITY - LAW SCHOOL     ,MI,48202-3424,Public       ,3,18,21,190,1028,1218
00233000,WESTERN MICHIGAN UNIVERSITY             ,MI,49008-3899,Public       ,259,278,537,22578,10545,33123
00233100,WESTERN THEOLOGICAL SEMINARY            ,MI,49423-0000,Private      ,0,6,6,3,182,185
00384256,CONCORDIA UNIVERSITY - WISCONSIN - ANN A,MI,48105-2750,Private      ,9,28,37,1068,419,1487
00407100,WALSH COLLEGE OF ACCT & BUS ADMN        ,MI,48007-7006,Private      ,15,130,145,398,2344,2742
00407200,NORTHWOOD UNIVERSITY                    ,MI,48640-2398,Private      ,24,100,124,2341,2200,4541
00467300,BAKER COLLEGE - FLINT                   ,MI,48507-5508,Private      ,54,278,332,2496,5801,8297
00467301,BAKER COLLEGE OF CADILLAC               ,MI,49601-0000,Private      ,19,88,107,610,1506,2116
00467302,BAKER COLLEGE OF CLINTON TOWNSHIP       ,MI,48035-0000,Private      ,44,223,267,1418,3860,5278
00467303,BAKER COLLEGE OF MUSKEGON               ,MI,49442-0000,Private      ,43,169,212,2021,2992,5013
00467304,BAKER COLLEGE OF OWOSSO                 ,MI,48867-0000,Private      ,32,85,117,1352,1738,3090
00467305,BAKER COLLEGE OF AUBURN HILLS           ,MI,48326-0000,Private      ,29,139,168,1034,2856,3890
00467306,BAKER COLLEGE OF PORT HURON             ,MI,48060-0000,Private      ,9,34,43,405,684,1089
00467309,BAKER COLLEGE OF JACKSON                ,MI,49202-0000,Private      ,30,127,157,864,2251,3115
00467311,BAKER COLLEGE-CASS CITY                 ,MI,48726-0000,Private      ,4,27,31,139,274,413
00467313,BAKER COLLEGE - GRADUATE ON-LINE        ,MI,48507-0000,Private      ,15,321,336,463,5252,5715
00467317,BAKER COLLEGE-ALLEN PARK                ,MI,48101-0000,Private      ,49,214,263,1279,4248,5527
00467330,BAKER COLLEGE - CULINARY INSTITUTE OF MI,MI,49440-1246,Private      ,6,12,18,504,268,772
00467343,BAKER COLLEGE - CULINARY INSTITUTE OF MI,MI,48060-0000,Private      ,3,9,12,192,137,329
00467348,BAKER COLLEGE - AUTO DIESEL INSTITUTE OF,MI,48867-0000,Private      ,5,13,18,419,217,636
00469200,DORSEY SCHOOL OF BUSINESS               ,MI,48195-2334,Proprietary  ,15,29,44,105,331,436
00469201,DORSEY SCHOOL OF BUSINESS               ,MI,48184-0000,Proprietary  ,17,49,66,96,372,468
00469202,DORSEY SCHOOL OF BUSINESS               ,MI,48071-0000,Proprietary  ,24,107,131,186,693,879
00469204,DORSEY SCHOOL OF BUSINESS               ,MI,48066-0000,Proprietary  ,22,120,142,272,892,1164
00469205,DORSEY BUSINESS SCHOOL - FARMINGTON HILL,MI,48334-3385,Proprietary  ,4,13,17,60,216,276
00469206,DORSEY BUSINESS SCHOOL - ROSEVILLE CULIN,MI,48066-4555,Proprietary  ,11,72,83,142,477,619
00469207,DORSEY BUSINESS SCHOOL - WATERFORD/PONTI,MI,48341-1037,Proprietary  ,5,53,58,112,447,559
00469208,DORSEY BUSINESS SCHOOL - SAGINAW CAMPUS ,MI,48603-5201,Proprietary  ,14,52,66,118,563,681
00469209,DORSEY SCHOOL OF BUSINESS - LANSING     ,MI,48911-5744,Proprietary  ,4,22,26,80,347,427
00469210,DORSEY SCHOOL OF BUSINESS - DEARBORN    ,MI,48228-3858,Proprietary  ,23,95,118,294,935,1229
00676800,MID MICHIGAN COMMUNITY COLLEGE          ,MI,48625-9447,Public       ,40,109,149,2413,2538,4951
00677100,COLLEGE FOR CREATIVE STUDIES            ,MI,48202-4034,Private      ,32,26,58,2009,982,2991
00694900,KALAMAZOO VALLEY COMMUNITY COLLEGE      ,MI,49003-4070,Public       ,101,300,401,5521,6285,11806
00717100,KIRTLAND COMMUNITY COLLEGE              ,MI,48653-0000,Public       ,11,48,59,847,1521,2368
00732991,ITT TECHNICAL INSTITUTE                 ,MI,49519-1851,Proprietary  ,35,281,316,494,2619,3113
00761700,CARNEGIE INSTITUTE                      ,MI,48083-1159,Proprietary  ,5,28,33,82,363,445
00795000,WEST SHORE COMMUNITY COLLEGE            ,MI,49454-0000,Public       ,8,18,26,626,776,1402
00817800,EMPIRE BEAUTY SCHOOL                    ,MI,49525-2440,Proprietary  ,60,221,281,733,1763,2496
00890600,MACOMB COMMUNITY COLLEGE                ,MI,48088-3896,Public       ,260,693,953,13590,15376,28966
00894600,PORT HURON COSMETOLOGY COLLEGE          ,MI,48329-1618,Proprietary  ,4,9,13,29,61,90
00923000,WAYNE COUNTY COMMUNITY CLG-DISTRICT     ,MI,48226-3010,Public       ,240,1203,1443,7929,23582,31511
00982800,EVEREST INSTITUTE                       ,MI,48033-4400,Private      ,17,103,120,207,1167,1374
00982801,EVEREST INSTITUTE- DEARBORN             ,MI,48124-1927,Private      ,12,66,78,191,786,977
00982803,EVEREST INSTITUTE - DETROIT             ,MI,48207-4291,Private      ,16,60,76,253,896,1149
01047000,KALAMAZOO BEAUTY ACADEMY                ,MI,49002-5220,Proprietary  ,1,0,1,29,63,92
01082700,DAVID PRESSLEY PROF SCH OF COSMTLGY     ,MI,48067-3219,Proprietary  ,11,28,39,153,320,473
01109800,FLINT INSTITUTE OF BARBERING            ,MI,48504-4395,Proprietary  ,3,10,13,50,182,232
01229100,WRIGHT BEAUTY ACADEMY                   ,MI,49015-2696,Proprietary  ,4,9,13,42,118,160
01262700,THOMAS M. COOLEY LAW SCHOOL             ,MI,48901-1586,Private      ,1,44,45,20,1963,1983
01321800,M J MURPHY BTY CLG MT PLEASANT          ,MI,48858-2502,Proprietary  ,3,7,10,50,85,135
02060300,MICHIGAN INSTITUTE OF AERONAUTICS       ,MI,48188-2533,Proprietary  ,37,69,106,497,606,1103
02099700,ROSS MEDICAL EDUCATION CENTER           ,MI,48532-0000,Proprietary  ,55,241,296,502,1578,2080
02099701,ROSS MEDICAL EDUCATION CENTER-SAGINAW   ,MI,48603-5227,Proprietary  ,0,16,16,49,181,230
02099702,ROSS MEDICAL EDUCATION CENTER-PORT HURON,MI,48060-1958,Proprietary  ,1,7,8,39,62,101
02099703,ROSS MEDICAL EDUCATION CENTER-ROOSEVELT ,MI,49441-4156,Proprietary  ,0,2,2,7,42,49
02100400,EVEREST INSTITUTE                       ,MI,49525-2301,Proprietary  ,0,0,0,48,192,240
02100401,EVEREST INSTITUTE - KALAMAZOO           ,MI,49009-3307,Proprietary  ,0,0,0,32,121,153
02125600,MICHIGAN COLLEGE OF BEAUTY              ,MI,48083-0000,Proprietary  ,9,32,41,162,347,509
02158600,MR BELA'S SCHOOL OF COSMETOLOGY         ,MI,48091-9101,Proprietary  ,2,16,18,47,146,193
02160303,INTERNATIONAL ACADEMY OF DESIGN AND TECH,MI,48083-2160,Proprietary  ,0,4,4,78,173,251
02180100,ROSS MEDICAL EDUCATION CENTER           ,MI,48092-0000,Proprietary  ,46,169,215,314,1059,1373
02180105,ROSS MEDICAL EDUCATION CENTER-REDFORD   ,MI,48239-1260,Proprietary  ,1,3,4,18,117,135
02198900,MICHIGAN SCHOOL OF PROFESSIONAL PSYCHOLO,MI,48334-4512,Private      ,1,2,3,20,234,254
02209200,TAYLORTOWN SCHOOL OF BEAUTY             ,MI,48180-0000,Proprietary  ,13,37,50,121,308,429
02237800,SPECS HOWARD SCHOOL OF MEDIA ARTS       ,MI,48075-0000,Proprietary  ,28,68,96,626,831,1457
02285700,BAYSHIRE BEAUTY ACADEMY                 ,MI,48708-5614,Proprietary  ,7,18,25,61,170,231
02324500,MICHIGAN COLLEGE OF BEAUTY              ,MI,48161-3901,Proprietary  ,6,19,25,90,160,250
02339700,ROSS MEDICAL EDUCATION CENTER           ,MI,48116-0000,Proprietary  ,55,223,278,336,1357,1693
02339701,ROSS MEDICAL EDUCATION CENTER-ANN ARBOR ,MI,48108-1411,Proprietary  ,1,7,8,40,130,170
02339703,ROSS MEDICAL EDUCATION CENTER - DAVISON ,MI,48423-1751,Proprietary  ,0,6,6,23,64,87
02361500,MICHIGAN BARBER COLLEGE                 ,MI,48204-2244,Private      ,12,52,64,114,504,618
02363800,YESHIVA GEDOLAH OF GREATER DETROIT      ,MI,48237-0000,Private      ,9,0,9,38,3,41
02491000,WEST MI COLG OF BARBERING & BEAUTY      ,MI,49008-0000,Proprietary  ,4,9,13,46,143,189
02531806,PAUL MITCHELL THE SCHOOL -MICHIGAN      ,MI,48313-0000,Proprietary  ,14,21,35,243,356,599
02533600,ROSS MEDICAL EDUCATION CENTER           ,MI,48917-2108,Proprietary  ,54,178,232,340,1023,1363
02533601,ROSS MEDICAL EDUCATION CENTER - GRAND RA,MI,49546-2430,Proprietary  ,4,14,18,76,243,319
02588200,DOUGLAS J AVEDA INSTITUTE               ,MI,48823-4351,Proprietary  ,52,74,126,768,784,1552
02588201,DOUGLAS J AVEDA INSTITUTE - ANN ARBOR   ,MI,48104-2211,Proprietary  ,0,0,0,105,105,210
02595700,HILLSDALE BEAUTY COLLEGE                ,MI,49242-0000,Proprietary  ,1,6,7,61,49,110
02618400,MICHIGAN CAREER & TECHNICAL INST        ,MI,49080-9254,Public       ,53,10,63,406,131,537
03005700,DETROIT BUSINESS INST. DOWNRIVER        ,MI,48193-6761,Proprietary  ,0,8,8,26,207,233
03066600,BAY MILLS COMMUNITY COLLEGE             ,MI,49715-9750,Public       ,4,30,34,208,474,682
03075200,TWIN CITY BEAUTY COLLEGE                ,MI,49085-3305,Proprietary  ,7,25,32,104,180,284
03075201,TWIN CITY BEAUTY COLLEGE - TRAVERSE CITY,MI,49686-5119,Proprietary  ,1,4,5,29,56,85
03090000,SHARP'S ACADEMY OF HAIRSTYLING          ,MI,48439-1838,Proprietary  ,3,3,6,33,47,80
03109700,HOUGHTON LAKE INST OF COSMETOLOGY       ,MI,48629-0669,Proprietary  ,2,4,6,27,65,92
03110300,THE SCHOOL OF CREATIVE HAIR DESIGN      ,MI,49036-1139,Proprietary  ,3,10,13,36,82,118
03124000,NORTHWESTERN TECHNOLOGICAL INST         ,MI,48075-2412,Proprietary  ,23,99,122,119,522,641
03284300,MICHIGAN JEWISH INSTITUTE               ,MI,48237-0000,Private      ,18,20,38,1400,1872,3272
03490303,PAUL MITCHELL THE SCH CHICAGO - ESCANABA,MI,49829-0000,Proprietary  ,0,1,1,0,1,1
03588300,IRENE'S MYOMASSOLOGY INSTITUTE          ,MI,48033-2404,Proprietary  ,5,34,39,63,322,385
03704300,BLUE WATER COLLEGE OF COSMETOLOGY       ,MI,48040-2093,Proprietary  ,0,2,2,15,35,50
03772300,SAGINAW CHIPPEWA TRIBAL COLLEGE         ,MI,48858-0000,Public       ,3,6,9,48,123,171
03815300,IN SESSION-ARTS OF COSMETOLOGY BEAU     ,MI,48609-0000,Proprietary  ,2,19,21,47,157,204
03907300,PAUL MITCHELL THE SCHOOL GREAT LAKES    ,MI,48060-0000,Proprietary  ,5,9,14,90,96,186
03915300,CAREER QUEST LEARNING CENTER            ,MI,48910-4732,Proprietary  ,16,100,116,129,780,909
03915301,CAREER QUEST LEARNING CENTER - JACKSON  ,MI,49201-2475,Proprietary  ,5,59,64,89,459,548
03915302,CAREER QUEST LEARNING CENTER - KALAMAZOO,MI,49002-1711,Proprietary  ,0,0,0,6,26,32
03968300,LAKEWOOD SCHOOL OF THERAPEUTIC MASSAGE  ,MI,48060-0000,Proprietary  ,2,7,9,18,65,83
03976500,ANN ARBOR INSTITUTE OF MASSAGE THERAPY  ,MI,48103-0000,Proprietary  ,2,6,8,47,111,158
04002400,ECUMENICAL THEOLOGICAL SEMINARY         ,MI,48201-3035,Private      ,0,9,9,9,141,150
04006300,NUVO COLLEGE OF COSMETOLOGY             ,MI,49441-3822,Proprietary  ,7,9,16,43,87,130
04014300,P&A SCHOLARS BEAUTY SCHOOL              ,MI,48204-0000,Proprietary  ,10,32,42,198,634,832
04055300,CREATIVE HAIR SCHOOL OF COSMETOLOGY     ,MI,48504-1234,Proprietary  ,2,6,8,7,22,29
04094300,ROBERT B. MILLER COLLEGE (THE)          ,MI,49017-3306,Private      ,2,8,10,104,400,504
04121100,GALLERY COLLEGE OF BEAUTY (THE)         ,MI,48036-3591,Proprietary  ,3,15,18,42,166,208
04136300,FOCUS:  HOPE INFORMATION TECHNOLOGIES CE,MI,48238-2949,Private      ,1,21,22,123,447,570
04138400,SCHOOL OF DESIGNING ARTS                ,MI,49015-2853,Proprietary  ,3,3,6,65,124,189
04140900,INTERNATIONAL COSMETOLOGY ACADEMY       ,MI,49508-1308,Proprietary  ,7,5,12,60,111,171
04141100,FRENCH ACADEMY OF COSMETOLOGY           ,MI,49456-3207,Proprietary  ,5,14,19,38,75,113
04158400,L'ESPRIT ACADEMY                        ,MI,48150-0000,Proprietary  ,9,13,22,115,160,275
04159300,MARKETTI ACADEMY OF COSMETOLOGY         ,MI,48329-3506,Proprietary  ,3,11,14,65,84,149
04163300,COMPASS COLLEGE OF CINEMATIC ARTS       ,MI,49503-4227,Private      ,1,1,2,171,93,264
04164700,KEWEENAW BAY OJIBWA COMMUNITY COLLEGE   ,MI,49908-0000,Public       ,6,16,22,27,80,107
04183300,ABCOTT INSTITUTE                        ,MI,48075-5227,Proprietary  ,4,36,40,46,229,275
04184700,PROTEGE ACADEMY                         ,MI,48823-8660,Proprietary  ,5,9,14,66,144,210
04207000,SCHOOL OF MISSIONARY AVIATION TECHNOLOGY,MI,48846-7412,Private      ,0,2,2,17,33,50
04211200,BRIGHTON INSTITUTE OF COSMETOLOGY       ,MI,48116-8360,Proprietary  ,0,1,1,27,41,68
04222300,MANTHANO CHRISTIAN COLLEGE              ,MI,48185-1919,Private      ,0,4,4,5,57,62
04230200,EXCEL ACADEMIES OF COSMETOLOGY          ,MI,48085-1300,Proprietary  ,1,3,4,39,53,92
04230400,EXCEL ACADEMIES OF COSMETOLOGY          ,MI,48912-4686,Proprietary  ,0,6,6,40,90,130
04230500,EXCEL ACADEMIES OF COSMETOLOGY          ,MI,49512-1781,Proprietary  ,2,4,6,52,44,96
04231800,PRINCESS BEAUTY SCHOOL                  ,MI,48127-2999,Proprietary  ,1,5,6,64,132,196
00233200,ANOKA-RAMSEY CC-CAMBRIDGE/COONRAPID     ,MN,55433-3499,Public       ,55,181,236,3825,4433,8258
00233400,AUGSBURG COLLEGE                        ,MN,55454-1351,Private      ,48,94,142,3198,2411,5609
00233500,RIVERLAND COMMUNITY COLLEGE             ,MN,55912-1473,Public       ,20,80,100,938,1559,2497
00233600,BEMIDJI STATE UNIVERSITY                ,MN,56601-2699,Public       ,49,70,119,3816,2345,6161
00233700,BETHANY LUTHERAN COLLEGE INC            ,MN,56001-6163,Private      ,5,2,7,605,79,684
00233900,CENTRAL LAKES COLG-BRAINERD/STAPLES     ,MN,56401-3900,Public       ,19,69,88,1192,1712,2904
00234000,CARLETON COLLEGE                        ,MN,55057-4001,Private      ,18,2,20,3482,95,3577
00234100,COLLEGE OF ST BENEDICT                  ,MN,56374-2099,Private      ,19,1,20,2191,74,2265
00234200,ST. CATHERINE UNIVERSITY                ,MN,55105-1789,Private      ,36,165,201,2814,3485,6299
00234300,COLLEGE OF ST SCHOLASTICA               ,MN,55811-4199,Private      ,19,168,187,2524,2810,5334
00234500,UNIVERSITY OF ST THOMAS                 ,MN,55105-1096,Private      ,51,135,186,6690,3461,10151
00234600,CONCORDIA COLLEGE-MOORHEAD              ,MN,56562-0001,Private      ,9,3,12,2495,209,2704
00234700,"CONCORDIA UNIVERSITY, ST PAUL, MN       ",MN,55104-5494,Private      ,36,273,309,1884,4190,6074
00235000,VERMILION COMMUNITY COLLEGE             ,MN,55731-1996,Public       ,2,6,8,447,151,598
00235300,GUSTAVUS ADOLPHUS COLLEGE               ,MN,56082-1498,Private      ,21,1,22,3312,115,3427
00235400,HAMLINE UNIVERSITY                      ,MN,55104-1284,Private      ,39,122,161,3706,2459,6165
00235500,HIBBING COMMUNITY COLLEGE               ,MN,55746-3300,Public       ,12,43,55,571,988,1559
00235600,ITASCA COMMUNITY COLLEGE                ,MN,55744-3397,Public       ,12,24,36,745,585,1330
00235700,LUTHER SEMINARY                         ,MN,55108-0000,Private      ,0,3,3,5,314,319
00235800,MACALESTER COLLEGE                      ,MN,55105-1899,Private      ,22,5,27,3634,178,3812
00236000,"MINNESOTA STATE UNIVERSITY, MANKATO     ",MN,56002-0000,Public       ,92,155,247,12111,4450,16561
00236100,MARTIN LUTHER COLLEGE                   ,MN,56073-3965,Private      ,3,4,7,700,69,769
00236200,MINNEAPOLIS COMM AND TECH COLLEGE       ,MN,55403-1779,Public       ,71,308,379,3973,9129,13102
00236500,MINNEAPOLIS COLLEGE OF ART & DESIGN     ,MN,55404-4343,Private      ,7,6,13,998,542,1540
00236600,CROSSROADS COLLEGE                      ,MN,55902-2382,Private      ,1,4,5,92,78,170
00236700,MINNESOTA STATE UNIVERSITY MOORHEAD     ,MN,56563-0001,Public       ,38,96,134,4352,2456,6808
00236900,NORTH CENTRAL UNIVERSITY                ,MN,55404-1391,Private      ,7,20,27,1168,481,1649
00237000,NORTH HENNEPIN COMMUNITY COLLEGE        ,MN,55445-2299,Public       ,84,189,273,3174,5603,8777
00237100,UNIVERSITY OF NORTHWESTERN- ST PAUL     ,MN,55113-1598,Private      ,21,47,68,2216,892,3108
00237300,ROCHESTER COMMUNITY/TECH COLLEGE        ,MN,55904-4999,Public       ,51,127,178,2681,3509,6190
00237500,SOUTHWEST MINNESOTA STATE UNIVERSITY    ,MN,56258-1598,Public       ,16,37,53,2053,1112,3165
00237700,ST CLOUD STATE UNIVERSITY               ,MN,56301-4498,Public       ,97,158,255,9609,5130,14739
00237900,SAINT JOHNS UNIVERSITY                  ,MN,56321-2000,Private      ,9,0,9,1921,97,2018
00238000,SAINT MARY'S UNIVERSITY                 ,MN,55987-1399,Private      ,9,273,282,1666,3950,5616
00238200,ST OLAF COLLEGE                         ,MN,55057-1098,Private      ,17,3,20,4133,153,4286
00238300,CROWN COLLEGE                           ,MN,55375-9001,Private      ,12,72,84,815,755,1570
00238500,NORTHLAND COMMUNITY & TECHNICAL CLG     ,MN,56701-2598,Public       ,33,60,93,1315,1678,2993
00238600,UNITED THEOLGCL SEMINRY TWIN CITIES     ,MN,55112-0000,Private      ,0,3,3,2,96,98
00238800,"UNIVERSITY OF MINNESOTA, DULUTH         ",MN,55812-2496,Public       ,80,46,126,9973,2232,12205
00238900,"UNIVERSITY OF MINNESOTA, MORRIS         ",MN,56267-2113,Public       ,17,5,22,2313,315,2628
00239100,WILLIAM MITCHELL COLLEGE OF LAW         ,MN,55105-0000,Private      ,1,20,21,5,1000,1005
00239300,MINNESOTA STATE COLLEGE-SE TECH         ,MN,55987-0409,Public       ,17,62,79,750,1307,2057
00239400,WINONA STATE UNIVERSITY                 ,MN,55987-5838,Public       ,54,59,113,7334,1837,9171
00396900,UNIVERSITY OF MINNESOTA-TWIN CITIES     ,MN,55455-0422,Public       ,333,428,761,35040,16015,51055
00400900,MESABI RANGE CMNTY & TECH COLLEGE       ,MN,55792-0000,Public       ,14,29,43,503,636,1139
00405708,NATIONAL AMERICAN UNIVERSITY            ,MN,55113-0000,Proprietary  ,4,21,25,29,326,355
00405715,NATIONAL AMERICAN UNIVERSITY - BLOOMINGT,MN,55425-5550,Proprietary  ,7,27,34,44,411,455
00406900,UNIVERSITY OF MINNESOTA-CROOKSTON       ,MN,56716-5001,Public       ,5,47,52,1039,1123,2162
00438600,VETERAN'S MEDICAL CTR- SCH RAD TECH     ,MN,55417-2399,Public       ,0,0,0,8,20,28
00464100,DUNWOODY COLLEGE OF TECHNOLOGY          ,MN,55403-1192,Private      ,15,31,46,759,1258,2017
00464200,GLOBE UNIVERSITY                        ,MN,55125-5408,Proprietary  ,59,299,358,826,2559,3385
00464500,MINNEAPOLIS BUSINESS COLLEGE            ,MN,55113-4036,Proprietary  ,3,7,10,230,186,416
00464600,MINNESOTA SCHOOL OF BUSINESS            ,MN,55423-0000,Proprietary  ,22,117,139,624,1972,2596
00525200,RIDGEWATER COLLEGE                      ,MN,56201-2098,Public       ,21,61,82,1866,1790,3656
00526300,MINNESOTA WEST CMNTY & TECH COLG        ,MN,56241-1096,Public       ,11,49,60,784,1313,2097
00553300,"SAINT PAUL COLLEGE, COMMUNITY/TECHNICAL ",MN,55102-1800,Public       ,71,237,308,3584,6977,10561
00553400,SAINT CLOUD TECHNICAL COLLEGE AND COMMUN,MN,56303-1240,Public       ,57,94,151,2995,2836,5831
00553500,PINE TECHNICAL COLLEGE                  ,MN,55063-2198,Public       ,6,34,40,253,739,992
00553700,SOUTH CENTRAL COLLEGE                   ,MN,56003-0000,Public       ,26,63,89,1589,1912,3501
00554100,MINNESOTA STATE COMMUNITY AND TECHNICAL ,MN,56573-1405,Public       ,54,120,174,2214,3180,5394
00554400,ALEXANDRIA TECHNICAL COLLEGE            ,MN,56308-3799,Public       ,12,35,47,1178,873,2051
00575700,LAKE SUPERIOR COLLEGE                   ,MN,55811-3399,Public       ,38,110,148,1942,2739,4681
00575900,NORTHWEST TECHNICAL COLLEGE - BEMIDJI   ,MN,56601-4907,Public       ,3,35,38,324,844,1168
00677500,RAINY RIVER COMMUNITY COLLEGE           ,MN,56649-2187,Public       ,1,1,2,168,124,292
00735000,ANOKA-HENNEPIN TECHNICAL COLLEGE        ,MN,55303-1590,Public       ,19,130,149,972,2398,3370
00735100,BROWN COLLEGE                           ,MN,55120-1004,Proprietary  ,0,6,6,74,348,422
00795400,NORMANDALE COMMUNITY COLLEGE            ,MN,55431-4399,Public       ,98,189,287,4872,5386,10258
00869400,RASMUSSEN COLLEGE - ST. CLOUD           ,MN,56301-3713,Proprietary  ,21,104,125,252,1366,1618
00869401,RASMUSSEN COLLEGE - BROOKLYN PARK       ,MN,55445-1512,Proprietary  ,11,95,106,159,1181,1340
00869406,RASMUSSEN COLLEGE - EAGAN               ,MN,55122-1346,Proprietary  ,6,81,87,163,1077,1240
00869407,RASMUSSEN COLLEGE - BLOOMINGTON         ,MN,55435-5444,Proprietary  ,14,112,126,234,1557,1791
00869409,RASMUSSEN COLLEGE - MANKATO             ,MN,56001-8658,Proprietary  ,12,62,74,244,933,1177
00869412,RASMUSSEN COLLEGE - LAKE ELMO           ,MN,55042-8624,Proprietary  ,14,78,92,138,814,952
00869416,RASMUSSEN COLLEGE - MOORHEAD            ,MN,56560-4513,Proprietary  ,9,48,57,164,681,845
00869417,RASMUSSEN COLLEGE - BLAINE              ,MN,55014-0000,Proprietary  ,9,77,86,187,1221,1408
00905800,BETHEL UNIVERSITY                       ,MN,55112-6999,Private      ,21,146,167,2990,2284,5274
00960000,COSMETOLOGY CAREERS UNLTD-DULUTH        ,MN,55802-2031,Proprietary  ,0,3,3,17,52,69
00974000,INVER HILLS COMMUNITY COLLEGE           ,MN,55076-3224,Public       ,47,127,174,2377,3575,5952
00983100,MODEL COLLEGE OF HAIR DESIGN            ,MN,56301-4280,Proprietary  ,5,10,15,74,98,172
00989200,"DULUTH BUSINESS UNIV, INC.              ",MN,55807-0000,Proprietary  ,1,15,16,82,285,367
00999200,OAK HILLS CHRISTIAN COLLEGE             ,MN,56601-0000,Private      ,2,1,3,127,77,204
01024800,ART INSTITUTES INTL MINNESOTA           ,MN,55402-3137,Proprietary  ,40,57,97,814,749,1563
01037400,METROPOLITAN STATE UNIVERSITY           ,MN,55106-5000,Public       ,28,272,300,2493,9567,12060
01040200,DAKOTA COUNTY TECHNICAL COLLEGE         ,MN,55068-2999,Public       ,34,70,104,1214,1965,3179
01049000,REGENCY BEAUTY INSTITUTE                ,MN,55428-0000,Proprietary  ,324,868,1192,3124,6180,9304
01049100,HENNEPIN TECHNICAL COLLEGE              ,MN,55445-2399,Public       ,36,175,211,1874,5540,7414
01054600,CENTURY COLLEGE                         ,MN,55110-1894,Public       ,102,246,348,4691,6817,11508
01173200,"MAYO CLINIC, COLLEGE OF MEDICINE        ",MN,55905-0000,Private      ,2,7,9,68,432,500
01173201,MAYO SCHOOL OF HEALTH-RELATED SCIEN     ,MN,55905-0000,Private      ,2,8,10,86,226,312
01173206,MAYO GRAD SCHOOL                        ,MN,55901-0000,Private      ,0,0,0,4,42,46
01173207,MAYO MEDICAL SCHOOL                     ,MN,55901-0000,Private      ,1,1,2,27,168,195
01232800,NORTHWESTERN HEALTH SCIENCES UNIV       ,MN,55431-1599,Private      ,3,24,27,85,901,986
02050300,ACADEMY COLLEGE                         ,MN,55420-1554,Proprietary  ,2,20,22,54,194,248
02097300,HASTINGS BEAUTY SCHOOL                  ,MN,55033-1205,Proprietary  ,2,3,5,21,43,64
02123200,AVEDA INSTITUTE                         ,MN,55414-0000,Proprietary  ,19,50,69,412,483,895
02159800,COSMETOLOGY CAREERS UNLTD - HIBBING     ,MN,55746-0000,Proprietary  ,1,7,8,15,33,48
02160901,PCI ACADEMY - PCI ACADEMY               ,MN,55446-4928,Proprietary  ,2,5,7,42,105,147
02238100,MINNESOTA SCHOOL OF COSMETOLOGY         ,MN,55125-0000,Proprietary  ,6,20,26,152,265,417
02260500,SUMMIT ACAD OPPORTUNITIES IND CTR       ,MN,55405-0000,Private      ,14,162,176,112,843,955
02504200,WALDEN UNIVERSITY                       ,MN,55401-2511,Proprietary  ,24,4486,4510,309,62586,62895
02514100,AMERICAN INDIAN OPPORTUNITIES CTR       ,MN,55404-0000,Private      ,0,8,8,15,120,135
03001200,MCNALLY SMITH COLLEGE OF MUSIC          ,MN,55101-2220,Proprietary  ,7,10,17,518,250,768
03051900,ALFRED ADLER GRADUATE SCHOOL            ,MN,55305-0000,Private      ,0,17,17,2,339,341
03096400,LEECH LAKE TRIBAL COLLEGE               ,MN,56633-0000,Public       ,2,8,10,67,400,467
03129100,FOND DU LAC TRIBAL & COMMUNITY CLG      ,MN,55720-2984,Public       ,13,37,50,456,856,1312
03267300,CAPELLA UNIVERSITY                      ,MN,55402-3389,Proprietary  ,42,3787,3829,438,57657,58095
03833300,AMERICAN ACADEMY OF ACUPUNCTURE AND ORIE,MN,55113-0000,Proprietary  ,0,9,9,3,68,71
03921400,WHITE EARTH TRIBAL AND COMMUNITY COLLEGE,MN,56557-0478,Private      ,0,9,9,16,111,127
04044300,HAZELDEN GRADUATE SCHOOL OF ADDICTION ST,MN,55012-0000,Private      ,0,10,10,1,221,222
04130200,INST. OF PRODUCTION AND RECORDING       ,MN,55401-1315,Proprietary  ,12,14,26,288,288,576
04148800,CENTERPOINT MASSAGE & SHIATSU THERAPY SC,MN,55414-4525,Proprietary  ,6,16,22,31,145,176
04157600,NOVA ACADEMY OF COSMETOLOGY             ,MN,55906-4103,Proprietary  ,2,15,17,36,81,117
04160500,AVALON SCHOOL OF COSMETOLOGY            ,MN,56187-1930,Proprietary  ,0,1,1,20,42,62
04174400,ROCHESTER SCHOOL OF HAIR DESIGN         ,MN,55901-4310,Proprietary  ,1,6,7,19,44,63
04175600,PARK AVENUE SCHOOL OF COSMETOLOGY       ,MN,56470-3361,Proprietary  ,2,11,13,26,96,122
04227800,BETHANY GLOBAL UNIVERSITY               ,MN,55438-2849,Private      ,3,1,4,171,69,240
00239600,ALCORN STATE UNIVERSITY                 ,MS,39096-7500,Public       ,152,158,310,4645,3720,8365
00239700,BELHAVEN UNIVERSITY                     ,MS,39202-1789,Private      ,37,386,423,2265,6282,8547
00239800,BLUE MOUNTAIN COLLEGE                   ,MS,38610-9370,Private      ,8,17,25,545,356,901
00240100,COAHOMA COMMUNITY COLLEGE               ,MS,38614-9799,Public       ,98,121,219,1790,1998,3788
00240200,COPIAH-LINCOLN COMMUNITY COLLEGE        ,MS,39191-0649,Public       ,75,107,182,2245,2073,4318
00240300,DELTA STATE UNIVERSITY                  ,MS,38733-0000,Public       ,90,120,210,3676,3014,6690
00240400,EAST CENTRAL COMMUNITY COLLEGE          ,MS,39327-0129,Public       ,58,75,133,2045,1661,3706
00240500,EAST MISSISSIPPI COMM COLLEGE           ,MS,39358-0000,Public       ,114,127,241,3596,2855,6451
00240700,HINDS COMMUNITY COLLEGE                 ,MS,39154-9799,Public       ,298,592,890,8219,10398,18617
00240800,HOLMES COMMUNITY COLLEGE                ,MS,39079-0000,Public       ,165,321,486,4247,5882,10129
00240900,ITAWAMBA COMMUNITY COLLEGE              ,MS,38843-1099,Public       ,122,181,303,4153,3290,7443
00241000,JACKSON STATE UNIVERSITY                ,MS,39217-0001,Public       ,265,421,686,10195,10778,20973
00241100,JONES COUNTY JUNIOR COLLEGE             ,MS,39437-3999,Public       ,111,152,263,4105,2749,6854
00241300,MERIDIAN COMMUNITY COLLEGE              ,MS,39307-5890,Public       ,59,159,218,2231,2780,5011
00241400,MILLSAPS COLLEGE                        ,MS,39201-0000,Private      ,36,36,72,1746,762,2508
00241500,MISSISSIPPI COLLEGE                     ,MS,39058-0001,Private      ,36,124,160,3293,3485,6778
00241501,MISSISSIPPI COLLEGE - SCHOOL OF LAW     ,MS,39201-1391,Private      ,3,10,13,103,741,844
00241600,MISSISSIPPI DELTA CMTY COLLEGE          ,MS,38761-0000,Public       ,86,98,184,2246,1990,4236
00241700,MISSISSIPPI GULF CST CLG                ,MS,39573-0000,Public       ,168,365,533,5801,7511,13312
00242200,MISSISSIPPI UNIV FOR WOMEN              ,MS,39701-5818,Public       ,42,88,130,1915,2586,4501
00242300,MISSISSIPPI STATE UNIVERSITY            ,MS,39762-9698,Public       ,361,261,622,19538,8054,27592
00242400,MISSISSIPPI VALLEY STATE UNIVERSITY     ,MS,38941-1400,Public       ,121,108,229,3324,2831,6155
00242600,NORTHEAST MS CMNTY COLLEGE              ,MS,38829-1731,Public       ,60,63,123,3071,1921,4992
00242700,NORTHWEST MISSISSIPPI COMMUNITY CLG     ,MS,38668-1703,Public       ,181,297,478,6278,5415,11693
00243000,PEARL RIVER COMMUNITY COLLEGE           ,MS,39470-2201,Public       ,123,184,307,3628,3380,7008
00243300,RUST COLLEGE                            ,MS,38635-2328,Private      ,38,15,53,1518,735,2253
00243500,SOUTHEASTERN BAPTIST COLLEGE            ,MS,39440-0000,Private      ,1,7,8,24,84,108
00243600,SOUTHWEST MISSISSIPPI CMNTY CLG         ,MS,39666-8099,Public       ,49,71,120,1608,1483,3091
00243900,TOUGALOO COLLEGE                        ,MS,39174-9799,Private      ,44,38,82,1509,867,2376
00244000,UNIVERSITY OF MISSISSIPPI               ,MS,38677-1848,Public       ,309,234,543,18462,7054,25516
00244001,UNIVERSITY OF MISSISSIPPI - MED CTR     ,MS,39216-0000,Public       ,15,70,85,796,2777,3573
00244100,UNIVERSITY OF SOUTHERN MISSISSIPPI      ,MS,39406-0001,Public       ,287,445,732,12809,10239,23048
00244700,WILLIAM CAREY UNIVERSITY                ,MS,39401-5499,Private      ,65,271,336,2275,4756,7031
00489809,MCCANN SCHOOL OF BUSINESS & TECHNOLOGY -,MS,39503-3167,Proprietary  ,1,13,14,32,198,230
01289101,ANTONELLI COLLEGE - JACKSON             ,MS,39232-9514,Proprietary  ,7,159,166,148,1638,1786
01289102,ANTONELLI COLLEGE - HATTIESBURG         ,MS,39401-3056,Proprietary  ,7,84,91,156,795,951
02074900,CHRIS' BEAUTY COLLEGE                   ,MS,39501-0000,Proprietary  ,5,13,18,43,164,207
02160500,NORTH MISSISSIPPI MED CTR MED TECH      ,MS,38801-0000,Private      ,1,5,6,46,152,198
02235900,ACADEMY OF HAIR DESIGN #4               ,MS,39208-0000,Proprietary  ,2,14,16,55,149,204
02244300,ACADEMY OF HAIR DESIGN #1               ,MS,39204-5008,Proprietary  ,8,33,41,103,338,441
02244305,ACADEMY OF HAIR DESIGN #1-ACADEMY OF HAI,MS,38901-5108,Proprietary  ,0,5,5,45,113,158
02249900,DELTA BEAUTY COLLEGE                    ,MS,38701-0000,Proprietary  ,1,10,11,33,103,136
02251600,ACADEMY OF HAIR DESIGN #6               ,MS,39401-7581,Proprietary  ,8,19,27,101,261,362
02251700,FOSTER'S COSMETOLOGY COLLEGE            ,MS,38663-0000,Proprietary  ,1,6,7,10,68,78
02302800,MISSISSIPPI COLLEGE OF BEAUTY CULT      ,MS,39440-0000,Proprietary  ,0,11,11,35,102,137
02320800,MAGNOLIA COLLEGE OF COSMETOLOGY         ,MS,39206-0000,Proprietary  ,10,33,43,110,364,474
02502100,CREATIONS COLLEGE OF COSMETOLOGY        ,MS,38803-0000,Proprietary  ,0,0,0,19,60,79
02516200,WESLEY BIBLICAL SEMINARY                ,MS,39206-0000,Private      ,1,12,13,5,153,158
02586000,J & J HAIR DESIGN COLLEGE               ,MS,39051-3716,Proprietary  ,1,2,3,30,102,132
03010603,VIRGINIA COLLEGE - JACKSON              ,MS,39206-5602,Proprietary  ,4,29,33,148,773,921
03010610,VIRGINIA COLLEGE - BILOXI               ,MS,39532-2124,Proprietary  ,1,23,24,102,487,589
03032400,KC'S SCHOOL OF HAIR DESIGN              ,MS,38863-0000,Proprietary  ,2,6,8,33,102,135
03263300,TRAXLER'S SCHOOL OF HAIR                ,MS,39212-2529,Proprietary  ,7,15,22,25,117,142
03294305,BLUE CLIFF COLLEGE - GULFPORT           ,MS,39503-0000,Proprietary  ,17,82,99,129,587,716
03464300,ACADEMY OF HAIR DESIGN                  ,MS,39562-0000,Proprietary  ,0,0,0,14,44,58
03848300,DAY SPA CAREER COLLEGE                  ,MS,39564-0000,Proprietary  ,1,4,5,22,105,127
03963300,HEALING TOUCH CAREER COLLEGE            ,MS,39402-1300,Proprietary  ,1,47,48,52,353,405
04131300,CORINTH ACADEMY OF COSMETOLOGY          ,MS,38834-4813,Proprietary  ,3,18,21,47,186,233
04140200,"MISSISSIPPI INSTITUTE OF AESTHETICS, NAI",MS,39056-5628,Proprietary  ,1,14,15,41,132,173
00252600,CARROLL COLLEGE                         ,MT,59625-0002,Private      ,26,2,28,2445,251,2696
00252700,UNIVERSITY OF GREAT FALLS               ,MT,59405-4996,Private      ,14,28,42,1056,598,1654
00252800,MILES COMMUNITY COLLEGE                 ,MT,59301-4799,Public       ,6,10,16,262,241,503
00252900,DAWSON COMMUNITY COLLEGE                ,MT,59330-1405,Public       ,3,4,7,199,134,333
00253000,MONTANA STATE UNIVERSITY - BILLINGS     ,MT,59101-0298,Public       ,47,154,201,2713,3225,5938
00253100,MONTANA TECH OF THE UNIV OF MONTANA     ,MT,59701-8997,Public       ,21,31,52,1602,1347,2949
00253200,MONTANA STATE UNIVERSITY - BOZEMAN      ,MT,59717-4160,Public       ,154,173,327,13485,4789,18274
00253300,MONTANA STATE UNIVERSITY-NORTHERN       ,MT,59501-3148,Public       ,16,31,47,854,827,1681
00253400,ROCKY MOUNTAIN COLLEGE                  ,MT,59102-1796,Private      ,17,22,39,1284,491,1775
00253600,UNIVERSITY OF MONTANA (THE)             ,MT,59812-0001,Public       ,166,228,394,8585,7219,15804
00253700,UNIVERSITY OF MONTANA WESTERN (THE)     ,MT,59725-3598,Public       ,15,22,37,1424,634,2058
00677700,FLATHEAD VALLEY COMMUNITY COLLEGE       ,MT,59901-2699,Public       ,30,59,89,919,1464,2383
00757000,HELENA COLLEGE OF TECHNOLOGY            ,MT,59601-3098,Public       ,14,38,52,499,929,1428
00790000,BUTTE ACADEMY OF BEAUTY CULTURE         ,MT,59701-9197,Proprietary  ,1,4,5,34,54,88
00931400,GREAT FALLS COLLEGE MONTANA STATE UNIVER,MT,59405-4907,Public       ,19,86,105,672,1685,2357
02143400,SALISH KOOTENAI COLLEGE                 ,MT,59855-0000,Public       ,10,52,62,360,867,1227
02286600,LITTLE BIG HORN COLLEGE                 ,MT,59022-0000,Public       ,1,30,31,106,167,273
02343000,FT PECK COMMUNITY COLLEGE               ,MT,59255-0000,Public       ,7,25,32,68,194,262
02510600,BLACKFEET COMMUNITY COLLEGE             ,MT,59417-0000,Private      ,21,76,97,175,466,641
02517500,FORT BELKNAP COLLEGE                    ,MT,59526-0000,Public       ,3,16,19,62,132,194
02545200,CHIEF DULL KNIFE COLLEGE                ,MT,59043-0098,Public       ,4,28,32,65,131,196
02610900,STONE CHILD COLLEGE                     ,MT,59521-9796,Public       ,8,37,45,84,196,280
02621300,ACADEMY OF COSMETOLOGY                  ,MT,59715-3544,Proprietary  ,1,0,1,50,54,104
03205300,MODERN BEAUTY SCHOOL                    ,MT,59801-8386,Proprietary  ,1,4,5,43,77,120
03763400,BOLD BEAUTY ACADEMY                     ,MT,59101-0000,Proprietary  ,4,11,15,79,172,251
03778300,HEALTH WORKS INSTITUTE                  ,MT,59715-0000,Proprietary  ,1,11,12,55,127,182
04163700,BITTERROOT SCHOOL OF COSMETOLOGY        ,MT,59840-3118,Proprietary  ,0,5,5,15,45,60
04164100,MONTANA ACADEMY OF SALON                ,MT,59405-0000,Proprietary  ,4,13,17,61,102,163
04187700,CREVIER'S SCHOOL OF COSMETOLOGY         ,MT,59901-4402,Proprietary  ,5,15,20,56,137,193
00253900,CHADRON STATE COLLEGE                   ,NE,69337-2690,Public       ,22,83,105,1876,1419,3295
00254000,COLLEGE OF ST MARY                      ,NE,68106-2606,Private      ,8,48,56,613,1169,1782
00254100,CONCORDIA UNIVERSITY                    ,NE,68434-1594,Private      ,7,102,109,1472,1535,3007
00254200,CREIGHTON UNIVERSITY                    ,NE,68178-0315,Private      ,60,142,202,6505,5346,11851
00254400,DOANE COLLEGE                           ,NE,68333-2421,Private      ,17,97,114,1664,1260,2924
00254700,GRACE UNIVERSITY                        ,NE,68108-3629,Private      ,4,27,31,396,409,805
00254800,HASTINGS COLLEGE                        ,NE,68901-7621,Private      ,13,15,28,1524,300,1824
00255100,UNIVERSITY OF NEBRASKA AT KEARNEY       ,NE,68849-0001,Public       ,43,95,138,4440,2264,6704
00255200,MCCOOK COMMUNITY COLLEGE                ,NE,69001-2631,Public       ,0,0,0,23,17,40
00255300,MIDLAND UNIVERSITY                      ,NE,68025-4254,Private      ,19,16,35,1682,393,2075
00255400,UNIVERSITY OF NEBRASKA-OMAHA            ,NE,68182-0001,Public       ,124,303,427,9854,7477,17331
00255500,NEBRASKA WESLEYAN UNIVERSITY            ,NE,68504-2796,Private      ,24,49,73,2017,912,2929
00255700,MID-PLAINS COMM. COLLEGE-ALL CAMPUSES   ,NE,69101-9420,Public       ,15,43,58,659,838,1497
00255900,PERU STATE COLLEGE                      ,NE,68421-0010,Public       ,18,54,72,1222,1091,2313
00256000,WESTERN NEBRASKA COMMUNITY COLLEGE      ,NE,69361-1815,Public       ,16,47,63,712,818,1530
00256300,UNION COLLEGE                           ,NE,68506-4387,Private      ,11,6,17,890,428,1318
00256500,UNIVERSITY OF NEBRASKA-LINCOLN          ,NE,68588-0419,Public       ,171,186,357,16967,5252,22219
00256596,UNIVERSITY OF NEBRASKA - CURTIS         ,NE,69025-9522,Public       ,4,0,4,291,62,353
00256600,WAYNE STATE COLLEGE                     ,NE,68787-1172,Public       ,28,35,63,3061,944,4005
00256700,YORK COLLEGE                            ,NE,68467-2699,Private      ,1,4,5,403,121,524
00443600,REGNL WST MEDCL CTR SCHL RAD            ,NE,69361-0000,Private      ,1,0,1,18,12,30
00458608,KAPLAN UNIVERSITY - OMAHA               ,NE,68134-1002,Proprietary  ,13,141,154,160,1715,1875
00458609,KAPLAN UNIVERSITY - LINCOLN             ,NE,68508-2668,Proprietary  ,9,107,116,120,1180,1300
00639900,BRYANLGH COLLEGE OF HEALTH SCIENCES     ,NE,68506-1398,Private      ,6,22,28,428,483,911
00640400,NEBR METHODIST CLG OF NURS ALLD HLTH    ,NE,68114-2852,Private      ,13,52,65,500,1131,1631
00689500,UNIVERSITY OF NEBRASKA-MED CTR          ,NE,68198-4265,Public       ,12,72,84,727,2630,3357
00750100,VATTEROTT COLLEGE                       ,NE,68137-1237,Proprietary  ,0,0,0,24,179,203
00849200,ALEGENT HEALTH SCHOOLS                  ,NE,68114-2767,Private      ,0,17,17,74,236,310
00952300,BAHNER COLLEGE OF HAIRSTYLING           ,NE,68025-3297,Proprietary  ,1,5,6,16,38,54
00961700,CAPITOL BEAUTY SCHOOL                   ,NE,68144-0000,Proprietary  ,6,11,17,158,214,372
00974300,BELLEVUE UNIVERSITY                     ,NE,68005-0000,Private      ,44,728,772,861,8831,9692
00986200,CLARKSON COLLEGE                        ,NE,68131-2739,Private      ,10,64,74,538,1423,1961
01151900,JOSEPH'S COLLEGE OF BEAUTY/ALL CAMPUSES ,NE,68510-2226,Proprietary  ,15,30,45,201,319,520
01166700,NORTHEAST COMMUNITY COLLEGE             ,NE,68702-0000,Public       ,23,50,73,2014,1347,3361
01258600,METROPOLITAN COMMUNITY COLLEGE          ,NE,68103-0000,Public       ,223,901,1124,5202,11161,16363
01297600,NEBRASKA CHRISTIAN COLLEGE              ,NE,68046-4256,Private      ,3,2,5,133,62,195
02079700,COLLEGE OF HAIR DESIGN                  ,NE,68508-0000,Proprietary  ,7,19,26,142,230,372
02099500,CENTRAL COMMUNITY COLLEGE-ALL CAMPUSES  ,NE,68801-7299,Public       ,47,155,202,1971,2481,4452
02508300,SOUTHEAST COMM. COLLEGE-ALL CAMPUSES    ,NE,68520-0000,Public       ,145,392,537,4449,5599,10048
02550800,NEBRASKA INDIAN COMMUNITY COLLEGE       ,NE,68039-0000,Public       ,2,16,18,33,132,165
02610500,XENON INTERNATIONAL ACADEMY II          ,NE,68127-3522,Proprietary  ,10,20,30,209,281,490
03164300,THE CREATIVE CENTER                     ,NE,68164-2911,Proprietary  ,3,5,8,107,87,194
03279300,MYOTHERAPY INSTITUTE                    ,NE,68516-0000,Proprietary  ,0,5,5,32,60,92
03323300,LITTLE PRIEST TRIBAL COLLEGE            ,NE,68071-0000,Private      ,2,13,15,36,123,159
03821400,UNIVERSAL COLLEGE OF HEALING ARTS       ,NE,68112-1810,Proprietary  ,1,13,14,23,136,159
04240800,SUMMIT CHRISTIAN COLLEGE                ,NE,69341-2306,Private      ,3,0,3,10,7,17
00256800,UNIVERSITY OF NEVADA RENO               ,NV,89557-0002,Public       ,340,248,588,19282,7744,27026
00256900,UNIVERSITY OF NEVADA-LAS VEGAS          ,NV,89154-1001,Public       ,494,689,1183,23349,19899,43248
00697700,GREAT BASIN COLLEGE                     ,NV,89801-3348,Public       ,28,108,136,792,1468,2260
00732954,ITT TECHNICAL INSTITUTE                 ,NV,89014-6712,Proprietary  ,23,104,127,288,950,1238
00736700,MARINELLO SCHOOLS OF BEAUTY             ,NV,89110-3563,Proprietary  ,3,32,35,189,634,823
00736701,MARINELLO SCHOOLS OF BEAUTY -           ,NV,89014-2244,Proprietary  ,3,17,20,88,221,309
00737100,MARINELLO SCHOOL OF BEAUTY              ,NV,89502-6530,Proprietary  ,6,14,20,157,304,461
00919200,SIERRA NEVADA COLLEGE                   ,NV,89451-0000,Private      ,9,71,80,611,829,1440
01036200,COLLEGE OF SOUTHERN NEVADA              ,NV,89146-1139,Public       ,540,1296,1836,17638,29722,47360
01036300,WESTERN NEVADA COLLEGE                  ,NV,89703-0000,Public       ,49,140,189,1300,2859,4159
01246110,LINCOLN TECHNICAL INSTITUTE-EUPH INST OF,NV,89117-8803,Proprietary  ,24,42,66,180,416,596
01246111,LINCOLN TECHNICAL INSTITUTE-EUPH INS OFB,NV,89052-4964,Proprietary  ,9,23,32,85,174,259
01323200,ACADEMY OF HAIR DESIGN                  ,NV,89146-1617,Proprietary  ,18,72,90,221,615,836
02107700,TRUCKEE MEADOWS COMMUNITY CLG           ,NV,89512-0000,Public       ,197,388,585,4725,7181,11906
02237500,EVEREST COLLEGE                         ,NV,89103-0000,Private      ,24,122,146,529,1767,2296
02338512,GLENDALE CAREER COLLEGE - NEVADA CAREER ,NV,89131-3268,Proprietary  ,3,15,18,80,317,397
02616703,SCOTTSDALE CULINARY INSTITUTE - LE CORDO,NV,89144-7047,Proprietary  ,2,16,18,162,391,553
02621500,CAREER COLLEGE OF NORTHERN NEVADA       ,NV,89434-7905,Proprietary  ,23,88,111,291,905,1196
03030603,UTAH CLG OF MASSAGE THERAPY-NSMT        ,NV,89123-0000,Proprietary  ,22,63,85,157,501,658
03031405,INTERNATIONAL ACADEMY OF DESIGN AND TECH,NV,89074-7750,Proprietary  ,1,14,15,119,224,343
03043200,KAPLAN COLLEGE                          ,NV,89102-8618,Proprietary  ,49,244,293,773,2592,3365
03787300,EXPERTISE SCHOOL OF BEAUTY              ,NV,89106-2516,Private      ,4,44,48,89,375,464
03838500,NORTHWEST HEALTH CAREERS                ,NV,89128-0255,Proprietary  ,20,66,86,270,880,1150
03975300,INSTITUTE OF PROFESSIONAL CAREERS       ,NV,89119-7825,Proprietary  ,3,34,37,115,492,607
04051303,ART INSTITUTE OF PHOENIX (THE) - ART INS,NV,89074-7737,Proprietary  ,13,26,39,408,480,888
04065300,ROSEMAN UNIVERSITY OF HEALTH SCIENCES   ,NV,89014-2333,Private      ,2,30,32,170,1892,2062
04114300,NEVADA STATE COLLEGE                    ,NV,89002-9455,Public       ,61,149,210,2614,4458,7072
04142601,TOURO UNIVERSITY - NEVADA               ,NV,89014-8800,Private      ,1,30,31,147,1032,1179
04144800,INTERNATIONAL ACADEMY OF STYLE          ,NV,89509-3450,Proprietary  ,7,23,30,98,191,289
04147600,AVEDA INSTITUTE LAS VEGAS               ,NV,89119-6103,Proprietary  ,22,51,73,227,539,766
04171000,ADVANCED TRAINING INSTITUTE             ,NV,89115-7504,Proprietary  ,34,113,147,284,1053,1337
04180500,ADVANCED BEAUTY SCHOOL OF COSMETOLOGY   ,NV,89103-5864,Proprietary  ,0,0,0,80,231,311
04186300,PAUL MITCHELL THE SCHOOL LAS VEGAS      ,NV,89123-8014,Proprietary  ,34,46,80,338,548,886
04190300,AMERICAN INSTITUTE OF MEDICAL SONOGRAPHY,NV,89146-6597,Proprietary  ,0,0,0,92,208,300
04191100,DESTINATION ACADEMY FOR SPA AND SALON PR,NV,89147-8397,Proprietary  ,0,2,2,5,20,25
04203100,PAUL MITCHELL THE SCHOOL RENO           ,NV,89501-3356,Proprietary  ,15,35,50,149,248,397
04226200,HEALTHCARE PREPARATORY INSTITUTE        ,NV,89130-2580,Proprietary  ,8,34,42,168,538,706
00257200,COLBY-SAWYER COLLEGE                    ,NH,03257-4648,Private      ,10,2,12,2218,130,2348
00257300,DARTMOUTH COLLEGE                       ,NH,03755-3529,Private      ,96,19,115,11438,1770,13208
00257500,FRANKLIN PIERCE UNIVERSITY              ,NH,03461-0060,Private      ,44,72,116,3263,1322,4585
00257900,NEW ENGLAND COLLEGE                     ,NH,03242-3293,Private      ,35,201,236,2551,2341,4892
00258000,SOUTHERN NEW HAMPSHIRE UNIVERSITY       ,NH,03106-1045,Private      ,713,7932,8645,10841,80950,91791
00258100,NHTI  - CONCORD'S COMMUNITY COLLEGE     ,NH,03301-7412,Public       ,50,84,134,2765,2133,4898
00258200,MANCHESTER COMMUNITY COLLEGE            ,NH,03102-8518,Public       ,45,100,145,1575,2079,3654
00258300,GREAT BAY COMMUNITY COLLEGE             ,NH,03801-0000,Public       ,34,61,95,1114,1390,2504
00258600,RIVIER UNIVERSITY                       ,NH,03060-5086,Private      ,15,76,91,1359,1284,2643
00258700,SAINT ANSELM COLLEGE                    ,NH,03102-1310,Private      ,25,6,31,4009,188,4197
00258900,UNIVERSITY OF NEW HAMPSHIRE             ,NH,03824-2511,Public       ,128,99,227,22130,4042,26172
00258903,UNIVERSITY OF NEW HAMPSHIRE - SCHOOL OF ,NH,03301-4115,Public       ,0,0,0,0,14,14
00259000,KEENE STATE COLLEGE                     ,NH,03431-0000,Public       ,65,9,74,7102,670,7772
00259100,PLYMOUTH STATE UNIVERSITY               ,NH,03264-1595,Public       ,54,45,99,6929,1460,8389
00301004,ANTIOCH UNIVERSITY                      ,NH,03431-0000,Private      ,0,16,16,13,769,782
00472900,MOUNT WASHINGTON COLLEGE                ,NH,03103-7230,Proprietary  ,0,10,10,189,928,1117
00472901,HESSER COLLEGE - NASHUA CAMPUS          ,NH,03063-1286,Proprietary  ,0,0,0,0,2,2
00473100,DANIEL WEBSTER COLLEGE                  ,NH,03063-1300,Proprietary  ,13,26,39,853,371,1224
00529100,WHITE MOUNTAINS COMMUNITY COLLEGE       ,NH,03570-3799,Public       ,14,33,47,396,569,965
00702500,LEBANON COLLEGE                         ,NH,03766-0000,Private      ,0,0,0,0,1,1
00755500,LAKES REGION COMMUNITY COLLEGE          ,NH,03246-1326,Public       ,20,39,59,657,736,1393
00756000,RIVER VALLEY COMMUNITY COLLEGE          ,NH,03743-9707,Public       ,12,28,40,365,824,1189
00864500,EMPIRE BEAUTY SCHOOL                    ,NH,03220-0000,Proprietary  ,14,28,42,139,206,345
00923600,NASHUA COMMUNITY COLLEGE                ,NH,03063-2052,Public       ,36,62,98,1192,1109,2301
01318900,CONTINENTAL ACADEMIE OF HAIR DESIGN     ,NH,03051-3754,Proprietary  ,4,2,6,52,39,91
02140400,ST JOSEPH SCH OF PRAC NRSG              ,NH,03060-0000,Private      ,4,21,25,63,268,331
02174800,MICHAEL'S SCHOOL OF HAIR DESIGN & ESTHET,NH,03110-0000,Proprietary  ,8,22,30,112,141,253
02179600,EMPIRE BEAUTY SCHOOL                    ,NH,03878-0000,Proprietary  ,7,28,35,85,180,265
02211600,PORTSMOUTH BTY SCH OF HAIR DESIGN       ,NH,03801-4084,Proprietary  ,1,5,6,48,44,92
02223300,NORTHEAST CATHOLIC COLLEGE              ,NH,03278-4012,Private      ,0,0,0,89,14,103
02245400,KEENE BEAUTY ACADEMY                    ,NH,03431-0000,Proprietary  ,1,5,6,46,62,108
02247000,NEW ENGLAND SCHOOL OF HAIR DESIGN       ,NH,03784-0000,Proprietary  ,2,4,6,20,43,63
03043100,THOMAS MORE COLLEGE OF LIBERAL ARTS     ,NH,03054-4818,Private      ,0,0,0,101,13,114
03101300,GRANITE STATE COLLEGE                   ,NH,03301-6400,Public       ,15,147,162,481,2721,3202
03182300,NEW HAMPSHIRE INSTITUTE OF ART          ,NH,03104-4858,Private      ,9,8,17,620,223,843
03437300,UPPER VALLEY TEACHER TRANING PROGRAM    ,NH,03766-1358,Private      ,0,0,0,1,38,39
03729300,NH INSTITUTE FOR THERAPEUTIC ARTS       ,NH,03051-4906,Proprietary  ,0,3,3,11,54,65
04162200,LAIRD INSTITUTE OF SPA THERAPY          ,NH,03102-5263,Proprietary  ,3,19,22,32,83,115
00267000,SUMMIT UNIVERSITY OF PENNSYLVANIA       ,PA,18411-1297,Private      ,8,21,29,548,477,1025
00322800,BRYN ATHYN COLLEGE OF THE NEW CHURCH    ,PA,19009-0717,Private      ,2,3,5,338,57,395
00322900,ALBRIGHT COLLEGE                        ,PA,19612-5234,Private      ,62,53,115,4828,1208,6036
00323000,ALLEGHENY COLLEGE                       ,PA,16335-3902,Private      ,23,4,27,3387,156,3543
00323100,COMMUNITY COLLEGE OF ALLEGHENY COUNTY   ,PA,15233-1804,Public       ,113,365,478,3068,5902,8970
00323101,COMMUNITY COLLEGE OF ALLEGHENY COUNTY - ,PA,15146-1348,Public       ,49,129,178,1492,2459,3951
00323102,COMMUNITY COLLEGE OF ALLEGHENY COUNTY - ,PA,15237-5353,Public       ,69,170,239,1901,2458,4359
00323103,COMMUNITY COLLEGE OF ALLEGHENY COUNTY - ,PA,15122-3029,Public       ,55,107,162,1702,2136,3838
00323300,ALVERNIA UNIVERSITY                     ,PA,19607-1799,Private      ,24,71,95,2410,1808,4218
00323500,ARCADIA UNIVERSITY                      ,PA,19038-3295,Private      ,51,54,105,6449,1890,8339
00323700,BRYN MAWR COLLEGE                       ,PA,19010-2899,Private      ,24,17,41,1965,511,2476
00323800,BUCKNELL UNIVERSITY                     ,PA,17837-2122,Private      ,45,2,47,6603,224,6827
00323900,BUCKS COUNTY COMMUNITY COLLEGE          ,PA,18940-1320,Public       ,100,199,299,4150,3911,8061
00324000,BUTLER COUNTY COMMUNITY COLLEGE         ,PA,16001-0000,Public       ,36,97,133,2010,1807,3817
00324100,CABRINI COLLEGE                         ,PA,19087-3698,Private      ,33,58,91,2236,840,3076
00324200,CARNEGIE MELLON UNIVERSITY              ,PA,15213-3890,Private      ,87,26,113,13632,1603,15235
00324201,CARNEGIE MELLON UNIV- THE HEINZ COLLEGE ,PA,15213-0000,Private      ,2,18,20,158,601,759
00324202,CARNEGIE MELLON- TEPPER SCHOOL OF BUSINE,PA,15213-0000,Private      ,3,10,13,259,505,764
00324300,CEDAR CREST COLLEGE                     ,PA,18104-6196,Private      ,21,52,73,1166,1409,2575
00324400,CHATHAM UNIVERSITY                      ,PA,15232-2826,Private      ,10,50,60,1098,1789,2887
00324500,CHESTNUT HILL COLLEGE                   ,PA,19118-2693,Private      ,15,43,58,1694,2143,3837
00324700,MISERICORDIA  UNIVERSITY                ,PA,18612-1008,Private      ,13,41,54,2530,1474,4004
00324900,COMMUNITY COLLEGE OF PHILADELPHIA       ,PA,19130-3991,Public       ,292,845,1137,13078,23618,36696
00325100,CURTIS INSTITUTE OF MUSIC               ,PA,19103-6187,Private      ,0,2,2,286,144,430
00325200,DELAWARE VALLEY UNIVERSITY              ,PA,18901-2697,Private      ,32,22,54,2812,536,3348
00325300,DICKINSON COLLEGE                       ,PA,17013-2896,Private      ,19,5,24,3723,197,3920
00325600,DREXEL UNIVERSITY                       ,PA,19104-2875,Private      ,278,552,830,25212,17427,42639
00325800,DUQUESNE UNIVERSITY                     ,PA,15282-0001,Private      ,64,77,141,8357,3675,12032
00325900,EASTERN UNIVERSITY                      ,PA,19087-3696,Private      ,21,108,129,2321,2474,4795
00326200,ELIZABETHTOWN COLLEGE                   ,PA,17022-2298,Private      ,13,26,39,2876,778,3654
00326300,EVANGELICAL SCHOOL OF THEOLOGY          ,PA,17067-0000,Private      ,0,2,2,1,98,99
00326500,FRANKLIN & MARSHALL COLLEGE             ,PA,17604-0000,Private      ,40,5,45,4207,225,4432
00326600,GANNON UNIVERSITY                       ,PA,16541-0001,Private      ,20,18,38,3726,1355,5081
00326700,GENEVA COLLEGE                          ,PA,15010-3599,Private      ,9,23,32,1837,808,2645
00326800,GETTYSBURG COLLEGE                      ,PA,17325-1486,Private      ,27,7,34,4513,220,4733
00326900,GROVE CITY COLLEGE                      ,PA,16127-2104,Private      ,12,1,13,1738,60,1798
00327000,GWYNEDD MERCY UNIVERSITY                ,PA,19437-0901,Private      ,11,114,125,1604,2045,3649
00327200,HARCUM COLLEGE                          ,PA,19010-3476,Private      ,25,31,56,894,1908,2802
00327300,HARRISBURG AREA COMMUNITY COLLEGE       ,PA,17110-2999,Public       ,222,706,928,9781,15423,25204
00327400,HAVERFORD COLLEGE                       ,PA,19041-1392,Private      ,18,1,19,2214,75,2289
00327500,HOLY FAMILY UNIVERSITY                  ,PA,19114-2094,Private      ,23,64,87,2049,1862,3911
00327600,IMMACULATA UNIVERSITY                   ,PA,19345-0647,Private      ,20,53,73,1622,1477,3099
00327700,INDIANA UNIVERSITY OF PENNSYLVANIA      ,PA,15705-1097,Public       ,160,118,278,14179,3749,17928
00327900,JUNIATA COLLEGE                         ,PA,16652-2196,Private      ,11,4,15,2441,127,2568
00328000,KEYSTONE COLLEGE                        ,PA,18440-0200,Private      ,21,23,44,1608,603,2211
00328200,KINGS COLLEGE                           ,PA,18711-0801,Private      ,31,21,52,3139,601,3740
00328300,LACKAWANNA COLLEGE                      ,PA,18509-9961,Private      ,37,50,87,1671,1166,2837
00328400,LAFAYETTE COLLEGE                       ,PA,18042-1768,Private      ,35,4,39,4717,168,4885
00328500,LANCASTER BIBLE COLLEGE                 ,PA,17601-5036,Private      ,6,86,92,942,1226,2168
00328600,LANCASTER THEOLOGICAL SEMINARY          ,PA,17603-0000,Private      ,0,4,4,3,125,128
00328700,LASALLE UNIVERSITY                      ,PA,19141-1199,Private      ,59,118,177,6394,4138,10532
00328800,LEBANON VALLEY COLLEGE                  ,PA,17003-1400,Private      ,18,7,25,3000,289,3289
00328900,LEHIGH UNIVERSITY                       ,PA,18015-1588,Private      ,74,31,105,9278,884,10162
00329000,LINCOLN UNIVERSITY                      ,PA,19352-0999,Public       ,91,52,143,3733,1248,4981
00329100,LUTHERAN THEOLOG SEMINARY-GETTYSBRG     ,PA,17325-0000,Private      ,0,0,0,1,77,78
00329200,LUTHERAN THEOLOGICAL SEMINARY           ,PA,19119-0000,Private      ,0,4,4,2,193,195
00329300,LYCOMING COLLEGE                        ,PA,17701-5192,Private      ,29,4,33,1975,171,2146
00329400,MANOR COLLEGE                           ,PA,19046-3399,Private      ,14,13,27,750,619,1369
00329600,MARYWOOD UNIVERSITY                     ,PA,18509-1598,Private      ,19,37,56,2750,1403,4153
00329700,MERCYHURST UNIVERSITY                   ,PA,16546-0001,Private      ,32,43,75,3725,1569,5294
00329800,MESSIAH COLLEGE                         ,PA,17027-0000,Private      ,14,18,32,3382,630,4012
00330000,MOORE COLLEGE OF ART & DESIGN           ,PA,19103-1179,Private      ,7,18,25,722,362,1084
00330100,MORAVIAN COLLEGE                        ,PA,18018-6650,Private      ,28,21,49,2711,523,3234
00330101,MORAVIAN THEOLOGICAL SEMINARY           ,PA,18018-0000,Private      ,0,2,2,10,92,102
00330200,MOUNT ALOYSIUS COLLEGE                  ,PA,16630-1999,Private      ,6,15,21,1371,799,2170
00330300,CARLOW UNIVERSITY                       ,PA,15213-3165,Private      ,14,43,57,1356,2093,3449
00330400,MUHLENBERG COLLEGE                      ,PA,18104-5586,Private      ,29,13,42,3881,421,4302
00330600,UNIVERSITY OF VALLEY FORGE              ,PA,19460-2399,Private      ,15,37,52,815,484,1299
00330900,PEIRCE COLLEGE                          ,PA,19102-4699,Private      ,15,134,149,507,2688,3195
00331100,SALUS UNIVERSITY                        ,PA,19027-1598,Private      ,0,4,4,27,1276,1303
00331300,WIDENER UNIVERSITY                      ,PA,19013-5792,Private      ,47,87,134,5090,2986,8076
00331302,WIDENER UNIV SCH OF LAW- HARRISBURG     ,PA,17106-9381,Private      ,0,7,7,28,449,477
00331500,BLOOMSBURG UNIVERSITY OF PA             ,PA,17815-1301,Public       ,165,56,221,13269,2286,15555
00331600,CALIFORNIA UNIV OF PENNSYLVANIA         ,PA,15419-1394,Public       ,71,164,235,6048,4761,10809
00331700,CHEYNEY UNIVERSITY OF PENNSYLVANIA      ,PA,19319-0200,Public       ,39,25,64,1540,807,2347
00331800,CLARION UNIVERSITY OF PENNSYLVANIA      ,PA,16214-1232,Public       ,39,82,121,4649,2329,6978
00332000,EAST STROUDSBURG UNIVERSITY             ,PA,18301-2999,Public       ,155,57,212,8284,2229,10513
00332100,EDINBORO UNIVERSITY OF PENNSYLVANIA     ,PA,16444-0001,Public       ,41,101,142,5711,3037,8748
00332200,KUTZTOWN UNIVERSITY OF PENNSYLVANIA     ,PA,19530-9339,Public       ,99,39,138,11296,2280,13576
00332300,LOCK HAVEN UNIV OF PENNSYLVANIA         ,PA,17745-2439,Public       ,107,58,165,5273,1405,6678
00332400,MANSFIELD UNIVERSITY                    ,PA,16933-1123,Public       ,34,26,60,2750,718,3468
00332500,MILLERSVILLE UNIVERSITY OF PA           ,PA,17551-1800,Public       ,79,61,140,8672,2609,11281
00332600,SHIPPENSBURG UNIVERSITY                 ,PA,17257-2299,Public       ,170,53,223,8551,1774,10325
00332700,SLIPPERY ROCK UNIVERSITY                ,PA,16057-1326,Public       ,59,78,137,8801,2323,11124
00332800,WEST CHESTER UNIVERSITY                 ,PA,19383-0001,Public       ,245,148,393,18065,5532,23597
00332900,PENNSYLVANIA STATE UNIVERSITY (THE)     ,PA,16802-1503,Public       ,1270,1132,2402,77197,31280,108477
00335000,UNIVERSITY OF THE ARTS (THE)            ,PA,19102-9493,Private      ,38,15,53,2936,687,3623
00335100,CAIRN UNIVERSITY                        ,PA,19047-2942,Private      ,7,14,21,804,410,1214
00335200,PHILADELPHIA CLG OSTEOPATHIC MED        ,PA,19131-0000,Private      ,0,39,39,50,3483,3533
00335300,UNIVERSITY OF THE SCIENCES IN PHILADELPH,PA,19104-4495,Private      ,40,33,73,3149,1665,4814
00335400,PHILADELPHIA UNIVERSITY                 ,PA,19144-5497,Private      ,53,106,159,4281,2800,7081
00335600,PITTSBURGH THEOLOGICAL SEMINARY         ,PA,15206-0000,Private      ,0,7,7,6,185,191
00335700,POINT PARK UNIVERSITY                   ,PA,15222-1912,Private      ,33,123,156,3909,2548,6457
00335800,REFORMED PRESBYTERIAN THEOL SEMINAR     ,PA,15208-0000,Private      ,0,0,0,1,25,26
00335900,ROBERT MORRIS UNIVERSITY                ,PA,15108-1189,Private      ,63,74,137,5416,2070,7486
00336000,ROSEMONT COLLEGE                        ,PA,19010-1699,Private      ,24,37,61,748,646,1394
00336200,SETON HILL UNIVERSITY                   ,PA,15601-1599,Private      ,18,15,33,2156,880,3036
00336400,ST. CHARLES BORROMEO SEMINARY           ,PA,19096-0000,Private      ,1,3,4,31,28,59
00336600,SAINT FRANCIS UNIVERSITY                ,PA,15940-0600,Private      ,12,32,44,2245,837,3082
00336700,SAINT JOSEPH'S UNIVERSITY               ,PA,19131-1395,Private      ,84,228,312,7926,3849,11775
00336800,ST VINCENT COLLEGE                      ,PA,15650-2690,Private      ,11,4,15,2120,281,2401
00336900,SUSQUEHANNA UNIVERSITY                  ,PA,17870-1001,Private      ,41,6,47,3948,142,4090
00337000,SWARTHMORE COLLEGE                      ,PA,19081-1397,Private      ,24,5,29,4223,134,4357
00337100,TEMPLE UNIVERSITY                       ,PA,19122-6003,Private      ,473,424,897,38097,20111,58208
00337500,THEOLOGICAL SEMINARY REFORMED EPISCOPAL ,PA,19422-1257,Private      ,0,1,1,0,3,3
00337600,THIEL COLLEGE                           ,PA,16125-2181,Private      ,12,1,13,1572,119,1691
00337800,UNIVERSITY OF PENNSYLVANIA              ,PA,19104-6216,Private      ,199,225,424,23881,12180,36061
00337900,UNIVERSITY OF PITTSBURGH                ,PA,15260-0000,Public       ,290,213,503,32689,9848,42537
00337906,UNIVERSITY OF PITTSBURGH - SCHOOL OF MED,PA,15261-0001,Public       ,4,6,10,214,938,1152
00337907,UNIVERSITY OF PITTSBURGH - SCHOOL OF DEN,PA,15261-2523,Public       ,0,0,0,103,367,470
00338400,UNIVERSITY OF SCRANTON                  ,PA,18510-4622,Private      ,72,81,153,8170,1581,9751
00338500,URSINUS COLLEGE                         ,PA,19426-1000,Private      ,21,3,24,2730,101,2831
00338600,VALLEY FORGE MILITARY COLLEGE           ,PA,19087-3695,Private      ,7,2,9,535,86,621
00338800,VILLANOVA UNIVERSITY                    ,PA,19085-1699,Private      ,87,134,221,12876,3210,16086
00338801,VILLANOVA UNIV SCH OF LAW               ,PA,19085-0000,Private      ,0,7,7,36,978,1014
00338900,WASHINGTON & JEFFERSON COLLEGE          ,PA,15301-4801,Private      ,26,3,29,2751,123,2874
00339100,WAYNESBURG UNIVERSITY                   ,PA,15370-1222,Private      ,15,18,33,1962,606,2568
00339200,WESTMINSTER COLLEGE                     ,PA,16172-0002,Private      ,13,4,17,1853,178,2031
00339300,WESTMINSTER THEOLOGICAL SEMINARY        ,PA,19038-0000,Private      ,0,3,3,7,283,290
00339400,WILKES UNIVERSITY                       ,PA,18766-0998,Private      ,38,172,210,3649,2203,5852
00339500,PENNSYLVANIA COLLEGE OF TECHNOLOGY      ,PA,17701-5779,Public       ,24,36,60,4949,2260,7209
00339600,WILSON COLLEGE                          ,PA,17201-1285,Private      ,4,30,34,623,528,1151
00339900,YORK COLLEGE OF PENNSYLVANIA            ,PA,17405-7199,Private      ,52,28,80,7127,1218,8345
00398600,DESALES UNIVERSITY                      ,PA,18034-9568,Private      ,27,90,117,2871,1609,4480
00398700,LA ROCHE COLLEGE                        ,PA,15237-5898,Private      ,16,15,31,1237,566,1803
00398800,NEUMANN UNIVERSITY                      ,PA,19014-1298,Private      ,28,64,92,2843,1577,4420
00405800,GRATZ COLLEGE                           ,PA,19027-3097,Private      ,0,10,10,3,97,100
00445200,MONTGOMERY COUNTY COMMUNITY COLLEGE     ,PA,19422-6300,Public       ,116,261,377,5384,6024,11408
00488900,CAMBRIA-ROWE BUSINESS COLLEGE           ,PA,15902-2494,Proprietary  ,2,17,19,75,123,198
00488901,CAMBRIA ROWE BUSINESS COLLEGE - INDIANA ,PA,15701-2804,Proprietary  ,3,12,15,68,113,181
00488902,CAMBRIA ROWE BUSINESS COLLEGE - SCHOOL O,PA,15904-1945,Proprietary  ,1,4,5,14,32,46
00489000,CENTRAL PENN COLLEGE                    ,PA,17093-0309,Proprietary  ,21,94,115,983,1755,2738
00489300,DU BOIS BUSINESS COLLEGE                ,PA,15801-2401,Proprietary  ,6,11,17,122,196,318
00489800,MCCANN SCHOOL OF BUSINESS & TECHNOL     ,PA,17901-1335,Proprietary  ,151,739,890,1275,5008,6283
00489807,MCCANN SCHOOL OF BUSINESS & TECHNOLOGY -,PA,17013-3180,Proprietary  ,1,11,12,56,170,226
00489900,MERCY HOSP SCH OF NURSING               ,PA,15219-5166,Private      ,1,5,6,125,191,316
00490200,PENN COMMERCIAL BUSINESS/TECHNICAL SCHOO,PA,15301-2871,Proprietary  ,23,68,91,242,459,701
00491000,KAPLAN CAREER INSTITUTE                 ,PA,17111-3571,Proprietary  ,10,69,79,183,682,865
00491001,THOMPSON INSTITUTE-PHILADEPHIA CAMPUS   ,PA,19104-3386,Proprietary  ,36,75,111,291,827,1118
00500701,WEST VIRGINIA CAREER INSTITUTE          ,PA,15456-0000,Proprietary  ,4,12,16,60,117,177
00531000,PITTSBURGH INST OF AERONAUTICS          ,PA,15236-0000,Private      ,15,24,39,380,323,703
00533000,FAYETTE CNTY AREA VOC TECH PRC NRSG     ,PA,15401-0000,Public       ,2,11,13,39,118,157
00533500,CENTRAL PENN INST OF SCI & TECH PNP     ,PA,16823-0000,Public       ,6,11,17,105,254,359
00536500,YORK CO AREA VOC-TECH SCH-PRAC NSG      ,PA,17402-0000,Public       ,2,10,12,108,350,458
00653400,CITIZENS SCHOOL OF NURSING              ,PA,15068-6591,Private      ,0,2,2,104,184,288
00653700,CONEMAUGH VLY MEM HOSP SCH NRSNG        ,PA,15905-4398,Proprietary  ,0,3,3,94,99,193
00655100,ST MARGARET SCHL OF NURSING             ,PA,15238-3205,Private      ,0,4,4,78,169,247
00656000,OHIO VALLEY HOSP SCH OF NURSING         ,PA,15136-1694,Private      ,0,0,0,45,57,102
00656500,READING HOSPITAL SCHOOL OF HEALTH SCIENC,PA,19611-1744,Private      ,6,8,14,241,463,704
00657400,"ST LUKE'S HOSPITAL OF BETHLEHEM, PA     ",PA,18015-1065,Private      ,2,7,9,105,259,364
00657700,UPMC SHADYSIDE SCHOOL OF NURSING        ,PA,15232-1381,Private      ,3,8,11,243,362,605
00657800,SHARON REGIONAL HEALTH SYSTEM SCHOOL OF ,PA,16146-3395,Proprietary  ,0,3,3,35,61,96
00658200,WASHINGTON HOSP SCH OF NURSING          ,PA,15301-3398,Private      ,1,4,5,51,90,141
00658202,WASHINGTON HOSP SCH OF RAD TECH         ,PA,15301-3398,Private      ,1,1,2,11,21,32
00658300,WESTERN PENN HOSP-SCH OF NURSING        ,PA,15224-1790,Private      ,1,7,8,145,212,357
00680700,COMMUNITY COLLEGE OF BEAVER COUNTY      ,PA,15061-2588,Public       ,33,73,106,1170,1491,2661
00681000,LEHIGH CARBON COMMUNITY COLLEGE         ,PA,18078-2598,Public       ,48,183,231,3560,4068,7628
00681100,LUZERNE COUNTY COMMUNITY COLLEGE        ,PA,18634-3899,Public       ,83,158,241,2995,3715,6710
00708700,ABINGTON MEM HOSP SCHL OF NURSING       ,PA,19090-1284,Private      ,1,11,12,125,333,458
00709100,EVEREST INSTITUTE                       ,PA,15222-1320,Private      ,1,8,9,86,407,493
00711000,DELAWARE COUNTY COMMUNITY COLLEGE       ,PA,19063-1094,Public       ,141,347,488,6298,8784,15082
00719100,NORTHAMPTON COMMUNITY COLLEGE           ,PA,18020-7599,Public       ,116,266,382,6631,6507,13138
00730305,LINCOLN TECHNICAL INSTITUTE - PHILADELPH,PA,19136-1530,Proprietary  ,35,68,103,308,558,866
00732955,ITT TECHNICAL INSTITUTE                 ,PA,19406-1212,Proprietary  ,18,89,107,205,719,924
00743000,ANTONELLI INST OF ART & PHOTOGRAPHY     ,PA,19038-8242,Proprietary  ,1,2,3,247,42,289
00743600,KAPLAN CAREER INSTITUTE - ICM CAMPUS    ,PA,15222-1977,Proprietary  ,17,97,114,206,934,1140
00743700,PITTSBURGH TECHNICAL INSTITUTE          ,PA,15071-3205,Proprietary  ,33,97,130,2327,1435,3762
00746900,"HUSSIAN SCHOOL OF ART, INC.             ",PA,19106-0000,Proprietary  ,1,2,3,109,43,152
00747000,"ART INSTITUTE OF PITTSBURGH, THE        ",PA,15219-1328,Proprietary  ,284,1721,2005,3149,12716,15865
00752900,"CHESTER COUNTY INTERMEDIATE UNIT, PNP   ",PA,19335-3043,Public       ,1,4,5,45,163,208
00777900,LANSDALE SCHOOL OF BUSINESS             ,PA,19454-4114,Proprietary  ,4,30,34,64,374,438
00778000,NEW CASTLE SCHOOL OF TRADES             ,PA,16143-0000,Proprietary  ,26,107,133,354,750,1104
00778100,CHI INSTITUTE/RETS CAMPUS               ,PA,19008-3516,Proprietary  ,16,68,84,137,389,526
00783900,TRIANGLE TECH                           ,PA,15214-3897,Proprietary  ,18,42,60,201,351,552
00791200,THADDEUS STEVENS CLG OF TECHNOLOGY      ,PA,17602-0000,Public       ,12,6,18,1278,596,1874
00791600,FRANKLIN CNTY CAREER & TECH CTR-PNP     ,PA,17201-0000,Public       ,2,7,9,44,118,162
00793807,LINCOLN TECHNICAL INSITUTE - ALLENTOWN  ,PA,18104-3212,Proprietary  ,27,83,110,310,692,1002
00820000,JAMESON MEMORIAL HOSP SCH NURSING       ,PA,16105-2595,Private      ,0,1,1,35,77,112
00835000,ART INSTITUTE OF PHILADELPHIA           ,PA,19103-5198,Proprietary  ,64,126,190,2182,2218,4400
00844100,ANTHEM INSTITUTE                        ,PA,19064-1243,Proprietary  ,0,0,0,5,24,29
00856800,VET TECH INSTITUTE                      ,PA,15222-3400,Proprietary  ,3,3,6,381,238,619
00865300,JEFFERSON CO DUBOIS VOC TECH-PR NSG     ,PA,15851-0000,Public       ,0,0,0,13,21,34
00895500,SALON PROFESSIONAL ACADEMY (THE)        ,PA,16602-0000,Proprietary  ,2,7,9,28,53,81
00915705,WYOTECH - BLAIRSVILLE                   ,PA,15717-8060,Private      ,58,54,112,519,485,1004
00918600,DEAN INSTITUTE OF TECHNOLOGY            ,PA,15226-1197,Proprietary  ,6,22,28,50,140,190
00944900,PENNCO TECH                             ,PA,19007-0000,Proprietary  ,30,77,107,247,484,731
00966400,EMPIRE BEAUTY SCHOOL                    ,PA,18052-5730,Proprietary  ,59,216,275,662,1626,2288
00972100,BRADFORD SCHOOL                         ,PA,15219-2602,Proprietary  ,8,4,12,558,194,752
00972300,ARIA HEALTH SCHOOL OF NURSING           ,PA,19053-6939,Private      ,0,9,9,153,337,490
00986300,PENNSYLVANIA COLLEGE OF HEALTH SCIENCES ,PA,17602-4955,Private      ,14,35,49,705,1190,1895
01000600,GREATER JOHNSTOWN AREA VOC TECH SCH     ,PA,15904-0000,Public       ,6,26,32,73,249,322
01005500,CRAWFORD CNTY AREA VO-TECH PRAC NUR     ,PA,16335-0000,Public       ,0,0,0,14,34,48
01017600,WESTMORELAND COUNTY COMMUNITY CLG       ,PA,15697-1895,Public       ,87,171,258,3034,3328,6362
01038800,READING AREA COMMUNITY COLLEGE          ,PA,19603-1706,Public       ,95,266,361,2284,3763,6047
01054200,EMPIRE BEAUTY SCHOOL                    ,PA,18701-0000,Proprietary  ,69,214,283,726,1746,2472
01081400,PITTSBURGH INST MORTUARY SCIENCE        ,PA,15206-3706,Private      ,4,19,23,117,327,444
01086000,GREATER ALTOONA CAREER/TECH CENTER      ,PA,16602-0000,Public       ,1,6,7,96,222,318
01096300,GREENE COUNTY VOC-TECH SCHOOL           ,PA,15370-0000,Public       ,0,0,0,14,44,58
01099800,PENNSYLVANIA INSTITUTE OF TECH          ,PA,19063-4098,Private      ,14,75,89,369,1053,1422
01162100,AUTOMOTIVE TRAINING CENTER              ,PA,19341-1310,Proprietary  ,110,37,147,942,428,1370
01162200,WELDER TRAINING & TESTING INST          ,PA,18109-3253,Proprietary  ,2,17,19,36,121,157
01171500,SCHUYLKILL HEALTH SCHOOL OF NURSING     ,PA,17901-3692,Private      ,1,2,3,60,71,131
01191900,BEAVER FALLS BEAUTY ACADEMY             ,PA,15010-4208,Proprietary  ,3,6,9,31,49,80
01205000,ROSEDALE TECHNICAL INSTITUTE            ,PA,15205-9791,Private      ,23,41,64,360,427,787
01239300,THOMAS JEFF UNIV-CLG ALLIED HEALTH      ,PA,19107-0000,Private      ,7,35,42,301,1580,1881
01239301,THOMAS JEFFERSON UNIVERSITY - JEFFERSON ,PA,19107-5001,Private      ,6,47,53,419,2522,2941
01239303,THOMAS JEFFERSON UNIVERSITY - COLLEGE OF,PA,19107-6731,Private      ,2,20,22,240,834,1074
01246104,LINCOLN TECHNICAL INSTITUTE             ,PA,19104-0202,Proprietary  ,20,86,106,318,780,1098
01246105,LINCOLN TECHNICAL INSTITUTE - NORTHEAST ,PA,19116-4202,Proprietary  ,19,48,67,239,618,857
01252300,TALMUDICAL YESHIVA OF PHILA             ,PA,19131-1296,Private      ,1,0,1,48,2,50
01260600,EMPIRE BEAUTY SCHOOL                    ,PA,17901-3859,Proprietary  ,58,173,231,584,1403,1987
01292900,SOUTH HILLS BEAUTY ACADEMY              ,PA,15216-2335,Proprietary  ,10,16,26,79,194,273
01313400,YESHIVATH BETH MOSHE                    ,PA,18505-2196,Private      ,1,0,1,42,5,47
01321400,ROXBOROUGH MEM HOSP SCH OF NURSING      ,PA,19128-0000,Proprietary  ,1,18,19,104,397,501
01326300,SOUTH HILLS SCHOOL OF BUSINESS & TECHNOL,PA,16801-4516,Proprietary  ,2,1,3,432,431,863
02061000,VENUS BEAUTY ACADEMY                    ,PA,19079-0000,Proprietary  ,6,12,18,46,77,123
02068300,DOUGLAS SCHOOL OF BUSINESS              ,PA,15062-0000,Proprietary  ,8,21,29,247,262,509
02090200,TRIANGLE TECH                           ,PA,16502-0000,Proprietary  ,2,13,15,60,69,129
02092500,LAUREL TECHNICAL INSTITUTE              ,PA,16146-0000,Proprietary  ,12,26,38,182,290,472
02092502,BUSINESS INSTITUTE OF PENNSYLVANIA      ,PA,16335-0000,Proprietary  ,1,1,2,17,24,41
02104003,HARRIS SCHOOL OF BUSINESS - UPPER DARBY ,PA,19082-2528,Proprietary  ,0,3,3,12,67,79
02107300,PENNSYLVANIA ACADEMY OF FINE ARTS       ,PA,19102-1424,Private      ,8,7,15,317,308,625
02112200,GREAT LAKES INSTITUTE OF TECHNOLOGY     ,PA,16509-0000,Proprietary  ,16,43,59,300,453,753
02114200,JOHNSON COLLEGE                         ,PA,18508-0000,Private      ,3,12,15,469,308,777
02118000,LEVITTOWN BEAUTY ACADEMY LLC            ,PA,19054-1713,Proprietary  ,4,5,9,26,46,72
02119300,PA ACAD OF COSMETOLOGY ARTS & SCI       ,PA,15904-0000,Proprietary  ,6,14,20,59,95,154
02120800,"YORKTOWNE BUSINESS INSTITUTE, INC.      ",PA,17404-0000,Proprietary  ,0,0,0,55,88,143
02127400,YORK TECHNICAL INSTITUTE                ,PA,17402-0000,Proprietary  ,41,107,148,1048,1331,2379
02129000,TRIANGLE TECH                           ,PA,15601-0000,Proprietary  ,36,30,66,279,291,570
02129001,TRIANGLE TECH - BUSINESS CAREERS INSTITU,PA,15601-3304,Proprietary  ,1,0,1,14,13,27
02144000,BEAUTY INSTITUTE (THE)                  ,PA,18109-1629,Proprietary  ,3,17,20,52,146,198
02151500,CENTRAL SUSQUEHANNA LPN CENTER          ,PA,17837-8818,Public       ,0,1,1,63,144,207
02158300,JUNIATA-MIFFLIN CO AREA VOC TECH        ,PA,17044-0000,Public       ,3,11,14,18,56,74
02161400,NORTHEASTERN HOSP SCH OF NRSG           ,PA,19134-0000,Private      ,2,9,11,43,180,223
02169600,CLEARFIELD CTY CAREER AND TECH CNTR     ,PA,16830-0000,Public       ,0,1,1,51,96,147
02174400,TRIANGLE TECH                           ,PA,15801-0000,Proprietary  ,32,35,67,322,218,540
02178900,ACADEMY OF HAIR DESIGN                  ,PA,18202-1465,Proprietary  ,11,56,67,116,341,457
02183000,ORLEANS TECHNICAL INSTITUTE             ,PA,19111-0000,Private      ,18,75,93,166,484,650
02192800,WALNUT HILL COLLEGE                     ,PA,19104-0000,Proprietary  ,12,9,21,530,407,937
02202300,PITTSBURGH CAREER INSTITUTE             ,PA,15219-1907,Proprietary  ,14,24,38,141,371,512
02203900,ERIE INSTITUTE OF TECHNOLOGY            ,PA,16565-1002,Proprietary  ,11,36,47,181,316,497
02206200,BEAUTY INSTITUTE (THE)                  ,PA,19002-4527,Proprietary  ,13,15,28,153,209,362
02206300,STROUDSBURG SCHOOL OF COSMETOLOGY       ,PA,18360-0000,Proprietary  ,4,10,14,58,72,130
02212700,LANCASTER SCHOOL OF COSMETOLOGY         ,PA,17602-0000,Proprietary  ,7,19,26,70,173,243
02234200,ACADEMY OF MEDICAL ARTS & BUSINESS      ,PA,17112-0000,Proprietary  ,5,31,36,186,324,510
02251200,SCHUYLKILL COUNTY AREA VOC TECH SCH     ,PA,17931-0000,Public       ,0,4,4,19,73,92
02251202,SCHUYLKILL COUNTY AREA VOC TECH SCH     ,PA,17931-0000,Public       ,0,1,1,2,21,23
02253900,BERKS TECHNICAL INSTITUTE               ,PA,19610-1168,Proprietary  ,63,249,312,891,2174,3065
02269900,PENNSYLVANIA COLLEGE OF ART & DESIGN    ,PA,17603-3528,Private      ,3,4,7,428,118,546
02270500,BUCKS COUNTY SCHOOL OF BEAUTY CULT      ,PA,19053-0000,Proprietary  ,3,8,11,34,56,90
02273400,RECONSTRUCTIONIST RABBINICAL COLLEG     ,PA,19095-0000,Private      ,0,0,0,0,36,36
02276600,HANOVER PUBLIC SCH DIST PRAC NURSG      ,PA,17331-0000,Public       ,0,0,0,0,1,1
02282500,LENAPE SCHOOL OF PRACTICAL NURSING      ,PA,16226-0000,Public       ,3,20,23,69,218,287
02289500,PACE INSTITUTE                          ,PA,19601-0000,Proprietary  ,0,0,0,2,0,2
02289600,CONSOLIDATED SCHOOL OF BUSINESS         ,PA,17404-0000,Proprietary  ,3,18,21,77,180,257
02289700,ACADEMY OF CREATIVE HAIR DESIGN         ,PA,18702-0000,Proprietary  ,17,37,54,107,253,360
02289800,CHI INSTITUTE - FRANKLIN MILLS          ,PA,19154-0000,Proprietary  ,25,81,106,301,742,1043
02290400,"ALTOONA BEAUTY SCHOOL, INC              ",PA,16602-0000,Proprietary  ,1,10,11,32,61,93
02292700,LANSDALE SCHOOL OF COSMETOLOGY          ,PA,19446-0000,Proprietary  ,2,3,5,19,34,53
02299300,TRINITY EPISCOPAL SCHOOL MINISTRY       ,PA,15003-0000,Private      ,0,2,2,1,91,92
02301300,PRISM CAREER INSTITUTE                  ,PA,19082-2448,Proprietary  ,0,4,4,45,173,218
02306200,VENANGO COUNTY AREA VOC TECH SCHOOL     ,PA,16301-0000,Public       ,0,0,0,36,59,95
02310800,LANCASTER COUNTY CAREER & TECH CTR      ,PA,17584-0000,Public       ,11,38,49,201,586,787
02323000,BIBLICAL THEOLOGICAL SEMINARY           ,PA,19440-2421,Private      ,0,5,5,1,104,105
02330300,LEBANON CO CAREER & TECHNOLOGY CTR      ,PA,17042-0000,Public       ,1,6,7,77,237,314
02330600,PENNSYLVANIA GUNSMITH SCHOOL            ,PA,15202-0000,Proprietary  ,5,4,9,62,95,157
02350100,WESTERN AREA CAREER & TECHNOLOGY CT     ,PA,15317-0000,Public       ,1,3,4,26,80,106
02350200,INDIANA COUNTY TECH CTR SCH PR NSG      ,PA,15701-1465,Public       ,1,3,4,50,133,183
02353100,NORTHERN TIER CAREER CENTER             ,PA,18848-0000,Public       ,0,0,0,21,55,76
02362300,MERCER COUNTY AREA VOC TECH SCHOOL      ,PA,16137-0000,Public       ,0,0,0,13,46,59
02492600,EASTERN CTR ARTS AND TECH PR NSG        ,PA,19090-0000,Public       ,2,38,40,31,174,205
02495500,ALL-STATE CAREER SCHOOL                 ,PA,19029-0000,Proprietary  ,35,230,265,217,1136,1353
02529800,WILKES BARRE AREA CAREER AND TECHNICAL C,PA,18705-0000,Public       ,9,30,39,93,241,334
02536600,COMMONWEALTH TECH INSTIT @ HIRAM G      ,PA,15905-0000,Public       ,13,4,17,200,81,281
02544300,BUTLER BEAUTY SCHOOL                    ,PA,16001-0000,Proprietary  ,2,18,20,37,103,140
02546200,LAUREL BUSINESS INSTITUTE               ,PA,15401-0877,Proprietary  ,13,23,36,178,222,400
02550000,CLARION CO AREA VOC-TECH PRAC NRSG      ,PA,16254-4637,Public       ,0,1,1,30,73,103
02554500,HAZLETON AREA CAREER CENTER PRACTICAL NU,PA,18201-0000,Public       ,0,4,4,36,72,108
02557800,ART INSTITUTE OF YORK (THE) - PENNSYLVAN,PA,17402-9012,Proprietary  ,1,6,7,360,179,539
02574800,PENNSYLVANIA INSTITUTE OF TAXIDERMY     ,PA,15931-0000,Proprietary  ,0,0,0,7,18,25
02609500,CAREER TRAINING ACADEMY                 ,PA,15068-3504,Proprietary  ,15,43,58,111,299,410
02609501,CAREER TRAINING ACADEMY                 ,PA,15146-0000,Proprietary  ,2,2,4,23,40,63
02616100,JEAN MADELINE ED CTR FOR COSM           ,PA,19147-1542,Proprietary  ,16,28,44,231,351,582
02617507,EVEREST COLLEGE - EVEREST INSTITUTE - BE,PA,19020-2062,Private      ,0,1,1,13,55,68
03010800,FORTIS INSTITUTE                        ,PA,16506-1013,Proprietary  ,58,249,307,607,1908,2515
03011500,FORTIS INSTITUTE                        ,PA,18702-0000,Proprietary  ,4,27,31,70,211,281
03011600,FORTIS INSTITUTE                        ,PA,18509-2903,Proprietary  ,11,41,52,191,494,685
03029900,CONSOLIDATED SCHOOL OF BUSINESS         ,PA,17603-2389,Proprietary  ,2,12,14,93,126,219
03067000,ANTONELLI MEDICAL & PROF INST           ,PA,19464-9244,Proprietary  ,1,24,25,52,202,254
03072600,DCI CAREER INSTITUTE                    ,PA,15061-2307,Proprietary  ,2,16,18,29,92,121
03081900,YTI CAREER INSTITUTE - ALTOONA          ,PA,16602-4457,Proprietary  ,8,21,29,226,399,625
03090800,LAKE ERIE COLL OF OSTEOPATHIC MED       ,PA,16509-0000,Private      ,1,25,26,69,4396,4465
03098600,CAREER TECH CTR OF LACKAWANNA CNTY      ,PA,18508-0000,Public       ,11,21,32,70,178,248
03101400,FORBES ROAD CAREER & TECHNOLOGY CTR     ,PA,15146-1550,Public       ,0,0,0,22,31,53
03101500,BIDWELL TRAINING CENTER                 ,PA,15233-2233,Private      ,7,30,37,40,143,183
03103300,JNA INSTITUTE OF CULINARY ARTS          ,PA,19146-3119,Proprietary  ,4,17,21,91,205,296
03109100,METROPOLITAN CAREER CENTER              ,PA,19144-0000,Private      ,0,11,11,21,127,148
03110700,AVIATION INSTITUTE OF MAINTENANCE       ,PA,19114-1017,Proprietary  ,24,68,92,222,545,767
03120400,REGIONAL CAREER & TECHNICAL CENTER      ,PA,16509-4699,Public       ,0,0,0,12,25,37
03128400,DELAWARE COUNTY TECHNICAL SCHOOL        ,PA,19008-1928,Public       ,4,15,19,46,172,218
03180400,PENNSYLVANIA HIGHLANDS COMMUNITY COLLEGE,PA,15904-2927,Public       ,15,36,51,986,852,1838
03236400,L T INTERNATIONAL BEAUTY SCHOOL         ,PA,19130-2235,Proprietary  ,2,12,14,42,129,171
03353300,ACADEMY OF VOCAL ARTS                   ,PA,19103-6685,Private      ,1,2,3,52,91,143
03380301,STAR CAREER ACADEMY - STAR PHILADELPHIA ,PA,19114-2204,Proprietary  ,35,135,170,396,1365,1761
03380304,STAR CAREER ACADEMY - STAR NORRISTOWN   ,PA,19403-2422,Proprietary  ,10,27,37,81,261,342
03493302,ALL-STATE CAREER - WEST MIFFLIN CAMPUS  ,PA,15122-0000,Proprietary  ,2,3,5,18,72,90
03535300,HUNTINGDON COUNTY CAREER AND TECHNO     ,PA,17060-0905,Public       ,0,1,1,17,28,45
03561400,SUSQUEHANNA COUNTY CAREER & TECHNOL     ,PA,18816-0000,Public       ,0,12,12,30,64,94
03766300,PENNSYLVANIA SCHOOL OF MUSCLE THERAPY   ,PA,19406-3101,Proprietary  ,11,48,59,70,279,349
03781300,PRINCETON INFORMATION TECHNOLOGY CENTER ,PA,19038-4535,Proprietary  ,4,35,39,28,312,340
03923300,PRECISION MANUFACTURING INSTITUTE       ,PA,16335-8380,Private      ,1,23,24,27,86,113
03948300,HARRISBURG UNIVERSITY OF SCIENCE AND TEC,PA,17101-2116,Private      ,11,14,25,535,280,815
03949300,WON INSTITUTE OF GRADUATE STUDIES       ,PA,19038-4535,Private      ,0,0,0,1,58,59
03950500,NORTHWEST REGIONAL TECHNOLOGY INSTITUTE ,PA,16508-2820,Proprietary  ,0,0,0,18,82,100
03952300,NATIONAL MASSAGE THERAPY INSTITUTE      ,PA,19116-3965,Proprietary  ,0,0,0,18,52,70
04024300,EDUCATION AND TECHNOLOGY INSTITUTE      ,PA,15601-9214,Private      ,2,1,3,12,21,33
04041300,BERKS CAREER & TECHNOLOGY CENTER        ,PA,19533-9112,Public       ,0,6,6,32,79,111
04118000,BYZANTINE CATHOLIC SEMINARY OF SAINTS CY,PA,15214-2229,Private      ,0,0,0,1,11,12
04124600,PROFESSIONAL ACADEMY OF COSMETOLOGY     ,PA,19401-0000,Proprietary  ,0,0,0,2,12,14
04127500,CDE CAREER INSTITUTE                    ,PA,18372-9034,Proprietary  ,0,16,16,42,130,172
04145800,PULSE BEAUTY ACADEMY A PAUL MITCHELL PAR,PA,19335-0000,Proprietary  ,6,10,16,60,86,146
04149800,SOMERSET COUNTY TECHNOLOGY CENTER       ,PA,15501-1444,Public       ,0,5,5,31,100,131
04151700,BELLA CAPELLI ACADEMY                   ,PA,15146-2388,Proprietary  ,1,12,13,76,68,144
04151701,BELLA CAPELLI ACADEMY -                 ,PA,15205-2388,Proprietary  ,7,15,22,104,141,245
04155100,INSTITUTE OF MEDICAL CAREERS            ,PA,15235-3718,Proprietary  ,5,27,32,51,241,292
04158000,METRO BEAUTY ACADEMY                    ,PA,18106-9693,Proprietary  ,6,24,30,104,176,280
04164900,BARONE BEAUTY ACADEMY                   ,PA,17701-5316,Proprietary  ,3,7,10,20,46,66
04167200,COMMONWEALTH MEDICAL COLLEGE (THE)      ,PA,18509-3240,Private      ,1,14,15,13,771,784
04175900,LEWISTOWN HOSPITAL SCHOOL OF NURSING    ,PA,17044-1167,Private      ,0,2,2,16,48,64
04215500,CHAMP'S BARBER SCHOOL                   ,PA,17603-3809,Proprietary  ,0,13,13,10,65,75
04221300,PHILADELPHIA TECHNICIAN TRAINING        ,PA,19138-1324,Private      ,16,55,71,99,494,593
04224600,BARBER SCHOOL OF PITTSBURGH             ,PA,15220-5537,Proprietary  ,13,24,37,49,155,204
04226300,DIVINE CROWN ACADEMY OF COSMETOLOGY     ,PA,17104-2103,Proprietary  ,1,11,12,27,82,109
04232000,STUDIO INCAMMINATI                      ,PA,19107-1105,Private      ,0,0,0,3,11,14
04236800,FOUNTAIN OF YOUTH ACADEMY OF COSMETOLOGY,PA,16046-2430,Proprietary  ,2,5,7,6,12,18
00267813,BRYANT & STRATTON COLLEGE - MIL DOWNTOWN,WI,53203-2608,Proprietary  ,34,194,228,669,2506,3175
00383200,ALVERNO COLLEGE                         ,WI,53234-3922,Private      ,25,82,107,1425,2277,3702
00383500,BELOIT COLLEGE                          ,WI,53511-5595,Private      ,21,7,28,2398,153,2551
00383700,CARDINAL STRITCH UNIVERSITY             ,WI,53217-9884,Private      ,25,150,175,1285,2928,4213
00383800,CARROLL UNIVERSITY                      ,WI,53186-5593,Private      ,32,26,58,3983,953,4936
00383900,CARTHAGE COLLEGE                        ,WI,53141-0000,Private      ,58,45,103,5301,856,6157
00384000,WESTERN TECHNICAL COLLEGE               ,WI,54601-0908,Public       ,58,137,195,2096,2366,4462
00384200,CONCORDIA UNIVERSITY WISCONSIN          ,WI,53097-2402,Private      ,35,255,290,3565,4933,8498
00384800,EDGEWOOD COLLEGE                        ,WI,53711-1958,Private      ,9,50,59,1800,1227,3027
00385000,SILVER LAKE COLLEGE                     ,WI,54220-9319,Private      ,1,10,11,231,313,544
00385400,LAKELAND COLLEGE                        ,WI,53082-0000,Private      ,12,90,102,1229,2016,3245
00385600,LAWRENCE UNIVERSITY                     ,WI,54912-0599,Private      ,17,3,20,2457,122,2579
00386100,MARIAN UNIVERSITY                       ,WI,54935-4699,Private      ,18,53,71,1549,995,2544
00386300,MARQUETTE UNIVERSITY                    ,WI,53201-1881,Private      ,160,78,238,15911,3822,19733
00386600,MILWAUKEE AREA TECH COLLEGE             ,WI,53233-1443,Public       ,197,604,801,6776,15846,22622
00386800,MILWAUKEE SCHOOL OF ENGINEERING         ,WI,53202-3109,Private      ,24,41,65,3138,926,4064
00386900,MOUNT MARY UNIVERSITY                   ,WI,53222-4597,Private      ,13,23,36,958,1233,2191
00387400,NASHOTAH HOUSE                          ,WI,53058-0000,Private      ,0,2,2,0,44,44
00387500,NORTHLAND COLLEGE                       ,WI,54806-3999,Private      ,11,7,18,787,129,916
00388400,RIPON COLLEGE                           ,WI,54971-0248,Private      ,8,1,9,1392,85,1477
00389200,ST. NORBERT COLLEGE                     ,WI,54115-2099,Private      ,17,9,26,3141,147,3288
00389500,UNIVERSITY OF WISCONSIN-MADISON         ,WI,53715-1382,Public       ,215,187,402,26775,9155,35930
00389600,UNIVERSITY OF WISCONSIN-MILWAUKEE       ,WI,53201-3165,Public       ,261,418,679,18395,13085,31480
00389700,UNIVERSITY OF WISCONSIN COLLEGES        ,WI,53708-8680,Public       ,71,98,169,4426,2386,6812
00389701,UNIVERSITY OF WISCONSIN-BARABOO         ,WI,53913-1098,Public       ,7,8,15,415,204,619
00389702,UNIVERSITY OF WISCONSIN-BARRON          ,WI,54868-2497,Public       ,5,9,14,401,224,625
00389703,UNIVERSITY OF WISCONSIN-FOND DU LAC     ,WI,54935-2998,Public       ,10,10,20,495,252,747
00389704,UNIVERSITY OF WISCONSIN-FOX VALLEY      ,WI,54952-1297,Public       ,22,27,49,1133,467,1600
00389705,UNIVERSITY OF WISCONSIN-MANITOWOC       ,WI,54220-6699,Public       ,4,5,9,326,147,473
00389706,UNIVERSITY OF WISCONSIN-MARATHON        ,WI,54401-5396,Public       ,8,13,21,675,302,977
00389707,UNIVERSITY OF WISCONSIN-MARINETTE       ,WI,54143-4299,Public       ,5,4,9,303,141,444
00389708,UNIVERSITY OF WISCONSIN-MARSHFIELD      ,WI,54449-3310,Public       ,2,7,9,311,176,487
00389709,UNIVERSITY OF WISCONSIN-RICHLAND        ,WI,53581-1399,Public       ,1,3,4,254,120,374
00389710,UNIVERSITY OF WISCONSIN COLLEGES - ROCK ,WI,53546-5699,Public       ,21,24,45,804,568,1372
00389711,UNIVERSITY OF WISCONSIN-SHEBOYGAN       ,WI,53081-4789,Public       ,10,14,24,496,314,810
00389712,UNIVERSITY OF WISCONSIN-WASHINGTON      ,WI,53095-3699,Public       ,16,13,29,612,261,873
00389713,UNIVERSITY OF WISCONSIN-WAUKESHA        ,WI,53188-2799,Public       ,36,31,67,1785,700,2485
00389900,UNIVERSITY OF WISCONSIN-GREEN BAY       ,WI,54311-7001,Public       ,35,94,129,4404,2777,7181
00391100,VITERBO UNIVERSITY                      ,WI,54601-4777,Private      ,8,64,72,1713,1294,3007
00391500,UNIVERSITY OF WISCONSIN-STOUT           ,WI,54751-0790,Public       ,58,64,122,6576,2294,8870
00391700,UNIVERSITY OF WISCONSIN-EAU CLAIRE      ,WI,54702-4004,Public       ,88,57,145,9384,1893,11277
00391900,UNIVERSITY OF WISCONSIN-LA CROSSE       ,WI,54601-3742,Public       ,69,67,136,9343,1755,11098
00392000,UNIVERSITY OF WISCONSIN-OSHKOSH         ,WI,54901-8604,Public       ,103,130,233,9046,3304,12350
00392100,UNIVERSITY OF WISCONSIN-PLATTEVILLE     ,WI,53818-3099,Public       ,63,72,135,7591,1812,9403
00392300,UNIVERSITY OF WISCONSIN-RIVER FALLS     ,WI,54022-5013,Public       ,51,50,101,4768,1437,6205
00392400,UNIVERSITY OF WISCONSIN-STEVENS POINT   ,WI,54481-3897,Public       ,74,50,124,8383,2032,10415
00392500,UNIVERSITY OF WISCONSIN-SUPERIOR        ,WI,54880-2898,Public       ,18,46,64,1582,1413,2995
00392600,UNIVERSITY OF WISCONSIN-WHITEWATER      ,WI,53190-1792,Public       ,100,103,203,10718,2839,13557
00400700,MADISON AREA TECHNICAL COLLEGE          ,WI,53704-2599,Public       ,122,303,425,5138,7716,12854
00501500,UNIVERSITY OF WISCONSIN-PARKSIDE        ,WI,53141-2000,Public       ,72,83,155,3912,2373,6285
00529400,WAUKESHA COUNTY TECHNICAL COLLEGE       ,WI,53072-4696,Public       ,44,109,153,1617,3245,4862
00530100,NORTHEAST WISCONSIN TECHNICAL COLLEGE   ,WI,54307-9042,Public       ,102,277,379,3240,5099,8339
00530400,CHIPPEWA VALLEY TECHNICAL COLLEGE       ,WI,54701-6162,Public       ,45,73,118,2349,3169,5518
00538000,MID-STATE TECHNICAL COLLEGE             ,WI,54494-5512,Public       ,17,76,93,922,1912,2834
00538400,NICOLET AREA TECHNICAL COLLEGE          ,WI,54501-0000,Public       ,16,43,59,463,704,1167
00538700,NORTHCENTRAL TECHNICAL COLLEGE          ,WI,54401-1899,Public       ,75,201,276,1581,3006,4587
00538900,GATEWAY TECHNICAL COLLEGE               ,WI,53144-1690,Public       ,58,200,258,2551,6301,8852
00539000,BLACKHAWK TECHNICAL COLLEGE             ,WI,53547-5009,Public       ,28,101,129,1029,2437,3466
00663900,BELLIN COLLEGE                          ,WI,54305-0000,Private      ,5,4,9,309,231,540
00732934,ITT TECHNICAL INSTITUTE                 ,WI,53220-4612,Proprietary  ,40,223,263,270,1593,1863
00766900,SOUTHWEST WISCONSIN TECH COLLEGE        ,WI,53809-0000,Public       ,11,33,44,745,900,1645
00821700,PAUL MITCHELL THE SCHOOL GREEN BAY      ,WI,54324-0257,Proprietary  ,11,12,23,91,120,211
00869405,RASMUSSEN COLLEGE - WAUSAU              ,WI,54401-7804,Proprietary  ,6,50,56,91,602,693
00869414,RASMUSSEN COLLEGE - GREEN BAY           ,WI,54303-2349,Proprietary  ,6,63,69,138,758,896
00869419,RASMUSSEN COLLEGE - APPLETON            ,WI,54915-7305,Proprietary  ,5,52,57,76,580,656
00919400,LAKESHORE TECHNICAL COLLEGE             ,WI,53015-1412,Public       ,13,52,65,687,1478,2165
00925600,MORAINE PARK TECHNICAL COLLEGE          ,WI,54936-0000,Public       ,17,61,78,1028,2375,3403
00941900,STATE CLG OF BEAUTY CULT-WAUSAU         ,WI,54403-4667,Proprietary  ,2,4,6,35,50,85
00962100,HERZING UNIVERSITY                      ,WI,53718-4236,Proprietary  ,76,1092,1168,1166,12458,13624
00974400,FOX VALLEY TECHNICAL COLLEGE            ,WI,54913-0000,Public       ,68,216,284,3070,5094,8164
01091300,MADISON MEDIA INSTITUTE                 ,WI,53718-6787,Proprietary  ,18,42,60,485,481,966
01148400,ADVANCED INSTITUTE OF HAIR DESIGN       ,WI,53225-0000,Proprietary  ,12,19,31,196,206,402
01182400,WISCONSIN INDIANHEAD TECH CLG WITC      ,WI,54871-9300,Public       ,15,53,68,1043,1998,3041
02077100,MILWAUKEE INST OF ART & DESIGN          ,WI,53202-0000,Private      ,11,10,21,980,336,1316
02078000,SACRED HEART SCHOOL OF THEOLOGY         ,WI,53130-0000,Private      ,0,0,0,0,3,3
02136600,WISCONSIN LUTHERAN COLLEGE              ,WI,53226-0000,Private      ,12,25,37,1229,435,1664
02271300,WI SCH OF PROFESSIONAL PSYCHOLOGY       ,WI,53225-0000,Private      ,0,6,6,26,165,191
02317200,MARANATHA BAPTIST UNIVERSITY            ,WI,53094-7638,Private      ,6,13,19,776,194,970
02453500,MEDICAL COLLEGE OF WISCONSIN            ,WI,53226-0000,Private      ,6,16,22,108,1161,1269
02494300,GILL-TECH ACADEMY OF HAIR DESIGN        ,WI,54911-0000,Proprietary  ,2,2,4,23,50,73
02532200,LAC COURTE OREILLES OJIBWA CMTY CLG     ,WI,54843-0000,Public       ,8,99,107,56,479,535
03061200,MIDWEST COLLEGE OF ORIENTAL MEDICINE    ,WI,53403-9747,Proprietary  ,5,13,18,31,238,269
03125100,COLLEGE OF MENOMINEE NATION             ,WI,54135-0000,Private      ,9,60,69,90,407,497
03125102,COLLEGE OF  THE MENOMINEE NATION - GREEN,WI,54304-4964,Private      ,3,14,17,36,184,220
03220300,"SALON PROFESSIONAL ACADEMY, THE         ",WI,54701-7633,Proprietary  ,4,6,10,37,66,103
03309300,MONTESSORI INSTITUTE OF MILWAUKEE       ,WI,53207-0000,Private      ,1,1,2,11,37,48
03808300,INSTITUTE OF BEAUTY AND WELLNESS (AIM)  ,WI,53202-5715,Proprietary  ,19,28,47,225,329,554
03822300,PAUL MITCHELL THE SCH-MONROE AND MADISON,WI,53566-0000,Proprietary  ,7,9,16,53,59,112
03872500,NORTHLAND INTERNATIONAL UNIVERSITY      ,WI,54119-9285,Private      ,0,0,0,44,10,54
03925300,BLUE SKY SCHOOL OF PROFESSIONAL MASSAGE ,WI,53024-9699,Private      ,1,0,1,3,6,9
03925301,BLUE SKY SCHOOL OF PROFESSIONAL MASSAGE ,WI,54115-7407,Private      ,0,0,0,4,13,17
03925303,BLUE SKY SCHOOL OF PROFESSIONAL MASSAGE ,WI,53713-2366,Private      ,0,0,0,11,37,48
04117400,MILWAUKEE CAREER COLLEGE                ,WI,53222-4305,Proprietary  ,18,35,53,289,486,775
04118600,ACADEMY OF COSMETOLOGY                  ,WI,53548-3307,Proprietary  ,3,7,10,52,82,134
04124800,VISIONS IN HAIR DESIGN INSTITUTE OF COSM,WI,53210-1120,Proprietary  ,0,0,0,0,1,1
04132600,WISCONSIN ACADEMY (THE)                 ,WI,54157-1726,Proprietary  ,6,8,14,43,43,86
04137900,BRENSTEN EDUCATION                      ,WI,53186-0000,Proprietary  ,0,1,1,24,248,272
04138200,SALON PROFESSIONAL ACADEMY (THE)        ,WI,54914-3921,Proprietary  ,2,9,11,54,80,134
04157700,SALON PROFESSIONAL ACADEMY (THE)        ,WI,54650-8699,Proprietary  ,5,4,9,58,80,138
04159400,COLUMBIA COLLEGE OF NURSING             ,WI,53211-2952,Private      ,2,13,15,218,285,503
04165300,ACADEMY WAUKESHA (THE)                  ,WI,53072-5524,Proprietary  ,4,7,11,86,121,207
04179200,ADVANCED COLLEGE OF COSMETOLOGY         ,WI,53963-0000,Proprietary  ,0,3,3,28,25,53
04182100,FIRST CLASS COSMETOLOGY SCHOOL          ,WI,52511-0000,Proprietary  ,6,9,15,51,103,154
04183600,SALON PROFESSIONAL ACADEMY OF KENOSHA (T,WI,53142-4950,Proprietary  ,3,17,20,58,132,190
04193800,SHEPHERDS COLLEGE                       ,WI,53182-1527,Private      ,0,1,1,26,23,49
04202800,PANACHE ACADEMY OF BEAUTY               ,WI,53913-2596,Proprietary  ,6,14,20,29,71,100
04219300,EAST-WEST HEALING ARTS INSTITUTE        ,WI,53719-1133,Proprietary  ,3,11,14,27,100,127
04231400,BELLA ACADEMY OF COSMETOLOGY            ,WI,54901-4738,Proprietary  ,5,4,9,24,41,65
04237400,WRIGHT GRADUATE UNIVERSITY FOR THE REALI,WI,53121-2556,Private      ,0,3,3,16,50,66
00290500,NORTH CAROLINA A&T STATE UNIV           ,NC,27411-0001,Public       ,271,223,494,16191,7231,23422
00290600,APPALACHIAN STATE UNIVERSITY            ,NC,28608-2059,Public       ,204,139,343,18220,5260,23480
00290700,UNIVERSITY OF NC AT ASHEVILLE           ,NC,28804-3299,Public       ,51,37,88,4813,1941,6754
00290800,BARTON COLLEGE                          ,NC,27893-3104,Private      ,17,28,45,1557,859,2416
00291000,BELMONT ABBEY COLLEGE                   ,NC,28012-1802,Private      ,14,30,44,1565,975,2540
00291100,BENNETT COLLEGE                         ,NC,27401-3239,Private      ,17,10,27,996,436,1432
00291200,BREVARD COLLEGE                         ,NC,28712-3306,Private      ,10,6,16,1342,227,1569
00291300,CAMPBELL UNIVERSITY                     ,NC,27506-0036,Private      ,59,156,215,5628,5003,10631
00291400,CATAWBA COLLEGE                         ,NC,28144-2488,Private      ,27,16,43,2030,666,2696
00291500,CENTRAL PIEDMONT COMMUNITY COLLEGE      ,NC,28204-2297,Public       ,309,806,1115,11583,18047,29630
00291600,CHOWAN UNIVERSITY                       ,NC,27855-1850,Private      ,35,7,42,2484,489,2973
00291700,COLLEGE OF THE ALBEMARLE                ,NC,27909-2327,Public       ,24,77,101,930,1638,2568
00291800,DAVIDSON COLLEGE                        ,NC,28035-7157,Private      ,30,16,46,3702,292,3994
00291900,DAVIDSON COUNTY COMMUNITY COLLEGE       ,NC,27293-0000,Public       ,31,118,149,1885,4336,6221
00292000,DUKE UNIVERSITY                         ,NC,27708-0397,Private      ,204,69,273,18147,2885,21032
00292001,DUKE UNIVERSITY - MEDICAL SCHOOL        ,NC,27710-3067,Private      ,5,18,23,273,1017,1290
00292002,DUKE UNIVERSITY - LAW SCHOOL            ,NC,27708-0363,Private      ,0,5,5,80,1888,1968
00292003,DUKE UNIVERSITY - GRADUATE SCHOOL       ,NC,27708-0061,Private      ,4,20,24,228,730,958
00292004,DUKE UNIVERSITY - FUQUA SCHOOL OF BUSINE,NC,27708-0128,Private      ,3,20,23,198,980,1178
00292005,DUKE UNIVERSITY - SCHOOL OF ENVIRONMENT ,NC,27708-0330,Private      ,0,3,3,52,342,394
00292006,DUKE UNIVERSITY - DIVINITY SCHOOL       ,NC,27708-0969,Private      ,7,14,21,844,854,1698
00292007,DUKE UNIVERSITY - SCHOOL OF NURSING     ,NC,27710-3322,Private      ,1,13,14,208,1561,1769
00292010,DUKE UNIVERSITY - SCHOOL OF PUBLIC POLIC,NC,27708-0239,Private      ,0,4,4,35,229,264
00292300,EAST CAROLINA UNIVERSITY                ,NC,27858-1818,Public       ,244,363,607,26168,13418,39586
00292600,ELIZABETH CITY STATE UNIVERSITY         ,NC,27909-7806,Public       ,35,35,70,2334,1193,3527
00292700,ELON UNIVERSITY                         ,NC,27244-2010,Private      ,52,25,77,7621,1319,8940
00292800,FAYETTEVILLE STATE UNIVERSITY           ,NC,28301-4298,Public       ,94,272,366,5509,7996,13505
00292900,GARDNER-WEBB UNIVERSITY                 ,NC,28017-0000,Private      ,41,101,142,2896,3659,6555
00293000,GREENSBORO COLLEGE                      ,NC,27401-1875,Private      ,25,36,61,1785,1159,2944
00293100,GUILFORD COLLEGE                        ,NC,27410-4171,Private      ,53,73,126,2784,2418,5202
00293300,HIGH POINT UNIVERSITY                   ,NC,27262-4221,Private      ,61,35,96,7353,834,8187
00293400,ISOTHERMAL COMMUNITY COLLEGE            ,NC,28160-0804,Public       ,12,71,83,928,1346,2274
00293500,LAUREL UNIVERSITY                       ,NC,27265-3197,Private      ,4,5,9,99,211,310
00293600,JOHNSON C SMITH UNIVERSITY              ,NC,28216-5398,Private      ,51,81,132,2729,1848,4577
00293700,KING'S COLLEGE-CHARLOTTE                ,NC,28204-2435,Proprietary  ,23,35,58,709,666,1375
00293900,LEES MCRAE COLLEGE                      ,NC,28604-0000,Private      ,10,6,16,1214,551,1765
00294000,LENOIR COMMUNITY COLLEGE                ,NC,28502-0188,Public       ,29,123,152,1074,2567,3641
00294100,LENOIR-RHYNE UNIVERSITY                 ,NC,28603-0000,Private      ,45,38,83,3181,1375,4556
00294200,LIVINGSTONE COLLEGE                     ,NC,28144-5298,Private      ,54,14,68,2171,723,2894
00294300,LOUISBURG COLLEGE                       ,NC,27549-2398,Private      ,42,6,48,1260,252,1512
00294400,MARS HILL COLLEGE                       ,NC,28754-0000,Private      ,22,16,38,2261,525,2786
00294500,MEREDITH COLLEGE                        ,NC,27607-5298,Private      ,23,30,53,2257,1083,3340
00294600,METHODIST UNIVERSITY                    ,NC,28311-1420,Private      ,45,90,135,3187,2106,5293
00294700,MITCHELL COMMUNITY COLLEGE              ,NC,28677-5264,Public       ,34,93,127,1264,2050,3314
00294800,MONTREAT COLLEGE                        ,NC,28757-1267,Private      ,6,35,41,630,732,1362
00294900,UNIVERSITY OF MOUNT OLIVE               ,NC,28365-1299,Private      ,27,241,268,1585,4132,5717
00295000,NORTH CAROLINA CENTRAL UNIVERSITY       ,NC,27707-3198,Public       ,169,203,372,10635,7828,18463
00295100,NORTH CAROLINA WESLEYAN COLLEGE         ,NC,27804-8699,Private      ,34,98,132,1666,2121,3787
00295300,WILLIAM PEACE UNIVERSITY                ,NC,27604-1194,Private      ,22,30,52,1515,815,2330
00295400,UNIV OF NORTH CAROLINA AT PEMBROKE      ,NC,28372-1510,Public       ,112,129,241,7483,4570,12053
00295500,PFEIFFER UNIVERSITY                     ,NC,28109-0000,Private      ,5,37,42,1029,1264,2293
00295600,PIEDMONT INTERNATIONAL UNIVERSITY       ,NC,27101-5025,Private      ,1,19,20,182,447,629
00295700,QUEENS UNIVERSITY OF CHARLOTTE          ,NC,28274-0001,Private      ,28,136,164,2422,2343,4765
00295800,ROCKINGHAM COMMUNITY COLLEGE            ,NC,27375-0000,Public       ,18,39,57,836,1363,2199
00296000,SALEM COLLEGE                           ,NC,27108-0000,Private      ,21,30,51,1052,834,1886
00296100,SANDHILLS COMMUNITY COLLEGE             ,NC,28374-8283,Public       ,51,119,170,1758,3081,4839
00296200,SHAW UNIVERSITY                         ,NC,27601-2393,Private      ,55,58,113,2700,1977,4677
00296300,SOUTHEASTERN BAPTIST THEOL SEMINARY     ,NC,27588-0000,Private      ,2,5,7,156,273,429
00296400,SOUTHEASTERN COMMUNITY COLLEGE          ,NC,28472-5422,Public       ,26,72,98,717,1181,1898
00296800,ST AUGUSTINES COLLEGE                   ,NC,27610-2298,Private      ,38,26,64,1568,778,2346
00297000,SURRY COMMUNITY COLLEGE                 ,NC,27017-0304,Public       ,13,68,81,1342,1719,3061
00297200,NORTH CAROLINA STATE UNIV-RALEIGH       ,NC,27695-7001,Public       ,312,298,610,29190,11293,40483
00297300,GASTON COLLEGE                          ,NC,28034-1499,Public       ,60,183,243,2465,4538,7003
00297400,UNIVERSITY OF N C-CHAPEL HILL           ,NC,27514-0000,Public       ,315,298,613,28088,13278,41366
00297500,UNIVERSITY OF NC AT CHARLOTTE           ,NC,28223-0001,Public       ,309,365,674,27896,14508,42404
00297600,UNIVERSITY OF N C - GREENSBORO          ,NC,27412-0001,Public       ,197,217,414,18100,11217,29317
00297800,WAKE FOREST UNIV - UNDERGRADUATE        ,NC,27109-7246,Private      ,83,17,100,8332,534,8866
00297801,WAKE FOREST UNIV - SCH OF MEDICINE      ,NC,27157-1090,Private      ,7,18,25,132,1276,1408
00297803,WAKE FOREST GRAD SCHOOLS OF BUSINESS    ,NC,27109-7659,Private      ,5,20,25,78,727,805
00297805,WAKE FOREST UNIV - SCH OF LAW           ,NC,27109-7206,Private      ,2,4,6,42,1160,1202
00297806,WAKE FOREST UNIV - GRAD A&S/DIVINITY    ,NC,27109-7246,Private      ,2,29,31,48,821,869
00297900,WARREN WILSON COLLEGE                   ,NC,28815-0000,Private      ,14,18,32,1200,406,1606
00298000,WAYNE COMMUNITY COLLEGE                 ,NC,27533-0000,Public       ,33,139,172,1446,3035,4481
00298100,WESTERN CAROLINA UNIVERSITY             ,NC,28723-9731,Public       ,235,121,356,11100,4519,15619
00298200,WESTERN PIEDMONT COMMUNITY COLLEGE      ,NC,28655-4504,Public       ,23,58,81,1101,1545,2646
00298300,WILKES COMMUNITY COLLEGE                ,NC,28697-2100,Public       ,16,56,72,1149,1424,2573
00298400,UNIVERSITY OF N C-WILMINGTON            ,NC,28403-3297,Public       ,162,191,353,15871,6819,22690
00298500,WINGATE UNIVERSITY                      ,NC,28174-0159,Private      ,75,29,104,4985,1576,6561
00298600,WINSTON-SALEM STATE UNIVERSITY          ,NC,27102-0000,Public       ,128,138,266,7839,5082,12921
00398100,UNC SCHOOL OF THE ARTS                  ,NC,27127-2188,Public       ,16,9,25,1609,528,2137
00403300,ASHEVILLE BUNCOMBE TECH CMTY CLG        ,NC,28801-4897,Public       ,87,239,326,2656,5131,7787
00406200,PITT COMMUNITY COLLEGE                  ,NC,28590-0000,Public       ,75,237,312,4626,7962,12588
00483500,CALDWELL COMMUNITY CLG & TECH INST      ,NC,28638-2626,Public       ,36,79,115,1483,2192,3675
00483800,GUILFORD TECHNICAL COMMUNITY CLG        ,NC,27282-0309,Public       ,111,377,488,6292,12464,18756
00484400,WAKE TECHNICAL COMMUNITY COLLEGE        ,NC,27603-5696,Public       ,188,606,794,10723,18680,29403
00484500,WILSON COMMUNITY COLLEGE                ,NC,27893-3310,Public       ,16,87,103,713,2098,2811
00499201,MILLER-MOTTE TECHNICAL COLLEGE - MILLER-,NC,27511-9209,Proprietary  ,5,85,90,107,705,812
00499202,MILLER-MOTTE TECHNICAL COLLEGE - MILLER-,NC,27604-6072,Proprietary  ,24,120,144,364,1472,1836
00499203,MILLER-MOTTE TECHNICAL COLLEGE - FAYETTE,NC,28311-7651,Proprietary  ,17,217,234,296,2162,2458
00499205,MILLER-MOTTE TECHNICAL COLLEGE - MILLER-,NC,28540-5901,Proprietary  ,20,145,165,172,1282,1454
00531600,COASTAL CAROLINA COMMUNITY COLLEGE      ,NC,28546-6816,Public       ,49,304,353,1708,5377,7085
00531700,FORSYTH TECHNICAL COMMUNITY COLLEGE     ,NC,27103-5197,Public       ,67,260,327,4084,8278,12362
00531800,CATAWBA VALLEY COMMUNITY COLLEGE        ,NC,28602-8302,Public       ,40,109,149,2533,3374,5907
00532000,CAPE FEAR COMMUNITY COLLEGE             ,NC,28401-3910,Public       ,77,262,339,4637,6540,11177
00544700,RANDOLPH COMMUNITY COLLEGE              ,NC,27204-1009,Public       ,18,79,97,1267,2154,3421
00544800,DURHAM TECHNICAL CMNTY COLLEGE          ,NC,27703-5023,Public       ,55,224,279,2278,6039,8317
00544900,CENTRAL CAROLINA COMMUNITY COLLEGE      ,NC,27330-9000,Public       ,38,147,185,1847,4130,5977
00546300,ALAMANCE COMMUNITY COLLEGE              ,NC,27253-0000,Public       ,48,116,164,1913,3600,5513
00546400,RICHMOND COMMUNITY COLLEGE              ,NC,28345-4522,Public       ,36,104,140,924,2044,2968
00575400,ROWAN-CABARRUS COMMUNITY COLLEGE        ,NC,28146-8357,Public       ,64,197,261,2401,4861,7262
00647700,CABARRUS COLLEGE OF HEALTH SCIENCES     ,NC,28025-0000,Private      ,6,28,34,390,842,1232
00647800,MERCY HOSP SCH OF NURSING               ,NC,28207-0000,Public       ,2,21,23,141,501,642
00648300,WATTS SCHOOL OF NURSING                 ,NC,27704-0000,Private      ,5,4,9,98,331,429
00679900,CRAVEN COMMUNITY COLLEGE                ,NC,28562-0000,Public       ,36,195,231,1074,3474,4548
00703100,PAMLICO COMMUNITY COLLEGE               ,NC,28529-0000,Public       ,6,28,34,81,384,465
00764000,FAYETTEVILLE TECHNICAL CMTY COLLEGE     ,NC,28303-0236,Public       ,156,920,1076,4143,15195,19338
00768700,JAMES SPRUNT COMMUNITY COLLEGE          ,NC,28349-0398,Public       ,10,43,53,449,1028,1477
00781400,BROOKSTONE COLLEGE OF BUSINESS          ,NC,28262-1294,Proprietary  ,0,0,0,77,331,408
00781401,BROOKSTONE COLLEGE OF BUSINESS          ,NC,27409-0000,Proprietary  ,0,0,0,36,198,234
00789200,SAMPSON COMMUNITY COLLEGE               ,NC,28328-0000,Public       ,10,35,45,612,1135,1747
00798500,SOUTH PIEDMONT COMMUNITY COLLEGE        ,NC,28135-9703,Public       ,34,97,131,855,1719,2574
00798600,HALIFAX COMMUNITY COLLEGE               ,NC,27890-0089,Public       ,14,54,68,538,1042,1580
00798700,BLADEN COMMUNITY COLLEGE                ,NC,28332-0266,Public       ,19,66,85,580,1353,1933
00798800,MARTIN COMMUNITY COLLEGE                ,NC,27892-8307,Public       ,8,24,32,250,623,873
00808100,CARTERET COMMUNITY COLLEGE              ,NC,28557-2989,Public       ,21,64,85,650,1468,2118
00808200,CLEVELAND COMMUNITY COLLEGE             ,NC,28150-0000,Public       ,32,122,154,948,2280,3228
00808300,HAYWOOD COMMUNITY COLLEGE               ,NC,28721-0000,Public       ,14,61,75,546,1347,1893
00808500,MCDOWELL TECHNICAL COMMUNITY CLG        ,NC,28752-8728,Public       ,7,35,42,330,772,1102
00808700,MONTGOMERY COMMUNITY COLLEGE            ,NC,27371-0787,Public       ,6,22,28,316,688,1004
00846600,SOUTHWESTERN COMMUNITY COLLEGE          ,NC,28779-8581,Public       ,18,46,64,876,1567,2443
00855700,NASH COMMUNITY COLLEGE                  ,NC,27804-0488,Public       ,44,139,183,1502,3378,4880
00855800,BEAUFORT COUNTY COMMUNITY COLLEGE       ,NC,27889-7889,Public       ,7,54,61,640,1606,2246
00861200,ROBESON COMMUNITY COLLEGE               ,NC,28359-2151,Public       ,30,101,131,1190,2585,3775
00861300,ROANOKE-CHOWAN COMMUNITY COLLEGE        ,NC,27910-9522,Public       ,10,37,47,292,698,990
00885500,EDGECOMBE COMMUNITY COLLEGE             ,NC,27886-9399,Public       ,16,137,153,839,3339,4178
00933600,JOHNSTON COMMUNITY COLLEGE              ,NC,27577-0000,Public       ,26,123,149,1682,3092,4774
00943000,TRI-COUNTY COMMUNITY COLLEGE            ,NC,28906-7919,Public       ,11,34,45,318,715,1033
00964600,PIEDMONT COMMUNITY COLLEGE              ,NC,27573-1197,Public       ,16,49,65,490,1019,1509
00968400,BLUE RIDGE COMMUNITY COLLEGE            ,NC,28731-9624,Public       ,11,40,51,754,1480,2234
00974701,GORDON-CONWELL THEO SEM - CHARLOTTE     ,NC,28273-0000,Private      ,0,14,14,9,241,250
00990300,VANCE-GRANVILLE CMTY COLLEGE            ,NC,27536-0917,Public       ,32,109,141,1163,2677,3840
01019804,ECPI UNIVERSITY - GREENSBORO            ,NC,27409-9048,Proprietary  ,7,43,50,231,923,1154
01019805,ECPI UNIVERSITY - CHARLOTTE             ,NC,28208-5886,Proprietary  ,18,119,137,381,1895,2276
01019810,ECPI UNIVERSITY - RALEIGH               ,NC,27613-7387,Proprietary  ,28,140,168,381,1591,1972
01019812,ECPI UNIVERSITY - CONCORD               ,NC,28262-0000,Proprietary  ,1,22,23,125,531,656
01026400,SOUTH COLLEGE                           ,NC,28803-3152,Proprietary  ,18,85,103,182,861,1043
01119400,STANLY COMMUNITY COLLEGE                ,NC,28001-7458,Public       ,27,106,133,852,2314,3166
01119700,MAYLAND COMMUNITY COLLEGE               ,NC,28777-2777,Public       ,5,9,14,391,482,873
01179900,PAUL MITCHELL THE SCHOOL FAYETTEVILLE   ,NC,28303-5364,Proprietary  ,8,43,51,133,520,653
01192600,LEON'S BEAUTY SCHOOL                    ,NC,27403-2812,Proprietary  ,8,23,31,151,333,484
01303918,SOUTH UNIVERSITY - THE ART INSTITUTE OF ,NC,28217-4536,Proprietary  ,51,88,139,1305,1239,2544
02056500,MITCHELL'S HAIR STYLING ACADEMY         ,NC,27893-0000,Proprietary  ,0,6,6,30,88,118
02056501,MITCHELL'S HAIR STYLING ACADEMY - MITCHE,NC,27606-3326,Proprietary  ,3,4,7,66,212,278
02158414,HARRISON COLLEGE - THE CHEF'S ACADEMY - ,NC,27560-0000,Proprietary  ,3,21,24,137,294,431
02170700,BRUNSWICK COMMUNITY COLLEGE             ,NC,28422-0000,Public       ,19,67,86,704,1135,1839
02205000,COLLEGE OF WILMINGTON                   ,NC,28403-0000,Proprietary  ,23,52,75,314,678,992
02210400,FAYETTEVILLE BEAUTY COLLEGE             ,NC,28303-0000,Proprietary  ,0,0,0,69,368,437
02227800,MITCHELL'S HAIR STYLING ACADEMY         ,NC,27534-0000,Proprietary  ,2,4,6,27,88,115
02280900,MID-ATLANTIC CHRISTIAN UNIVERSITY       ,NC,27909-0000,Private      ,3,9,12,210,169,379
02326203,KAPLAN CAREER INSTITUTE - KAPLAN COLLEGE,NC,28212-6830,Proprietary  ,19,123,142,251,1554,1805
02560600,PINNACLE INSTITUTE OF COSMETOLOGY       ,NC,28115-8020,Proprietary  ,1,15,16,39,106,145
02614201,MILLER-MOTTE BUSINESS COLLEGE           ,NC,28403-0000,Proprietary  ,61,496,557,508,5272,5780
02614205,MILLER - MOTTE TECHNICAL COLLEGE - MILLE,NC,27834-5052,Proprietary  ,10,96,106,192,1025,1217
03009500,WINSTON-SALEM BARBER SCHOOL             ,NC,27107-0000,Proprietary  ,9,12,21,75,159,234
03064400,REGENCY BEAUTY INSTITUTE                ,NC,27127-0000,Proprietary  ,9,27,36,108,308,416
03089300,HERITAGE BIBLE COLLEGE                  ,NC,28335-0000,Private      ,0,1,1,21,79,100
03104200,CAROLINAS COLLEGE OF HEALTH SCIENCE     ,NC,28232-2861,Public       ,14,53,67,517,1393,1910
03109000,LIVING ARTS COLLEGE                     ,NC,27614-7076,Proprietary  ,24,38,62,444,611,1055
03237300,ANSON COLLEGE OF COSMETOLOGY            ,NC,28170-2147,Proprietary  ,1,3,4,1,3,4
03361300,MEDICAL ARTS MASSAGE SCHOOL             ,NC,27616-6453,Proprietary  ,3,41,44,58,396,454
03513400,APEX SCHOOL OF THEOLOGY                 ,NC,27703-8024,Private      ,2,74,76,30,1464,1494
03555300,SOUTHEASTERN INSTITUTE                  ,NC,28217-0000,Proprietary  ,12,87,99,129,675,804
03570300,CAROLINA CHRISTIAN COLLEGE              ,NC,27105-3241,Private      ,0,10,10,30,149,179
03663300,HOOD THEOLOGICAL SEMINARY               ,NC,28144-5768,Private      ,0,5,5,5,187,192
03748500,DURHAM BEAUTY ACADEMY                   ,NC,27707-3569,Proprietary  ,3,32,35,58,226,284
03777300,PAUL MITCHELL THE SCHOOL GASTONIA       ,NC,28054-0460,Proprietary  ,29,69,98,273,493,766
03827300,CHARLOTTE CHRISTIAN COLLEGE AND THEOLOGI,NC,28205-1648,Private      ,0,14,14,31,293,324
04073300,JUNG TAO SCHOOL OF CLASSICAL CHINESE MED,NC,28679-9657,Private      ,0,1,1,0,56,56
04101300,CAROLINA SCHOOL OF BROADCASTING         ,NC,28214-8085,Proprietary  ,2,21,23,114,329,443
04115700,REGINA'S COLLEGE OF BEAUTY              ,NC,28110-2831,Proprietary  ,1,20,21,49,199,248
04120300,HEALTH AND STYLE INSTITUTE              ,NC,27265-3114,Proprietary  ,19,108,127,140,520,660
04129400,CENTER FOR MASSAGE & NATURAL HEALTH     ,NC,28787-8331,Proprietary  ,0,16,16,22,103,125
04140700,AVEDA INSTITUTE CHAPEL HILL             ,NC,27516-2559,Proprietary  ,21,30,51,221,332,553
04143500,CHARLOTTE SCHOOL OF LAW                 ,NC,28208-2816,Proprietary  ,3,42,45,95,1962,2057
04146400,DAOIST TRADITIONS COLLEGE OF CHINESE MED,NC,28801-1060,Proprietary  ,1,2,3,10,114,124
04149300,PARK WEST BARBER SCHOOL                 ,NC,27701-4022,Proprietary  ,16,82,98,187,944,1131
04154200,CAROLINA COLLEGE OF BIBLICAL STUDIES    ,NC,29303-5157,Private      ,2,23,25,28,315,343
04172800,BODY THERAPY INSTITUTE                  ,NC,27344-6728,Proprietary  ,0,18,18,20,89,109
04173000,SHEPHERDS THEOLOGICAL SEMINARY          ,NC,27518-9316,Private      ,0,2,2,4,29,33
04173700,GRACE COLLEGE OF DIVINITY               ,NC,28314-2343,Private      ,1,6,7,45,175,220
04178100,CAROLINA COLLEGE OF HAIR DESIGN         ,NC,28802-1232,Proprietary  ,3,15,18,35,132,167
04204700,PAUL MITCHELL THE SCHOOL RALEIGH        ,NC,27612-7358,Proprietary  ,12,18,30,154,261,415
04206500,MYCOMPUTERCAREER.COM                    ,NC,27606-3365,Proprietary  ,20,235,255,100,1087,1187
04214600,GRACE COLLEGE OF BARBERING              ,NC,28513-7178,Private      ,0,6,6,13,43,56
04219100,ALEXANDER PAUL INSTITUTE OF HAIR DESIGN ,NC,27858-3344,Proprietary  ,4,9,13,51,86,137
04227600,SHERRILL'S UNIVERSITY OF BARBER & COSMET,NC,27610-2431,Proprietary  ,4,28,32,55,262,317
04228400,BEYOND MEASURE BARBERING INSTITUTE      ,NC,27302-2323,Proprietary  ,2,8,10,15,78,93
00298800,BISMARCK STATE COLLEGE                  ,ND,58501-1299,Public       ,37,87,124,1773,1496,3269
00298900,DICKINSON STATE UNIVERSITY              ,ND,58601-4896,Public       ,14,27,41,808,548,1356
00299000,UNIVERSITY OF JAMESTOWN                 ,ND,58405-3401,Private      ,10,11,21,1040,234,1274
00299100,LAKE REGION STATE COLLEGE               ,ND,58301-1598,Public       ,8,28,36,408,471,879
00299200,UNIVERSITY OF MARY                      ,ND,58504-9652,Private      ,10,69,79,1740,1357,3097
00299300,MAYVILLE STATE UNIVERSITY               ,ND,58257-1299,Public       ,7,12,19,715,381,1096
00299400,MINOT STATE UNIVERSITY                  ,ND,58707-0001,Public       ,24,63,87,1487,1437,2924
00299500,DAKOTA COLLEGE AT BOTTINEAU             ,ND,58318-1159,Public       ,3,12,15,341,235,576
00299600,NORTH DAKOTA STATE CLG OF SCIENCE       ,ND,58076-0002,Public       ,21,33,54,1715,742,2457
00299700,NORTH DAKOTA STATE UNIV - FARGO         ,ND,58102-0000,Public       ,130,105,235,10421,3250,13671
00299702,NORTH DAKOTA STATE UNIV NURSING         ,ND,58501-4425,Public       ,0,0,0,3,4,7
00300500,UNIVERSITY OF NORTH DAKOTA              ,ND,58202-8193,Public       ,83,226,309,8459,5811,14270
00300700,WILLISTON STATE COLLEGE                 ,ND,58802-1326,Public       ,17,34,51,335,474,809
00300800,VALLEY CITY STATE UNIVERSITY            ,ND,58072-0000,Public       ,13,23,36,794,400,1194
00484601,RASMUSSEN COLLEGE - BISMARCK            ,ND,58503-0000,Proprietary  ,0,3,3,34,187,221
00775600,JOSEF'S SCHOOL OF HAIR DESIGN INC       ,ND,58102-4977,Proprietary  ,4,4,8,61,82,143
00869408,RASMUSSEN COLLEGE - FARGO               ,ND,58103-7196,Proprietary  ,9,53,62,123,622,745
01040600,JOSEF'S SCHOOL OF HAIR DESIGN           ,ND,58201-6394,Proprietary  ,4,11,15,49,112,161
01205900,TRINITY BIBLE COLLEGE                   ,ND,58436-7150,Private      ,4,3,7,219,87,306
01229500,JZ TREND ACADEMY PAUL MITCHELL PARTNER S,ND,58501-0000,Proprietary  ,0,7,7,27,51,78
02188200,SITTING BULL COLLEGE                    ,ND,58538-9701,Public       ,11,40,51,99,359,458
02236500,LITTLE HOOP COMMUNITY COLLEGE           ,ND,58335-0000,Public       ,3,47,50,40,222,262
02242900,UNITED TRIBES TECHNICAL COLLEGE         ,ND,58504-0000,Private      ,9,33,42,220,672,892
02298200,HEADQUARTERS ACADEMY OF HAIR DESIGN     ,ND,58701-0000,Proprietary  ,1,7,8,20,80,100
02301100,TURTLE MTN CMNTY COLG-FIN AID OFC       ,ND,58316-0000,Private      ,23,64,87,260,508,768
02553700,FORT BERTHOLD COMMUNITY COLLEGE         ,ND,58763-0000,Public       ,7,21,28,79,211,290
03087200,MOLER BARBER CLG OF HAIRSTYLING         ,ND,58103-0000,Proprietary  ,0,5,5,4,31,35
04031300,SALON PROFESSIONAL ACADEMY (THE)        ,ND,58103-3337,Proprietary  ,5,6,11,83,79,162
04139400,HAIR ACADEMY (THE)                      ,ND,58501-4929,Proprietary  ,0,0,0,51,38,89
04223500,LYNNES WELDING TRAINING                 ,ND,58102-4018,Proprietary  ,3,9,12,34,75,109
00301005,ANTIOCH UNIV/SEATTLE                    ,WA,98121-0000,Private      ,3,36,39,95,1216,1311
00376900,BELLEVUE COLLEGE                        ,WA,98007-6484,Public       ,188,502,690,5624,8108,13732
00377000,BIG BEND COMMUNITY COLLEGE              ,WA,98837-3299,Public       ,47,125,172,1281,1905,3186
00377100,CENTRAL WASHINGTON UNIVERSITY           ,WA,98926-7495,Public       ,248,227,475,13684,7041,20725
00377200,CENTRALIA COLLEGE                       ,WA,98531-4099,Public       ,35,167,202,1338,2372,3710
00377300,CLARK COLLEGE                           ,WA,98663-3598,Public       ,190,561,751,5422,8822,14244
00377400,COLUMBIA BASIN COLLEGE                  ,WA,99301-3379,Public       ,129,334,463,3671,5027,8698
00377500,EASTERN WASHINGTON UNIVERSITY           ,WA,99004-2447,Public       ,207,209,416,14208,7993,22201
00377600,EVERETT COMMUNITY COLLEGE               ,WA,98201-1352,Public       ,107,481,588,4056,7585,11641
00377700,HERITAGE UNIVERSITY                     ,WA,98948-9562,Private      ,10,73,83,800,1556,2356
00377800,GONZAGA UNIVERSITY                      ,WA,99258-0083,Private      ,86,164,250,8400,3961,12361
00377900,GRAYS HARBOR COLLEGE                    ,WA,98520-7599,Public       ,30,130,160,902,1855,2757
00378000,GREEN RIVER COMMUNITY COLLEGE           ,WA,98092-3622,Public       ,140,425,565,3728,5967,9695
00378100,HIGHLINE COMMUNITY COLLEGE              ,WA,98198-9800,Public       ,147,463,610,3964,6851,10815
00378200,LOWER COLUMBIA COLLEGE                  ,WA,98632-0310,Public       ,61,248,309,1368,3476,4844
00378300,NORTHWEST UNIVERSITY                    ,WA,98083-0000,Private      ,23,92,115,1669,1588,3257
00378400,OLYMPIC COLLEGE                         ,WA,98337-1600,Public       ,71,378,449,2300,6189,8489
00378500,PACIFIC LUTHERAN UNIVERSITY             ,WA,98447-0003,Private      ,69,87,156,5065,2597,7662
00378600,PENINSULA COLLEGE                       ,WA,98362-6660,Public       ,18,131,149,726,1952,2678
00378700,SEATTLE CENTRAL COMMUNITY COLLEGE       ,WA,98122-2413,Public       ,142,532,674,3721,8159,11880
00378703,SEATTLE VOCATIONAL INSTITUTE            ,WA,98144-0000,Public       ,16,91,107,166,794,960
00378800,SEATTLE PACIFIC UNIVERSITY              ,WA,98119-1997,Private      ,107,109,216,8140,3253,11393
00379000,SEATTLE UNIVERSITY                      ,WA,98122-1090,Private      ,164,244,408,10542,7003,17545
00379100,SHORELINE COMMUNITY COLLEGE             ,WA,98133-5696,Public       ,95,324,419,2995,5347,8342
00379200,SKAGIT VALLEY COLLEGE                   ,WA,98273-5899,Public       ,61,263,324,2019,3902,5921
00379300,SPOKANE COMMUNITY COLLEGE               ,WA,99207-5399,Public       ,129,687,816,4495,10234,14729
00379400,ST MARTIN'S UNIVERSITY                  ,WA,98503-7500,Private      ,21,63,84,1549,1478,3027
00379600,TACOMA COMMUNITY COLLEGE                ,WA,98466-6100,Public       ,162,679,841,4654,11077,15731
00379700,UNIVERSITY OF PUGET SOUND               ,WA,98416-1039,Private      ,65,67,132,5766,2000,7766
00379800,UNIVERSITY OF WASHINGTON                ,WA,98195-1122,Public       ,608,843,1451,44760,31473,76233
00379900,WALLA WALLA UNIVERSITY                  ,WA,99324-1198,Private      ,26,24,50,1983,770,2753
00380000,WASHINGTON STATE UNIVERSITY             ,WA,99164-1035,Public       ,455,459,914,31909,15553,47462
00380100,WENATCHEE VALLEY COLLEGE                ,WA,98801-1799,Public       ,50,252,302,1895,2672,4567
00380200,WESTERN WASHINGTON UNIVERSITY           ,WA,98225-5946,Public       ,270,190,460,19533,5870,25403
00380300,WHITMAN COLLEGE                         ,WA,99362-2067,Private      ,27,5,32,2974,180,3154
00380400,WHITWORTH UNIVERSITY                    ,WA,99251-0001,Private      ,61,85,146,4616,1718,6334
00380500,YAKIMA VALLEY COMMUNITY COLLEGE         ,WA,98907-2520,Public       ,87,318,405,3138,4997,8135
00499900,BELLINGHAM TECHNICAL COLLEGE            ,WA,98225-0000,Public       ,37,221,258,1365,3309,4674
00500000,PIERCE COLLEGE                          ,WA,98498-1919,Public       ,142,612,754,3963,9316,13279
00500100,EDMONDS COMMUNITY COLLEGE               ,WA,98036-5999,Public       ,131,420,551,2941,5395,8336
00500600,WALLA WALLA COMMUNITY COLLEGE           ,WA,99362-9267,Public       ,53,173,226,2039,2776,4815
00530600,BATES TECHNICAL COLLEGE                 ,WA,98405-0000,Public       ,49,378,427,1257,4464,5721
00537200,SOUTH PUGET SOUND COMMUNITY COLLEGE     ,WA,98512-6292,Public       ,76,362,438,2492,5509,8001
00537300,LAKE WASHINGTON TECHNICAL COLLEGE       ,WA,98034-8505,Public       ,29,174,203,952,2671,3623
00575200,CLOVER PARK TECHNICAL COLLEGE           ,WA,98499-0000,Public       ,85,425,510,1749,6443,8192
00815500,EVERGREEN STATE COLLEGE (THE)           ,WA,98505-0002,Public       ,82,160,242,4192,4681,8873
00907901,EVEREST COLLEGE                         ,WA,98684-6950,Private      ,4,27,31,204,529,733
00938700,PERRY TECHNICAL INSTITUTE               ,WA,98903-1239,Private      ,56,90,146,963,1232,2195
00954400,SPOKANE FALLS COMMUNITY COLLEGE         ,WA,99224-5204,Public       ,121,427,548,4812,7263,12075
00970400,NORTH SEATTLE COMMUNITY COLLEGE         ,WA,98103-3599,Public       ,80,428,508,2155,6171,8326
00970600,SOUTH SEATTLE COMMUNITY COLLEGE         ,WA,98106-1499,Public       ,68,319,387,2627,5168,7795
00973900,GLEN DOW ACAD OF HAIR DESIGN            ,WA,99201-0209,Proprietary  ,3,20,23,125,300,425
01036400,WHATCOM COMMUNITY COLLEGE               ,WA,98226-8003,Public       ,82,222,304,2470,3609,6079
01043400,RENTON TECHNICAL COLLEGE                ,WA,98056-0000,Public       ,67,259,326,1355,3730,5085
01148100,DIVERS INSTITUTE OF TECHNOLOGY          ,WA,98107-0000,Proprietary  ,24,81,105,251,778,1029
01231500,CORNISH COLLEGE OF THE ARTS             ,WA,98121-4604,Private      ,27,19,46,1534,572,2106
01249600,TONI & GUY HAIRDRESSING ACADEMY         ,WA,98133-5615,Proprietary  ,5,9,14,59,97,156
01302200,CITY UNIVERSITY OF SEATTLE              ,WA,98121-1851,Private      ,15,178,193,386,2544,2930
01309400,BELLINGHAM BEAUTY SCHOOL                ,WA,98226-5515,Proprietary  ,0,0,0,15,11,26
02105300,EVERGREEN BEAUTY AND BARBER COLLEGE     ,WA,98007-3722,Proprietary  ,8,28,36,96,235,331
02106700,TRINITY LUTHERAN COLLEGE                ,WA,98201-3569,Private      ,4,7,11,374,150,524
02180000,NORTHWEST INDIAN COLLEGE                ,WA,98226-9278,Public       ,16,74,90,202,1007,1209
02184200,PAROBA COLLEGE OF COSMETOLOGY           ,WA,98208-0000,Proprietary  ,7,29,36,74,251,325
02202200,STYLEMASTERS COLLEGE OF HAIR DESIGN     ,WA,98632-0000,Proprietary  ,5,9,14,37,168,205
02203300,GENE JUAREZ BEAUTY SCHOOLS              ,WA,98043-5427,Proprietary  ,22,39,61,330,484,814
02222900,INTERNATIONAL AIR & HOSPITALITY ACADEMY ,WA,98661-4835,Proprietary  ,34,76,110,379,803,1182
02236800,PROFESSIONAL BEAUTY SCHOOL              ,WA,98902-0000,Proprietary  ,2,16,18,59,151,210
02242500,BASTYR UNIVERSITY                       ,WA,98028-0000,Private      ,6,35,41,256,1890,2146
02291300,ART INSTITUTE OF SEATTLE                ,WA,98121-1622,Proprietary  ,55,124,179,1979,2082,4061
02300100,EVEREST COLLEGE                         ,WA,98367-1835,Private      ,9,72,81,120,479,599
02300103,EVEREST COLLEGE - EVERETT               ,WA,98208-2610,Private      ,13,88,101,210,793,1003
02300104,EVEREST COLLEGE - TACOMA                ,WA,98402-3004,Private      ,25,158,183,433,1535,1968
02326500,INTERFACE COLLEGE                       ,WA,99201-4326,Proprietary  ,0,4,4,50,208,258
02331400,NORTHWEST HAIR ACADEMY                  ,WA,98273-0000,Proprietary  ,0,0,0,30,95,125
02331402,NORTHWEST HAIR ACADEMY - EVERETT        ,WA,98204-0000,Proprietary  ,0,0,0,24,54,78
02331404,NORTHWEST HAIR ACADEMY - YAKIMA         ,WA,98901-2305,Proprietary  ,0,0,0,48,110,158
02504900,ACADEMY OF HAIR DESIGN (THE)            ,WA,98801-0000,Proprietary  ,2,17,19,38,113,151
02541900,BJ'S BEAUTY AND BARBER COLLEGE          ,WA,98409-0000,Proprietary  ,6,25,31,81,376,457
02602100,NORTHWEST COLLEGE OF ART & DESIGN       ,WA,98370-8625,Proprietary  ,4,5,9,209,87,296
02606200,EVEREST COLLEGE                         ,WA,98055-2990,Private      ,4,22,26,209,631,840
02617500,EVEREST COLLEGE                         ,WA,98133-9018,Private      ,15,68,83,212,520,732
03031406,INTERNATIONAL ACADEMY OF DESIGN & TECH  ,WA,98188-3319,Proprietary  ,4,11,15,199,373,572
03065000,LUCAS MARC ACADEMY                      ,WA,99352-9700,Proprietary  ,7,14,21,86,215,301
03071800,ITT TECHNICAL INSTITUTE                 ,WA,99216-1589,Proprietary  ,23,122,145,336,1385,1721
03071805,ITT TECHNICAL INSTITUTE - SEATTLE       ,WA,98168-3346,Proprietary  ,43,249,292,569,2399,2968
03099000,CORTIVA INSTITUTE - SEATTLE             ,WA,98109-5474,Proprietary  ,14,57,71,123,459,582
03110800,BAKKE GRADUATE UNIVERSITY               ,WA,98104-1222,Private      ,0,7,7,18,80,98
03139500,MONTESSORI SCHOOLS OF WASHINGTON        ,WA,98203-6600,Private      ,0,3,3,6,38,44
03280300,SEATTLE INST OF ORIENTAL MEDICINE       ,WA,98115-0000,Proprietary  ,2,4,6,48,148,196
03283300,NORTHWEST HVAC/R ASSOCIATION & TRAINING ,WA,99207-2125,Private      ,0,7,7,34,146,180
03466400,SEATTLE SCHOOL OF THEOLOGY AND PSYCHOLOG,WA,98121-1177,Private      ,0,9,9,92,506,598
03483500,CASCADIA COMMUNITY COLLEGE              ,WA,98011-9510,Public       ,58,111,169,1616,1651,3267
03490400,EMIL FRIES PIANO HOSPITAL & TRAININ     ,WA,98661-4323,Private      ,0,3,3,4,29,33
03670301,TONI&GUY HAIRDRESSING ACADEMY -         ,WA,98225-4526,Proprietary  ,7,9,16,88,153,241
03689400,FAITH EVANGELICAL COLLEGE & SEMINARY    ,WA,98407-2607,Private      ,0,9,9,26,388,414
03724300,DIGIPEN INSTITUTE OF TECHNOLOGY         ,WA,98052-5170,Proprietary  ,8,12,20,1332,533,1865
03917300,EVERGREEN BEAUTY AND BARBER COLLEGE     ,WA,98208-3759,Proprietary  ,24,56,80,201,532,733
03932500,TOTAL COSMETOLOGY TRAINING CENTER       ,WA,99217-6231,Proprietary  ,3,24,27,56,216,272
04120000,SUNNYSIDE BEAUTY ACADEMY                ,WA,98944-8711,Proprietary  ,3,5,8,15,35,50
04127200,VICTORIA'S ACADEMY OF COSMETOLOGY       ,WA,99336-3826,Proprietary  ,6,28,34,81,242,323
04130500,PACIFIC NORTHWEST UNIV OF HEALTH SCIENCE,WA,98901-1471,Private      ,1,7,8,54,697,751
04130800,CASCADE BEAUTY COLLEGE                  ,WA,98002-5504,Proprietary  ,0,9,9,43,124,167
04132800,INLAND MASSAGE INSTITUTE                ,WA,99218-5016,Proprietary  ,3,21,24,49,186,235
04149400,GARY MANUEL AVEDA INSTITUTE             ,WA,98122-3807,Proprietary  ,18,29,47,208,425,633
04155000,NORTHWEST SCHOOL OF WOODEN BOAT BUILDING,WA,98339-8706,Private      ,0,0,0,14,99,113
04161200,PINCHOT UNIVERSITY                      ,WA,98104-2617,Private      ,0,4,4,16,118,134
04170100,SUMMIT SALON ACADEMY                    ,WA,98409-7360,Proprietary  ,7,18,25,126,353,479
04172900,ACADEMY OF COSMETOLOGY                  ,WA,99354-2651,Proprietary  ,0,0,0,39,55,94
04188900,NORTHWEST INSTITUTE OF LITERARY ARTS    ,WA,98249-0000,Private      ,0,0,0,7,41,48
04191900,PAUL MITCHELL THE SCHOOL SPOKANE        ,WA,99037-5041,Proprietary  ,7,25,32,173,308,481
04223600,ACADEMY OF INTERACTIVE ENTERTAINMENT    ,WA,98109-4623,Private      ,5,14,19,298,257,555
04231000,STUDIO BEAUTY SCHOOL                    ,WA,99205-3357,Proprietary  ,2,10,12,59,141,200
04250400,FOSBRE ACADEMY OF HAIR DESIGN           ,WA,98501-1018,Proprietary  ,3,6,9,14,24,38
04252900,INTERNATIONAL BEAUTY EDUCATION CENTER   ,WA,99001-0000,Proprietary  ,0,14,14,0,14,14
00340100,BROWN UNIVERSITY                        ,RI,02912-9127,Private      ,142,26,168,19084,993,20077
00340101,BROWN UNIVERSITY - GRADUATE SCHOOL      ,RI,02912-1827,Private      ,2,27,29,68,1513,1581
00340102,BROWN MEDICAL SCHOOL                    ,RI,02912-0000,Private      ,1,3,4,65,606,671
00340200,BRYANT UNIVERSITY                       ,RI,02917-1284,Private      ,45,16,61,6052,599,6651
00340400,JOHNSON & WALES UNIVERSITY              ,RI,02903-3703,Private      ,284,254,538,19547,5277,24824
00340600,PROVIDENCE COLLEGE                      ,RI,02918-0001,Private      ,66,28,94,8436,1020,9456
00340700,RHODE ISLAND COLLEGE                    ,RI,02908-1991,Public       ,80,115,195,8509,5108,13617
00340800,COMMUNITY COLLEGE OF RI - WARWICK       ,RI,02906-0000,Public       ,252,481,733,9310,12049,21359
00340900,RHODE ISLAND SCHOOL OF DESIGN           ,RI,02903-2784,Private      ,32,11,43,2911,1056,3967
00341000,ROGER WILLIAMS UNIVERSITY               ,RI,02809-2921,Private      ,88,35,123,9065,1699,10764
00341100,SALVE REGINA UNIVERSITY                 ,RI,02840-4192,Private      ,29,25,54,4336,699,5035
00341400,UNIVERSITY OF RHODE ISLAND              ,RI,02881-0000,Public       ,258,168,426,24461,4644,29105
00659100,ST. JOSEPH HOSP SCH OF NURSING          ,RI,02904-5199,Proprietary  ,0,6,6,69,313,382
00784500,NEW ENGLAND INSTITUTE OF TECHNOLOGY     ,RI,02886-0000,Private      ,99,202,301,2737,3186,5923
01246116,LINCOLN TECHNICAL INSTITUTE - LINCOLN   ,RI,02865-4211,Proprietary  ,32,75,107,372,933,1305
02531802,PAUL MITCHELL THE SCHOOL-CRANSTON       ,RI,02920-0000,Proprietary  ,10,10,20,132,160,292
02584400,NEW ENGLAND TRACTOR TRAILER TRAINING SCH,RI,02860-1752,Proprietary  ,58,391,449,210,1694,1904
03080000,NEWPORT SCHOOL OF HAIRDRESSING          ,RI,02860-4038,Proprietary  ,2,2,4,9,44,53
03732300,INTERNATIONAL YACHT RESTORATION SCH     ,RI,02840-6720,Private      ,4,13,17,48,68,116
04141200,TONI & GUY HAIRDRESSING ACADEMY         ,RI,02920-0000,Proprietary  ,15,13,28,132,139,271
04246000,MKG BEAUTY & BUSINESS                   ,RI,02920-4358,Proprietary  ,8,20,28,45,79,124
00294102,LENOIR-RHYNE UNIVERSITY - LUTHERAN THEOL,SC,29203-5863,Private      ,1,1,2,23,84,107
00341700,ALLEN UNIVERSITY                        ,SC,29204-1085,Private      ,17,31,48,1059,658,1717
00341800,ANDERSON UNIVERSITY                     ,SC,29621-4035,Private      ,30,82,112,3642,1583,5225
00341900,CHARLESTON SOUTHERN UNIVERSITY          ,SC,29406-2160,Private      ,69,101,170,5013,2798,7811
00342000,BENEDICT COLLEGE                        ,SC,29204-1086,Private      ,56,74,130,3623,1857,5480
00342100,BOB JONES UNIVERSITY                    ,SC,29614-1000,Proprietary  ,14,10,24,2659,427,3086
00342200,SOUTHERN WESLEYAN UNIVERSITY            ,SC,29630-1020,Private      ,16,97,113,1012,1701,2713
00342300,THE CITADEL                             ,SC,29409-0002,Public       ,43,56,99,3158,1334,4492
00342400,CLAFLIN UNIVERSITY                      ,SC,29115-4498,Private      ,65,39,104,2934,1253,4187
00342500,CLEMSON UNIVERSITY                      ,SC,29634-0001,Public       ,251,133,384,22930,4544,27474
00342600,UNIV OF SC AT SUMTER                    ,SC,29150-2498,Public       ,20,39,59,908,821,1729
00342700,COKER COLLEGE                           ,SC,29550-3797,Private      ,13,35,48,1280,1009,2289
00342800,COLLEGE OF CHARLESTON                   ,SC,29424-0100,Public       ,122,87,209,12800,3389,16189
00342900,COLUMBIA INTERNATIONAL UNIVERSITY       ,SC,29203-1599,Private      ,4,31,35,656,701,1357
00343000,COLUMBIA COLLEGE                        ,SC,29203-5998,Private      ,14,168,182,1242,2416,3658
00343100,CONVERSE COLLEGE                        ,SC,29302-1931,Private      ,9,20,29,1240,666,1906
00343200,ERSKINE COLLEGE                         ,SC,29639-0000,Private      ,3,1,4,846,64,910
00343201,ERSKINE THEOLOGICAL SEMINARY            ,SC,29639-0000,Private      ,0,7,7,7,104,111
00343400,FURMAN UNIVERSITY                       ,SC,29613-5253,Private      ,36,14,50,3921,537,4458
00343500,LANDER UNIVERSITY                       ,SC,29649-2099,Public       ,28,40,68,3768,910,4678
00343600,LIMESTONE COLLEGE                       ,SC,29340-3799,Private      ,27,153,180,2343,3215,5558
00343800,MEDICAL UNIV OF SOUTH CAROLINA - FA     ,SC,29425-1760,Public       ,8,66,74,440,3674,4114
00343900,MORRIS COLLEGE                          ,SC,29150-3599,Private      ,14,18,32,1096,609,1705
00344000,NEWBERRY COLLEGE                        ,SC,29108-2197,Private      ,17,14,31,1868,359,2227
00344100,NORTH GREENVILLE COLLEGE                ,SC,29688-1892,Private      ,26,33,59,2780,778,3558
00344500,PRESBYTERIAN COLLEGE                    ,SC,29325-2503,Private      ,14,8,22,1752,439,2191
00344600,SOUTH CAROLINA STATE UNIVERSITY         ,SC,29117-4427,Public       ,61,59,120,4120,2122,6242
00344700,SPARTANBURG METHODIST COLLEGE           ,SC,29301-5899,Private      ,13,9,22,1406,278,1684
00344800,UNIVERSITY OF SOUTH CAROLINA            ,SC,29208-3999,Public       ,295,330,625,32114,13611,45725
00344900,UNIVERSITY OF SOUTH CAROLINA AIKEN      ,SC,29801-6399,Public       ,46,48,94,3759,1849,5608
00345000,UNIV OF SC AT BEAUFORT                  ,SC,29902-0000,Public       ,36,56,92,2490,1402,3892
00345100,COASTAL CAROLINA UNIVERSITY             ,SC,29528-0000,Public       ,225,122,347,15648,3442,19090
00345300,UNIV OF SC AT LANCASTER                 ,SC,29721-0889,Public       ,20,15,35,1125,769,1894
00345400,UNIV OF SC SYSTEM SALKEHATCHIE          ,SC,29810-0617,Public       ,12,21,33,708,594,1302
00345500,VOORHEES COLLEGE                        ,SC,29042-0000,Private      ,12,12,24,756,321,1077
00345600,WINTHROP UNIVERSITY                     ,SC,29733-0001,Public       ,69,68,137,6944,2382,9326
00345700,WOFFORD COLLEGE                         ,SC,29303-3663,Private      ,29,12,41,2806,245,3051
00399000,FLORENCE-DARLINGTON TECH COLLEGE        ,SC,29501-0548,Public       ,106,285,391,3308,6340,9648
00399100,GREENVILLE TECHNICAL COLLEGE            ,SC,29607-2439,Public       ,181,470,651,7842,11108,18950
00399200,PIEDMONT TECHNICAL COLLEGE              ,SC,29648-1467,Public       ,85,291,376,2584,5242,7826
00399300,MIDLANDS TECHNICAL COLLEGE              ,SC,29202-0000,Public       ,144,520,664,7710,11539,19249
00399400,SPARTANBURG COMMUNITY COLLEGE           ,SC,29305-0000,Public       ,79,221,300,3435,4420,7855
00399500,CENTRAL CAROLINA TECHNICAL COLLEGE      ,SC,29150-2499,Public       ,74,210,284,1946,4122,6068
00399600,YORK TECHNICAL COLLEGE                  ,SC,29730-3395,Public       ,78,215,293,3192,4894,8086
00492000,TRIDENT TECHNICAL COLLEGE               ,SC,29423-8067,Public       ,250,859,1109,7232,14712,21944
00492300,CLINTON JR COLLEGE                      ,SC,29730-5152,Private      ,4,12,16,164,210,374
00492400,FORREST COLLEGE                         ,SC,29624-2405,Proprietary  ,1,24,25,39,264,303
00492500,HORRY-GEORGETOWN TECH COLLEGE           ,SC,29526-9521,Public       ,133,298,431,4216,6685,10901
00492600,TRI-COUNTY TECHNICAL COLLEGE            ,SC,29670-9133,Public       ,63,135,198,4490,3582,8072
00492700,UNIV OF SC AT UNION                     ,SC,29379-0729,Public       ,1,5,6,258,296,554
00499204,MILLER-MOTTE TECHNICAL COLLEGE - CONWAY ,SC,29526-9508,Proprietary  ,25,161,186,314,1408,1722
00536300,DENMARK TECHNICAL COLLEGE               ,SC,29042-0000,Public       ,30,72,102,549,1565,2114
00681500,ORANGEBURG-CALHOUN TECHNICAL COLG       ,SC,29118-8299,Public       ,46,133,179,1716,2757,4473
00695100,UNIVERSITY OF SOUTH CAROLINA UPSTATE    ,SC,29303-9972,Public       ,49,98,147,6359,3468,9827
00760200,NORTHEASTERN TECHNICAL COLLEGE          ,SC,29520-7015,Public       ,20,68,88,650,1134,1784
00922600,FRANCIS MARION UNIVERSITY               ,SC,29501-0000,Public       ,55,85,140,4685,2160,6845
00932200,WILLIAMSBURG TECHNICAL COLLEGE          ,SC,29556-4197,Public       ,10,46,56,270,627,897
00991000,TECHNICAL COLLEGE OF THE LOWCOUNTRY     ,SC,29902-5441,Public       ,57,168,225,1158,2996,4154
00991100,UNIV OF SC-REGIONAL CAMPUSES ADMIN      ,SC,29208-0001,Public       ,1,13,14,221,315,536
01005600,AIKEN TECHNICAL COLLEGE                 ,SC,29802-0696,Public       ,37,153,190,1726,3344,5070
01019806,ECPI UNIVERSITY - GREENVILLE            ,SC,29615-4232,Proprietary  ,7,73,80,134,890,1024
01019809,ECPI UNIVERSITY - CHARLESTON            ,SC,29420-4264,Proprietary  ,14,83,97,124,839,963
01019811,ECPI UNIVERSITY - COLUMBIA              ,SC,29210-6467,Proprietary  ,6,50,56,67,560,627
01179901,PAUL MITCHELL THE SCHOOL COLUMBIA       ,SC,29201-3126,Proprietary  ,9,30,39,172,343,515
01179902,PAUL MITCHELL THE SCHOOL CHARLESTON     ,SC,29418-6993,Proprietary  ,15,32,47,149,268,417
01179903,PAUL MITCHELL THE SCHOOL FAYETTEVILLE - ,SC,29607-0000,Proprietary  ,7,18,25,109,213,322
01209200,KENNETH SHULER SCHOOL OF COSMETOLOGY    ,SC,29732-2169,Proprietary  ,6,31,37,162,450,612
01303907,SOUTH UNIVERSITY                        ,SC,29203-6400,Proprietary  ,23,262,285,449,2961,3410
02063700,SHERMAN CLG STRAIGHT CHIROPRACTIC       ,SC,29316-0000,Private      ,0,6,6,17,509,526
02338600,CHARZANNE BEAUTY COLLEGE                ,SC,29649-0000,Proprietary  ,3,21,24,23,94,117
02341100,KENNETH SHULER SCHOOL OF COSMETOLOGY & N,SC,29210-0000,Proprietary  ,24,90,114,280,820,1100
02356600,CHARLESTON COSMETOLOGY INSTITUTE        ,SC,29420-0000,Proprietary  ,4,26,30,69,182,251
02552400,ACADEMY OF HAIR TECHNOLOGY              ,SC,29615-2363,Proprietary  ,1,13,14,52,172,224
02567600,SUMTER BEAUTY COLLEGE                   ,SC,29150-0000,Proprietary  ,1,10,11,35,113,148
02614202,MILLER - MOTTE TECHNICAL COLLEGE - NORTH,SC,29406-9239,Proprietary  ,25,166,191,249,1340,1589
03010614,VIRGINIA COLLEGE - GOLF ACADEMY OF AMERI,SC,29579-0000,Proprietary  ,3,6,9,94,145,239
03010617,VIRGINIA COLLEGE - GREENVILLE           ,SC,29607-7200,Proprietary  ,6,39,45,138,713,851
03010620,VIRGINIA COLLEGE - CHARLESTON           ,SC,29406-4999,Proprietary  ,4,50,54,130,612,742
03010621,VIRGINIA COLLEGE - COLUMBIA             ,SC,29223-7527,Proprietary  ,1,45,46,151,822,973
03052300,KENNETH SHULER SCH COSM & HAIR DESG     ,SC,29841-2013,Proprietary  ,16,50,66,177,489,666
03293300,STRAND COLLEGE OF HAIR DESIGN           ,SC,29572-4310,Proprietary  ,0,10,10,33,113,146
03304300,CENTURA COLLEGE                         ,SC,29406-9235,Proprietary  ,7,97,104,106,667,773
03555400,SOUTHEASTERN INSTITUTE                  ,SC,29406-0000,Proprietary  ,3,54,57,74,322,396
03709301,EDWARD VIA VIRGINIA COLLEGE OF OSTEOPATH,SC,29303-3639,Private      ,0,5,5,13,713,726
03746300,LEGRAND INSTITUTE OF COSMETOLOGY        ,SC,29020-0000,Proprietary  ,2,8,10,25,37,62
03746400,SOUTHEASTERN INSTITUTE                  ,SC,29210-0000,Proprietary  ,4,41,45,76,387,463
03768400,STYLETRENDS BARBER AND HAIRSTYLING ACADE,SC,29730-4511,Proprietary  ,0,0,0,13,53,66
04083300,MARION COUNTY TECHNICAL EDUCATION CENTER,SC,29571-0000,Public       ,1,4,5,34,156,190
04096300,CHARLESTON SCHOOL OF LAW                ,SC,29402-0535,Proprietary  ,2,10,12,37,781,818
04158100,AIKEN SCHOOL OF COSMETOLOGY             ,SC,29801-4554,Proprietary  ,1,8,9,52,121,173
04166900,COSMETIC ARTS INSTITUTE                 ,SC,29488-4216,Proprietary  ,0,4,4,31,53,84
04172600,SALON 496 BARBER ACADEMY                ,SC,29607-2548,Proprietary  ,1,19,20,27,102,129
04192600,PALMETTO BEAUTY SCHOOL                  ,SC,29307-1424,Proprietary  ,2,10,12,42,95,137
04202900,JOLEI'S HAIR INSTITUTE                  ,SC,29114-9337,Proprietary  ,0,0,0,0,9,9
04222000,ARCLABS                                 ,SC,29673-6729,Proprietary  ,13,54,67,22,84,106
04228600,TOP OF THE LINE BARBER COLLEGE          ,SC,29407-2228,Proprietary  ,2,5,7,2,6,8
04239000,B-UNIQUE BEAUTY AND BARBER ACADEMY      ,SC,29607-2314,Proprietary  ,1,11,12,4,38,42
04243500,BARBER TECH ACADEMY                     ,SC,29115-6069,Proprietary  ,4,7,11,15,37,52
04244100,CONSTRUCTION TRAINING CENTER            ,SC,29015-9083,Proprietary  ,2,56,58,5,84,89
00345800,AUGUSTANA UNIVERSITY                    ,SD,57197-0001,Private      ,11,16,27,1544,330,1874
00345900,BLACK HILLS STATE UNIVERSITY            ,SD,57799-9670,Public       ,33,48,81,2176,1605,3781
00346100,DAKOTA WESLEYAN UNIVERSITY              ,SD,57301-4398,Private      ,3,12,15,736,345,1081
00346300,DAKOTA STATE UNIVERSITY                 ,SD,57042-1799,Public       ,13,31,44,1381,1052,2433
00346500,MOUNT MARTY COLLEGE                     ,SD,57078-3724,Private      ,4,10,14,491,352,843
00346600,NORTHERN STATE UNIVERSITY               ,SD,57401-7198,Public       ,10,20,30,1482,761,2243
00346700,PRESENTATION COLLEGE                    ,SD,57401-1299,Private      ,2,17,19,509,579,1088
00346900,UNIVERSITY OF SIOUX FALLS               ,SD,57105-1699,Private      ,10,27,37,1373,603,1976
00347000,SOUTH DAKOTA SCH OF MINES & TECH        ,SD,57701-3995,Public       ,16,21,37,2132,706,2838
00347100,SOUTH DAKOTA STATE UNIVERSITY           ,SD,57007-2298,Public       ,75,67,142,8312,2928,11240
00347400,UNIVERSITY OF SOUTH DAKOTA              ,SD,57069-2390,Public       ,44,107,151,5495,4094,9589
00405600,SIOUX FALLS SEMINARY                    ,SD,57105-2729,Private      ,1,7,8,5,88,93
00405700,NATIONAL AMERICAN UNIVERSITY            ,SD,57701-3692,Proprietary  ,63,788,851,647,10836,11483
00405707,NATIONAL AMERICAN UNIVERSITY - SIOUX FAL,SD,57108-4293,Proprietary  ,1,21,22,61,674,735
00492900,MCKENNAN HOSP-RADOLOGICAL TECH          ,SD,57101-0000,Private      ,0,0,0,14,28,42
00530900,LAKE AREA TECHNICAL INSTITUTE           ,SD,57201-0730,Public       ,13,15,28,1315,636,1951
00598700,AVERA SACRED HEART HOSPITAL SCHOOL OF RA,SD,57078-3899,Private      ,0,0,0,14,9,23
00776400,SOUTHEAST TECHNICAL INST                ,SD,57107-0000,Public       ,28,73,101,1318,1494,2812
00828400,MITCHELL TECHNICAL INSTITUTE            ,SD,57301-9931,Public       ,9,14,23,794,398,1192
01013800,STEWART SCHOOL                          ,SD,57104-0000,Proprietary  ,4,7,11,100,102,202
01014804,COLORADO TECHNICAL UNIVERSITY           ,SD,57108-2272,Proprietary  ,0,5,5,33,160,193
01017000,WESTERN DAKOTA TECHNICAL INSTITUTE      ,SD,57701-4018,Public       ,16,63,79,449,990,1439
01147700,SANFORD MEDICAL CENTER                  ,SD,57117-5039,Private      ,0,0,0,20,38,58
01465900,OGLALA LAKOTA COLLEGE                   ,SD,57752-0490,Public       ,38,209,247,324,1576,1900
02137100,BLACK HILLS BEAUTY COLLEGE              ,SD,57701-0000,Proprietary  ,6,15,21,96,134,230
02143700,SINTE GLESKA UNIVERSITY                 ,SD,57570-0000,Public       ,14,93,107,118,573,691
02144600,KILIAN COMMUNITY COLLEGE                ,SD,57103-7020,Private      ,0,9,9,83,254,337
02277300,SISSETON WAHPETON COLLEGE               ,SD,57262-0000,Public       ,3,21,24,32,132,164
02297800,HEADLINES ACADEMY                       ,SD,57701-2733,Proprietary  ,3,13,16,63,133,196
00347700,AQUINAS COLLEGE                         ,TN,37205-2086,Private      ,4,13,17,329,570,899
00347800,AUSTIN PEAY STATE UNIVERSITY            ,TN,37044-0002,Public       ,189,387,576,9591,8642,18233
00347900,BELMONT UNIVERSITY                      ,TN,37212-3757,Private      ,112,102,214,8819,3704,12523
00348000,BETHEL UNIVERSITY                       ,TN,38201-1705,Private      ,28,435,463,2226,7398,9624
00348100,CARSON - NEWMAN UNIVERSITY              ,TN,37760-2204,Private      ,44,56,100,4047,1458,5505
00348200,CHRISTIAN BROTHERS UNIVERSITY           ,TN,38104-5581,Private      ,47,101,148,2775,2069,4844
00348300,COLUMBIA STATE COMMUNITY COLLEGE        ,TN,38401-5653,Public       ,93,157,250,4737,3525,8262
00348500,CUMBERLAND UNIVERSITY                   ,TN,37087-3554,Private      ,29,53,82,1690,1267,2957
00348600,LIPSCOMB UNIVERSITY                     ,TN,37204-3951,Private      ,38,85,123,4280,2911,7191
00348700,EAST TENNESSEE STATE UNIV - MAIN CAMPUS ,TN,37614-2857,Public       ,155,214,369,13567,8368,21935
00348701,EAST TENNESSEE STATE UNIV - MEDICINE    ,TN,37614-1708,Public       ,8,14,22,380,699,1079
00348709,EAST TENNESSEE STATE UNIV - PHARMACY    ,TN,37614-1704,Public       ,6,7,13,159,463,622
00349000,FISK UNIVERSITY                         ,TN,37208-3045,Private      ,56,41,97,2142,858,3000
00349200,FREED-HARDEMAN UNIVERSITY               ,TN,38340-2399,Private      ,25,41,66,1751,1036,2787
00349400,HIWASSEE COLLEGE                        ,TN,37354-4001,Private      ,6,6,12,514,216,730
00349500,JOHNSON UNIVERSITY                      ,TN,37998-9775,Private      ,7,27,34,1215,820,2035
00349600,KING UNIVERSITY                         ,TN,37620-2699,Private      ,14,145,159,1545,3299,4844
00349900,LANE COLLEGE                            ,TN,38301-4598,Private      ,41,35,76,2145,1111,3256
00350000,LEE UNIVERSITY                          ,TN,37320-0000,Private      ,45,97,142,4490,2026,6516
00350100,LEMOYNE-OWEN COLLEGE                    ,TN,38126-6510,Private      ,45,97,142,1947,2490,4437
00350200,LINCOLN MEMORIAL UNIVERSITY             ,TN,37752-7920,Private      ,25,66,91,2074,4047,6121
00350400,MARTIN METHODIST COLLEGE                ,TN,38478-2799,Private      ,9,29,38,1154,492,1646
00350500,MARYVILLE COLLEGE                       ,TN,37804-5907,Private      ,37,15,52,2047,418,2465
00350600,MEHARRY MEDICAL COLLEGE                 ,TN,37208-0000,Private      ,5,27,32,146,1367,1513
00350700,MEMPHIS COLLEGE OF ART                  ,TN,38104-2764,Private      ,12,10,22,967,525,1492
00350900,UNIVERSITY OF MEMPHIS (THE)             ,TN,38152-4611,Public       ,349,549,898,19671,17790,37461
00351000,MIDDLE TENNESSEE STATE UNIV             ,TN,37130-0000,Public       ,297,421,718,24023,13655,37678
00351100,MILLIGAN COLLEGE                        ,TN,37682-4001,Private      ,9,22,31,1175,666,1841
00351105,MILLIGAN COLLEGE - JOHNSON CITY         ,TN,37601-9483,Private      ,0,0,0,4,33,37
00351700,SOUTHERN COLLEGE OF OPTOMETRY           ,TN,38104-2222,Private      ,1,7,8,65,675,740
00351800,SOUTHERN ADVENTIST UNIVERSITY           ,TN,37315-0370,Private      ,29,21,50,2770,1144,3914
00351900,RHODES COLLEGE                          ,TN,38112-1690,Private      ,37,34,71,3508,721,4229
00352200,TENNESSEE STATE UNIVERSITY              ,TN,37209-1561,Public       ,220,299,519,12481,9496,21977
00352300,TENNESSEE TECHNOLOGICAL UNIV            ,TN,38505-0001,Public       ,99,137,236,11411,3782,15193
00352400,TENNESSEE TEMPLE UNIVERSITY             ,TN,37404-3587,Private      ,0,9,9,260,340,600
00352500,TENNESSEE WESLEYAN COLLEGE              ,TN,37371-0040,Private      ,12,23,35,1309,648,1957
00352600,TREVECCA NAZARENE UNIVERSITY            ,TN,37210-2877,Private      ,24,207,231,1999,2508,4507
00352700,TUSCULUM COLLEGE                        ,TN,37743-0001,Private      ,44,78,122,2067,1569,3636
00352800,UNION UNIVERSITY                        ,TN,38305-3697,Private      ,33,133,166,2702,3161,5863
00352900,UNIVERSITY OF TENNESSEE-CHATTANOOGA     ,TN,37403-2598,Public       ,168,179,347,15767,5691,21458
00353000,UNIVERSITY OF TENNESSEE-KNOXVILLE       ,TN,37996-0150,Public       ,348,257,605,31446,10709,42155
00353006,UNIVERSITY OF TENNESSEE-HEALTH SCI CTR  ,TN,38103-0000,Public       ,14,65,79,751,4153,4904
00353100,UNIVERSITY OF TENNESSEE-MARTIN          ,TN,38238-0002,Public       ,94,155,249,7599,3709,11308
00353400,UNIVERSITY OF THE SOUTH                 ,TN,37383-1000,Private      ,35,8,43,2815,155,2970
00353500,VANDERBILT UNIVERSITY                   ,TN,37240-0001,Private      ,185,124,309,20759,7220,27979
00353501,VANDERBILT UNIV MED CTR ALLIEDHEAL      ,TN,37232-5510,Private      ,7,11,18,281,632,913
00353600,BRYAN COLLEGE                           ,TN,37321-7000,Private      ,12,40,52,1104,832,1936
00399800,CHATTANOOGA STATE COMMUNITY COLLEGE     ,TN,37406-1097,Public       ,130,473,603,7898,9860,17758
00399900,CLEVELAND STATE COMMUNITY COLLEGE       ,TN,37312-2858,Public       ,39,105,144,2764,2797,5561
00402500,TENNESSEE COLLEGE OF APPLIED TECHNOLOGY ,TN,37919-2327,Public       ,33,87,120,1347,2477,3824
00402600,TENNESSEE COLLEGE OF APPLIED TECHNOLOGY ,TN,38555-4142,Public       ,14,35,49,420,601,1021
00461700,NATIONAL COLLEGE                        ,TN,37211-6605,Proprietary  ,16,128,144,218,1411,1629
00493400,DAYMAR INSTITUTE                        ,TN,37217-1056,Proprietary  ,6,65,71,113,631,744
00493401,DAYMAR INSTITUTE - CLARKSVILLE          ,TN,37040-6718,Proprietary  ,28,138,166,277,1405,1682
00493404,DAYMAR COLLEGE - MURFREESBORO           ,TN,37128-5508,Proprietary  ,13,77,90,159,596,755
00493700,JACKSON STATE COMMUNITY COLLEGE         ,TN,38301-3797,Public       ,63,120,183,4156,3912,8068
00493800,SOUTH COLLEGE                           ,TN,37909-3323,Proprietary  ,24,181,205,831,2744,3575
00494700,WEST TENNESSEE BUSINESS COLLEGE         ,TN,38301-3256,Proprietary  ,6,45,51,150,595,745
00528000,TENNESSEE COLLEGE OF APPLIED TECHNOLOGY ,TN,38019-0249,Public       ,9,34,43,242,472,714
00528100,TENNESSEE COLLEGE OF APPLIED TECHNOLOGY ,TN,37643-6054,Public       ,10,51,61,551,1028,1579
00528200,TENNESSEE COLLEGE OF APPLIED TECHNOLOGY-,TN,37074-2032,Public       ,10,18,28,389,423,812
00528300,TENNESSEE COLLEGE OF APPLIED TECHNOLOGY ,TN,38059-1198,Public       ,8,51,59,287,638,925
00530700,TENNESSEE COLLEGE OF APPLIED TECHNOLOGY-,TN,37110-1322,Public       ,12,22,34,344,443,787
00535100,TENNESSEE COLLEGE OF APPLIED TECHNOLOGY ,TN,37813-2094,Public       ,13,48,61,723,1181,1904
00535200,TENNESSEE COLLEGE OF APPLIED TECHNOLOGY-,TN,38201-1620,Public       ,6,15,21,205,299,504
00535300,TENNESSEE COLLEGE OF APPLIED TECHNOLOGY-,TN,38570-1291,Public       ,16,23,39,477,477,954
00535400,TENNESSEE COLLEGE OF APPLIED TECHNOLOGY-,TN,38301-9609,Public       ,14,48,62,650,1288,1938
00535600,TENNESSEE COLLEGE OF APPLIED TECHNOLOGY ,TN,38462-2201,Public       ,14,26,40,386,462,848
00535700,TENNESSEE COLLEGE OF APPLIED TECHNOLOGY ,TN,38327-3402,Public       ,10,21,31,221,415,636
00535800,TENNESSEE COLLEGE OF APPLIED TECHNOLOGY ,TN,37371-0848,Public       ,6,10,16,430,447,877
00535900,TENNESSEE COLLEGE OF APPLIED TECHNOLOGY ,TN,37209-4515,Public       ,29,95,124,1073,2378,3451
00536000,TENNESSEE COLLEGE OF APPLIED TECHNOLOGY-,TN,38105-3604,Public       ,54,180,234,1485,3137,4622
00537800,NORTHEAST STATE COMMUNITY COLLEGE       ,TN,37617-0246,Public       ,76,166,242,4441,4441,8882
00537900,TENNESSEE COLLEGE OF APPLIED TECHNOLOGY-,TN,37160-3697,Public       ,16,23,39,583,750,1333
00683500,DYERSBURG STATE COMMUNITY COLLEGE       ,TN,38024-0000,Public       ,40,105,145,2196,2522,4718
00683600,MOTLOW STATE COMMUNITY COLLEGE          ,TN,37388-7972,Public       ,96,154,250,5348,3449,8797
00732941,ITT TECHNICAL INSTITUTE                 ,TN,37932-3343,Proprietary  ,73,391,464,1009,3740,4749
00732958,ITT TECHNICAL INSTITUTE                 ,TN,37214-3717,Proprietary  ,36,221,257,713,2536,3249
00743900,FOUNTAINHEAD COLLEGE OF TECHNOLOGY      ,TN,37918-0000,Proprietary  ,5,26,31,211,540,751
00778200,TENNESSEE COLLEGE OF APPLIED TECHNOLOGY ,TN,37055-2556,Public       ,13,45,58,647,1006,1653
00778300,MIDDLE TENNESSEE SCH OF ANESTHESIA      ,TN,37116-0000,Private      ,0,3,3,28,191,219
00793803,NASHVILLE AUTO DIESEL COLLEGE - NASHVILL,TN,37206-3210,Proprietary  ,256,83,339,2415,883,3298
00814500,NASHVILLE STATE TECH CMNTY COLLEGE      ,TN,37209-0000,Public       ,142,418,560,7515,10706,18221
00865500,GENESIS CAREER COLLEGE                  ,TN,38501-1959,Proprietary  ,21,61,82,171,448,619
00885900,JOHN A GUPTON COLLEGE                   ,TN,37203-2934,Private      ,0,6,6,116,199,315
00886300,WALTERS STATE COMMUNITY COLLEGE         ,TN,37813-6899,Public       ,84,149,233,5411,4120,9531
00946400,TENNESSEE COLLEGE OF APPLIED TECHNOLOGY-,TN,38478-4541,Public       ,9,23,32,303,395,698
00956700,TENNESSEE SCHOOL OF BEAUTY              ,TN,37921-3303,Proprietary  ,15,34,49,238,455,693
00971000,TENNESSEE COLLEGE OF APPLIED TECHNOLOGY ,TN,37756-4149,Public       ,8,27,35,154,266,420
00991200,VOLUNTEER STATE COMMUNITY COLLEGE       ,TN,37066-3188,Public       ,123,254,377,6396,5073,11469
00991400,ROANE STATE COMMUNITY COLLEGE           ,TN,37748-8664,Public       ,82,178,260,5103,4814,9917
01021700,INTERNATIONAL ACADEMY OF DESIGN & TECH  ,TN,37212-0000,Proprietary  ,0,0,0,107,145,252
01032600,TENNESSEE COLLEGE OF APPLIED TECHNOLOGY ,TN,37748-5849,Public       ,13,22,35,354,441,795
01043900,SOUTHWEST TENNESSEE COMMUNITY COLLG     ,TN,38104-3322,Public       ,258,649,907,10497,13906,24403
01046000,AMERICAN BAPTIST THEOLOGICAL SEMINA     ,TN,37207-4994,Private      ,0,7,7,67,261,328
01052900,MEMPHIS THEOLOGICAL SEMINARY            ,TN,38104-0000,Private      ,1,13,14,35,364,399
01070000,TENNESSEE COLLEGE OF APPLIED TECHNOLOGY-,TN,37757-2461,Public       ,8,20,28,246,355,601
01155300,WM R MOORE COLLEGE OF TECHNOLOGY        ,TN,38104-0000,Private      ,5,33,38,221,458,679
01216400,TENNESSEE COLLEGE OF APPLIED TECHNOLOGY ,TN,38063-7359,Public       ,8,14,22,115,299,414
01269300,PELLISSIPPI STATE COMMUNITY COLLEGE     ,TN,37933-0990,Public       ,139,262,401,8827,6843,15670
02069303,VATTEROTT COLLEGE -                     ,TN,38016-5877,Proprietary  ,22,86,108,171,686,857
02092800,TENNESSEE COLLEGE OF APPLIED TECHNOLOGY ,TN,38075-0489,Public       ,8,15,23,219,333,552
02103500,TENNESSEE COLLEGE OF APPLIED TECHNOLOGY ,TN,37129-3311,Public       ,12,54,66,825,1227,2052
02106400,O'MORE COLLEGE OF DESIGN                ,TN,37064-0000,Private      ,1,4,5,183,107,290
02125300,NASHVILLE CLG OF MEDICAL CAREERS        ,TN,37115-0000,Proprietary  ,6,31,37,58,246,304
02153100,JON NAVE UNIVERSITY OF COSMETOLOGY      ,TN,37013-3347,Proprietary  ,13,21,34,123,253,376
02157100,CONCORDE CAREER COLLEGE                 ,TN,38137-0000,Proprietary  ,79,312,391,965,3436,4401
02188300,PENTECOSTAL THEOLOGICAL SEMINARY        ,TN,37320-0000,Private      ,0,29,29,9,346,355
02204200,"CHATTANOOGA COLLEGE - MEDICAL, DENTAL AN",TN,37411-0000,Proprietary  ,14,69,83,306,971,1277
02237900,TENNESSEE COLLEGE OF APPLIED TECHNOLOGY-,TN,38242-5023,Public       ,9,29,38,252,570,822
02255000,KNOXVILLE INSTITUTE OF HAIR DESIGN      ,TN,37917-0000,Proprietary  ,4,11,15,83,224,307
02257400,ARNOLD'S BEAUTY SCHOOL                  ,TN,38358-0000,Proprietary  ,3,6,9,60,107,167
02275500,REUBEN-ALLEN COLLEGE                    ,TN,37922-0000,Proprietary  ,7,22,29,126,318,444
02278700,MR WAYNES SCH OF UNISEX HAIR DESIGN     ,TN,38501-0000,Proprietary  ,2,4,6,51,63,114
02293900,VOLUNTEER BEAUTY ACADEMY-NASHVILLE      ,TN,37115-2112,Proprietary  ,3,15,18,22,81,103
02294000,VOLUNTEER BEAUTY ACADEMY-DYERSBURG      ,TN,38024-1622,Proprietary  ,2,8,10,34,83,117
02326200,KAPLAN CAREER INSTITUTE                 ,TN,37212-5318,Proprietary  ,8,129,137,237,1382,1619
02326300,MEDVANCE INSTITUTE                      ,TN,38501-4305,Proprietary  ,10,43,53,105,385,490
02335900,VOLUNTEER BEAUTY ACADEMY-NASHVILLE      ,TN,37209-3033,Proprietary  ,3,6,9,77,166,243
02539800,QUEEN CITY COLLEGE                      ,TN,37042-0000,Proprietary  ,2,40,42,74,393,467
02540000,TENNESSEE ACADEMY OF COSMETOLOGY        ,TN,38133-0000,Proprietary  ,6,32,38,195,459,654
02578200,NOSSI COLLEGE OF ART                    ,TN,37115-5138,Proprietary  ,10,18,28,434,344,778
02595000,FAYETTEVILLE BEAUTY SCHOOL              ,TN,37334-2909,Proprietary  ,5,8,13,38,77,115
02599710,VATTEROTT COLLEGE - MEMPHIS             ,TN,38132-1714,Proprietary  ,23,164,187,443,1802,2245
02609204,VATTEROTT COLLEGE - VATTEROTT CAREER COL,TN,38133-4727,Proprietary  ,23,110,133,349,1078,1427
02614200,MILLER MOTTE BUSINESS COLLEGE           ,TN,37040-6023,Proprietary  ,14,99,113,236,1040,1276
02614203,MILLER - MOTTE TECHNICAL COLLEGE - CHATT,TN,37421-7220,Proprietary  ,15,102,117,277,1092,1369
02614204,MILLER - MOTTE TECHNICAL COLLEGE - MADIS,TN,37072-1870,Proprietary  ,17,77,94,157,614,771
03001800,FREE WILL BAPTIST BIBLE COLLEGE         ,TN,37205-2498,Private      ,1,9,10,265,137,402
03008800,FRANKLIN ACADEMY                        ,TN,37312-3939,Private      ,4,10,14,36,120,156
03010606,VIRGINIA COLLEGE - SCH OF BUSNSS & HLTH ,TN,37411-5600,Proprietary  ,8,111,119,230,1147,1377
03024900,TENNESSEE ACADEMY OF COSMETOLOGY        ,TN,38125-3442,Proprietary  ,8,29,37,246,482,728
03026517,REMINGTON COLLEGE - MEMPHIS             ,TN,38132-2107,Private      ,10,56,66,419,1156,1575
03061100,GENESIS CAREER COLLEGE: LEBANON CAMPUS  ,TN,37087-2718,Proprietary  ,17,31,48,105,251,356
03079100,NORTH CENTRAL INSTITUTE                 ,TN,37042-3116,Proprietary  ,0,16,16,64,221,285
03088800,"WATKINS COLLEGE OF ART, DESIGN & FILM   ",TN,37228-1306,Private      ,8,10,18,579,291,870
03126900,STYLES & PROFILES BEAUTY COLLEGE        ,TN,38375-2109,Proprietary  ,1,2,3,13,32,45
03253300,PAUL MITCHELL THE SCHOOL MEMPHIS        ,TN,38133-4067,Proprietary  ,15,19,34,150,235,385
03355400,RICHMONT GRADUATE UNIVERSITY            ,TN,37404-0000,Private      ,0,4,4,12,263,275
03440300,BAPTIST MEMORIAL COLLEGE OF HEALTH      ,TN,38104-3104,Private      ,17,63,80,1209,2370,3579
03480303,FORTIS INSTITUTE - NASHVILLE            ,TN,37211-1536,Proprietary  ,8,62,70,141,715,856
03513500,WILLIAMSON CHRISTIAN COLLEGE            ,TN,37067-8237,Private      ,0,5,5,46,60,106
03647300,NEW CONCEPTS SCHOOL OF COSMETOLOGY      ,TN,37311-7373,Proprietary  ,2,9,11,27,82,109
03683300,INTERNATIONAL BARBER & STYLE COLLEGE    ,TN,37209-2205,Proprietary  ,2,35,37,53,186,239
03701300,MEMPHIS INSTITUTE OF BARBERING          ,TN,38107-4334,Proprietary  ,18,38,56,210,470,680
03774400,SHEAR ACADEMY                           ,TN,38555-4177,Proprietary  ,2,12,14,22,67,89
03830300,SAE INSTITUTE OF TECHNOLOGY             ,TN,37203-4310,Proprietary  ,18,52,70,312,514,826
03840300,OXFORD GRADUATE SCHOOL                  ,TN,37321-6736,Private      ,1,2,3,8,40,48
03841300,CAREER BEAUTY COLLEGE                   ,TN,38464-3634,Proprietary  ,3,7,10,20,67,87
03920300,INSTITUTE OF HAIR DESIGN                ,TN,38310-1801,Proprietary  ,0,0,0,25,40,65
03930300,BUCHANAN BEAUTY COLLEGE                 ,TN,37160-2741,Proprietary  ,0,9,9,40,94,134
03982300,VISIBLE SCHOOL - MUSIC AND WORSHIPS ARTS,TN,38104-5814,Private      ,5,11,16,157,146,303
04035300,TENNESSEE CAREER INSTITUTE              ,TN,38401-6335,Proprietary  ,4,22,26,122,234,356
04124100,ELITE COLLEGE OF COSMETOLOGY            ,TN,38351-1431,Proprietary  ,2,7,9,32,81,113
04142000,AUSTIN'S BEAUTY COLLEGE                 ,TN,37040-3107,Proprietary  ,5,7,12,28,117,145
04157200,LOVE BEAUTY SCHOOL                      ,TN,37355-2950,Proprietary  ,1,11,12,35,68,103
04165000,MERIDIAN INSTITUTE OF SURGICAL ASSISTING,TN,37080-0758,Proprietary  ,0,66,66,11,515,526
04174600,NASHVILLE BARBER AND STYLE ACADEMY      ,TN,37208-2826,Proprietary  ,3,17,20,63,191,254
04203600,FRANKLIN HAIR ACADEMY SCHOOL OF COSMETOL,TN,37064-2126,Proprietary  ,2,5,7,9,28,37
04210200,MID-SOUTH CHRISTIAN COLLEGE             ,TN,38118-3151,Private      ,0,8,8,76,197,273
04213800,SALON PROFESSIONAL ACADEMY (THE)        ,TN,37214-2163,Proprietary  ,3,12,15,90,143,233
04215200,VIBE BARBER COLLEGE                     ,TN,38107-2538,Proprietary  ,3,13,16,69,188,257
04223900,MIND BODY INSTITUTE                     ,TN,37214-1012,Proprietary  ,2,7,9,26,152,178
04236400,SANDRA ACADEMY OF SALON SERVICES        ,TN,37825-7239,Proprietary  ,2,7,9,15,74,89
04238600,GOULD'S ACADEMY                         ,TN,38119-5317,Proprietary  ,13,23,36,140,261,401
04240700,IMAGE MAKER BEAUTY INSTITUTE            ,TN,37075-4488,Proprietary  ,1,8,9,10,20,30
04244800,HUNTINGTON COLLEGE OF HEALTH SCIENCES   ,TN,37918-8230,Proprietary  ,1,33,34,1,36,37
00353700,ABILENE CHRISTIAN UNIVERSITY            ,TX,79699-3701,Private      ,79,105,184,6597,1869,8466
00353900,ALVIN COMMUNITY COLLEGE                 ,TX,77511-4807,Public       ,56,190,246,1592,3002,4594
00354000,AMARILLO COLLEGE                        ,TX,79109-2446,Public       ,131,414,545,3906,6694,10600
00354100,ANGELO STATE UNIVERSITY                 ,TX,76909-5069,Public       ,113,155,268,6499,3559,10058
00354300,AUSTIN COLLEGE                          ,TX,75090-4440,Private      ,35,16,51,2286,318,2604
00354400,AUSTIN PRESBYTERIAN THEOLOGICAL SEM     ,TX,78705-5797,Private      ,0,2,2,2,148,150
00354500,BAYLOR UNIVERSITY                       ,TX,76798-7048,Private      ,348,170,518,26803,5379,32182
00354600,COASTAL BEND COLLEGE                    ,TX,78102-2197,Public       ,49,155,204,1865,2311,4176
00354900,BLINN COLLEGE                           ,TX,77833-4098,Public       ,273,224,497,15433,5854,21287
00355300,CISCO JUNIOR COLLEGE                    ,TX,76437-9803,Public       ,42,107,149,2000,2519,4519
00355400,CLARENDON COLLEGE                       ,TX,79226-0000,Public       ,13,65,78,543,751,1294
00355600,COMMONWEALTH INST OF FUNERAL SVC        ,TX,77090-5918,Private      ,7,41,48,88,548,636
00355700,CONCORDIA UNIVERSITY TEXAS              ,TX,78726-4141,Private      ,30,189,219,1775,3107,4882
00355800,NORTH CENTRAL TEXAS COLLEGE             ,TX,76240-4699,Public       ,157,238,395,4086,5443,9529
00356000,DALLAS BAPTIST UNIVERSITY               ,TX,75211-9299,Private      ,77,202,279,3751,4211,7962
00356100,CEDAR VALLEY COLLEGE                    ,TX,75134-0000,Public       ,93,291,384,2412,4944,7356
00356200,DALLAS THEOLOGICAL SEM                  ,TX,75204-0000,Private      ,0,43,43,37,953,990
00356300,DEL MAR COLLEGE                         ,TX,78404-3897,Public       ,157,433,590,5552,8410,13962
00356400,EAST TEXAS BAPTIST UNIVERSITY           ,TX,75670-1423,Private      ,19,17,36,1780,538,2318
00356500,TEXAS A&M UNIVERSITY - COMMERCE         ,TX,75429-3011,Public       ,130,375,505,7789,9054,16843
00356600,EPISCOPAL THEOLOGICAL SEMINARY OF THE SO,TX,78705-3128,Private      ,0,4,4,2,67,69
00356800,FRANK PHILLIPS COLLEGE                  ,TX,79008-0000,Public       ,15,33,48,430,606,1036
00357000,GRAYSON COUNTY COLLEGE                  ,TX,75020-8299,Public       ,85,224,309,1816,3485,5301
00357100,HARDIN-SIMMONS UNIVERSITY               ,TX,79698-6050,Private      ,20,27,47,2017,1018,3035
00357200,TRINITY VALLEY COMMUNITY COLLEGE        ,TX,75751-2734,Public       ,95,206,301,2581,4291,6872
00357300,HILL COLLEGE                            ,TX,76645-2711,Public       ,27,82,109,1101,1376,2477
00357301,HILL COLLEGE                            ,TX,76031-0000,Public       ,27,136,163,1071,2029,3100
00357400,HOWARD COUNTY JUNIOR COLLEGE DISTRICT   ,TX,79720-0213,Public       ,39,111,150,1365,2298,3663
00357500,HOWARD PAYNE UNIVERSITY                 ,TX,76801-2715,Private      ,22,27,49,1559,469,2028
00357600,HOUSTON BAPTIST UNIVERSITY              ,TX,77074-3298,Private      ,123,143,266,6055,3913,9968
00357700,HUSTON - TILLOTSON UNIVERSITY           ,TX,78702-2795,Private      ,26,72,98,1243,1319,2562
00357800,UNIVERSITY OF THE INCARNATE WORD        ,TX,78209-6398,Private      ,94,315,409,7176,7642,14818
00357900,JACKSONVILLE COLLEGE                    ,TX,75766-4759,Private      ,9,9,18,282,241,523
00358000,KILGORE COLLEGE                         ,TX,75662-3299,Public       ,78,154,232,3045,4216,7261
00358100,LAMAR UNIVERSITY-BEAUMONT               ,TX,77710-0042,Public       ,184,824,1008,9080,12431,21511
00358200,LAREDO COMMUNITY COLLEGE                ,TX,78040-4395,Public       ,183,155,338,6370,3543,9913
00358300,LEE COLLEGE                             ,TX,77520-4796,Public       ,52,204,256,2164,4127,6291
00358400,LETOURNEAU UNIVERSITY                   ,TX,75607-0000,Private      ,13,113,126,1613,2359,3972
00358600,LUBBOCK CHRISTIAN UNIVERSITY            ,TX,79407-2099,Private      ,13,75,88,1687,1620,3307
00358800,UNIVERSITY OF MARY HARDIN-BAYLOR        ,TX,76513-2599,Private      ,91,56,147,5783,1905,7688
00359000,MCLENNAN COMMUNITY COLLEGE              ,TX,76708-1498,Public       ,105,264,369,4642,6947,11589
00359100,MCMURRY UNIVERSITY                      ,TX,79697-0001,Private      ,16,30,46,1470,698,2168
00359200,MIDWESTERN STATE UNIVERSITY             ,TX,76308-2099,Public       ,79,92,171,5473,3268,8741
00359300,NAVARRO COLLEGE                         ,TX,75110-4818,Public       ,138,317,455,5016,6101,11117
00359400,UNIVERSITY OF NORTH TEXAS               ,TX,76203-5017,Public       ,492,653,1145,35276,19503,54779
00359500,OBLATE SCHOOL OF THEOLOGY               ,TX,78216-0000,Private      ,0,6,6,12,69,81
00359600,ODESSA COLLEGE                          ,TX,79764-7127,Public       ,63,227,290,1721,3135,4856
00359800,OUR LADY OF THE LAKE UNIVERSITY         ,TX,78207-4689,Private      ,55,166,221,4120,4387,8507
00359900,UNIVERSITY OF TEXAS - PAN AMERICAN      ,TX,78541-2999,Public       ,456,423,879,23319,13895,37214
00360000,PANOLA COLLEGE                          ,TX,75633-2397,Public       ,45,101,146,1166,2230,3396
00360100,PARIS JR COLLEGE                        ,TX,75460-6298,Public       ,80,227,307,2121,3016,5137
00360200,PAUL QUINN COLLEGE                      ,TX,75241-4398,Private      ,24,47,71,716,806,1522
00360300,RANGER COLLEGE                          ,TX,76470-3298,Public       ,22,55,77,783,845,1628
00360305,RANGER COLLEGE-STEPHENVILE BEAUTY COLLEG,TX,76401-5136,Public       ,8,9,17,164,150,314
00360400,RICE UNIVERSITY                         ,TX,77251-1892,Private      ,112,87,199,11889,3195,15084
00360600,SAM HOUSTON STATE UNIVERSITY            ,TX,77340-0000,Public       ,413,435,848,23815,11499,35314
00360700,ALAMO CMTY CLG DISTRICT PROGRAM         ,TX,78207-0000,Public       ,0,0,0,1396,1878,3274
00360800,ST PHILLIPS COLLEGE                     ,TX,78203-2098,Public       ,130,474,604,5968,10695,16663
00360900,SAN JACINTO CLG-CENTRAL-NORTH-SOUTH     ,TX,77501-0000,Public       ,329,885,1214,11650,16656,28306
00361000,SCHREINER UNIVERSITY                    ,TX,78028-5697,Private      ,18,21,39,1514,576,2090
00361100,SOUTH PLAINS COLLEGE                    ,TX,79336-6504,Public       ,123,264,387,5362,5721,11083
00361200,UNIV OF HOUSTON-DOWNTOWN                ,TX,77002-1001,Public       ,302,723,1025,13477,20629,34106
00361300,SOUTHERN METHODIST UNIVERSITY           ,TX,75275-0181,Private      ,157,192,349,8812,5483,14295
00361400,SOUTHWEST TEXAS JR COLLEGE              ,TX,78801-6221,Public       ,113,157,270,2772,2832,5604
00361500,TEXAS STATE UNIVERSITY--SAN MARCOS      ,TX,78666-4602,Public       ,584,439,1023,42354,16059,58413
00361600,SOUTHWESTERN ASSEMBLIES OF GOD UNIV     ,TX,75165-2397,Private      ,26,60,86,1723,1312,3035
00361800,SOUTHWESTERN CHRISTIAN COLLEGE          ,TX,75160-3400,Private      ,3,8,11,165,155,320
00361900,SOUTHWESTERN ADVENTIST UNIVERSITY       ,TX,76059-1922,Private      ,14,15,29,842,414,1256
00362000,SOUTHWESTERN UNIVERSITY                 ,TX,78626-6111,Private      ,30,14,44,2628,386,3014
00362100,ST EDWARDS UNIVERSITY                   ,TX,78704-0000,Private      ,88,83,171,6382,2526,8908
00362300,ST MARY'S UNIV OF SAN ANTONIO           ,TX,78228-8500,Private      ,61,96,157,5022,3363,8385
00362400,STEPHEN F AUSTIN STATE UNIVERSITY       ,TX,75962-0001,Public       ,295,236,531,15780,5556,21336
00362500,SUL ROSS STATE UNIVERSITY               ,TX,79832-0113,Public       ,28,100,128,2064,2069,4133
00362600,TARRANT COUNTY COLLEGE                  ,TX,76102-6599,Public       ,627,1670,2297,21293,34323,55616
00362700,TEMPLE COLLEGE                          ,TX,76504-7435,Public       ,68,290,358,2456,5329,7785
00362800,TEXARKANA COLLEGE                       ,TX,75599-0001,Public       ,49,177,226,1421,3447,4868
00363000,PRAIRIE VIEW A&M UNIVERSITY             ,TX,77446-2967,Public       ,232,200,432,12020,6483,18503
00363100,TARLETON STATE UNIVERSITY               ,TX,76402-0000,Public       ,171,179,350,11071,6567,17638
00363200,TEXAS A&M UNIVERSITY                    ,TX,77843-1246,Public       ,911,403,1314,54194,15736,69930
00363208,TEXAS A&M UNIVERSITY - BRYAN            ,TX,77807-3260,Public       ,0,0,0,45,49,94
00363400,TEXAS STATE TECHNICAL CLG AT WACO       ,TX,76705-1695,Public       ,177,423,600,4394,5678,10072
00363410,TEXAS STATE TECHNICAL COLLEGE - HARLINGE,TX,78550-3697,Public       ,0,0,0,3999,3151,7150
00363412,TEXAS STATE TECHNICAL COLLEGE - SWEETWAT,TX,79556-4108,Public       ,0,0,0,510,960,1470
00363416,TEXAS STATE TECHNICAL COLLEGE - MARSHALL,TX,75672-7404,Public       ,0,0,0,468,493,961
00363500,TEXAS CHIROPRACTIC COLLEGE              ,TX,77505-1699,Private      ,1,10,11,16,359,375
00363600,TEXAS CHRISTIAN UNIVERSITY              ,TX,76129-0001,Private      ,215,146,361,14519,4555,19074
00363700,JARVIS CHRISTIAN COLLEGE                ,TX,75765-1470,Private      ,25,33,58,825,493,1318
00363800,TEXAS COLLEGE                           ,TX,75702-4500,Private      ,31,61,92,1133,1079,2212
00363900,TEXAS A&M UNIVERSITY-KINGSVILLE         ,TX,78363-8203,Public       ,182,157,339,11504,8079,19583
00363901,TEXAS A&M UNIVERSITY - SAN ANTONIO      ,TX,78224-3134,Public       ,99,234,333,105,236,341
00364100,TEXAS LUTHERAN UNIVERSITY               ,TX,78155-5999,Private      ,21,17,38,2132,410,2542
00364200,TEXAS SOUTHERN UNIVERSITY               ,TX,77004-4598,Public       ,233,414,647,11974,13392,25366
00364400,TEXAS TECH UNIVERSITY                   ,TX,79409-2011,Public       ,545,413,958,32223,12896,45119
00364500,TEXAS WESLEYAN UNIVERSITY               ,TX,76105-1536,Private      ,42,90,132,2309,3207,5516
00364600,TEXAS WOMAN'S UNIVERSITY                ,TX,76204-5587,Public       ,143,333,476,10326,13502,23828
00364700,TRINITY UNIVERSITY                      ,TX,78212-7200,Private      ,50,24,74,3847,1040,4887
00364800,TYLER JUNIOR COLLEGE                    ,TX,75701-3436,Public       ,202,305,507,8805,7699,16504
00365100,UNIVERSITY OF DALLAS                    ,TX,75062-4799,Private      ,40,72,112,2708,1582,4290
00365200,UNIVERSITY OF HOUSTON                   ,TX,77204-2010,Public       ,614,849,1463,37411,29322,66733
00365400,UNIVERSITY OF ST THOMAS                 ,TX,77006-4626,Private      ,35,169,204,1957,2931,4888
00365600,UNIVERSITY OF TEXAS-ARLINGTON           ,TX,76019-0125,Public       ,330,1647,1977,25316,34590,59906
00365800,UNIVERSITY OF TEXAS-AUSTIN              ,TX,78713-7758,Public       ,609,463,1072,50572,19853,70425
00365900,UT HEALTH CENTER-SAN ANTONIO            ,TX,78229-3900,Public       ,22,153,175,1448,4503,5951
00366100,UNIVERSITY OF TEXAS-EL PASO             ,TX,79968-0629,Public       ,340,573,913,19279,15574,34853
00366200,VICTORIA COLLEGE                        ,TX,77901-4494,Public       ,56,179,235,1832,2986,4818
00366300,WAYLAND BAPTIST UNIVERSITY              ,TX,79072-6998,Private      ,28,329,357,1419,4301,5720
00366400,WEATHERFORD COLLEGE                     ,TX,76086-5699,Public       ,68,159,227,2509,3766,6275
00366500,WEST TEXAS A&M UNIVERSITY               ,TX,79016-0000,Public       ,147,206,353,7052,5052,12104
00366800,WHARTON COUNTY JR COLLEGE               ,TX,77488-3298,Public       ,77,141,218,3814,3257,7071
00366900,WILEY COLLEGE                           ,TX,75670-5199,Private      ,25,51,76,969,920,1889
00400300,CENTRAL TEXAS COLLEGE                   ,TX,76540-4199,Public       ,139,1944,2083,3365,21611,24976
00407221,NORTHWOOD UNIVERSITY                    ,TX,75104-0000,Private      ,2,24,26,101,547,648
00445300,EL CENTRO COLLEGE                       ,TX,75202-3604,Public       ,164,650,814,5390,12587,17977
00450303,EVEREST COLLEGE - FORT WORTH SOUTH      ,TX,76115-1407,Private      ,10,92,102,288,1216,1504
00494900,BAYLOR COLLEGE OF MEDICINE              ,TX,77030-0000,Private      ,34,52,86,1037,2213,3250
00495100,UNIV OF TEXAS HEALTH SCIENCE CENTER     ,TX,77225-0000,Public       ,21,116,137,1264,4815,6079
00495200,UNIV OF TEXAS MEDICAL BRANCH            ,TX,77550-0000,Public       ,21,75,96,995,3161,4156
00497200,GALVESTON COLLEGE                       ,TX,77550-7447,Public       ,31,99,130,1102,1931,3033
00497700,SOUTH TEXAS COLLEGE OF LAW              ,TX,77002-0000,Private      ,5,30,35,131,1858,1989
00660600,BAPTIST HS SCHOOL OF HEALTH PROFESSIONS ,TX,78229-3234,Proprietary  ,2,34,36,308,1534,1842
00661200,COVENANT SCH OF NSG & ALLIED HEALTH     ,TX,79410-0000,Private      ,0,17,17,193,497,690
00666100,ANGELINA COLLEGE                        ,TX,75902-0000,Public       ,108,244,352,2548,3815,6363
00694100,DALLAS CHRISTIAN COLLEGE                ,TX,75234-7229,Private      ,7,29,36,408,611,1019
00709600,COLLEGE OF THE MAINLAND                 ,TX,77591-2499,Public       ,45,179,224,1378,3401,4779
00728700,BRAZOSPORT COLLEGE                      ,TX,77566-3199,Public       ,48,115,163,1615,2180,3795
00732907,ITT TECHNICAL INSTITUTE                 ,TX,77063-3751,Proprietary  ,24,111,135,433,1419,1852
00732913,ITT TECHNICAL INSTITUTE                 ,TX,76011-3919,Proprietary  ,49,235,284,478,1979,2457
00732975,ITT TECHNICAL INSTITUTE                 ,TX,78249-3303,Proprietary  ,21,113,134,383,1233,1616
00793804,LINCOLN COLLEGE OF TECHNOLOGY - GRAND PR,TX,75052-7605,Proprietary  ,126,127,253,972,870,1842
00849800,MIMS CLASSIC BEAUTY COLLEGE             ,TX,78216-0000,Proprietary  ,4,10,14,39,99,138
00850300,MOUNTAIN VIEW COLLEGE                   ,TX,75211-6599,Public       ,146,359,505,4634,6767,11401
00850400,RICHLAND COLLEGE                        ,TX,75243-2199,Public       ,219,558,777,6469,10004,16473
00851000,EASTFIELD COLLEGE                       ,TX,75150-2099,Public       ,149,439,588,5248,8483,13731
00907905,EVEREST COLLEGE                         ,TX,75206-5209,Private      ,21,113,134,362,1547,1909
00908200,INTERNATIONAL BUSINESS COLLEGE          ,TX,79903-0000,Proprietary  ,8,58,66,153,441,594
00916300,SAN ANTONIO COLLEGE                     ,TX,78212-4299,Public       ,297,831,1128,13445,19820,33265
00946600,KAPLAN COLLEGE                          ,TX,78216-1899,Proprietary  ,38,142,180,353,1440,1793
00946607,KAPLAN COLLEGE - MCALLEN                ,TX,78503-1622,Proprietary  ,41,75,116,472,745,1217
00946609,KAPLAN COLLEGE - CAREER CENTERS OF TEXAS,TX,78416-9900,Proprietary  ,28,96,124,261,984,1245
00946610,KAPLAN COLLEGE - CAREER CENTERS OF TEXAS,TX,76103-2310,Proprietary  ,18,106,124,238,1029,1267
00954900,WESTERN TEXAS COLLEGE                   ,TX,79549-9501,Public       ,12,22,34,633,447,1080
00965100,TEXAS A&M INTERNATIONAL UNIVERSITY      ,TX,78041-1900,Public       ,176,152,328,7208,3596,10804
00974100,UNIVERSITY OF TEXAS AT DALLAS           ,TX,75083-0000,Public       ,213,312,525,15201,10775,25976
00976800,UNIVERSITY OF NORTH TEXAS HEALTH SCIENCE,TX,76107-2699,Public       ,12,72,84,533,3111,3644
00979700,MIDLAND COLLEGE                         ,TX,79705-6397,Public       ,55,198,253,1749,3016,4765
00982802,EVEREST INSTITUTE- AUSTIN               ,TX,78754-0000,Private      ,17,71,88,220,862,1082
00993000,UNIVERSITY OF TEXAS-PERMIAN BASIN       ,TX,79762-0001,Public       ,70,227,297,2680,3874,6554
01001900,UNIV OF TEXAS SOUTHWESTERN MED CTR      ,TX,75390-9096,Public       ,19,66,85,442,2279,2721
01006000,VERNON COLLEGE                          ,TX,76384-4092,Public       ,30,132,162,1337,2771,4108
01011500,UNIVERSITY OF TEXAS-SAN ANTONIO         ,TX,78249-0600,Public       ,509,531,1040,37144,18663,55807
01013000,WADE COLLEGE                            ,TX,75207-3199,Proprietary  ,8,20,28,207,366,573
01038700,EL PASO COMMUNITY COLLEGE               ,TX,79998-0000,Public       ,408,801,1209,16435,16084,32519
01050900,HALLMARK UNIVERSITY                     ,TX,78230-1736,Private      ,49,131,180,340,1239,1579
01050901,HALLMARK COLLEGE OF  TECHNOLOGY-        ,TX,78230-1736,Private      ,0,1,1,0,1,1
01062400,LIGHTHOUSE CAREER INSTITUTE             ,TX,75231-5033,Private      ,0,0,0,4,41,45
01063300,HOUSTON COMMUNITY COLLEGE               ,TX,77002-0000,Public       ,789,2996,3785,25504,56074,81578
01067400,TEXAS TECH U HEALTH SCIENCES CENTER     ,TX,79430-0000,Public       ,53,153,206,1767,5890,7657
01076100,DALLAS INSTITUTE OF FUNERAL SERVICE     ,TX,75227-4314,Private      ,5,29,34,108,427,535
01114500,LONE STAR COLLEGE SYSTEM                ,TX,77073-3499,Public       ,917,2660,3577,26177,45296,71473
01116100,TEXAS A&M UNIV CORPUS CHRISTI           ,TX,78412-5599,Public       ,239,264,503,14538,7060,21598
01116300,UNIVERSITY OF TEXAS AT TYLER            ,TX,75799-6699,Public       ,99,277,376,5990,7194,13184
01171100,UNIVERSITY OF HOUSTON-CLEAR LAKE        ,TX,77058-1002,Public       ,78,292,370,3801,8548,12349
01201500,AUSTIN COMMUNITY COLLEGE                ,TX,78752-4390,Public       ,472,1176,1648,17350,23005,40355
01202000,VICTORIA BEAUTY COLLEGE                 ,TX,77901-6233,Proprietary  ,6,27,33,58,204,262
01226800,BALDWIN BEAUTY SCHOOL #5                ,TX,78704-4785,Proprietary  ,16,34,50,150,388,538
01229700,LAREDO BEAUTY COLLEGE                   ,TX,78040-1051,Proprietary  ,13,28,41,135,249,384
01248200,ATI TECHNICAL TRAINING CENTER           ,TX,75235-4622,Proprietary  ,5,23,28,89,344,433
01248209,ATI CAREER TRAINING CENTER - GARLAND    ,TX,75041-2497,Proprietary  ,1,5,6,20,93,113
01248210,ATI CAREER TRAINING CENTER - WACO       ,TX,76711-1682,Proprietary  ,6,15,21,79,199,278
01248300,COSMETOLOGY CAREER CENTER-A PAUL MITCHEL,TX,75006-2567,Proprietary  ,62,133,195,659,1036,1695
01248800,INTERNATIONAL BEAUTY COLLEGE NO 3       ,TX,75040-0000,Proprietary  ,3,1,4,21,86,107
01276400,METROPLEX BEAUTY SCHOOL                 ,TX,75149-0000,Proprietary  ,2,11,13,28,145,173
01293000,CHARLES & SUE'S SCH OF HAIR DESIGN      ,TX,77801-0000,Proprietary  ,2,9,11,77,112,189
01293200,TINT SCHOOL OF MAKEUP & COSMETOLOGY     ,TX,75061-4235,Proprietary  ,19,24,43,113,226,339
01300300,NEILSON BEAUTY COLLEGE                  ,TX,75208-4637,Proprietary  ,2,15,17,41,141,182
01301600,OGLE SCHOOL HAIR SKIN NAILS             ,TX,76013-7400,Proprietary  ,45,98,143,441,960,1401
01303912,SOUTH UNIVERSITY - THE ART INSTITUTE OF ,TX,75231-5993,Proprietary  ,31,69,100,1123,1045,2168
01303915,SOUTH UNIVERSITY - AUSTIN               ,TX,78729-8101,Proprietary  ,22,125,147,261,1094,1355
01323100,UNIVERSITY OF HOUSTON-VICTORIA          ,TX,77901-5731,Public       ,64,149,213,3244,4230,7474
02058600,CONLEE'S COLLEGE OF COSMETOLOGY         ,TX,78028-0000,Proprietary  ,1,1,2,13,57,70
02077400,NORTH LAKE COLLEGE                      ,TX,75038-0000,Public       ,103,347,450,3464,6578,10042
02081400,ARLINGTON BAPTIST COLLEGE               ,TX,76012-0000,Private      ,9,20,29,277,370,647
02098300,WESTERN TECHNICAL COLLEGE               ,TX,79927-2105,Proprietary  ,82,203,285,1074,2261,3335
02100200,BROOKHAVEN COLLEGE                      ,TX,75244-0000,Public       ,103,315,418,3241,6499,9740
02113610,AMERICAN INTERCONTINENTAL UNIV - HOUSTON,TX,77042-4516,Proprietary  ,17,129,146,231,1388,1619
02116008,SANFORD-BROWN COLLEGE - HOUSTON         ,TX,77042-8900,Proprietary  ,7,23,30,287,988,1275
02117100,ART INSTITUTE OF HOUSTON                ,TX,77056-0000,Proprietary  ,172,350,522,4346,4828,9174
02128302,INSTITUTE FOR BUSINESS & TECHNOLOGY - LA,TX,78230-2520,Proprietary  ,9,60,69,135,530,665
02144800,VET TECH INSTITUTE OF HOUSTON           ,TX,77027-9881,Proprietary  ,20,29,49,428,481,909
02176100,PIPO ACADEMY OF HAIR DESIGN             ,TX,79903-0000,Proprietary  ,4,10,14,57,139,196
02218300,SOUTHWEST SCHOOL OF BUSINESS & TECHNICAL,TX,78221-0000,Proprietary  ,15,51,66,102,321,423
02218305,SOUTHWEST SCHOOL OF BUSINESS AND TECHNIC,TX,78501-6053,Proprietary  ,5,14,19,56,118,174
02224600,TRI-STATE BEAUTY SCHOOL #1              ,TX,79915-0000,Proprietary  ,8,30,38,119,337,456
02230500,OGLE SCHOOL HAIR SKIN NAILS             ,TX,76132-3638,Proprietary  ,46,145,191,479,1173,1652
02230600,OGLE SCHOOL HAIR SKIN NAILS             ,TX,76053-4650,Proprietary  ,36,99,135,281,659,940
02239100,CENTRAL TEXAS BEAUTY COLLEGE #2         ,TX,78664-4204,Proprietary  ,13,51,64,131,395,526
02248200,MILAN INSTITUTE OF COSMETOLOGY          ,TX,79103-0000,Proprietary  ,78,217,295,589,1563,2152
02250603,EVEREST COLLEGE - ARLINGTON             ,TX,76011-6630,Private      ,24,104,128,217,1009,1226
02254800,TEXAS VOCATIONAL SCHOOLS                ,TX,77901-0000,Proprietary  ,0,0,0,27,112,139
02259400,AMBERTON UNIVERSITY                     ,TX,75041-0000,Private      ,3,35,38,48,469,517
02261300,EVEREST INSTITUTE                       ,TX,78213-3841,Private      ,13,77,90,171,863,1034
02261302,EVEREST INSTITUTE - HOUSTON GREENSPOINT ,TX,77060-3249,Private      ,21,103,124,306,1252,1558
02261303,EVEREST INSTITUTE - HOUSTON HOBBY       ,TX,77087-2737,Private      ,21,101,122,230,915,1145
02267100,EXPOSITO SCHOOL OF HAIR DESIGN          ,TX,79109-0000,Proprietary  ,4,10,14,34,95,129
02285900,UNIVERSITY OF COSMETOLOGY ARTS&SCI      ,TX,78504-0000,Proprietary  ,24,72,96,289,625,914
02298501,EVEREST COLLEGE- FORT WORTH             ,TX,76137-2472,Proprietary  ,0,0,0,67,292,359
02305300,PARKER COLLEGE OF CHIROPRACTIC          ,TX,75229-0000,Private      ,8,53,61,134,1505,1639
02306700,FORT WORTH BEAUTY SCHOOL                ,TX,76116-3299,Proprietary  ,4,29,33,96,357,453
02306809,SOUTH TEXAS VOCATIONAL TECHNICAL INSTITU,TX,78501-2400,Proprietary  ,38,57,95,456,564,1020
02306810,SOUTH TEXAS VOCATIONAL TECHNICAL INSTITU,TX,78416-1141,Proprietary  ,18,90,108,191,674,865
02312200,TEXAS SCHOOL OF BUSINESS                ,TX,77073-6032,Proprietary  ,23,101,124,361,1279,1640
02312202,TEXAS SCHOOL OF BUSINESS - FRIENDSWOOD C,TX,77546-8938,Proprietary  ,10,46,56,65,310,375
02313901,WESTWOOD COLLEGE - DALLAS               ,TX,75243-0000,Proprietary  ,0,0,0,84,286,370
02315400,NORTHEAST TEXAS COMMUNITY COLLEGE       ,TX,75456-0000,Public       ,55,146,201,1683,2352,4035
02318200,"KD STUDIO, ACTOR'S CONSERVATORY         ",TX,75207-2111,Proprietary  ,7,21,28,196,250,446
02320200,HOUSTON GRADUATE SCHOOL OF THEOLOGY     ,TX,77092-0000,Private      ,0,15,15,18,291,309
02326000,SAN ANTONIO BEAUTY COLLEGE NO 3         ,TX,78217-0000,Proprietary  ,6,14,20,88,199,287
02328602,ITT TECHNICAL INSTITUTE                 ,TX,77598-5418,Proprietary  ,0,1,1,0,1,1
02331200,BAPTIST MISSIONARY ASSN THEOL SEM       ,TX,75766-0000,Private      ,0,3,3,9,100,109
02331300,INTERACTIVE LEARNING SYSTEMS            ,TX,77502-1201,Proprietary  ,8,60,68,38,326,364
02331301,INTERACTIVE LEARNING SYSTEMS            ,TX,77081-0000,Proprietary  ,17,197,214,130,1033,1163
02331304,INTERACTIVE LEARNING SYSTEMS            ,TX,77060-0000,Proprietary  ,13,76,89,51,300,351
02341300,PALO ALTO COLLEGE                       ,TX,78224-0000,Public       ,163,327,490,6480,7789,14269
02348500,LAMAR STATE COLLEGE-PORT ARTHUR         ,TX,77640-0000,Public       ,38,85,123,1119,1859,2978
02357700,PAUL MITCHELL THE SCHOOL                ,TX,77043-3412,Proprietary  ,33,101,134,424,971,1395
02358200,LAMAR STATE COLLEGE-ORANGE              ,TX,77630-0000,Public       ,25,81,106,983,2056,3039
02361400,COLLIN COUNTY COMMUNITY COLLEGE         ,TX,75071-0000,Public       ,262,667,929,8973,12185,21158
02362000,UNIVERSAL TECHNICAL INSTITUTE           ,TX,77073-0000,Proprietary  ,638,914,1552,12346,10649,22995
02362800,AUSTIN GRADUATE SCHOOL OF THEOLOGY      ,TX,78752-1333,Private      ,1,5,6,23,114,137
02521200,ARLINGTON CAREER INSTITUTE              ,TX,75050-0000,Proprietary  ,9,39,48,90,469,559
02521800,SEGUIN BEAUTY SCHOOL                    ,TX,78155-0000,Proprietary  ,8,12,20,51,99,150
02527500,HOUSTON TRAINING SCHOOLS                ,TX,77029-0000,Proprietary  ,11,145,156,190,1118,1308
02530700,SEBRING CAREER SCHOOLS                  ,TX,77083-1510,Proprietary  ,6,29,35,37,185,222
02548800,SOUTH TEXAS VO-TECH INSTITUTE           ,TX,78596-0000,Proprietary  ,31,34,65,306,344,650
02548802,SOUTH TEXAS VOCATIONAL TECHNICAL INSTITU,TX,78520-8710,Proprietary  ,17,31,48,309,345,654
02555400,UNIV OF TX MD ANDERSON CANCER CTR       ,TX,77030-0000,Public       ,5,22,27,295,731,1026
02568100,TEXAS BARBER COLLEGE                    ,TX,77063-3949,Proprietary  ,12,70,82,135,627,762
02568101,TEXAS BARBER COLLEGES & HAIRSTYLING SCHO,TX,75228-3841,Proprietary  ,1,45,46,76,370,446
02568106,TEXAS BARBER COLLEGES & HAIRSTYLING SCHO,TX,77009-0000,Proprietary  ,7,42,49,101,472,573
02568107,TEXAS BARBER COLLEGES & HAIRSTYLING SCHO,TX,77063-3951,Proprietary  ,2,19,21,82,399,481
02568108,TEXAS BARBER COLLEGES & HAIRSTYLING SCHO,TX,75241-1327,Proprietary  ,6,43,49,92,420,512
02568109,TEXAS BARBER COLLEGES & HAIRSTYLING SCHO,TX,77301-4407,Proprietary  ,0,0,0,0,4,4
02569300,LE CORDON BLEU COLLEGE OF CULINARY ARTS ,TX,78758-3647,Proprietary  ,16,53,69,1044,2532,3576
02572000,COMPUTER CAREER CENTER                  ,TX,79925-2021,Proprietary  ,66,252,318,625,1953,2578
02572004,COMPUTER CAREER CENTER - AMARILLO CAMPUS,TX,79101-2404,Proprietary  ,15,64,79,83,512,595
02572005,COMPUTER CAREER CENTER - LUBBOCK CAMPUS ,TX,79414-3517,Proprietary  ,24,86,110,149,662,811
02572008,VISTA COLLEGE - BEAUMONT                ,TX,77701-3717,Proprietary  ,16,92,108,190,1002,1192
02572009,VISTA COLLEGE - LONGVIEW                ,TX,75604-1905,Proprietary  ,13,107,120,153,942,1095
02572011,VISTA COLLEGE - KILLEEN                 ,TX,76541-7436,Proprietary  ,19,170,189,246,1786,2032
02572012,VISTA COLLEGE - COLLEGE STATION         ,TX,77840-5107,Proprietary  ,30,87,117,332,937,1269
02591100,CAREER POINT COLLEGE                    ,TX,78201-2027,Proprietary  ,69,499,568,476,3756,4232
02591900,KAPLAN COLLEGE                          ,TX,79907-1525,Proprietary  ,28,115,143,425,1223,1648
02591905,KAPLAN COLLEGE - BROWNSVILLE            ,TX,78521-9905,Proprietary  ,25,38,63,248,455,703
02596500,ATI CAREER TRAINING CENTER              ,TX,76180-1599,Proprietary  ,1,13,14,20,118,138
02596503,ATI- CAREER TRAINING CENTER - HOUSTON (#,TX,77029-1978,Proprietary  ,1,18,19,47,265,312
02596600,ATI-CAREER TRAINING CENTER              ,TX,75220-4443,Proprietary  ,2,18,20,35,247,282
02596601,ATI CAREER TRAINING CENTER - RICHARDSON ,TX,75081-1948,Proprietary  ,1,10,11,16,83,99
02596602,ATI CAREER TRAINING CENTER - DALLAS (STE,TX,75247-6103,Proprietary  ,7,30,37,79,430,509
02600200,OCEAN CORPORATION (THE)                 ,TX,77099-3479,Proprietary  ,18,72,90,186,918,1104
02604700,CENTER FOR ADVANCED LEGAL STUDIES       ,TX,77098-0000,Proprietary  ,5,73,78,45,648,693
02606202,EVEREST COLLEGE - EVEREST INSTITUTE - BI,TX,77036-8014,Private      ,40,166,206,399,1524,1923
02615000,SANFORD-BROWN COLLEGE                   ,TX,75247-6931,Proprietary  ,2,25,27,161,712,873
03009400,SW SCH BUS & TECH CAREERS               ,TX,78212-2840,Proprietary  ,3,19,22,42,166,208
03010604,VIRGINIA COLLEGE - VIRGINIA COLLEGE AT A,TX,78723-0000,Proprietary  ,6,35,41,165,671,836
03011800,UNIVERSITY OF COSMETOLOGY ARTS & SCIENCE,TX,78226-1194,Proprietary  ,8,25,33,120,206,326
03019800,PCI HEALTH TRAINING CENTER              ,TX,75247-4720,Proprietary  ,18,78,96,221,725,946
03019801,PCI HEALTH TRAINING CENTER - RICHARDSON ,TX,75081-2321,Proprietary  ,18,38,56,116,257,373
03021500,SW SCH BUS & TECH CAREERS               ,TX,78852-4859,Proprietary  ,13,28,41,202,270,472
03025000,TEXAS COLLEGE OF COSMETOLOGY            ,TX,79605-2001,Proprietary  ,8,37,45,112,348,460
03025001,TEXAS COLLEGE OF COSMETOLOGY - SAN ANGEL,TX,76903-4708,Proprietary  ,1,8,9,48,134,182
03026500,REMINGTON COLLEGE - HOUSTON CAMPUS      ,TX,77082-1849,Private      ,173,737,910,1963,7146,9109
03026501,REMINGTON COLLEGE - NORTH HOUSTON CAMPUS,TX,77067-1849,Private      ,3,33,36,206,761,967
03026506,REMINGTON COLLEGE - FT. WORTH CAMPUS    ,TX,76112-1280,Private      ,23,101,124,332,1214,1546
03028800,CIRCLE J BEAUTY SCHOOL                  ,TX,77587-3714,Proprietary  ,0,0,0,34,63,97
03030608,UTAH COLLEGE OF MASSAGE THERAPY - TEXAS ,TX,75801-4848,Proprietary  ,18,49,67,111,350,461
03030609,UTAH COLLEGE OF MASSAGE THERAPY - TEXAS ,TX,77040-6307,Proprietary  ,20,57,77,125,431,556
03031408,INTERNATIONAL ACADEMY OF DESIGN & TECHNO,TX,78229-2263,Proprietary  ,4,11,15,136,363,499
03032300,SCHOOL OF AUTOMOTIVE MACHINISTS         ,TX,77055-1803,Proprietary  ,12,21,33,173,375,548
03035200,TINT SCHOOL OF MAKEUP & COSMETOLOGY     ,TX,75229-3734,Proprietary  ,9,37,46,133,402,535
03035300,SOUTHERN CAREERS INSTITUTE              ,TX,78704-5252,Proprietary  ,195,756,951,1148,4116,5264
03035301,SOUTHERN CAREERS INSTITUTE-PHARR        ,TX,78577-2118,Proprietary  ,38,98,136,211,632,843
03035302,SOUTHERN CAREERS INSTITUTE - CORPUS CHRI,TX,78414-2904,Proprietary  ,9,89,98,156,848,1004
03035303,SOUTHERN CAREERS INSTITUTE - SAN ANTONIO,TX,78221-4351,Proprietary  ,2,20,22,71,259,330
03035305,SOUTHERN CAREERS INSTITUTE - BROWNSVILLE,TX,78520-8680,Proprietary  ,3,9,12,128,159,287
03035306,SOUTHERN CAREERS INSTITUTE - HARLINGEN  ,TX,78550-7911,Proprietary  ,6,12,18,112,199,311
03035308,SOUTHERN CAREERS INSTITUTE - SAN ANTONIO,TX,78238-4114,Proprietary  ,29,140,169,173,793,966
03061800,STAR COLLEGE OF COSMETOLOGY             ,TX,75702-8214,Proprietary  ,10,17,27,104,275,379
03064600,UNIVERSITY OF TEXAS AT BROWNSVILLE      ,TX,78520-4993,Public       ,88,144,232,6148,5505,11653
03073402,ITT TECHNICAL INSTITUTE                 ,TX,75080-2208,Proprietary  ,0,0,0,0,3,3
03103400,SOUTH TEXAS COLLEGE                     ,TX,78501-6699,Public       ,642,741,1383,16785,13481,30266
03108700,ROYAL BEAUTY CAREERS                    ,TX,77069-4611,Proprietary  ,0,0,0,50,185,235
03115800,KAPLAN COLLEGE                          ,TX,78238-4203,Proprietary  ,35,120,155,272,1281,1553
03115802,KAPLAN COLLEGE - LAREDO                 ,TX,78041-6181,Proprietary  ,29,46,75,262,406,668
03115803,KAPLAN COLLEGE - BEAUMONT               ,TX,77706-3706,Proprietary  ,11,61,72,136,626,762
03115804,KAPLAN COLLEGE - LUBBOCK                ,TX,79401-2601,Proprietary  ,3,15,18,98,494,592
03128100,COLLEGE OF HEALTH CARE PROFESSIONS (THE),TX,77092-8108,Proprietary  ,121,428,549,1105,3955,5060
03144300,NATIONAL BEAUTY COLLEGE                 ,TX,75043-4046,Proprietary  ,3,13,16,20,94,114
03153300,AMER COLL OF ACUPUNCTURE & O.M.         ,TX,77063-4104,Proprietary  ,2,11,13,20,199,219
03156400,AOMA                                    ,TX,78745-1479,Proprietary  ,0,11,11,20,275,295
03159300,ARLINGTON MEDICAL INSTITUTE             ,TX,76006-2317,Proprietary  ,5,28,33,162,483,645
03170300,TEXAS A&M UNIVERSITY-TEXARKANA          ,TX,75503-5518,Public       ,34,91,125,1649,2195,3844
03179500,TEXAS HEALTH AND SCIENCE UNIVERSITY     ,TX,78704-6748,Proprietary  ,4,31,35,354,644,998
03237400,FARIS TECHNICAL INSTITUTE               ,TX,77627-3829,Proprietary  ,0,4,4,1,23,24
03272300,KAPLAN COLLEGE                          ,TX,75234-7288,Proprietary  ,31,139,170,366,1633,1999
03272303,KAPLAN COLLEGE - ARLINGTON              ,TX,76010-8121,Proprietary  ,23,95,118,210,1082,1292
03275300,TOUCH OF CLASS SCHOOL OF COSM           ,TX,75402-6314,Proprietary  ,5,22,27,54,179,233
03276300,ACADEMY OF HAIR DESIGN                  ,TX,75901-4900,Proprietary  ,7,38,45,69,274,343
03277300,ACADEMY OF HAIR DESIGN                  ,TX,77701-4650,Proprietary  ,2,12,14,40,178,218
03303300,NORTHWEST EDUCATIONAL CENTER            ,TX,77092-7055,Proprietary  ,5,71,76,61,455,516
03371300,TONI&GUY HAIRDRESSING ACADEMY           ,TX,75006-0000,Proprietary  ,12,25,37,158,249,407
03372300,NORTHWEST VISTA COLLEGE                 ,TX,78251-4217,Public       ,227,475,702,11133,11381,22514
03400300,CAREER QUEST                            ,TX,78229-3539,Proprietary  ,7,51,58,87,493,580
03412300,ADVANCED BARBER COLLEGE & HAIR DESI     ,TX,78596-0000,Proprietary  ,22,33,55,137,257,394
03416500,DALLAS NURSING INSTITUTE                ,TX,75243-5502,Private      ,16,96,112,329,1662,1991
03422300,MILAN INSTITUTE                         ,TX,78238-3327,Proprietary  ,119,416,535,848,2451,3299
03422400,COLLEGE OF BIBLICAL STUDIES-HOUSTON     ,TX,77036-3211,Private      ,1,67,68,103,1102,1205
03424400,MEDVANCE INSTITUTE                      ,TX,77057-7386,Proprietary  ,28,120,148,201,837,1038
03426300,COLLEGE OF HEALTH CARE PROFESSIONS (THE),TX,78752-3630,Proprietary  ,29,100,129,316,991,1307
03480304,FORTIS COLLEGE - FORTIS INSTITUTE       ,TX,75050-2342,Proprietary  ,10,40,50,90,460,550
03520300,LUBBOCK HAIR ACADEMY                    ,TX,79410-3524,Proprietary  ,1,13,14,56,149,205
03542300,CONCORDE CAREER INSTITUTE               ,TX,76011-4016,Proprietary  ,29,146,175,355,1526,1881
03556400,KUSSAD INSTITUTE OF COURT REPORTING     ,TX,78704-5712,Proprietary  ,0,0,0,7,15,22
03573300,AVIATION INSTITUTE OF MAINTENANCE       ,TX,75062-6303,Proprietary  ,29,105,134,199,741,940
03610300,MJ'S BEAUTY ACADEMY INC                 ,TX,75224-0000,Proprietary  ,0,25,25,74,261,335
03612400,VALLEY GRANDE INSTITUTE FOR ACADEMI     ,TX,78596-0000,Private      ,17,54,71,145,426,571
03627300,LAMAR INSTITUTE OF TECHNOLOGY           ,TX,77705-4142,Public       ,78,135,213,2069,3047,5116
03680300,JAY'S TECHNICAL INSTITUTE               ,TX,77031-3509,Proprietary  ,4,33,37,41,247,288
03682400,DALLAS BARBER & STYLIST COLLEGE         ,TX,75231-0000,Proprietary  ,14,84,98,136,710,846
03714300,TREND BARBER COLLEGE                    ,TX,77071-2104,Proprietary  ,7,58,65,79,465,544
03723300,CULINARY INST ALAIN & MARIE LENOTRE     ,TX,77022-4322,Proprietary  ,11,64,75,328,820,1148
03727600,AUGUSTE ESCOFFIER SCHOOL OF CULINARY ART,TX,78752-0000,Proprietary  ,37,77,114,434,503,937
03733300,BAPTIST UNIVERSITY OF THE AMERICAS      ,TX,78224-1336,Private      ,6,14,20,114,334,448
03922300,SOUTH TEXAS BARBER COLLEGE              ,TX,78415-3463,Proprietary  ,6,13,19,57,143,200
03944400,PROFESSIONAL CAREERS INSTITUTE          ,TX,77036-2252,Proprietary  ,1,5,6,33,172,205
03944401,PROFESSIONAL CAREERS INSTITUTE          ,TX,77090-3914,Proprietary  ,0,0,0,18,61,79
03970300,HANDS ON THERAPY                        ,TX,75149-2294,Proprietary  ,4,31,35,40,201,241
03987300,TEXAS HEALTH SCHOOL                     ,TX,77079-2106,Proprietary  ,16,36,52,290,723,1013
04036300,SOUTHEAST TEXAS CAREER INSTITUTE        ,TX,77656-8601,Proprietary  ,6,23,29,35,168,203
04045300,NORTHWEST BEAUTY SCHOOL                 ,TX,77091-1208,Proprietary  ,3,23,26,66,259,325
04045400,MAI-TRIX BEAUTY COLLEGE                 ,TX,77040-0000,Proprietary  ,0,0,0,40,118,158
04082300,PROFESSIONAL CAREER TRAINING INSTITUTE  ,TX,77090-0000,Proprietary  ,5,67,72,55,446,501
04089400,CCI TRAINING CENTER                     ,TX,76011-4857,Proprietary  ,2,45,47,36,355,391
04117900,CHAMPION BEAUTY COLLEGE                 ,TX,77069-4611,Proprietary  ,4,24,28,83,357,440
04121800,CRISWELL COLLEGE                        ,TX,75246-1537,Private      ,4,24,28,117,379,496
04125400,ACADEMY AT AUSTIN (THE)                 ,TX,78660-3287,Proprietary  ,15,32,47,118,229,347
04125500,MANUEL AND THERESA'S SCHOOL OF HAIR DESI,TX,77803-3236,Proprietary  ,7,5,12,50,86,136
04129800,MEDIATECH INSTITUTE DALLAS              ,TX,75039-3105,Proprietary  ,4,29,33,170,331,501
04129801,MEDIATECH INSTITUTE - AUSTIN            ,TX,78704-8933,Proprietary  ,9,12,21,105,195,300
04129802,MEDIATECH INSTITUTE - HOUSTON           ,TX,77042-4712,Proprietary  ,7,27,34,98,300,398
04131700,SOUTHWEST CAREER COLLEGE                ,TX,79925-6230,Proprietary  ,100,251,351,1251,2509,3760
04136500,PCCENTER                                ,TX,75115-4214,Proprietary  ,4,14,18,26,80,106
04138500,CARDIOTECH ULTRASOUND SCHOOL            ,TX,77099-1440,Proprietary  ,3,31,34,103,537,640
04142300,AVEDA INSTITUTE SAN ANTONIO             ,TX,78215-1260,Proprietary  ,32,44,76,317,581,898
04146700,AVIATION INSTITUTE OF MAINTENANCE       ,TX,77061-4004,Proprietary  ,20,80,100,180,528,708
04146800,SOUTH TEXAS TRAINING CENTER             ,TX,78586-7721,Proprietary  ,14,28,42,85,199,284
04152700,ASTRODOME CAREER CENTERS                ,TX,77054-2678,Proprietary  ,1,17,18,35,195,230
04154800,DUVALL'S SCHOOL OF COSMETOLOGY          ,TX,76021-4159,Proprietary  ,5,15,20,40,93,133
04155800,ADVANCED BEAUTY COLLEGE                 ,TX,75061-1918,Proprietary  ,3,13,16,27,103,130
04158500,TEXAS BEAUTY COLLEGE                    ,TX,76117-3201,Proprietary  ,2,10,12,15,64,79
04160700,AVENUE FIVE INSTITUTE                   ,TX,78757-7000,Proprietary  ,6,50,56,153,443,596
04165800,SALON PROFESSIONAL ACADEMY (THE)        ,TX,75067-2348,Proprietary  ,7,19,26,46,119,165
04168700,LAWYER'S ASSISTANT SCHOOL OF DALLAS     ,TX,75201-2829,Proprietary  ,6,59,65,72,476,548
04168800,ABC BEAUTY ACADEMY                      ,TX,75042-8682,Proprietary  ,3,14,17,32,139,171
04169000,SALON & SPA INSTITUTE                   ,TX,78521-1727,Proprietary  ,2,16,18,35,109,144
04169100,DIAMONDS COSMETOLOGY COLLEGE            ,TX,75090-2657,Proprietary  ,3,13,16,22,84,106
04177900,BUCKNER BARBER SCHOOL                   ,TX,75217-1775,Proprietary  ,1,19,20,49,216,265
04178200,VOGUE COLLEGE - SAN ANTONIO             ,TX,78201-5035,Proprietary  ,6,34,40,75,236,311
04178300,VOGUE BEAUTY ACADEMY                    ,TX,78238-4402,Proprietary  ,11,35,46,93,239,332
04178400,VOGUE COLLEGE - MCALLEN                 ,TX,78501-1945,Proprietary  ,12,47,59,146,284,430
04179500,NORTH AMERICAN UNIVERSITY               ,TX,77038-1221,Private      ,8,17,25,310,347,657
04184800,EXCEL LEARNING CENTER                   ,TX,79907-1400,Proprietary  ,36,146,182,194,746,940
04187800,CYBERTEX INSTITUTE OF TECHNOLOGY        ,TX,78752-3825,Proprietary  ,5,82,87,74,517,591
04193000,RGV CAREERS AN INSTITUTE FOR HIGHER LEAR,TX,78577-2106,Proprietary  ,13,72,85,88,456,544
04205200,WADE GORDON HAIRDRESSING ACADEMY        ,TX,79121-0548,Proprietary  ,5,24,29,86,199,285
04206501,MYCOMPUTERCAREER.COM - DALLAS           ,TX,75062-8173,Proprietary  ,7,99,106,35,689,724
04206502,MYCOMPUTERCAREER.COM - HOUSTON          ,TX,77056-6764,Proprietary  ,14,182,196,96,884,980
04213300,SPA PROFESSIONALS ACADEMY (THE)         ,TX,78504-2569,Proprietary  ,3,5,8,47,101,148
04215000,TOTAL TRANSFORMATION INSTITUTE OF COSMET,TX,78666-8115,Proprietary  ,3,5,8,56,71,127
04215400,GRACE SCHOOL OF THEOLOGY                ,TX,77384-4894,Private      ,0,15,15,12,167,179
04219700,GEMINI SCHOOL OF VISUAL ARTS & COMMUNICA,TX,78613-2642,Proprietary  ,0,3,3,22,32,54
04222600,HEATHCARE INSTITUTE (THE)               ,TX,78201-5035,Proprietary  ,1,24,25,126,403,529
04224100,COSMETOLOGY ACADEMY OF TEXARKANA        ,TX,75503-4855,Proprietary  ,6,23,29,72,236,308
04226400,MT TRAINING CENTER                      ,TX,75051-3542,Proprietary  ,2,60,62,21,248,269
04229000,BARBER INSTITUTE OF TEXAS               ,TX,75602-3456,Proprietary  ,2,19,21,15,100,115
04229500,TEXAS A&M UNIVERSITY - CENTRAL TEXAS    ,TX,76549-5901,Public       ,44,270,314,1973,5332,7305
04231200,NEECEE'S COLLEGE OF COSMETOLOGY         ,TX,79605-4735,Proprietary  ,0,14,14,24,121,145
04231300,YAHWEH BEAUTY ACADEMY                   ,TX,76543-4153,Proprietary  ,1,15,16,31,199,230
04231900,ALAMO CITY BARBER COLLEGE               ,TX,78250-3227,Proprietary  ,17,57,74,195,553,748
04232400,EXCEL LEARNING CENTER - SAN ANTONIO     ,TX,78230-4823,Proprietary  ,13,101,114,62,398,460
04232900,PREPARING PEOPLE BARBER STYLING COLLEGE ,TX,75215-2415,Proprietary  ,2,28,30,24,259,283
04235900,BELLA COSMETOLOGY COLLEGE               ,TX,75494-2408,Proprietary  ,3,11,14,33,98,131
04236900,K&G 5 STAR BARBER COLLEGE               ,TX,77591-3689,Proprietary  ,0,11,11,14,80,94
04238200,LAREDO CHI ACADEMY BEAUTY SCHOOL        ,TX,78041-6540,Proprietary  ,5,12,17,83,135,218
04239700,"VOCATIONAL NURSING INSTITUTE, (THE)     ",TX,77065-5399,Private      ,3,37,40,86,611,697
04242100,UNIVERSITY OF NORTH TEXAS AT DALLAS     ,TX,75241-4600,Public       ,111,250,361,4846,6998,11844
04243900,UNIVERSITY OF TEXAS HEALTH SCIENCE CENTE,TX,75708-3154,Public       ,7,28,35,66,238,304
04245800,NATURAL IMAGES BEAUTY COLLEGE           ,TX,77531-3603,Proprietary  ,1,8,9,5,20,25
04248000,"RECORDING CONSERVATORY OF AUSTIN, (THE) ",TX,78730-3004,Proprietary  ,2,9,11,17,34,51
04249300,SALON BOUTIQUE ACADEMY                  ,TX,75001-4399,Proprietary  ,3,15,18,12,55,67
04250800,MISSION BEAUTY COLLEGE                  ,TX,78572-4404,Proprietary  ,2,6,8,2,6,8
00367000,BRIGHAM YOUNG UNIVERSITY                ,UT,84602-8406,Private      ,699,771,1470,16851,13926,30777
00367100,DIXIE STATE COLLEGE OF UTAH             ,UT,84770-3876,Public       ,198,148,346,6826,4422,11248
00367200,LDS BUSINESS COLLEGE                    ,UT,84101-3500,Private      ,78,95,173,1476,1437,2913
00367400,STEVENS HENAGER COLLEGE                 ,UT,84401-1420,Proprietary  ,354,3439,3793,2545,22653,25198
00367500,UNIVERSITY OF UTAH                      ,UT,84112-9055,Public       ,364,669,1033,16803,17778,34581
00367700,UTAH STATE UNIVERSITY                   ,UT,84322-1400,Public       ,332,496,828,15677,13914,29591
00367800,SOUTHERN UTAH UNIVERSITY                ,UT,84720-2470,Public       ,149,167,316,6167,3842,10009
00367900,SNOW COLLEGE                            ,UT,84627-1299,Public       ,107,53,160,3647,1310,4957
00368000,WEBER STATE UNIVERSITY                  ,UT,84408-1136,Public       ,229,511,740,8738,12924,21662
00368100,WESTMINSTER COLLEGE                     ,UT,84105-3697,Private      ,53,87,140,2798,1842,4640
00402700,UTAH VALLEY UNIVERSITY                  ,UT,84058-5999,Public       ,407,657,1064,13615,17727,31342
00522000,SALT LAKE COMMUNITY COLLEGE             ,UT,84123-0000,Public       ,399,950,1349,9808,17821,27629
00732953,ITT TECHNICAL INSTITUTE                 ,UT,84123-2500,Proprietary  ,41,212,253,356,1920,2276
00943300,SHERMAN KENDALL'S ACADEMY OF BEAUTY     ,UT,84106-1836,Proprietary  ,4,6,10,34,88,122
01009800,NEUMONT UNIVERSITY                      ,UT,84095-0000,Proprietary  ,10,4,14,854,139,993
01116500,UINTAH BASIN APPLIED TECHNOLOGY CLG     ,UT,84066-0000,Public       ,3,30,33,37,194,231
01116600,BROADVIEW UNIVERSITY                    ,UT,84088-4021,Proprietary  ,18,58,76,315,917,1232
02078800,SHERMAN KENDALL'S ACADEMY OF BEAUTY     ,UT,84047-0000,Proprietary  ,0,2,2,13,42,55
02115400,BRIDGERLAND APPLIED TECHNOLOGY COLLEGE  ,UT,84321-0000,Public       ,22,61,83,480,928,1408
02156600,DAVIS APPLIED TECHNOLOGY COLLEGE        ,UT,84037-0000,Public       ,36,155,191,613,1870,2483
02178500,EAGLE GATE COLLEGE                      ,UT,84123-0000,Proprietary  ,22,114,136,143,1109,1252
02270800,AMERITECH COLLEGE                       ,UT,84604-6927,Proprietary  ,22,75,97,111,524,635
02270802,AMERITECH COLLEGE - DRAPER              ,UT,84020-6545,Proprietary  ,6,41,47,86,546,632
02298500,EVEREST COLLEGE                         ,UT,84119-2668,Proprietary  ,0,0,0,41,231,272
02346500,OGDEN-WEBER APPLIED TECHNOLOGY COLG     ,UT,84404-0000,Public       ,36,200,236,717,2239,2956
02360800,PROVO COLLEGE                           ,UT,84601-0000,Proprietary  ,12,68,80,220,727,947
02531800,PAUL MITCHELL THE SCHOOL - PROVO        ,UT,84606-0000,Proprietary  ,10,12,22,133,117,250
02556800,PAUL MITCHELL THE SCHOOL                ,UT,84117-7204,Proprietary  ,29,69,98,227,491,718
02556801,PAUL MITCHELL THE SCHOOL                ,UT,84780-0000,Proprietary  ,0,0,0,42,57,99
02572700,EVANS HAIRSTYLING COLLEGE               ,UT,84770-0000,Proprietary  ,1,3,4,38,40,78
02572800,VISTA COLLEGE                           ,UT,84015-0000,Proprietary  ,8,98,106,45,658,703
02573100,EVANS HAIRSTYLING COLLEGE OF CEDAR CITY ,UT,84720-0000,Proprietary  ,3,4,7,48,43,91
02612200,MARINELLO SCHOOL OF BEAUTY              ,UT,84604-1585,Proprietary  ,2,5,7,44,97,141
03030600,UTAH COLLEGE OF MASSAGE THERAPY         ,UT,84111-1606,Proprietary  ,18,42,60,163,417,580
03030601,UTAH CLG OF MASSAGE THER-PROVO CMPS     ,UT,84042-0000,Proprietary  ,11,24,35,65,143,208
03082100,MYOTHERAPY COLLEGE OF UTAH              ,UT,84115-2522,Proprietary  ,4,30,34,31,131,162
03108200,FRANCOIS D. COLLEGE OF HAIR SKIN & NAILS,UT,84070-2004,Proprietary  ,1,1,2,23,43,66
03110400,HAIRITAGE HAIR ACADEMY                  ,UT,84770-5233,Proprietary  ,2,2,4,42,40,82
03339400,WESTERN GOVERNORS UNIVERSITY            ,UT,84107-2533,Private      ,228,8863,9091,2677,93420,96097
03413300,MOUNTAINLAND APPLIED TECHNOLOGY COLLEGE ,UT,84043-0000,Public       ,21,65,86,307,761,1068
03463300,CAREERS UNLIMITED                       ,UT,84058-0000,Proprietary  ,11,12,23,66,176,242
03467308,MARINELLO SCHOOL OF BEAUTY - OGDEN      ,UT,84405-1501,Proprietary  ,5,9,14,52,154,206
03467309,MARINELLO SCHOOL OF BEAUTY - LAYTON     ,UT,84041-3002,Proprietary  ,2,9,11,48,172,220
03617300,HEALING MOUNTAIN MASSAGE SCHOOL         ,UT,84102-4006,Proprietary  ,4,11,15,58,172,230
03829500,SKINWORKS SCHOOL OF ADVANCED SKINCARE   ,UT,84115-0000,Proprietary  ,3,12,15,33,135,168
03838300,NIGHTINGALE COLL. SCH. OF NURSING SCH. O,UT,84403-0000,Proprietary  ,3,52,55,55,589,644
03909300,PAUL MITCHELL THE SCHOOL LOGAN          ,UT,84323-4679,Proprietary  ,8,13,21,103,154,257
03921300,CAMEO COLLEGE OF ESSENTIAL BEAUTY       ,UT,84115-0000,Proprietary  ,9,28,37,100,323,423
04054300,SOUTHWEST APPLIED TECHNOLOGY COLLEGE    ,UT,84720-6608,Public       ,10,29,39,112,259,371
04072300,AVEDA INSTITUTE PROVO                   ,UT,84604-1008,Proprietary  ,15,11,26,112,108,220
04121700,DIXIE APPLIED TECHNOLOGY COLLEGE        ,UT,84770-3025,Public       ,14,44,58,343,468,811
04145500,SKIN SCIENCE INSTITUTE (THE)            ,UT,84115-0000,Proprietary  ,5,21,26,54,182,236
04153000,RENAISSANCE ACADEMIE                    ,UT,84604-0000,Proprietary  ,7,9,16,35,77,112
04161900,MANDALYN ACADEMY                        ,UT,84003-2161,Proprietary  ,5,20,25,34,107,141
04165500,ACAYDIA SCHOOL OF AESTHETICS            ,UT,84601-0000,Proprietary  ,2,2,4,41,77,118
04169900,AMERICAN BEAUTY ACADEMY                 ,UT,84651-0000,Proprietary  ,0,5,5,32,68,100
04173200,TAYLOR ANDREWS ACADEMY OF HAIR DESIGN   ,UT,84088-6577,Proprietary  ,16,21,37,105,204,309
04173201,TAYLOR ANDREWS ACADEMY -  OREM          ,UT,84004-1872,Proprietary  ,15,13,28,117,131,248
04183000,TOP NAILS & HAIR BEAUTY SCHOOL          ,UT,84118-0000,Proprietary  ,2,15,17,23,108,131
04184200,TAYLOR ANDREWS ACADEMY-ST. GEORGE       ,UT,84790-2139,Proprietary  ,6,15,21,89,123,212
04192700,BARBER SCHOOL (THE)                     ,UT,84047-3723,Proprietary  ,9,33,42,45,187,232
04193200,ROCKY MOUNTAIN UNIVERSITY OF HEALTH PROF,UT,84606-7312,Proprietary  ,1,78,79,31,623,654
04210300,MEDSPA ACADEMIES                        ,UT,84095-3519,Proprietary  ,10,23,33,76,174,250
04211500,BEAUTIFUL YOU SCHOOL OF NAIL TECHNOLOGY ,UT,84720-8360,Proprietary  ,0,2,2,20,36,56
04215700,COLE HOLLAND COLLEGE                    ,UT,84102-2959,Proprietary  ,3,3,6,22,57,79
04216800,BONNIE JOSEPH ACADEMY OF COSMETOLOGY & B,UT,84032-2044,Proprietary  ,1,1,2,3,15,18
04218300,MIDWIVES COLLEGE OF UTAH                ,UT,84106-2671,Private      ,2,14,16,38,339,377
00368200,BENNINGTON COLLEGE                      ,VT,05201-6001,Private      ,7,14,21,1018,177,1195
00368300,CASTLETON STATE COLLEGE                 ,VT,05735-0000,Public       ,31,14,45,2944,447,3391
00368400,CHAMPLAIN COLLEGE                       ,VT,05401-3950,Private      ,22,134,156,4517,2175,6692
00368500,COLLEGE OF ST JOSEPH                    ,VT,05701-3899,Private      ,1,10,11,257,181,438
00368600,GODDARD COLLEGE                         ,VT,05667-0000,Private      ,2,44,46,63,735,798
00368700,GREEN MOUNTAIN COLLEGE                  ,VT,05764-1199,Private      ,10,16,26,786,353,1139
00368800,JOHNSON STATE COLLEGE                   ,VT,05656-9898,Public       ,16,20,36,1294,878,2172
00368900,LYNDON STATE COLLEGE                    ,VT,05851-0919,Public       ,19,10,29,1754,322,2076
00369000,MARLBORO COLLEGE                        ,VT,05344-0300,Private      ,3,1,4,306,108,414
00369100,MIDDLEBURY COLLEGE                      ,VT,05753-0000,Private      ,29,24,53,4398,594,4992
00369200,NORWICH UNIVERSITY                      ,VT,05663-1035,Private      ,32,191,223,3167,1909,5076
00369300,SOUTHERN VERMONT COLLEGE                ,VT,05201-6002,Private      ,6,2,8,590,160,750
00369400,ST MICHAELS COLLEGE                     ,VT,05439-0001,Private      ,30,6,36,4169,199,4368
00369600,UNIVERSITY OF VERMONT                   ,VT,05405-0160,Public       ,137,90,227,20071,3167,23238
00369700,VERMONT COLLEGE OF FINE ARTS            ,VT,05602-3128,Private      ,0,40,40,15,451,466
00369800,VERMONT TECHNICAL COLLEGE               ,VT,05061-0000,Public       ,9,26,35,1053,893,1946
00865800,O'BRIENS AVEDA INSTITUTE                ,VT,05403-7747,Proprietary  ,1,4,5,64,109,173
00886000,SIT                                     ,VT,05301-4801,Private      ,1,12,13,195,436,631
01116700,COMMUNITY COLLEGE OF VERMONT            ,VT,05676-0000,Public       ,102,342,444,1712,4089,5801
01193400,VERMONT LAW SCHOOL                      ,VT,05068-0000,Private      ,0,21,21,7,892,899
01218300,BURLINGTON COLLEGE                      ,VT,05401-8477,Private      ,2,6,8,193,159,352
02143500,STERLING COLLEGE                        ,VT,05827-0000,Private      ,3,2,5,151,71,222
02254000,NEW ENGLAND CULINARY INSTITUTE          ,VT,05602-0000,Proprietary  ,6,18,24,307,229,536
02532600,LANDMARK COLLEGE                        ,VT,05346-0000,Private      ,13,3,16,480,138,618
04146900,ADVANCED WELDING INSTITUTE              ,VT,05403-0000,Proprietary  ,4,5,9,63,48,111
00392800,CASPER COLLEGE                          ,WY,82601-4612,Public       ,31,96,127,1402,1647,3049
00392900,EASTERN WYOMING COLLEGE                 ,WY,82240-1603,Public       ,12,20,32,457,352,809
00393000,SHERIDAN COLLEGE                        ,WY,82801-9133,Public       ,44,87,131,1093,1225,2318
00393100,NORTHWEST COLLEGE                       ,WY,82435-1895,Public       ,16,30,46,802,579,1381
00393200,UNIVERSITY OF WYOMING                   ,WY,82071-2000,Public       ,120,182,302,7600,4715,12315
00393300,WESTERN WYOMING COMMUNITY COLLEGE       ,WY,82902-0000,Public       ,33,67,100,972,1081,2053
00728900,CENTRAL WYOMING COLLEGE                 ,WY,82501-0000,Public       ,16,43,59,565,804,1369
00915700,WYOTECH                                 ,WY,82072-9519,Private      ,106,55,161,742,578,1320
00925900,LARAMIE COUNTY COMMUNITY CLG            ,WY,82007-3299,Public       ,48,126,174,1755,2606,4361
02211900,CHEEKS INTERNATIONAL ACDMY              ,WY,82001-0000,Proprietary  ,6,15,21,35,163,198
00393500,UNIV OF GUAM                            ,GU,96923-0000,Public       ,74,95,169,2585,1973,4558
01536100,GUAM COMMUNITY COLLEGE                  ,GU,96921-0000,Public       ,28,42,70,1687,1621,3308
03438300,PACIFIC ISLANDS UNIVERSITY              ,GU,96913-2619,Private      ,11,16,27,90,144,234
00393600,PONTIFICAL CATHOLIC UNIV OF PR          ,PR,00717-0777,Private      ,91,195,286,6317,5060,11377
00393700,UNIVERSITY OF THE SACRED HEART          ,PR,00914-0383,Private      ,54,147,201,3260,2148,5408
00393800,INTER-AMER UNIV PR-CNTRL ADMN           ,PR,00936-0000,Private      ,0,0,0,3174,4785,7959
00393801,INTER-AMER UNIV PR SCHL LAW             ,PR,00936-8351,Private      ,0,0,0,26,340,366
00393803,INTER AMERICAN UNIVERSITY OF PUERTO RICO,PR,00683-0000,Private      ,0,0,0,3669,1580,5249
00393810,INTER-AMER UNIV PR - SCH OF OPTOMETRY   ,PR,00918-0000,Private      ,0,0,0,1,0,1
00393900,INTER AMERICAN UNIVERSITY OF PUERTO RICO,PR,00605-2000,Private      ,83,138,221,3429,1851,5280
00394000,INTER AMERICAN UNIVERSITY OF PUERTO RICO,PR,00919-1293,Private      ,114,439,553,1181,1960,3141
00394100,UNIVERSIDAD DEL ESTE                    ,PR,00984-2010,Private      ,236,676,912,7629,8437,16066
00394200,UNIVERSITY OF PR-CENTRAL ADMINISTRATION ,PR,00936-4984,Public       ,6,8,14,405,205,610
00394300,UNIVERSITY OF PUERTO RICO - HUMACAO UNIV,PR,00791-4300,Public       ,16,21,37,3388,468,3856
00394400,UNIVERSITY OF PUERTO RICO - MAYAGUEZ    ,PR,00680-0000,Public       ,75,111,186,9466,2024,11490
00501900,UNIV ADVENTISTA DE LAS ANTILLAS         ,PR,00681-0118,Private      ,24,26,50,1003,571,1574
00502200,BAYAMON CENTRAL UNIVERSITY              ,PR,00960-0000,Private      ,49,91,140,1041,1082,2123
00502600,INTER AMERICAN UNIVERSITY OF PUERTO RICO,PR,00614-4050,Private      ,58,141,199,3169,2216,5385
00502700,INTER AMERICAN UNIVERSITY OF PUERTO RICO,PR,00794-0517,Private      ,56,42,98,1744,701,2445
00502800,INTER AMERICAN UNIVERSITY OF PUERTO RICO,PR,00957-6257,Private      ,75,71,146,4029,1572,5601
00502900,INTER AMERICAN UNIVERSITY OF PUERTO RICO,PR,00715-1612,Private      ,114,136,250,3799,2513,6312
00710800,UNIVERSITY OF PUERTO RICO - RIO PIEDRAS ,PR,00931-3300,Public       ,88,138,226,9713,3304,13017
00720600,UNIVERSITY OF PUERTO RICO - CAYEY UNIVER,PR,00736-5534,Public       ,18,8,26,3341,358,3699
00722800,UNIVERSITY OF PUERTO RICO - ARECIBO     ,PR,00614-4010,Public       ,29,25,54,3844,570,4414
00890200,COLUMBIA CENTRO UNIVERSITARIO           ,PR,00726-0000,Proprietary  ,48,125,173,1289,1255,2544
00965200,"UNIVERSITY OF PUERTO RICO, PONCE TECH UN",PR,00716-0000,Public       ,23,9,32,3505,456,3961
01056700,COLEGIO TECNOLOGICO DE SAN JUAN         ,PR,00918-2973,Public       ,53,78,131,826,911,1737
01072400,CARLOS ALBIZU UNIVERSITY                ,PR,00902-3711,Private      ,2,50,52,251,1387,1638
01081900,CONSERVATORIO DE MUSICA DE PUERTO RICO  ,PR,00907-3373,Public       ,4,7,11,316,124,440
01092200,UNIVERSITY OF PUERTO RICO - UTUADO      ,PR,00641-2500,Public       ,8,3,11,1482,190,1672
01097500,UNIVERSITY OF PUERTO RICO BAYAMON TECHNI,PR,00959-1911,Public       ,30,14,44,4355,606,4961
01120300,RYDER MEMORIAL HOSP SCH OF NURSING      ,PR,00792-0000,Private      ,0,0,0,13,9,22
01171900,UNIVERSIDAD DEL TURABO                  ,PR,00778-0000,Private      ,221,860,1081,9013,11324,20337
01194000,ICPR JUNIOR COLLEGE                     ,PR,00919-0000,Proprietary  ,187,274,461,1416,1783,3199
01194100,AMERICAN UNIVERSITY OF PUERTO RICO      ,PR,00960-2037,Private      ,16,26,42,615,410,1025
01194101,AMERICAN UNIVERSITY OF PUERTO RICO      ,PR,00674-0000,Private      ,22,34,56,701,476,1177
01212300,"UNIVERSITY OF PUERTO RICO, AGUADILLA REG",PR,00604-0160,Public       ,18,15,33,2939,479,3418
01252500,CARIBBEAN UNIVERSITY                    ,PR,00960-0493,Private      ,97,152,249,2426,2499,4925
02063100,MBTI BUSINESS TRNG INSTITUTE            ,PR,00907-3917,Proprietary  ,230,776,1006,1431,3865,5296
02100000,POLYTECHNIC UNIVERSITY OF PR            ,PR,00917-0000,Private      ,31,146,177,2130,2382,4512
02163300,UNIVERSIDAD CENTRAL DEL CARIBE          ,PR,00960-0000,Private      ,4,10,14,147,452,599
02165100,EDP COLLEGE OF PUERTO RICO              ,PR,00919-0000,Private      ,57,186,243,1203,2026,3229
02166000,CENTER FOR ADVANCED STUDIES OF PUER     ,PR,00902-0000,Private      ,0,38,38,12,277,289
02166400,INSTITUTO DE BANCA Y COMERCIO           ,PR,00925-0000,Proprietary  ,760,1565,2325,7822,12228,20050
02170300,INST EDUC TECNIA OCUP LA REINA          ,PR,00674-0000,Proprietary  ,35,27,62,224,253,477
02189100,CENTRO DE ESTUDIOS MULTIDISCIPLIN       ,PR,00926-0000,Proprietary  ,76,119,195,1371,1622,2993
02189300,EMMA'S BEAUTY ACADEMY                   ,PR,00680-0000,Proprietary  ,19,12,31,261,112,373
02195400,MODERN HAIRSTYLING INSTITUTE            ,PR,00961-0000,Proprietary  ,80,66,146,729,372,1101
02195500,MODERN HAIRSTYLING INSTITUTE            ,PR,00612-0000,Proprietary  ,0,0,0,10,10,20
02195800,LICEO E ARTE Y TECNOLGIA                ,PR,00919-0000,Proprietary  ,56,68,124,905,834,1739
02195900,MODERN HAIRSTYLING INSTITUTE            ,PR,00980-0000,Proprietary  ,1,0,1,12,7,19
02234900,ANTILLES SCHOOL OF TECH CAREERS         ,PR,00909-3006,Proprietary  ,25,59,84,313,576,889
02241904,COMMONWEALTH OF PR DEPT OF EDUC - ITPR R,PR,00655-0000,Public       ,14,20,34,481,338,819
02241907,COMMONWEALTH OF PR DEPT OF EDUC - ITPR R,PR,00928-0000,Public       ,16,22,38,554,358,912
02241908,COMMONWEALTH OF PR DEPT OF EDUC - ITPR R,PR,00732-0000,Public       ,7,9,16,425,263,688
02241909,COMMONWEALTH OF PR DEPT OF EDUC - TROQUE,PR,00959-0000,Public       ,0,0,0,74,14,88
02241910,COMMONWEALTH OF PR DEPT OF EDUC - ITPR R,PR,00701-1091,Public       ,3,2,5,608,219,827
02260600,NATIONAL COLLEGE OF BUSINESS & TECH     ,PR,00960-2036,Proprietary  ,233,1072,1305,4278,10824,15102
02260800,HUERTAS COLLEGE                         ,PR,00726-0000,Proprietary  ,44,87,131,860,1017,1877
02282700,INTER AMERICAN UNIVERSITY OF PUERTO RICO,PR,00785-4004,Private      ,43,79,122,1283,1130,2413
02282800,INTER AMERICAN UNIVERSITY OF PUERTO RICO,PR,00738-7003,Private      ,42,54,96,1592,991,2583
02297700,AUTOMECA TECHNICAL COLLEGE              ,PR,00957-0000,Proprietary  ,115,121,236,1478,1016,2494
02303800,AMERICAN EDUCATIONAL COLLEGE            ,PR,00961-0000,Proprietary  ,78,82,160,544,680,1224
02335500,COLEGIO BIBLICO PENTECOSTAL DE PR       ,PR,00978-0000,Private      ,0,41,41,17,286,303
02340600,HUMACAO COMMUNITY COLLEGE               ,PR,00792-0000,Private      ,12,32,44,307,407,714
02343600,INSTITUTE OF BEAUTY CAREERS             ,PR,00613-0000,Proprietary  ,62,41,103,413,287,700
02460000,UNIVERSITY OF PUERTO RICO - MEDICAL SCIE,PR,00936-0000,Public       ,6,20,26,602,1446,2048
02482400,PONCE SCHOOL OF MEDICINE AND HEALTH SCIE,PR,00716-2347,Proprietary  ,0,5,5,50,872,922
02504500,INSTITUCION CHAVIANO DE MAYAGUEZ        ,PR,00708-0000,Proprietary  ,6,22,28,28,58,86
02505400,ATLANTIC COLLEGE                        ,PR,00970-0000,Private      ,38,33,71,1369,402,1771
02534900,PONCE PARAMEDICAL COLLEGE (POPAC)       ,PR,00731-0000,Proprietary  ,79,81,160,1391,1170,2561
02552300,COLEGIO MAYOR DE TECHNOLOGIA            ,PR,00714-0000,Proprietary  ,26,32,58,235,243,478
02562500,INTERNATIONAL TECHNICAL COLLEGE         ,PR,00918-0000,Proprietary  ,5,19,24,57,134,191
02569400,ESCUELA DE ARTES PLASTICAS              ,PR,00902-1112,Public       ,3,4,7,476,140,616
02570400,EDUCATIONAL TECHNICAL COLLEGE           ,PR,00925-3404,Proprietary  ,66,140,206,520,786,1306
02576100,ESCUELA TECNICA DE ELECTRICIDAD         ,PR,00731-0000,Proprietary  ,18,41,59,217,305,522
02587500,UNIVERSIDAD METROPOLITANA               ,PR,00928-0000,Private      ,235,764,999,7388,9732,17120
02588600,SEMINARIO EVANGELICO DE PUERTO RICO     ,PR,00925-0000,Private      ,1,4,5,3,73,76
02593700,HISPANIC AMERICAN COLLEGE               ,PR,00725-0000,Proprietary  ,25,52,77,219,281,500
03016000,UNIVERSITY OF PUERTO RICO CAROLINA REGIO,PR,00985-0000,Public       ,34,19,53,3580,622,4202
03021900,EDIC COLLEGE                            ,PR,00726-0000,Proprietary  ,81,150,231,1506,1556,3062
03025500,MECH TECH COLLEGE                       ,PR,00725-6118,Proprietary  ,181,240,421,2658,1735,4393
03025900,"LICEO DE ARTE, DISENOS Y COMERCIO       ",PR,00726-0000,Proprietary  ,25,38,63,240,392,632
03029700,"UNIVERSAL TECHNOLOGY CLG OF PR, INC     ",PR,00605-0000,Private      ,29,114,143,478,854,1332
03061900,COLEGIO TECHNOLOGICO Y COMERCIAL        ,PR,00602-0960,Proprietary  ,6,7,13,35,33,68
03068400,STAR BEAUTY ACADEMY                     ,PR,00961-6312,Proprietary  ,17,27,44,57,88,145
03070500,D'MART INSTITUTE                        ,PR,00794-3517,Proprietary  ,69,103,172,624,661,1285
03075600,EMMA'S BEAUTY ACADEMY                   ,PR,00795-0000,Proprietary  ,40,30,70,350,221,571
03085700,PROFESSIONAL TECHNICAL INSTITUTION      ,PR,00960-7061,Proprietary  ,27,37,64,255,333,588
03104400,PROFESSIONAL ELECTRIC SCHOOL            ,PR,00674-1797,Proprietary  ,2,3,5,43,41,84
03106900,ESCUELA DE PERITOS ELECTRICITAS         ,PR,00662-0457,Proprietary  ,1,3,4,45,50,95
03112100,JOHN DEWEY COLLEGE                      ,PR,00915-9538,Private      ,84,304,388,1216,2869,4085
03112101,JOHN DEWEY COLLEGE                      ,PR,00986-0000,Private      ,22,61,83,242,561,803
03112102,JOHN DEWEY COLLEGE-BAYAMON CAMPUS       ,PR,00959-0000,Private      ,3,37,40,91,262,353
03112105,JOHN DEWEY COLLEGE - FAJARDO BRANCH     ,PR,00738-0738,Private      ,7,33,40,146,345,491
03112106,JOHN DEWEY COLLEGE - ARROYO BRANCH      ,PR,00714-0714,Private      ,0,3,3,54,103,157
03112107,JOHN DEWEY COLLEGE - JUANA DIAZ BRANCH  ,PR,00795-0000,Private      ,18,35,53,164,239,403
03112108,JOHN DEWEY COLLEGE - HATILLO CAMPUS     ,PR,00659-0000,Private      ,1,1,2,56,114,170
03112109,JOHN DEWEY COLLEGE - MANATI             ,PR,00674-0000,Private      ,20,58,78,321,521,842
03112110,DEWEY UNIVERSITY - MAYAGUEZ             ,PR,00682-0000,Private      ,5,20,25,75,132,207
03115900,TRINITY COLLEGE OF PUERTO RICO          ,PR,00734-0000,Private      ,18,33,51,146,219,365
03122500,ACADEMIA SERRANT INC.                   ,PR,00717-1568,Proprietary  ,32,37,69,340,327,667
03123100,GLOBELLE TECHNICAL INSTITUTE            ,PR,00693-4218,Proprietary  ,0,0,0,37,49,86
03124200,NOVA COLLEGE DE PUERTO RICO             ,PR,00960-4016,Proprietary  ,42,50,92,174,307,481
03157600,"COLEGIO DE CINEMATOGRAFIA, ARTES Y TELEV",PR,00961-6345,Proprietary  ,50,39,89,733,402,1135
03177300,SAN JUAN BAUTISTA SCH OF MEDICINE       ,PR,00726-0000,Private      ,0,6,6,35,357,392
03336300,CENTURY COLLEGE                         ,PR,00603-0000,Proprietary  ,8,30,38,121,232,353
03414300,MONTECLARO                              ,PR,00745-9612,Private      ,0,1,1,20,18,38
03452300,INSTITUTO PRE-VOCACIONAL E INDUSTRI     ,PR,00613-1800,Private      ,24,56,80,82,214,296
03469300,IVAEM COLLEGE                           ,PR,00725-0000,Proprietary  ,7,17,24,94,96,190
03531300,UNIVERSIDAD PENTECOSTAL MIZPA           ,PR,00928-0966,Private      ,3,30,33,30,327,357
03544300,ATENAS COLLEGE                          ,PR,00674-0000,Private      ,22,35,57,1074,713,1787
03552300,LESTON COLLEGE                          ,PR,00961-6309,Proprietary  ,20,23,43,89,153,242
03608300,CARIBBEAN FORENSIC & TECHNICAL COLL     ,PR,00926-0000,Proprietary  ,2,6,8,34,68,102
03638300,ROSSLYN TRAINING ACADEMY OF COSMETOLOGY ,PR,00602-3225,Proprietary  ,2,6,8,20,40,60
03735400,"CHARLIES GUARD,DETECTIVE BUREAU&ACA     ",PR,00605-0000,Proprietary  ,4,6,10,34,57,91
03751300,ESCUELA HOTELERA DE SAN JUAN            ,PR,00917-0091,Proprietary  ,33,67,100,800,544,1344
03758300,BAYAMON COMMUNITY COLLEGE               ,PR,00960-0000,Proprietary  ,10,70,80,71,382,453
03781400,INDUSTRIAL TECHNICAL COLLEGE            ,PR,00792-0000,Proprietary  ,16,33,49,138,205,343
03785300,J.G. GUAYNABO TECHNICAL COLLEGE         ,PR,00960-0000,Proprietary  ,18,16,34,104,193,297
03800300,COLEGIO TECNICO DE ELECTRICIDAD GALLOSA ,PR,00602-0000,Proprietary  ,1,3,4,13,34,47
03800400,INSTITUTE OF BEAUTY OCCUPATIONS AND TECH,PR,00676-5071,Proprietary  ,29,47,76,120,194,314
03849300,AGUADILLA TECHNICAL COLLEGE             ,PR,00603-0000,Proprietary  ,6,10,16,63,94,157
03965400,MYRANGEL BEAUTY INSTITUTE               ,PR,00754-3917,Proprietary  ,6,21,27,117,184,301
04107300,CARIB TECHNOLOGICAL INSTITUTE           ,PR,00960-0000,Proprietary  ,0,0,0,4,3,7
04117200,INSTITUTO EDUCATIVO PREMIER             ,PR,00731-0000,Proprietary  ,35,66,101,261,347,608
04131600,LIBERTY TECHNICAL COLLEGE               ,PR,00737-1298,Proprietary  ,7,18,25,113,169,282
04164300,GLOBAL INSTITUTE                        ,PR,00725-6485,Proprietary  ,1,5,6,24,43,67
04176000,AMERICAN TECHNICAL INSTITUTE            ,PR,00957-0000,Proprietary  ,9,16,25,43,70,113
04240900,PPG TECHNICAL COLLEGE                   ,PR,00726-3164,Proprietary  ,9,15,24,179,139,318
04250900,INTER AMERICAN UNIVERSITY-SCHOOL OF LAW ,PR,00936-8351,Private      ,1,16,17,1,53,54
04251000,INTER AMERICAN UNIVERSITY-OPTOMETRY     ,PR,00957-6257,Private      ,3,5,8,9,14,23
04254200,INTER AMERICAN UNIVERSITY OF PUERTO RICO,PR,00683-9801,Private      ,59,127,186,108,200,308
00394600,UNIVERSITY OF THE VIRGIN ISLANDS        ,VI,00802-9990,Public       ,15,16,31,1380,795,2175
00394601,UNIV OF THE VIRGIN ISLANDS-ST CROIX     ,VI,00850-0000,Public       ,12,17,29,589,652,1241
00667700,MCGILL UNIVERSITY                       ,CN,00000-0000,Public       ,18,7,25,1504,367,1871
00667900,QUEEN'S UNIVERSITY AT KINGSTON          ,CN,00000-0000,Public       ,1,0,1,105,31,136
00668100,ST FRANCIS XAVIER UNIVERSITY            ,CN,00000-0000,Public       ,3,0,3,28,5,33
00668200,ST THOMAS UNIVERSITY                    ,CN,00000-0000,Public       ,0,0,0,24,9,33
00668300,UNIVERSITY OF GUELPH                    ,CN,00000-0000,Public       ,0,0,0,45,73,118
00668400,UNIVERSITY OF MANITOBA                  ,CN,00000-0000,Public       ,1,0,1,85,32,117
00668500,UNIVERSITY OF NEW BRUNSWICK (THE)       ,CN,00000-0000,Public       ,0,2,2,30,14,44
00668600,UNIVERSITY OF OTTAWA                    ,CN,00000-0000,Public       ,0,0,0,49,55,104
00668800,UNIVERSITY OF TORONTO                   ,CN,00000-0000,Public       ,9,6,15,467,345,812
00668900,UNIVERSITY OF WINDSOR                   ,CN,00000-0000,Public       ,1,1,2,23,36,59
00683700,UNIVERSITE LAVAL                        ,CN,00000-0000,Public       ,0,1,1,10,22,32
00683800,DALHOUSIE UNIVERSITY                    ,CN,00000-0000,Public       ,1,2,3,115,74,189
00685200,BISHOP'S UNIVERSITY                     ,CN,00000-0000,Private      ,0,0,0,50,11,61
00767900,YORK UNIVERSITY                         ,CN,00000-0000,Public       ,0,2,2,85,108,193
00787400,UNIVERSITY AT CALGARY (THE)             ,CN,00000-0000,Public       ,1,2,3,57,73,130
00814800,UNIVERSITY OF WINNIPEG                  ,CN,00000-0000,Public       ,0,0,0,18,14,32
00836300,MOUNT SAINT VINCENT UNIVERSITY          ,CN,00000-0000,Public       ,0,0,0,7,7,14
00836400,SAINT MARY'S UNIVERSITY                 ,CN,00000-0000,Public       ,0,1,1,23,14,37
00836500,CONCORDIA UNIVERSITY - SIR GEORGE W     ,CN,00000-0000,Public       ,2,3,5,330,160,490
00836600,UNIVERSITE DE MONTREAL                  ,CN,00000-0000,Public       ,0,4,4,23,75,98
00836800,CARLETON UNIVERSITY                     ,CN,00000-0000,Public       ,0,2,2,63,44,107
00836900,UNIVERSITY OF BRITISH COLUMBIA          ,CN,00000-0000,Public       ,11,7,18,918,409,1327
00837000,"SAFA, UNIVERSITY OF VICTORIA            ",CN,00000-0000,Public       ,3,4,7,185,92,277
00844400,SIMON FRASER UNIVERSITY                 ,CN,00000-0000,Public       ,3,2,5,145,89,234
00844600,UNIVERSITY OF WESTERN ONTARIO (THE)     ,CN,00000-0000,Public       ,2,1,3,50,64,114
00844900,ACADIA UNIVERSITY                       ,CN,00000-0000,Public       ,2,2,4,28,22,50
00858200,WILFRID LAURIER UNIVERSITY              ,CN,00000-0000,Public       ,1,0,1,17,16,33
00891300,LAKEHEAD UNIVERSITY                     ,CN,00000-0000,Public       ,1,0,1,4,7,11
00936700,UNIVERSITY OF PRINCE EDWARD ISLAND      ,CN,00000-0000,Public       ,0,0,0,18,95,113
00942100,BRANDON UNIVERSITY                      ,CN,00000-0000,Public       ,0,1,1,11,16,27
00948600,TRINITY WESTERN UNIVERSITY              ,CN,00000-0000,Private      ,3,0,3,131,49,180
00950000,MEMORIAL UNIVERSITY OF NEWFOUNDLAND     ,CN,00000-0000,Public       ,0,2,2,24,40,64
00950100,UNIVERSITY OF KING'S COLLEGE            ,CN,00000-0000,Public       ,0,0,0,21,5,26
00950300,MOUNT ALLISON UNIVERSITY                ,CN,00000-0000,Public       ,0,1,1,41,7,48
01022100,SAINT PAUL UNIVERSITY                   ,CN,00000-0000,Public       ,0,1,1,5,9,14
01045800,SHERIDAN COLLEGE OF APPLIED ARTS AN     ,CN,00000-0000,Public       ,0,1,1,60,25,85
01067500,REGENT COLLEGE                          ,CN,00000-0000,Private      ,0,0,0,4,59,63
01072000,RYERSON UNIVERSITY                      ,CN,00000-0000,Public       ,0,0,0,68,58,126
01172200,BRIERCREST BIBLE COLLEGE                ,CN,00000-0000,Private      ,0,0,0,8,3,11
01222800,HUMBER COLLEGE INSTITUTE OF TECHNOLOGY A,CN,00000-0000,Public       ,0,3,3,41,50,91
01227400,PROVIDENCE COLLEGE                      ,CN,00000-0000,Private      ,1,0,1,6,11,17
02102100,KINGSWOOD UNIVERSITY                    ,CN,00000-0000,Private      ,1,0,1,44,12,56
02116600,CANADIAN MEMORIAL CHIROPRACTIC COLL     ,CN,00000-0000,Private      ,0,1,1,0,5,5
02167000,PRAIRIE BIBLE INST                      ,CN,00000-0000,Private      ,0,2,2,17,5,22
02201100,COLUMBIA BIBLE COLLEGE                  ,CN,00000-0000,Private      ,0,0,0,10,12,22
02216400,TYNDALE COLLEGE & SEMINARY              ,CN,00000-0000,Private      ,0,0,0,8,14,22
02219200,UNIVERSITY OF SASKATCHEWAN              ,CN,00000-0000,Public       ,0,0,0,18,24,42
02324900,EMMANUEL BIBLE COLLEGE                  ,CN,00000-0000,Private      ,0,0,0,2,5,7
02338800,EMILY CARR UNIVERSITY OF ART AND DESIGN ,CN,00000-0000,Public       ,1,1,2,76,40,116
02577200,SALVATION ARMY WM & CATHERINE BOOTH     ,CN,00000-0000,Private      ,0,0,0,3,1,4
02593800,CONCORDIA UNIVERSITY COLLEGE            ,CN,00000-0000,Private      ,0,0,0,12,20,32
02611900,THE KING'S UNIVERSITY COLLEGE           ,CN,00000-0000,Private      ,0,0,0,6,10,16
03033800,UNIVERSITY COLLEGE OF CAPE BRETON       ,CN,00000-0000,Public       ,0,0,0,6,1,7
03078300,VANCOUVER SCHOOL OF THEOLOGY            ,CN,00000-0000,Private      ,0,0,0,1,5,6
03273300,CANADIAN COLLEGE OF NATUROPATHIC ME     ,CN,00000-0000,Private      ,0,0,0,7,46,53
03298300,ALBERTA COLLEGE OF ART & DESIGN         ,CN,00000-0000,Public       ,1,1,2,36,29,65
03332500,KWANTLEN UNIVERSITY COLLEGE             ,CN,00000-0000,Public       ,1,0,1,10,17,27
03335400,CANADIAN UNIVERSITY COLLEGE             ,CN,00000-0000,Private      ,2,1,3,36,18,54
03339300,ST. STEPHENS UNIVERSITY                 ,CN,00000-0000,Private      ,0,0,0,2,2,4
03348500,REDEEMER UNIVERSITY COLLEGE             ,CN,00000-0000,Private      ,0,0,0,7,8,15
03420300,HOLLAND COLLEGE                         ,CN,00000-0000,Public       ,1,1,2,12,5,17
03560400,NIAGARA COLLEGE-WELLAND CAMPUS          ,CN,00000-0000,Public       ,0,1,1,13,20,33
03613300,UNIV OF NORTHERN BRITISH COLUMBIA       ,CN,00000-0000,Public       ,1,0,1,13,12,25
03644400,CANADIAN MENNONITE UNIVERSITY           ,CN,00000-0000,Private      ,0,0,0,2,4,6
03846300,PACIFIC LIFE BIBLE COLLEGE              ,CN,00000-0000,Private      ,0,0,0,10,10,20
03847300,CRANDALL UNIVERSITY                     ,CN,00000-0000,Private      ,0,0,0,3,2,5
04075300,QUEST UNIVERSITY CANADA                 ,CN,00000-0000,Private      ,0,0,0,190,18,208
04123100,ATLANTIC SCHOOL OF THEOLOGY             ,CN,00000-0000,Public       ,0,0,0,2,9,11
04156700,AMBROSE UNIVERSITY COLLEGE              ,CN,00000-0000,Private      ,1,0,1,12,19,31
00814700,UNIVERSIDAD AUTONOMA DE GUADALAJARA     ,MX,00000-0000,Private      ,1,7,8,66,1140,1206
01041800,INST TEC Y DE ESTSUPER DE MONTERRE      ,MX,00000-0000,Private      ,3,4,7,74,66,140
01067600,UNIVERSIDAD DE MONTERREY                ,MX,00000-0000,Private      ,1,0,1,34,25,59
01302100,"UNIVERSIDAD DEL NORESTE, A.C.           ",MX,00000-0000,Private      ,0,1,1,8,17,25
02053300,CENTRO DE ESTUDIOS UNIVERSITARIOS D     ,MX,00000-0000,Private      ,0,2,2,23,58,81
03776500,"UNIVERSIDAD DE LA SALLE BAJIO, A.C.     ",MX,00000-0000,Private      ,0,1,1,9,81,90
04183900,CETYS UNIVERSIDAD                       ,MX,00000-0000,Private      ,1,5,6,131,103,234
01001000,AMERICAN SAMOA CMNTY COLLEGE            ,AS,96799-2609,Public       ,86,62,148,1047,402,1449
01034300,COLLEGE OF MICRONESIA - FSM             ,FM,96941-0159,Public       ,144,102,246,2058,1002,3060
01100900,PALAU COMMUNITY COLLEGE                 ,PW,96940-0009,Public       ,20,20,40,688,279,967
03022400,COLLEGE OF THE MARSHALL ISLANDS         ,MH,96960-1258,Public       ,106,59,165,811,368,1179
03033000,NORTHERN MARIANAS COLLEGE               ,MP,96950-0000,Public       ,31,23,54,888,444,1332
