OPE ID,School,State,Zip Code,School Type,20152016Qtr4_Dependent Students,20152016Qtr4_Independent Students,Quarterly Total,YTD_20152016Qtr4_Dependent Students,YTD_20152016Qtr4_Independent Students,Award Year To Date Total
00100200,ALABAMA AGRCLTL & MECHL UNIV            ,AL,35762-1357,Public       ,174,227,401,6559,3676,10235
00100300,FAULKNER UNIVERSITY                     ,AL,36109-3398,Private      ,102,336,438,2030,3928,5958
00100400,UNIVERSITY OF MONTEVALLO                ,AL,35115-6000,Public       ,98,107,205,2584,1325,3909
00100500,ALABAMA STATE UNIVERSITY                ,AL,36101-0000,Public       ,430,383,813,9160,5223,14383
00100700,CENTRAL ALABAMA COMMUNITY COLLEGE       ,AL,35011-0000,Public       ,74,183,257,1382,1509,2891
00100800,ATHENS STATE UNIVERSITY                 ,AL,35611-1999,Public       ,39,251,290,892,3099,3991
00100900,AUBURN UNIVERSITY                       ,AL,36849-5113,Public       ,848,498,1346,19862,6820,26682
00101200,BIRMINGHAM SOUTHERN COLLEGE             ,AL,35254-0002,Private      ,101,78,179,2314,709,3023
00101300,CALHOUN COMMUNITY COLLEGE               ,AL,35609-0000,Public       ,353,862,1215,5233,7051,12284
00101500,ENTERPRISE STATE COMMUNITY COLLEGE      ,AL,36331-1300,Public       ,76,131,207,1125,1250,2375
00101600,UNIVERSITY OF NORTH ALABAMA             ,AL,35632-0001,Public       ,291,246,537,5670,2891,8561
00101700,GADSDEN STATE COMMUNITY COLLEGE         ,AL,35903-2269,Public       ,192,597,789,3105,4748,7853
00101800,GEORGE C WALLACE COMMUNITY COLLEGE      ,AL,36303-0943,Public       ,135,475,610,2518,4000,6518
00101900,HUNTINGDON COLLEGE                      ,AL,36106-2148,Private      ,50,63,113,1574,761,2335
00102000,JACKSONVILLE STATE UNIVERSITY           ,AL,36265-1602,Public       ,261,443,704,6791,4894,11685
00102100,JEFFERSON DAVIS COMMUNITY COLLEGE       ,AL,36427-2790,Public       ,42,99,141,656,826,1482
00102200,JEFFERSON STATE COMMUNITY COLLEGE       ,AL,35215-3098,Public       ,352,934,1286,4989,7592,12581
00102300,JUDSON COLLEGE                          ,AL,36756-2504,Private      ,10,41,51,324,219,543
00102400,UNIVERSITY OF WEST ALABAMA              ,AL,35470-0000,Public       ,115,393,508,2635,3870,6505
00102600,MARION MILITARY INSTITUTE               ,AL,36756-3214,Public       ,24,7,31,608,84,692
00102800,MILES COLLEGE                           ,AL,35064-2697,Private      ,83,106,189,2738,1264,4002
00102900,UNIVERSITY OF MOBILE                    ,AL,36613-0000,Private      ,117,190,307,1915,1862,3777
00103000,BISHOP STATE COMMUNITY COLLEGE          ,AL,36603-5898,Public       ,207,551,758,2413,4354,6767
00103100,NORTHEAST ALABAMA STATE CMNTY COLG      ,AL,35986-0159,Public       ,106,195,301,1352,1545,2897
00103300,OAKWOOD COLLEGE                         ,AL,35896-0001,Private      ,45,106,151,1840,1035,2875
00103400,ALABAMA SOUTHERN COMMUNITY COLLEGE      ,AL,36460-5698,Public       ,82,111,193,1186,892,2078
00103600,SAMFORD UNIVERSITY                      ,AL,35229-7000,Private      ,167,260,427,3977,3084,7061
00103800,SNEAD STATE COMMUNITY COLLEGE           ,AL,35957-0734,Public       ,80,189,269,1784,1800,3584
00104000,SOUTHERN UNION STATE COMMUNITY CLG      ,AL,36276-0000,Public       ,186,328,514,3660,3153,6813
00104100,SPRING HILL COLLEGE                     ,AL,36608-1791,Private      ,103,94,197,2625,853,3478
00104400,STILLMAN COLLEGE                        ,AL,35403-0000,Private      ,70,81,151,1896,732,2628
00104600,TALLADEGA COLLEGE                       ,AL,35160-2354,Private      ,42,43,85,1262,525,1787
00104700,TROY UNIVERSITY                         ,AL,36082-0001,Public       ,487,1566,2053,9206,16489,25695
00105000,TUSKEGEE UNIVERSITY                     ,AL,36088-1645,Private      ,173,76,249,5365,1458,6823
00105100,UNIVERSITY OF ALABAMA (THE)             ,AL,35487-0120,Public       ,1193,857,2050,30110,10892,41002
00105200,UNIVERSITY OF ALABAMA AT BIRMINGHAM     ,AL,35294-1150,Public       ,594,1084,1678,11675,12726,24401
00105500,UNIVERSITY OF ALABAMA IN HUNTSVILLE     ,AL,35899-0001,Public       ,300,382,682,5670,4333,10003
00105700,UNIVERSITY OF SOUTH ALABAMA             ,AL,36688-0002,Public       ,556,849,1405,11365,10520,21885
00105900,LAWSON STATE COMMUNITY COLLEGE          ,AL,35221-1798,Public       ,139,456,595,2479,3492,5971
00105901,LAWSON STATE COMMUNITY COLLEGE - BESSEME,AL,35021-0308,Public       ,51,173,224,875,1412,2287
00106000,FAULKNER STATE COMMUNITY COLLEGE        ,AL,36507-2698,Public       ,312,440,752,3813,3636,7449
00526000,J.F. DRAKE STATE TECH COLLEGE           ,AL,35811-1584,Public       ,68,226,294,713,1828,2541
00569100,SHELTON STATE COMMUNITY CLG             ,AL,35405-4017,Public       ,228,415,643,3663,3604,7267
00569200,REID STATE TECHNICAL COLLEGE            ,AL,36401-0000,Public       ,21,92,113,267,651,918
00569700,NORTHWEST- SHOALS COMMUNITY COLLEGE     ,AL,35661-0000,Public       ,138,324,462,2258,2432,4690
00569900,GEORGE C WALLACE STATE CMTY COLLEGE     ,AL,36703-0000,Public       ,52,170,222,1120,1700,2820
00573300,BEVILL STATE CMTY COLLEGE-WALKER        ,AL,35148-0000,Public       ,157,370,527,2260,2858,5118
00573400,H. COUNCILL TRENHOLM STATE TECH COLLEGE ,AL,36108-0020,Public       ,103,237,340,894,1925,2819
00573401,H. C. TRENHOLM ST TECH COL-PATTERSON CAM,AL,36116-2612,Public       ,47,133,180,543,1113,1656
00787100,GEORGE C WALLACE STATE CMTY CLG         ,AL,35077-2000,Public       ,232,414,646,3884,3803,7687
00831000,AUBURN UNIVERSITY-MONTGOMERY            ,AL,36124-0000,Public       ,220,359,579,4935,4279,9214
00898800,LURLEEN B WALLACE COMMUNITY COLLEGE     ,AL,36420-0418,Public       ,68,132,200,1092,1152,2244
01055400,CONCORDIA COLLEGE                       ,AL,36701-3323,Private      ,33,40,73,846,466,1312
01218200,CHATTAHOOCHEE VALLEY CMTY CLG           ,AL,36869-7917,Public       ,85,229,314,1149,2065,3214
01303906,SOUTH UNIVERSITY - MONTGOMERY           ,AL,36116-1120,Proprietary  ,39,208,247,350,1492,1842
02170600,UNITED STATES SPORTS ACADEMY            ,AL,36526-7055,Private      ,4,89,93,31,650,681
02199700,HERITAGE CHRISTIAN UNIVERSITY           ,AL,35630-0000,Private      ,3,12,15,32,98,130
02270400,SOUTHEASTERN BIBLE COLLEGE              ,AL,35244-2083,Private      ,2,26,28,88,242,330
02285000,PAUL MITCHELL THE SCHOOL HUNTSVILLE     ,AL,35758-0000,Proprietary  ,10,19,29,83,175,258
02296000,PRINCE INSTITUTE OF PROFESSIONAL STUDIES,AL,36117-0000,Proprietary  ,1,11,12,17,111,128
02341000,FORTIS COLLEGE                          ,AL,36609-0000,Proprietary  ,74,347,421,659,2402,3061
02503400,AMRIDGE UNIVERSITY                      ,AL,36124-0000,Private      ,11,98,109,98,1072,1170
03010600,VIRGINIA COLLEGE                        ,AL,35209-5154,Proprietary  ,532,2898,3430,3882,20739,24621
03010602,VIRGINIA COLLEGE - HUNTSVILLE           ,AL,35801-5608,Proprietary  ,18,95,113,221,833,1054
03010607,VIRGINIA COLLEGE - MOBILE               ,AL,36608-1626,Proprietary  ,17,107,124,177,728,905
03010616,VIRGINIA COLLEGE - MONTGOMERY           ,AL,36117-2802,Proprietary  ,17,100,117,257,932,1189
03026516,REMINGTON COLLEGE - MOBILE              ,AL,36609-5593,Private      ,17,87,104,200,581,781
03032500,ALABAMA STATE CLG BARBER STYLING        ,AL,35215-0000,Proprietary  ,7,23,30,89,171,260
03361400,FORTIS COLLEGE                          ,AL,36535-0000,Proprietary  ,20,108,128,149,638,787
03459300,SOUTHEASTERN SCHOOL OF COSMETOLOGY      ,AL,35228-0000,Private      ,5,17,22,25,119,144
03709302,EDWARD VIA VIRGINIA COLLEGE OF OSTEOPATH,AL,36832-6330,Private      ,0,3,3,2,26,28
03783300,BLUE CLIFF CAREER COLLEGE               ,AL,63306-4749,Proprietary  ,8,56,64,78,306,384
03894300,HUNTSVILLE BIBLE COLLEGE                ,AL,35811-0000,Private      ,1,31,32,28,275,303
04066300,CARDIAC AND VASCULAR INSTITUTE OF ULTRAS,AL,36604-1411,Proprietary  ,5,33,38,62,257,319
04067300,SELMA UNIVERSITY                        ,AL,36701-0000,Private      ,11,34,45,226,448,674
04121500,COLUMBIA SOUTHERN UNIVERSITY            ,AL,36561-3815,Proprietary  ,80,2042,2122,633,17292,17925
04149200,XCELL ACADEMY-A PAUL MITCHELL PARTNER SC,AL,35216-4990,Proprietary  ,11,29,40,114,204,318
04187200,NEW BEGINNING COLLEGE OF COSMETOLOGY    ,AL,35950-2415,Proprietary  ,6,10,16,47,122,169
04187300,HAIR ACADEMY (THE)                      ,AL,36111-2201,Proprietary  ,1,13,14,43,120,163
04197500,UNIVERSITY ACADEMY OF HAIR DESIGN       ,AL,35476-3100,Proprietary  ,6,16,22,48,83,131
04211000,SALON PROFESSIONAL ACADEMY (THE)        ,AL,35816-1849,Proprietary  ,8,15,23,66,131,197
04217900,NUNATION SCHOOL OF COSMETOLOGY          ,AL,35064-2222,Proprietary  ,0,0,0,8,19,27
04226700,ALABAMA COLLEGE OF OSTEOPATHIC MEDICINE ,AL,36303-2251,Private      ,2,24,26,38,660,698
00111100,ALLAN HANCOCK COLLEGE                   ,CA,93454-6399,Public       ,308,661,969,4964,5575,10539
00111300,ANTELOPE VALLEY COLLEGE                 ,CA,93536-5426,Public       ,456,975,1431,7769,11286,19055
00111600,ART CENTER COLLEGE OF DESIGN            ,CA,91103-1999,Private      ,93,89,182,1916,1456,3372
00111700,AZUSA PACIFIC UNIVERSITY                ,CA,91702-7000,Private      ,275,925,1200,10218,9605,19823
00111800,BAKERSFIELD COLLEGE                     ,CA,93305-1299,Public       ,616,1334,1950,12290,12342,24632
00111900,BARSTOW COMMUNITY COLLEGE               ,CA,92311-6608,Public       ,119,434,553,1472,3997,5469
00112000,AMER BAPT SEM OF THE WEST-BERKELEY      ,CA,94704-0000,Private      ,1,9,10,9,79,88
00112200,BIOLA UNIVERSITY                        ,CA,90639-0001,Private      ,175,132,307,6065,2296,8361
00112300,BROOKS INSTITUTE                        ,CA,93103-1809,Proprietary  ,20,27,47,333,320,653
00112400,CABRILLO COLLEGE                        ,CA,95003-3194,Public       ,305,613,918,4977,5108,10085
00112500,CALIFORNIA BAPTIST UNIVERSITY           ,CA,92504-3297,Private      ,214,498,712,8067,7037,15104
00112700,CALIFORNIA COLLEGE OF THE ARTS          ,CA,94107-2206,Private      ,87,84,171,2259,1583,3842
00113100,CALIFORNIA INSTITUTE OF TECHNOLOGY      ,CA,91125-0001,Private      ,158,65,223,3914,697,4611
00113200,CALIFORNIA INSTITUTE OF THE ARTS        ,CA,91355-2397,Private      ,123,85,208,2802,1645,4447
00113300,CALIFORNIA LUTHERAN UNIVERSITY          ,CA,91360-2787,Private      ,137,120,257,5179,1792,6971
00113304,CALIFORNIA LUTHERAN UNIVERSITY - PACIFIC,CA,94708-1597,Private      ,1,1,2,3,46,49
00113400,CALIFORNIA MARITIME ACADEMY             ,CA,94590-8181,Public       ,33,24,57,1265,427,1692
00113700,CALIF STATE UNIV-FULLERTON              ,CA,92831-3599,Public       ,1164,1206,2370,54421,25180,79601
00113800,"CALIFORNIA STATE UNIVERSITY, EAST BAY   ",CA,94542-3000,Public       ,435,677,1112,18893,14068,32961
00113900,CALIF STATE UNIV-LONG BEACH             ,CA,90840-0006,Public       ,1491,1230,2721,62190,27393,89583
00114000,CALIF STATE UNIV-LOS ANGELES            ,CA,90032-4226,Public       ,840,1034,1874,41312,25009,66321
00114100,"CALIF STATE UNIV, DOMINGUEZ HILLS       ",CA,90747-0001,Public       ,343,679,1022,20246,16540,36786
00114200,CALIF STATE UNIV SAN BERNARDINO         ,CA,92407-2397,Public       ,480,644,1124,23786,15153,38939
00114300,CAL POLY STATE UNIVERSITY               ,CA,93407-0001,Public       ,834,207,1041,43948,5033,48981
00114400,CALIF STATE POLYTECHNIC UNIV POMONA     ,CA,91768-2500,Public       ,630,451,1081,40039,13412,53451
00114600,CALIF STATE UNIV - CHICO                ,CA,95929-0001,Public       ,584,407,991,26303,7744,34047
00114700,CALIF STATE UNIV - FRESNO               ,CA,93740-8026,Public       ,596,657,1253,30066,14034,44100
00114900,HUMBOLDT STATE UNIVERSITY               ,CA,95521-8299,Public       ,325,221,546,14902,5102,20004
00115000,CALIF STATE UNIV-SACRAMENTO             ,CA,95819-6044,Public       ,814,975,1789,36838,21332,58170
00115100,SAN DIEGO STATE UNIVERSITY              ,CA,92182-1690,Public       ,1564,1104,2668,63683,22279,85962
00115300,CALIF STATE UNIV-NORTHRIDGE             ,CA,91330-8307,Public       ,885,999,1884,49697,24869,74566
00115400,SAN FRANCISCO STATE UNIVERSITY          ,CA,94132-1740,Public       ,889,824,1713,41613,18446,60059
00115500,SAN JOSE STATE UNIVERSITY               ,CA,95192-0036,Public       ,734,792,1526,36190,17894,54084
00115600,SONOMA STATE UNIVERSITY                 ,CA,94928-3609,Public       ,327,234,561,14869,3992,18861
00115700,CALIF STATE UNIV-STANISLAUS             ,CA,95382-0299,Public       ,206,294,500,11462,6783,18245
00116100,CERRITOS COLLEGE                        ,CA,90650-6296,Public       ,567,1310,1877,17054,14549,31603
00116200,CHABOT COLLEGE                          ,CA,94545-2400,Public       ,299,703,1002,6472,7125,13597
00116300,CHAFFEY COLLEGE                         ,CA,91737-9400,Public       ,778,1518,2296,15663,16042,31705
00116400,CHAPMAN UNIVERSITY                      ,CA,92866-1099,Private      ,365,173,538,12566,4458,17024
00116500,CHURCH DIV SCH OF THE PACIFIC           ,CA,94709-0000,Private      ,1,3,4,2,77,79
00116600,CITRUS COLLEGE                          ,CA,91741-1899,Public       ,347,564,911,10057,7766,17823
00116900,CLAREMONT GRADUATE UNIVERSITY           ,CA,91711-0000,Private      ,4,77,81,32,1737,1769
00117000,CLAREMONT MCKENNA COLLEGE               ,CA,91711-6400,Private      ,88,22,110,3801,226,4027
00117100,HARVEY MUDD COLLEGE                     ,CA,91711-5990,Private      ,58,8,66,2801,102,2903
00117200,PITZER COLLEGE                          ,CA,91711-6101,Private      ,54,15,69,2658,204,2862
00117300,POMONA COLLEGE                          ,CA,91711-6301,Private      ,111,19,130,4771,302,5073
00117400,SCRIPPS COLLEGE                         ,CA,91711-3948,Private      ,47,8,55,2004,142,2146
00117600,WEST HILLS COMMUNITY COLLEGE            ,CA,93210-1399,Public       ,64,153,217,1558,1392,2950
00117700,COGSWELL POLYTECHNICAL COLLEGE          ,CA,94089-1210,Proprietary  ,30,10,40,612,239,851
00117800,COLLEGE OF MARIN                        ,CA,94904-2590,Public       ,54,166,220,1128,1783,2911
00117801,COLG OF MARIN-INDIAN VALLEY CMPS        ,CA,94949-0000,Public       ,10,56,66,342,606,948
00117900,NOTRE DAME DE NAMUR UNIVERSITY          ,CA,94002-1997,Private      ,47,85,132,1515,1263,2778
00118100,COLLEGE OF SAN MATEO                    ,CA,94402-3784,Public       ,131,285,416,3547,2848,6395
00118200,COLLEGE OF THE DESERT                   ,CA,92260-9305,Public       ,267,573,840,6529,6863,13392
00118300,HOLY NAMES UNIVERSITY                   ,CA,94619-1699,Private      ,19,54,73,932,884,1816
00118500,COLLEGE OF THE REDWOODS                 ,CA,95501-9300,Public       ,131,481,612,2598,3780,6378
00118600,COLLEGE OF THE SEQUOIAS                 ,CA,93277-2234,Public       ,392,961,1353,7372,7308,14680
00118700,COLLEGE OF THE SISKIYOUS                ,CA,96094-2899,Public       ,53,115,168,991,1066,2057
00118701,COLLEGE OF THE SISKIYOUS - YREKA CENTER ,CA,96097-9538,Public       ,14,38,52,135,338,473
00119000,CONTRA COSTA COLLEGE                    ,CA,94806-3195,Public       ,118,360,478,2473,3522,5995
00119100,DIABLO VALLEY COLLEGE                   ,CA,94523-1544,Public       ,316,653,969,6742,6349,13091
00119200,CUESTA COLLEGE                          ,CA,93403-8106,Public       ,228,517,745,4472,4108,8580
00119300,CYPRESS COLLEGE                         ,CA,90630-5897,Public       ,396,864,1260,11627,9410,21037
00119600,DOMINICAN UNIVERSITY OF CALIFORNIA      ,CA,94901-2298,Private      ,69,66,135,2562,1183,3745
00119700,EL CAMINO COLLEGE                       ,CA,90506-0002,Public       ,562,1126,1688,16052,13515,29567
00119701,COMPTON COMMUNITY COLLEGE               ,CA,90221-5393,Public       ,163,492,655,3840,5770,9610
00119900,FOOTHILL COLLEGE                        ,CA,94022-4597,Public       ,190,415,605,4317,4869,9186
00120000,FULLER THEOLOGICAL SEMINARY             ,CA,91182-0000,Private      ,0,138,138,15,2200,2215
00120100,FULLERTON COLLEGE                       ,CA,92832-2095,Public       ,537,977,1514,15956,10650,26606
00120200,GAVILAN COLLEGE                         ,CA,95020-9599,Public       ,89,185,274,2132,2150,4282
00120300,GLENDALE COMMUNITY COLLEGE              ,CA,91208-2894,Public       ,306,718,1024,9990,9513,19503
00120500,GOLDEN GATE UNIVERSITY                  ,CA,94105-2967,Private      ,16,184,200,254,2608,2862
00120600,GOLDEN WEST COLLEGE                     ,CA,92647-2748,Public       ,360,712,1072,9577,7982,17559
00120700,GRADUATE THEOLOGICAL UNION              ,CA,94709-0000,Private      ,0,8,8,1,238,239
00120800,GROSSMONT COLLEGE                       ,CA,92020-1799,Public       ,536,1253,1789,10292,11868,22160
00120900,HARTNELL COMMUNITY COLLEGE              ,CA,93901-1697,Public       ,211,397,608,4692,3637,8329
00121200,HUMPHREYS COLLEGE                       ,CA,95207-3896,Private      ,18,75,93,288,997,1285
00121400,IMPERIAL VALLEY COLLEGE                 ,CA,92251-9787,Public       ,178,421,599,5050,4232,9282
00121500,LA SIERRA UNIVERSITY                    ,CA,92515-3332,Private      ,73,107,180,3669,1556,5225
00121600,UNIVERSITY OF LA VERNE                  ,CA,91750-4443,Private      ,164,470,634,6216,7132,13348
00121700,LASSEN COLLEGE                          ,CA,96130-3000,Public       ,28,79,107,554,579,1133
00121800,LOMA LINDA UNIVERSITY                   ,CA,92350-0001,Private      ,46,194,240,1276,5752,7028
00121900,LONG BEACH CITY COLLEGE                 ,CA,90808-1780,Public       ,584,1254,1838,18637,16533,35170
00122000,MASTER'S COLLEGE & SEMINARY (THE)       ,CA,91321-1200,Private      ,33,53,86,1336,500,1836
00122300,LOS ANGELES CITY COLLEGE                ,CA,90029-3588,Public       ,449,1368,1817,10416,17176,27592
00122400,LOS ANGELES HARBOR COLLEGE              ,CA,90744-2397,Public       ,234,469,703,4702,5685,10387
00122600,LOS ANGELES PIERCE COLLEGE              ,CA,91371-0001,Public       ,494,1020,1514,13095,12797,25892
00122700,LOS ANGELES TRADE TECH COLLEGE          ,CA,90015-4181,Public       ,433,1541,1974,7432,15113,22545
00122800,LOS ANGELES VALLEY COLLEGE              ,CA,91401-4096,Public       ,424,1032,1456,9464,12085,21549
00122900,SO CA UNIV  HEALTH SCIENCES             ,CA,90604-4051,Private      ,2,52,54,51,779,830
00123000,MARSHALL B. KETCHUM UNIVERSITY          ,CA,92831-1699,Private      ,1,18,19,13,633,646
00123200,AMERICAN RIVER COLLEGE                  ,CA,95841-4286,Public       ,693,2316,3009,14706,22303,37009
00123300,SACRAMENTO CITY COLLEGE                 ,CA,95822-1386,Public       ,565,1607,2172,14545,17315,31860
00123600,MENLO COLLEGE                           ,CA,94027-4301,Private      ,29,11,40,1179,192,1371
00123700,MERCED COMMUNITY COLLEGE                ,CA,95348-2898,Public       ,306,647,953,6827,6289,13116
00123800,MILLS COLLEGE                           ,CA,94613-1301,Private      ,28,95,123,1444,1725,3169
00123900,MIRACOSTA COLLEGE                       ,CA,92056-3899,Public       ,389,1037,1426,6036,8826,14862
00124000,MODESTO JUNIOR COLLEGE                  ,CA,95350-5800,Public       ,540,1305,1845,10851,12612,23463
00124200,MONTEREY PENINSULA COLLEGE              ,CA,93940-4799,Public       ,167,325,492,3339,3190,6529
00124300,MOUNT ST MARYS COLLEGE                  ,CA,90049-1599,Private      ,55,208,263,3644,2838,6482
00124500,MT. SAN ANTONIO COLLEGE                 ,CA,91789-1399,Public       ,597,1116,1713,20672,16712,37384
00124600,MT SAN JACINTO COLLEGE                  ,CA,92583-2399,Public       ,584,1472,2056,10192,13611,23803
00124700,NAPA VALLEY COLLEGE                     ,CA,94558-6236,Public       ,133,299,432,3113,2945,6058
00124900,OCCIDENTAL COLLEGE                      ,CA,90041-3314,Private      ,108,30,138,4962,370,5332
00125000,ORANGE COAST COLLEGE - FIN AID OFF      ,CA,92628-5005,Public       ,614,1178,1792,14405,11629,26034
00125100,OTIS COLLEGE OF ART AND DESIGN          ,CA,90045-3505,Private      ,73,57,130,1921,821,2742
00125200,HOPE INTERNATIONAL UNIVERSITY           ,CA,92631-0000,Private      ,35,88,123,956,1041,1997
00125300,FRESNO PACIFIC UNIVERSITY               ,CA,93702-4798,Private      ,89,355,444,2512,4438,6950
00125500,PACIFIC OAKS COLLEGE                    ,CA,91103-3606,Private      ,5,175,180,64,1692,1756
00125600,PACIFIC SCHOOL OF RELIGION              ,CA,94709-0000,Private      ,0,5,5,1,170,171
00125800,PACIFIC UNION COLLEGE                   ,CA,94508-9797,Private      ,44,38,82,1994,571,2565
00125900,PALO VERDE COLLEGE                      ,CA,92225-0000,Public       ,15,66,81,288,538,826
00126000,PALOMAR COLLEGE                         ,CA,92069-1486,Public       ,555,1218,1773,10828,10795,21623
00126100,PASADENA CITY COLLEGE                   ,CA,91106-2003,Public       ,761,1296,2057,19370,14578,33948
00126200,POINT LOMA NAZARENE UNIVERSITY          ,CA,92106-2899,Private      ,161,201,362,4472,1933,6405
00126600,LANEY COLLEGE                           ,CA,94607-4893,Public       ,187,793,980,4238,8440,12678
00126700,MERRITT COLLEGE                         ,CA,94619-3196,Public       ,112,496,608,2673,5413,8086
00126800,PORTERVILLE COLLEGE                     ,CA,93257-6059,Public       ,98,249,347,2410,2362,4772
00126900,RIO HONDO COLLEGE                       ,CA,90601-1699,Public       ,430,735,1165,12328,9397,21725
00127000,RIVERSIDE CITY COLLEGE                  ,CA,92506-1299,Public       ,676,1446,2122,19993,18297,38290
00127200,SAN BERNARDINO VALLEY COLLEGE           ,CA,92410-2798,Public       ,490,1346,1836,10374,14837,25211
00127300,SAN DIEGO CITY COLLEGE                  ,CA,92101-4787,Public       ,666,2013,2679,11990,17747,29737
00127500,SAN DIEGO MESA COLLEGE                  ,CA,92111-4996,Public       ,825,1742,2567,13185,16082,29267
00127800,SAN FRANCISCO CONSERVATORY OF MUSIC     ,CA,94122-4498,Private      ,24,19,43,306,374,680
00127900,SAN FRANCISCO THEOLOGICAL SEMINARY      ,CA,94960-0000,Private      ,1,4,5,11,71,82
00128000,SAN JOAQUIN DELTA COLLEGE               ,CA,95207-6370,Public       ,491,1397,1888,10390,11883,22273
00128100,WILLIAM JESSUP UNIVERSITY               ,CA,95765-3707,Private      ,34,66,100,1308,749,2057
00128200,SAN JOSE CITY COLLEGE                   ,CA,95128-2797,Public       ,229,546,775,5077,6573,11650
00128400,SANTA ANA COLLEGE                       ,CA,92706-3398,Public       ,269,739,1008,9637,8575,18212
00128500,SANTA BARBARA CITY COLLEGE              ,CA,93109-2394,Public       ,358,621,979,9541,6383,15924
00128600,SANTA MONICA COLLEGE                    ,CA,90405-1644,Public       ,724,1250,1974,20371,13862,34233
00128700,SANTA ROSA JUNIOR COLLEGE               ,CA,95401-4395,Public       ,326,772,1098,6534,7098,13632
00128800,CLAREMONT SCHOOL OF THEOLOGY            ,CA,91711-0000,Private      ,0,26,26,8,308,316
00128900,SHASTA COLLEGE                          ,CA,96049-7692,Public       ,204,689,893,3770,5541,9311
00129000,SIERRA COLLEGE                          ,CA,95677-3397,Public       ,549,1141,1690,9107,10212,19319
00129100,SIMPSON UNIVERSITY                      ,CA,96003-8606,Private      ,34,87,121,1207,1180,2387
00129200,SOLANO COMMUNITY COLLEGE                ,CA,94534-3197,Public       ,240,619,859,4026,5828,9854
00129300,VANGUARD UNIVERSITY OF SOUTHERN CA      ,CA,92626-6597,Private      ,44,80,124,2291,1204,3495
00129400,SOUTHWESTERN COLLEGE                    ,CA,91910-7299,Public       ,460,903,1363,10823,9553,20376
00129500,SOUTHWESTERN LAW SCHOOL                 ,CA,90010-1106,Private      ,3,30,33,64,2047,2111
00129600,DOMINICAN SCH PHILOSOPHY & THEOLOGY     ,CA,94709-0000,Private      ,0,1,1,4,35,39
00129900,ST JOHN'S SEMINARY COLLEGE              ,CA,93010-0000,Private      ,0,0,0,3,8,11
00130200,SAINT MARY'S COLLEGE OF CALIFORNIA      ,CA,94556-2744,Private      ,115,123,238,5128,1607,6735
00130500,STANFORD UNIVERSITY                     ,CA,94305-6106,Private      ,945,231,1176,27209,3350,30559
00130501,STANFORD UNIVERSITY - SCHOOL OF MEDICINE,CA,94305-5404,Private      ,29,47,76,269,903,1172
00130502,STANFORD UNIVERSITY - GRADUATE SCHOOL OF,CA,94305-7298,Private      ,7,141,148,95,2396,2491
00130503,STANFORD UNIVERSITY - STANFORD LAW SCHOO,CA,94305-8610,Private      ,18,48,66,193,2110,2303
00130700,FRESNO CITY COLLEGE                     ,CA,93741-0002,Public       ,752,2024,2776,17206,18771,35977
00130800,REEDLEY COLLEGE                         ,CA,93654-2099,Public       ,386,721,1107,7978,6279,14257
00130900,TAFT COLLEGE                            ,CA,93268-2317,Public       ,113,211,324,2023,2025,4048
00131200,"UNIVERSITY OF CALIFORNIA, BERKELEY      ",CA,94720-1520,Public       ,1346,837,2183,63418,19595,83013
00131300,UNIVERSITY OF CALIFORNIA-DAVIS          ,CA,95616-8558,Public       ,968,464,1432,59164,15644,74808
00131400,UNIVERSITY OF CALIFORNIA-IRVINE         ,CA,92697-2825,Public       ,1002,585,1587,66395,14852,81247
00131500,UNIVERSITY OF CALIFORNIA (UCLA)         ,CA,90095-9000,Public       ,1847,1325,3172,80777,27020,107797
00131502,UNIV OF CALIFORNIA LOS ANG SCH MED      ,CA,90095-0000,Public       ,23,25,48,274,1064,1338
00131503,UNIV OF CALIFORNIA LOS ANG DENTAL       ,CA,90095-0000,Public       ,6,14,20,117,210,327
00131600,UNIVERSITY OF CALIFORNIA-RIVERSIDE      ,CA,92521-0209,Public       ,638,505,1143,44706,10573,55279
00131700,UNIVERSITY OF CALIFORNIA-SAN DIEGO      ,CA,92093-0013,Public       ,1045,515,1560,59225,11564,70789
00131900,UNIVERSITY OF CALIFORNIA-SFRANCISCO     ,CA,94143-0246,Public       ,117,174,291,1670,4475,6145
00132000,UNIVERSITY OF CALIFORNIA-SANTA BARB     ,CA,93106-3180,Public       ,990,305,1295,57500,7681,65181
00132100,UNIVERSITY OF CALIFORNIA-SANTA CRUZ     ,CA,95064-0001,Public       ,679,270,949,41401,5809,47210
00132200,UNIVERSITY OF REDLANDS                  ,CA,92373-0999,Private      ,135,365,500,5630,3636,9266
00132500,UNIVERSITY OF SAN FRANCISCO             ,CA,94117-1080,Private      ,352,429,781,13124,7820,20944
00132600,SANTA CLARA UNIVERSITY                  ,CA,95053-4956,Private      ,317,110,427,11044,3090,14134
00132604,JESUIT SCHOOL OF THEOLOGY - BERKELEY    ,CA,94709-1193,Private      ,0,0,0,1,56,57
00132800,UNIVERSITY OF SOUTHERN CALIFORNIA       ,CA,90089-0914,Private      ,1344,1511,2855,44510,29319,73829
00132900,UNIVERSITY OF THE PACIFIC               ,CA,95211-0197,Private      ,159,140,299,9253,3395,12648
00132901,UNIVERSITY OF THE PACIFIC - MCGEORGE SCH,CA,95817-2799,Private      ,8,39,47,172,1179,1351
00132902,UNIVERSITY OF THE PACIFIC - DENTAL SCHOO,CA,94103-2919,Private      ,6,14,20,61,639,700
00133400,VENTURA COLLEGE                         ,CA,93003-3899,Public       ,306,640,946,6843,5935,12778
00133500,VICTOR VALLEY COLLEGE                   ,CA,92395-5849,Public       ,406,1050,1456,7775,10746,18521
00133800,WEST VALLEY COLLEGE                     ,CA,95070-5697,Public       ,111,201,312,2936,2740,5676
00134100,WESTMONT COLLEGE                        ,CA,93108-1099,Private      ,79,19,98,2582,159,2741
00134200,WHITTIER COLLEGE                        ,CA,90601-0000,Private      ,87,41,128,4208,626,4834
00134201,WHITTIER COLLEGE - COLLEGE OF LAW       ,CA,92626-1501,Private      ,2,16,18,35,1043,1078
00134300,WOODBURY UNIVERSITY                     ,CA,91510-7846,Private      ,37,35,72,1254,851,2105
00134400,YUBA COLLEGE                            ,CA,95901-7699,Public       ,190,615,805,3849,5071,8920
00177212,TRINITY INTERNATIONAL UNIV-CA           ,CA,92705-0000,Private      ,1,18,19,6,304,310
00188100,ASHFORD UNIVERSITY                      ,CA,92123-1406,Proprietary  ,409,10517,10926,2108,81001,83109
00274100,AMERICAN JEWISH UNIVERSITY              ,CA,90077-1599,Private      ,3,4,7,77,149,226
00301002,ANTIOCH UNIV/LOS ANGELES                ,CA,90230-7615,Private      ,3,86,89,58,1074,1132
00301003,ANTIOCH  UNIV/SANTA BARBARA             ,CA,93101-0000,Private      ,26,28,54,666,604,1270
00369110,MIDDLEBURY COLLEGE - MONTEREY INSTITUTE ,CA,93940-2691,Private      ,1,71,72,38,873,911
00394700,UC-HASTINGS COLLEGE OF THE LAW          ,CA,94102-0000,Public       ,2,30,32,37,2541,2578
00394800,SAN FRANCISCO ART INSTITUTE             ,CA,94133-2299,Private      ,84,86,170,1468,1034,2502
00408000,STARR KING SCHOOL FOR THE MINISTRY      ,CA,94709-1299,Private      ,0,11,11,1,87,88
00448000,DE ANZA COLLEGE                         ,CA,95014-5793,Public       ,488,664,1152,10246,7573,17819
00448100,OHLONE COLLEGE                          ,CA,94539-5847,Public       ,190,318,508,3794,3347,7141
00448400,JOHN F. KENNEDY UNIVERSITY              ,CA,94523-4817,Private      ,2,116,118,39,1291,1330
00449400,EVEREST COLLEGE                         ,CA,92408-3752,Proprietary  ,2,13,15,246,395,641
00449401,EVEREST COLLEGE - SANTA ANA             ,CA,92701-4559,Proprietary  ,1,3,4,145,245,390
00449402,EVEREST COLLEGE - ONTARIO               ,CA,91761-8525,Proprietary  ,0,2,2,150,450,600
00450200,CITY COLLEGE OF SAN FRANCISCO           ,CA,94112-0000,Public       ,325,1369,1694,8063,12722,20785
00563800,DOWNEY ADULT SCHOOL                     ,CA,90241-5610,Public       ,28,103,131,305,875,1180
00565500,HACIENDA LA PUENTE ADULT EDUC CTR       ,CA,91746-0000,Public       ,18,89,107,250,654,904
00616500,LA CNTY CLG OF NURSING & ALLD HLTH      ,CA,90033-1018,Public       ,9,62,71,196,648,844
00672000,COLLEGE OF ALAMEDA                      ,CA,94501-2109,Public       ,103,345,448,2710,4021,6731
00673100,CASA LOMA COLLEGE                       ,CA,91405-4523,Private      ,17,43,60,163,552,715
00697300,CANADA COLLEGE                          ,CA,94061-1099,Public       ,62,187,249,1464,2038,3502
00697500,LINCOLN UNIVERSITY                      ,CA,94612-2801,Private      ,9,24,33,49,159,208
00701200,SAMUEL MERRITT COLLEGE                  ,CA,94609-3108,Private      ,16,199,215,395,2743,3138
00704700,LOS ANGELES SOUTHWEST COLLEGE           ,CA,90047-4810,Public       ,163,707,870,3745,8229,11974
00705000,BELLUS ACADEMY                          ,CA,91950-3616,Proprietary  ,9,48,57,135,217,352
00711500,MOORPARK COLLEGE                        ,CA,93021-1695,Public       ,355,495,850,6531,4837,11368
00713000,NEWBERRY SCHOOLS OF BEAUTY              ,CA,91344-7404,Proprietary  ,8,17,25,71,115,186
00714200,LYLE'S COLLEGE OF BEAUTY                ,CA,93710-3948,Proprietary  ,4,28,32,93,175,268
00716400,BRYAN COLLEGE                           ,CA,90057-0000,Proprietary  ,34,497,531,227,2644,2871
00718700,NORTH ADRIAN'S COLLEGE OF BEAUTY        ,CA,95350-2381,Proprietary  ,8,41,49,108,208,316
00719000,WYOTECH                                 ,CA,94539-7663,Proprietary  ,0,6,6,144,172,316
00720300,SALON SUCCESS ACADEMY                   ,CA,91786-4060,Proprietary  ,12,29,41,91,150,241
00720400,MODERN BEAUTY ACADEMY                   ,CA,93030-7016,Proprietary  ,5,13,18,41,78,119
00720900,REDONDO BEACH BEAUTY COLLEGE            ,CA,90278-3111,Proprietary  ,1,7,8,17,49,66
00723400,HEALD COLLEGE                           ,CA,94105-2206,Proprietary  ,0,4,4,206,519,725
00723404,HEALD COLLEGE - CONCORD                 ,CA,94520-0000,Proprietary  ,1,5,6,351,822,1173
00723405,HEALD COLLEGE - MILPITAS                ,CA,95035-8008,Proprietary  ,0,2,2,321,783,1104
00723406,HEALD COLLEGE - HAYWARD                 ,CA,94545-2352,Proprietary  ,0,6,6,374,694,1068
00723407,HEALD COLLEGE - MODESTO                 ,CA,95368-9095,Proprietary  ,0,3,3,415,571,986
00723408,HEALD COLLEGE - ROSEVILLE               ,CA,95678-5303,Proprietary  ,0,3,3,293,792,1085
00723409,HEALD COLLEGE - SALINAS                 ,CA,93906-5100,Proprietary  ,0,3,3,306,463,769
00723410,HEALD COLLEGE - STOCKTON                ,CA,95210-5667,Proprietary  ,1,8,9,495,901,1396
00723411,HEALD COLLEGE - RANCHO CORDOVA          ,CA,95670-6005,Proprietary  ,0,2,2,208,655,863
00723412,HEALD COLLEGE - FRESNO                  ,CA,93704-1706,Proprietary  ,1,8,9,661,1117,1778
00725300,FEDERICO BEAUTY INSTITUTE               ,CA,95834-1905,Proprietary  ,25,80,105,273,452,725
00729600,COLEMAN COLLEGE                         ,CA,92123-0000,Private      ,16,102,118,182,620,802
00732909,ITT TECHNICAL INSTITUTE                 ,CA,92868-3506,Proprietary  ,80,321,401,499,2003,2502
00732971,ITT TECHNICAL INSTITUTE                 ,CA,95670-6047,Proprietary  ,34,241,275,349,1744,2093
00732976,ITT TECHNICAL INSTITUTE                 ,CA,92408-3519,Proprietary  ,73,357,430,829,2581,3410
00732981,ITT TECHNICAL INSTITUTE                 ,CA,92123-2662,Proprietary  ,56,312,368,620,2451,3071
00732985,ITT TECHNICAL INSTITUTE                 ,CA,91773-2933,Proprietary  ,25,113,138,314,1361,1675
00732989,ITT TECHNICAL INSTITUTE                 ,CA,90502-1356,Proprietary  ,56,236,292,356,1659,2015
00732994,ITT TECHNICAL INSTITUTE                 ,CA,91342-3664,Proprietary  ,55,193,248,402,1455,1857
00746901,HUSSIAN SCHOOL OF ART-RELATIVITY CAMPUS ,CA,90017-2019,Proprietary  ,2,9,11,122,31,153
00747600,MARINELLO SCHOOLS OF BEAUTY             ,CA,90023-2666,Proprietary  ,25,58,83,263,455,718
00747602,MARINELLO SCHOOLS OF BEAUTY - SPA ACADEM,CA,90048-5101,Proprietary  ,11,21,32,100,198,298
00747603,MARINELLO SCHOOLS OF BEAUTY - INGLEWOOD ,CA,90301-2306,Proprietary  ,8,17,25,114,209,323
00747604,MARINELLO SCHOOLS OF BEAUTY - RESEDA    ,CA,91335-4218,Proprietary  ,4,6,10,48,62,110
00747606,MARINELLO SCHOOLS OF BEAUTY - WEST COVIN,CA,91790-2805,Proprietary  ,4,12,16,77,131,208
00747607,MARINELLO SCHOOLS OF BEAUTY - SAN BERNAR,CA,92410-3261,Proprietary  ,6,40,46,184,339,523
00747608,MARINELLO SCHOOLS OF BEAUTY - ONTARIO   ,CA,91762-2113,Proprietary  ,8,43,51,135,270,405
00747609,MARINELLO SCHOOLS OF BEAUTY - WHITTIER  ,CA,90601-4107,Proprietary  ,3,4,7,89,130,219
00747610,MARINELLO SCHOOLS OF BEAUTY - LOMITA    ,CA,90717-1460,Proprietary  ,2,17,19,47,127,174
00747611,MARINELLO SCHOOLS OF BEAUTY - SAN DIEGO ,CA,92126-4217,Proprietary  ,12,55,67,184,368,552
00747612,MARINELLO SCHOOLS OF BEAUTY - EL CAJON  ,CA,92020-2503,Proprietary  ,11,33,44,90,205,295
00747613,MARINELLO SCHOOLS OF BEAUTY - VICTORVILL,CA,92392-5496,Proprietary  ,11,55,66,136,315,451
00747614,MARINELLO SCHOOLS OF BEAUTY - ANAHEIM   ,CA,92801-4622,Proprietary  ,13,27,40,135,176,311
00747615,MARINELLO SCHOOLS OF BEAUTY - SIMI VALLE,CA,93065-2801,Proprietary  ,2,5,7,25,35,60
00753100,ACADEMY OF ART UNIVERSITY               ,CA,94105-3410,Proprietary  ,463,872,1335,6156,9641,15797
00753600,COSUMNES RIVER COLLEGE                  ,CA,95823-5799,Public       ,422,1091,1513,9656,11046,20702
00754802,WESTWOOD COLLEGE OF TECHNOLOGY          ,CA,92801-0000,Proprietary  ,15,24,39,379,464,843
00754803,WESTWOOD COLLEGE OF TECHNOLOGY          ,CA,91786-0000,Proprietary  ,11,39,50,526,663,1189
00760700,CONCORDE CAREER INSTITUTE               ,CA,91606-3134,Proprietary  ,41,93,134,345,678,1023
00770700,COLUMBIA COLLEGE                        ,CA,95370-8580,Public       ,76,195,271,1238,1507,2745
00771300,SKYLINE COLLEGE                         ,CA,94066-1698,Public       ,155,327,482,3849,3522,7371
00793000,CONCORDE CAREER INSTITUTE               ,CA,92108-0000,Proprietary  ,34,130,164,274,938,1212
00799300,CALIF STATE UNIV BAKERSFIELD            ,CA,93311-1022,Public       ,291,412,703,12402,7633,20035
00807100,CONCORDE CAREER INSTITUTE               ,CA,92840-9201,Proprietary  ,25,109,134,223,723,946
00807300,BUTTE COMMUNITY COLLEGE                 ,CA,95965-0000,Public       ,340,905,1245,7246,7920,15166
00809000,EVEREST COLLEGE                         ,CA,91803-1310,Proprietary  ,0,1,1,90,141,231
00853700,CONCORDE CAREER INSTITUTE               ,CA,92401-0000,Proprietary  ,38,136,174,391,899,1290
00859600,WEST LOS ANGELES COLLEGE                ,CA,90230-3500,Public       ,247,762,1009,5371,8609,13980
00859700,FEATHER RIVER COLLEGE                   ,CA,95971-9124,Public       ,44,57,101,726,488,1214
00884400,CALIFORNIA CHRISTIAN COLLEGE            ,CA,93703-3599,Private      ,2,17,19,79,141,220
00884600,WRIGHT INSTITUTE                        ,CA,94704-0000,Private      ,0,14,14,3,519,522
00890300,COLLEGE OF THE CANYONS                  ,CA,91355-1899,Public       ,273,546,819,9061,6917,15978
00891800,SADDLEBACK COLLEGE                      ,CA,92692-3699,Public       ,405,812,1217,6383,7620,14003
00902200,ASSOCIATED TECHNICAL COLLEGE            ,CA,90017-0000,Proprietary  ,21,116,137,143,454,597
00903200,EMPIRE COLLEGE                          ,CA,95403-2122,Proprietary  ,20,68,88,143,486,629
00927200,CRAFTON HILLS COLLEGE                   ,CA,92399-1799,Public       ,204,432,636,4353,4576,8929
00950900,SKILLS & BUSINESS EDUCATION CENTER      ,CA,95824-1529,Public       ,30,111,141,275,854,1129
00974800,CARRINGTON COLLEGE                      ,CA,95826-3203,Proprietary  ,302,720,1022,2610,5599,8209
00974801,CARRINGTON COLLEGE  - SAN LEANDRO CAMPUS,CA,94578-3711,Proprietary  ,0,0,0,6,28,34
00974802,CARRINGTON COLLEGE  - PLEASANT HILL CAMP,CA,94523-1984,Proprietary  ,0,0,0,10,29,39
00974803,CARRINGTON COLLEGE  - STOCKTON          ,CA,95207-5509,Proprietary  ,0,0,0,26,38,64
00974804,CARRINGTON COLLEGE  - CITRUS HEIGHTS    ,CA,95621-5577,Proprietary  ,0,0,0,14,16,30
00974807,CARRINGTON COLLEGE  - SAN JOSE          ,CA,95119-1325,Proprietary  ,0,0,0,42,59,101
00998900,SANTA BARBARA BUSINESS COLLEGE          ,CA,93111-0000,Proprietary  ,16,66,82,294,598,892
01011100,CERRO-COSO COMMUNITY COLLEGE            ,CA,93555-9571,Public       ,58,273,331,898,2411,3309
01014900,PEPPERDINE UNIVERSITY                   ,CA,90263-0000,Private      ,310,381,691,8722,6266,14988
01034000,LOS MEDANOS COLLEGE                     ,CA,94565-5197,Public       ,204,485,689,3814,4674,8488
01036500,CHARLES R DREW UNIV OF MED & SCI        ,CA,90059-0000,Private      ,3,73,76,124,1034,1158
01039500,UNIVERSITY OF SAN DIEGO                 ,CA,92110-2492,Private      ,655,487,1142,17511,6481,23992
01039501,UNIVERSITY OF SAN DIEGO - SCHOOL OF LAW ,CA,92110-2492,Private      ,13,47,60,192,2352,2544
01044100,PARDEE RAND GRADUATE SCHOOL             ,CA,90407-2138,Private      ,0,8,8,2,30,32
01047400,MARYMOUNT CALIFORNIA UNIVERSITY         ,CA,90274-6299,Private      ,21,16,37,1065,293,1358
01085400,THOMAS JEFFERSON SCHOOL OF LAW          ,CA,92110-0000,Private      ,2,39,41,27,1263,1290
01110700,EVEREST  COLLEGE                        ,CA,92801-5231,Proprietary  ,4,8,12,187,261,448
01110900,EVEREST COLLEGE                         ,CA,91335-4631,Proprietary  ,0,1,1,88,192,280
01111200,FIDM-FASHION INSTITUTE OF DESIGN        ,CA,90015-1421,Proprietary  ,199,178,377,4487,1948,6435
01111700,ALLIANT INTERNATIONAL UNIVERSITY        ,CA,92131-1799,Proprietary  ,11,128,139,229,2096,2325
01111705,ALLIANT INTERNATIONAL UNIVERSITY - LOS A,CA,91803-1360,Proprietary  ,2,21,23,8,629,637
01111706,ALLIANT INTERNATIONAL UNIVERSITY - SAN F,CA,94133-1221,Proprietary  ,5,19,24,47,682,729
01111707,ALLIANT INTERNATIONAL UNIVERSITY - FRESN,CA,93727-2014,Proprietary  ,2,35,37,58,512,570
01112300,EVEREST COLLEGE                         ,CA,90247-4163,Proprietary  ,0,2,2,75,188,263
01146000,NATIONAL UNIVERSITY                     ,CA,92037-1011,Private      ,80,2596,2676,797,18192,18989
01162600,PRACTICAL SCHOOLS                       ,CA,92805-0000,Proprietary  ,4,11,15,209,465,674
01164900,LOYOLA MARYMOUNT UNIVERSITY             ,CA,90045-0000,Private      ,357,174,531,13348,3507,16855
01164901,LMU  - LOYOLA LAW SCHOOL                ,CA,90015-0019,Private      ,12,43,55,162,2418,2580
01167200,MENDOCINO COLLEGE                       ,CA,95482-3000,Public       ,58,185,243,1354,2075,3429
01170700,NORTH-WEST COLLEGE                      ,CA,91790-2097,Proprietary  ,26,110,136,318,603,921
01179200,FRANCISCAN SCHOOL OF THEOLOGY           ,CA,92057-6402,Private      ,0,6,6,0,39,39
01182000,SAN DIEGO MIRAMAR COLLEGE               ,CA,92126-0000,Public       ,350,1146,1496,6375,9833,16208
01186500,CALIFORNIA HAIR DESIGN ACADEMY          ,CA,92115-0000,Proprietary  ,12,43,55,137,236,373
01186600,LU ROSS ACADEMY                         ,CA,93001-2927,Proprietary  ,23,75,98,174,346,520
01202600,BELLUS ACADEMY                          ,CA,92021-6247,Proprietary  ,13,36,49,104,180,284
01203100,SAN DIEGO CHRISTIAN COLLEGE             ,CA,92019-1157,Private      ,37,52,89,912,799,1711
01215400,CALIFORNIA INSTITUTE OF INTEGRAL STUDIES,CA,94103-2557,Private      ,4,92,96,53,1625,1678
01215403,CALIFORNIA INSTITUTE OF INTEGRAL STUDIES,CA,94107-2813,Private      ,2,28,30,10,149,159
01231600,MANCHESTER BEAUTY COLLEGE               ,CA,93726-5306,Proprietary  ,0,0,0,49,44,93
01231700,TULARE BEAUTY COLLEGE                   ,CA,93274-3432,Proprietary  ,0,0,0,10,9,19
01244600,UNIVERSAL COLLEGE OF BEAUTY             ,CA,90044-0000,Proprietary  ,5,16,21,60,125,185
01245200,EVERGREEN VALLEY COLLEGE                ,CA,95135-1598,Public       ,208,471,679,5307,5703,11010
01255000,LOS ANGELES MISSION COLLEGE             ,CA,91342-3200,Public       ,229,452,681,5851,6089,11940
01265000,MARINELLO SCHOOL OF BEAUTY              ,CA,91502-2828,Proprietary  ,20,51,71,174,322,496
01265001,MARINELLO SCHOOL OF BEAUTY - PALMDALE   ,CA,93550-4686,Proprietary  ,4,21,25,76,123,199
01284200,OXNARD COLLEGE                          ,CA,93030-0000,Public       ,200,464,664,3926,4127,8053
01287200,NORTH-WEST COLLEGE                      ,CA,91768-3199,Proprietary  ,62,164,226,493,1044,1537
01287300,WYOTECH                                 ,CA,90810-3800,Proprietary  ,2,4,6,310,473,783
01287301,WYOTECH - EVEREST  COLLEGE              ,CA,90034-3158,Proprietary  ,1,2,3,86,136,222
01287302,WYOTECH - EVEREST  COLLEGE              ,CA,91746-3412,Proprietary  ,0,2,2,87,147,234
01290700,LAKE TAHOE COMMUNITY COLLEGE            ,CA,96150-4524,Public       ,39,123,162,620,1034,1654
01291200,MTI COLLEGE                             ,CA,95841-0000,Proprietary  ,50,160,210,480,1445,1925
01294200,ROSEMEAD BEAUTY SCHOOL                  ,CA,91770-1639,Proprietary  ,4,67,71,34,250,284
01298400,PROFESSIONAL INSTITUTE OF BEAUTY        ,CA,91731-2613,Proprietary  ,2,27,29,18,90,108
01298500,HAIR CALIFORNIA BEAUTY ACADEMY          ,CA,92867-7127,Proprietary  ,3,7,10,16,58,74
01298900,OCEANSIDE COLLEGE OF BEAUTY             ,CA,92054-5393,Proprietary  ,9,26,35,68,167,235
01301000,LANCASTER BEAUTY SCHOOL                 ,CA,93534-3098,Proprietary  ,7,39,46,89,226,315
01307400,AMERICAN BEAUTY COLLEGE                 ,CA,91790-2906,Proprietary  ,16,17,33,71,95,166
01309500,SALON SUCCESS ACADEMY                   ,CA,92879-0000,Proprietary  ,21,37,58,143,233,376
01310300,CALIFORNIA WESTERN SCHOOL OF LAW        ,CA,92101-0000,Private      ,10,94,104,96,1526,1622
01324000,LYTLE'S REDWOOD EMPIRE BEAUTY CLG       ,CA,95403-0000,Proprietary  ,17,33,50,120,215,335
02054900,MARINELLO SCHOOL OF BEAUTY              ,CA,92630-0000,Proprietary  ,8,26,34,91,196,287
02054902,MARINELLO SCHOOL OF BEAUTY - BAKERSFIELD,CA,93309-5001,Proprietary  ,10,49,59,311,389,700
02054903,MARINELLO SCHOOL OF BEAUTY - VISALIA    ,CA,93277-6228,Proprietary  ,3,19,22,111,137,248
02059800,PARIS BEAUTY COLLEGE                    ,CA,94520-2611,Proprietary  ,4,32,36,43,142,185
02061600,WAYNES COLLEGE OF BEAUTY                ,CA,93906-2830,Proprietary  ,3,16,19,64,101,165
02063500,COASTLINE COMMUNITY COLLEGE             ,CA,92708-0000,Public       ,99,818,917,2600,8410,11010
02064300,SIERRA COLLEGE OF BEAUTY                ,CA,95340-0000,Proprietary  ,5,22,27,77,137,214
02065700,CALIFORNIA BEAUTY COLLEGE               ,CA,95354-0000,Proprietary  ,6,17,23,112,152,264
02070500,CONCORDIA UNIVERSITY                    ,CA,92612-0000,Private      ,72,287,359,3038,3463,6501
02075800,SOUTHERN CA INST OF ARCHITECTURE        ,CA,90013-0000,Private      ,16,31,47,194,398,592
02086400,MARINELLO SCHOOL OF BEAUTY              ,CA,95050-0000,Proprietary  ,2,12,14,60,158,218
02086401,MARINELLO SCHOOL OF BEAUTY - SEASIDE    ,CA,93955-3615,Proprietary  ,10,34,44,82,180,262
02086402,MARINELLO SCHOOL OF BEAUTY - SAN MATEO  ,CA,94401-3801,Proprietary  ,0,0,0,30,73,103
02086403,MARINELLO SCHOOL OF BEAUTY - HAYWARD    ,CA,94541-5111,Proprietary  ,9,28,37,91,198,289
02086404,MARINELLO SCHOOL OF BEAUTY - CASTRO VALL,CA,94546-5506,Proprietary  ,6,14,20,39,71,110
02091200,ELEGANCE INTERNATIONAL                  ,CA,90028-0000,Proprietary  ,39,92,131,247,393,640
02091700,KAPLAN COLLEGE                          ,CA,92123-1509,Proprietary  ,51,236,287,648,2131,2779
02091702,KAPLAN COLLEGE - CHULA VISTA            ,CA,91910-5342,Proprietary  ,25,57,82,238,381,619
02096100,FIELDING GRADUATE UNIVERSITY            ,CA,93105-0000,Private      ,1,154,155,6,1027,1033
02099200,AMERICAN CONSERVATORY THEATER           ,CA,94108-0000,Private      ,4,10,14,74,251,325
02110200,COLUMBIA COLLEGE                        ,CA,91356-0000,Private      ,23,9,32,523,202,725
02110800,CALIFORNIA COLLEGE SAN DIEGO            ,CA,92108-3821,Proprietary  ,107,345,452,1973,2931,4904
02111300,CUYAMACA COLLEGE                        ,CA,92019-0000,Public       ,269,775,1044,4734,7110,11844
02119100,MISSION COLLEGE                         ,CA,95054-1897,Public       ,109,336,445,3378,4581,7959
02120600,SAYBROOK GRADUATE SCHOOL                ,CA,94111-1920,Private      ,0,50,50,5,623,628
02120601,SAYBROOK UNIVERSITY -  WESTIN HOTEL     ,CA,94030-3120,Private      ,0,3,3,0,110,110
02120700,SAN JOAQUIN VALLEY COLLEGE              ,CA,93291-0000,Proprietary  ,285,1025,1310,2577,5726,8303
02125000,CAREER ACADEMY OF BEAUTY                ,CA,92845-0000,Proprietary  ,6,34,40,75,181,256
02128200,"VICTOR VALLEY BEAUTY COLLEGE, INC       ",CA,92392-0000,Proprietary  ,15,31,46,150,250,400
02128300,INSTITUTE FOR BUSINESS & TECHNOLOGY     ,CA,95050-0000,Proprietary  ,23,113,136,145,565,710
02128301,INSTITUTE FOR BUSINESS & TECHNOLOGY - NA,CA,95670-6351,Proprietary  ,7,79,86,60,386,446
02138300,PALO ALTO UNIVERSITY                    ,CA,94304-1337,Private      ,2,57,59,79,1182,1261
02161800,MUSICIANS INSTITUTE                     ,CA,90028-6157,Proprietary  ,62,103,165,921,860,1781
02167800,ESTES INSTITUTE OF COSMETOLOGY          ,CA,93291-0000,Proprietary  ,2,19,21,91,122,213
02178700,CITRUS HEIGHTS BEAUTY COLLEGE           ,CA,95610-1410,Proprietary  ,18,24,42,137,205,342
02179937,WESTERN STATE COLLEGE OF LAW            ,CA,92831-3014,Proprietary  ,0,32,32,25,729,754
02179938,"ART INSTITUTE OF CALIFORNIA, HOLLYWOOD  ",CA,91601-3112,Proprietary  ,107,142,249,1775,1382,3157
02179941,"ART INSTITUTE OF CALIFORNIA, LOS ANGELES",CA,90405-3035,Proprietary  ,109,128,237,2280,1571,3851
02179947,"ART INSTITUTE OF CALIFORNIA, SAN DIEGO  ",CA,92108-4423,Proprietary  ,158,249,407,2220,2305,4525
02185800,MOLER BARBER COLLEGE                    ,CA,94611-0000,Proprietary  ,8,36,44,66,212,278
02188400,SIERRA VALLEY COLLEGE OF COURT REPORTING,CA,93726-0000,Proprietary  ,2,16,18,49,157,206
02208600,MADERA BEAUTY COLLEGE                   ,CA,93637-3519,Proprietary  ,0,0,0,36,24,60
02211000,SALON SUCCESS ACADEMY                   ,CA,92405-0000,Proprietary  ,6,16,22,78,125,203
02220000,COLLEEN O'HARA BEAUTY ACADEMY           ,CA,92701-0000,Proprietary  ,8,7,15,50,57,107
02220200,CALIFORNIA CULINARY ACADEMY             ,CA,94102-3336,Proprietary  ,30,66,96,331,484,815
02221300,MARINELLO SCHOOL OF BEAUTY              ,CA,92553-0000,Proprietary  ,7,27,34,133,233,366
02221303,MARINELLO SCHOOL OF BEAUTY - SAN RAFAEL ,CA,94901-3224,Proprietary  ,3,9,12,35,75,110
02222000,AMERICAN FILM INSTITUTE                 ,CA,90027-0000,Private      ,27,86,113,439,920,1359
02226000,EAST LOS ANGELES COLLEGE                ,CA,91754-0000,Public       ,492,1063,1555,15769,14934,30703
02228500,LIFE CHIROPRACTIC COLLEGE WEST          ,CA,94545-0000,Private      ,2,24,26,15,630,645
02230900,FREDRICK & CHARLES BEAUTY COLLEGE       ,CA,95501-0000,Proprietary  ,10,29,39,81,128,209
02231900,GEMOLOGICAL INSTITUTE OF AMERICA        ,CA,92008-4698,Private      ,7,63,70,52,361,413
02236400,"THANH LE COLG, SCH OF COSMETOLOGY       ",CA,92840-0000,Proprietary  ,2,25,27,8,53,61
02237200,PHILLIPS GRADUATE INSTITUTE             ,CA,91311-5541,Private      ,0,38,38,9,250,259
02241800,AMERICAN CAREER COLLEGE                 ,CA,90004-0000,Proprietary  ,180,534,714,1680,3729,5409
02242700,BERKELEY CITY COLLEGE                   ,CA,94704-0000,Public       ,168,461,629,4014,4916,8930
02255400,INTERNATIONAL SCHOOL OF COSMETOLOGY     ,CA,90250-0000,Proprietary  ,28,53,81,208,283,491
02258600,AVALON SCHOOL OF COSMETOLOGY            ,CA,94501-4569,Proprietary  ,6,29,35,117,222,339
02262400,YESHIVA OHR ELCHONON CHABAD             ,CA,90046-0000,Private      ,16,0,16,111,2,113
02267600,INSTITUTE OF TRANSPERSONAL PSYCHLGY     ,CA,94303-4624,Proprietary  ,1,17,18,11,277,288
02270600,LIFE PACIFIC COLLEGE                    ,CA,91773-0000,Private      ,21,29,50,499,262,761
02276800,WESTMINSTER SEMINARY CALIFORNIA         ,CA,92027-0000,Private      ,0,7,7,7,141,148
02277400,SOUTH COAST COLLEGE                     ,CA,92868-2616,Proprietary  ,9,42,51,177,410,587
02282300,ALHAMBRA BEAUTY COLLEGE                 ,CA,91802-0000,Proprietary  ,4,15,19,25,89,114
02285100,HILLTOP BEAUTY SCHOOL                   ,CA,94014-0000,Proprietary  ,0,24,24,15,111,126
02298000,DESIGN INSTITUTE OF SAN DIEGO           ,CA,92121-0000,Proprietary  ,12,34,46,180,289,469
02304300,"PLATT COLLEGE, SAN DIEGO                ",CA,92115-0000,Proprietary  ,11,40,51,167,292,459
02306300,KAPLAN COLLEGE                          ,CA,95368-0000,Proprietary  ,31,79,110,234,573,807
02306302,KAPLAN COLLEGE - FRESNO                 ,CA,93612-3802,Proprietary  ,20,48,68,174,384,558
02309500,CLOVIS ADULT EDUC                       ,CA,93611-0000,Public       ,25,82,107,215,500,715
02330500,LAGUNA COLLEGE OF ART AND DESIGN        ,CA,92651-0000,Private      ,44,19,63,832,306,1138
02332800,CENTER FOR EMPLOYMENT TRAINING          ,CA,95110-0000,Private      ,124,485,609,545,2103,2648
02338500,GLENDALE CAREER COLLEGE                 ,CA,91203-1207,Proprietary  ,40,87,127,282,589,871
02338700,MARINELLO SCHOOL OF BEAUTY              ,CA,94103-1600,Proprietary  ,11,28,39,116,188,304
02338701,MARINELLO SCHOOL OF BEAUTY - CHICO      ,CA,95928-7184,Proprietary  ,8,32,40,112,193,305
02338702,MARINELLO SCHOOL OF BEAUTY - REDDING    ,CA,96001-1023,Proprietary  ,4,34,38,65,203,268
02338703,MARINELLO SCHOOL OF BEAUTY - FRESNO     ,CA,93711-3246,Proprietary  ,4,39,43,173,294,467
02342400,ACADEMY OF RADIO BROADCASTING           ,CA,92647-3809,Proprietary  ,2,27,29,61,172,233
02343400,BELLUS ACADEMY                          ,CA,92064-4633,Proprietary  ,37,67,104,245,481,726
02351900,KAPLAN COLLEGE                          ,CA,95660-5512,Proprietary  ,32,174,206,420,1242,1662
02351901,KAPLAN COLLEGE - BAKERSFIELD            ,CA,93304-0000,Proprietary  ,37,118,155,467,862,1329
02358000,THOMAS AQUINAS COLLEGE                  ,CA,93060-9622,Private      ,7,1,8,387,35,422
02359300,SHASTA BIBLE COLLEGE                    ,CA,96002-0000,Private      ,5,16,21,44,94,138
02482700,WESTERN UNIVERSITY OF HEALTH S          ,CA,91766-1854,Private      ,9,67,76,158,5411,5569
02494800,LOLA BEAUTY COLLEGE                     ,CA,92641-0000,Proprietary  ,1,12,13,26,74,100
02497300,TRINITY COLLEGE                         ,CA,93277-8109,Proprietary  ,33,112,145,214,667,881
02500000,SAN JOAQUIN COLLEGE OF LAW              ,CA,93612-0000,Private      ,0,8,8,28,288,316
02518400,THE NATIONAL HISPANIC UNIVERSITY        ,CA,95127-0000,Proprietary  ,0,0,0,103,189,292
02519800,AVANCE BEAUTY COLLEGE                   ,CA,92154-0000,Proprietary  ,8,27,35,107,178,285
02520200,CALIFORNIA CAREER SCHOOLS               ,CA,92805-0000,Proprietary  ,2,32,34,52,205,257
02520300,INTERIOR DESIGNERS INSTITUTE            ,CA,92660-0000,Proprietary  ,6,30,36,48,144,192
02520400,ADRIAN'S BEAUTY COLLEGE OF TURLOCK      ,CA,95382-0000,Proprietary  ,13,28,41,84,124,208
02531801,PAUL MITCHELL THE SCHOOL-COSTA MESA     ,CA,92626-3804,Proprietary  ,26,60,86,221,287,508
02531804,PAUL MITCHELL THE SCHOOL - SAN DIEGO    ,CA,92101-0000,Proprietary  ,28,64,92,277,393,670
02537200,PALOMAR INSTITUTE OF COSMETOLOGY        ,CA,92069-0000,Proprietary  ,21,49,70,191,284,475
02539100,KAPLAN COLLEGE                          ,CA,91606-3231,Proprietary  ,38,128,166,369,950,1319
02539102,KAPLAN COLLEGE -  RIVERSIDE             ,CA,92507-4223,Proprietary  ,24,100,124,355,744,1099
02539500,IRVINE VALLEY COLLEGE                   ,CA,92620-0000,Public       ,337,555,892,7179,5492,12671
02542300,NATIONAL HOLISTIC INSTITUTE             ,CA,94608-0000,Proprietary  ,32,183,215,202,1008,1210
02543400,BROWNSON TECHNICAL SCHOOL               ,CA,92805-0000,Proprietary  ,8,42,50,45,203,248
02545900,HYPNOSIS MOTIVATION INSTITUTE           ,CA,91356-0000,Private      ,1,25,26,5,106,111
02546400,MTI BUSINESS COLLEGE INC                ,CA,95207-0000,Proprietary  ,6,47,53,51,254,305
02549000,KAPLAN COLLEGE                          ,CA,92083-7736,Proprietary  ,30,139,169,360,976,1336
02549005,KAPLAN COLLEGE -  PALM SPRINGS          ,CA,92262-7011,Proprietary  ,28,58,86,340,510,850
02553500,ASSOCIATED TECHNICAL COLLEGE            ,CA,92101-0000,Proprietary  ,8,82,90,115,350,465
02553600,DIVERSIFIED LANGUAGE INSTITUTE          ,CA,90017-0000,Proprietary  ,12,176,188,65,692,757
02559300,UNITED EDUCATION INSTITUTE              ,CA,90020-0000,Proprietary  ,328,716,1044,1436,3308,4744
02559400,INTERCOAST COLLEGES                     ,CA,92868-1656,Proprietary  ,47,322,369,281,1709,1990
02570300,LOS ANGELES ORT TECHNICAL INSTITUTE     ,CA,90048-4904,Private      ,28,137,165,241,741,982
02577900,SANTA BARBARA BUSINESS COLLEGE          ,CA,93309-1664,Proprietary  ,35,111,146,440,867,1307
02578000,SANTA BARBARA BUSINESS COLLEGE          ,CA,93454-6943,Proprietary  ,12,55,67,181,347,528
02591600,NORTH-WEST COLLEGE                      ,CA,91101-1744,Proprietary  ,17,43,60,134,299,433
02595600,ASIAN AMERICAN INTERNATIONAL BTY CG     ,CA,92683-4043,Proprietary  ,2,33,35,16,86,102
02596400,SPARTAN COLLEGE OF AERONAUTICS & TECHNOL,CA,90301-2904,Proprietary  ,25,89,114,222,509,731
02597300,SOUTH BAYLO UNIVERSITY                  ,CA,92801-1701,Private      ,1,64,65,9,315,324
02602300,CENTRAL COAST COLLEGE                   ,CA,93901-3301,Proprietary  ,13,45,58,216,343,559
02608900,PINNACLE COLLEGE                        ,CA,91803-8842,Proprietary  ,2,3,5,68,81,149
02608901,PINNACLE COLLEGE - SACRAMENTO           ,CA,95670-6386,Proprietary  ,3,19,22,70,127,197
02609000,EMPERORS COLG OF TRAD ORIENTAL MED      ,CA,90403-5609,Proprietary  ,0,36,36,6,215,221
03010611,VIRGINIA COLLEGE - GOLF ACADEMY OF AMERI,CA,92008-6512,Proprietary  ,5,18,23,33,128,161
03011300,"CALIF STATE UNIV, SAN MARCOS            ",CA,92096-0001,Public       ,460,604,1064,18022,9465,27487
03019900,CAPSTONE COLLEGE                        ,CA,91402-0000,Proprietary  ,3,7,10,35,61,96
03025600,DELL'ARTE SCH OF PHYSICAL THEATRE       ,CA,95525-0816,Private      ,0,2,2,4,35,39
03027700,PACIFIC COLLEGE OF ORIENTAL MED         ,CA,92108-4408,Proprietary  ,6,58,64,62,604,666
03029600,POMONA ADULT SCHOOL                     ,CA,91766-0000,Public       ,10,35,45,111,267,378
03031409,INTERNATIONAL ACADEMY OF DESIGN AND TECH,CA,95834-9664,Proprietary  ,6,23,29,116,199,315
03035700,LAS POSITAS COLLEGE                     ,CA,94551-6750,Public       ,158,309,467,3277,2763,6040
03039900,FREMONT COLLEGE                         ,CA,90703-5342,Proprietary  ,28,76,104,333,583,916
03043900,NEWSCHOOL OF ARCHITECTURE & DESIGN      ,CA,92101-6634,Proprietary  ,19,46,65,302,508,810
03054100,ROYALE COLLEGE OF BEAUTY                ,CA,92590-2525,Proprietary  ,9,23,32,81,136,217
03062300,WESTECH COLLEGE                         ,CA,91764-4988,Proprietary  ,21,91,112,224,577,801
03062400,MT DIABLO ADULT EDUC LOMA VISTA CTR     ,CA,94518-1122,Public       ,4,34,38,93,265,358
03062700,PLATT COLLEGE                           ,CA,90041-0000,Proprietary  ,39,79,118,521,836,1357
03062701,PLATT COLLEGE                           ,CA,91764-0000,Proprietary  ,19,63,82,363,611,974
03062702,PLATT COLLEGE - RIVERSIDE               ,CA,92507-0730,Proprietary  ,26,84,110,524,698,1222
03063400,MODERN TECHNOLOGY SCHOOL                ,CA,92708-9821,Proprietary  ,7,16,23,56,154,210
03067400,BALDWIN PARK ADULT SCHOOL               ,CA,91706-4897,Public       ,12,55,67,152,296,448
03067500,INSTITUTE OF TECHNOLOGY                 ,CA,93612-3217,Proprietary  ,53,205,258,484,1415,1899
03069500,SAGE COLLEGE                            ,CA,92557-6720,Proprietary  ,4,73,77,100,661,761
03072300,EVEREST COLLEGE                         ,CA,91761-3222,Proprietary  ,3,35,38,117,306,423
03072700,WESTWOOD COLLEGE - LOS ANGELES          ,CA,90010-1577,Proprietary  ,31,163,194,745,2280,3025
03084700,VENTURA ADULT\CONTINUING EDUCATION      ,CA,93003-7313,Public       ,10,46,56,66,289,355
03094400,MARINELLO SCHOOL OF BEAUTY              ,CA,95841-2909,Proprietary  ,13,48,61,203,390,593
03094401,MARINELLO SCHOOL OF BEAUTY - CONCORD    ,CA,94520-2581,Proprietary  ,6,28,34,85,204,289
03094402,MARINELLO SCHOOL OF BEAUTY- STOCKTON    ,CA,95203-3149,Proprietary  ,7,39,46,129,253,382
03097700,CENTRAL CALIF SCH CONTINUING EDUC       ,CA,93401-6739,Proprietary  ,15,32,47,59,184,243
03098200,YO SAN UNIV TRADITIONAL CHINESE MED     ,CA,90066-1103,Private      ,0,41,41,4,166,170
03108100,SUMMIT COLLEGE                          ,CA,92324-3956,Proprietary  ,55,186,241,375,946,1321
03109500,DONGGUK  UNIVERSITY LOS ANGELES         ,CA,90020-1765,Private      ,0,20,20,20,117,137
03113300,UEI COLLEGE                             ,CA,93727-0000,Proprietary  ,127,397,524,651,1765,2416
03113600,SOUTHERN CALIFORNIA INST OF TECHNOL     ,CA,92805-3758,Proprietary  ,21,106,127,169,654,823
03116600,EAST SAN GABRIEL VLY REG OCCUP PROG     ,CA,91790-2105,Public       ,21,70,91,319,414,733
03125300,JOHN WESLEY INTER. BARBER & BTY CLG     ,CA,90813-4321,Proprietary  ,8,26,34,78,219,297
03125800,PREMIERE CAREER COLLEGE                 ,CA,91706-3746,Proprietary  ,12,43,55,94,292,386
03126800,PACIFICA GRADUATE INSTITUTE             ,CA,93013-0000,Proprietary  ,0,76,76,3,918,921
03128700,MT SIERRA COLLEGE                       ,CA,91016-3414,Proprietary  ,9,13,22,261,289,550
03131300,FIVE BRANCHES UNIVERSITY                ,CA,95062-4669,Proprietary  ,2,24,26,16,286,302
03144400,AMERICAN CLG OF HEALTH PROFESSIONS      ,CA,92505-3038,Proprietary  ,29,92,121,243,503,746
03150500,VIRGINIA SEWING MACHINES & SCH CTR      ,CA,90015-3535,Proprietary  ,13,36,49,41,111,152
03162300,FOUR-D SUCCESS ACADEMY                  ,CA,92324-4218,Proprietary  ,0,0,0,105,395,500
03163300,PACIFIC STATES UNIVERSITY               ,CA,90006-0000,Private      ,3,3,6,51,73,124
03195400,EVEREST COLLEGE                         ,CA,90501-2867,Proprietary  ,4,18,22,58,138,196
03210300,LE CORDON BLEU COLLEGE OF CULINARY ARTS ,CA,91101-5221,Proprietary  ,100,248,348,1458,2068,3526
03225300,AMERICAN UNIVERSITY OF HEALTH SCIENCES  ,CA,90755-3612,Proprietary  ,3,24,27,95,394,489
03242300,CAREER NETWORK INSTITUTE                ,CA,92868-4710,Proprietary  ,36,121,157,159,755,914
03250300,COMMUNITY BASED EDUCATION AND DEVELOPMEN,CA,90010-2722,Private      ,30,75,105,183,449,632
03260300,CALIFORNIA STATE U-MONTEREY BAY         ,CA,93955-8001,Public       ,445,295,740,15413,4963,20376
03266300,BETHESDA UNIVERSITY OF CALIFORNIA       ,CA,92801-4132,Private      ,14,10,24,199,160,359
03278300,CHARTER COLLEGE                         ,CA,91351-5432,Proprietary  ,13,53,66,193,530,723
03288300,ACAD CHINESE CULTURE & HEALTH SCIS      ,CA,94512-0000,Private      ,1,18,19,27,161,188
03299300,PACIFIC COLLEGE                         ,CA,92626-3160,Proprietary  ,16,88,104,119,506,625
03308300,BRISTOL UNIVERSITY                      ,CA,92806-6198,Proprietary  ,0,0,0,177,147,324
03327400,ACUPUNCTURE AND INTEGRATIVE MEDICINE COL,CA,94704-2724,Private      ,2,21,23,31,168,199
03332300,SOUTHERN CA BIBLE CLG & SEMINARY        ,CA,92019-1109,Private      ,2,31,33,12,244,256
03359300,ST. FRANCIS CAREER COLLEGE              ,CA,90262-2659,Proprietary  ,25,41,66,159,280,439
03367300,PROFESSIONAL GOLFERS CAREER COLLEGE     ,CA,92591-6013,Proprietary  ,2,21,23,63,90,153
03395300,INTERNATIONAL CAREER DEVELOPMENT        ,CA,90027-5794,Proprietary  ,118,1341,1459,681,7620,8301
03399300,NORTHWESTERN TECHNICAL COLLEGE          ,CA,95670-4443,Proprietary  ,2,4,6,14,23,37
03403300,EPIC BIBLE COLLEGE                      ,CA,95841-3546,Private      ,1,55,56,81,410,491
03413400,ENGLISH CENTER  (THE)                   ,CA,94607-3734,Private      ,7,36,43,23,192,215
03427500,UNIVERSITY OF ANTELOPE VALLEY           ,CA,93534-3324,Proprietary  ,49,125,174,628,1041,1669
03440400,MARIAN HEALTH CAREERS CENTER            ,CA,90010-1728,Proprietary  ,14,29,43,73,189,262
03458300,MY LE'S BEAUTY COLLEGE                  ,CA,95824-0000,Proprietary  ,4,40,44,77,212,289
03467300,MARINELLO SCHOOL OF BEAUTY              ,CA,92545-3661,Proprietary  ,7,38,45,80,210,290
03467302,MARINELLO SCHOOL OF BEAUTY - MURRIETA   ,CA,92563-5039,Proprietary  ,6,31,37,107,206,313
03467303,MARINELLO SCHOOL OF BEAUTY - NAPA       ,CA,94559-1237,Proprietary  ,5,16,21,53,106,159
03467304,MARINELLO SCHOOL OF BEAUTY - CITY OF IND,CA,91748-1674,Proprietary  ,3,8,11,42,84,126
03467305,MARINELLO SCHOOL OF BEAUTY - BELL       ,CA,90201-1193,Proprietary  ,2,7,9,60,86,146
03467306,MARINELLO SCHOOL OF BEAUTY - PARAMOUNT  ,CA,90723-5256,Proprietary  ,1,17,18,85,165,250
03467307,MARINELLO SCHOOL OF BEAUTY - HUNTINGTON ,CA,92646-2552,Proprietary  ,4,20,24,61,140,201
03479300,PROFESSIONAL CAREER INSTITUTE           ,CA,90703-2522,Proprietary  ,15,27,42,72,137,209
03516300,KING'S UNIVERSITY (THE)                 ,CA,91405-2233,Private      ,12,67,79,203,591,794
03532400,ADVANCED TRAINING ASSOCIATES            ,CA,92020-1236,Proprietary  ,8,28,36,30,157,187
03542400,COPPER MOUNTAIN COLLEGE                 ,CA,92252-6102,Public       ,36,254,290,779,2053,2832
03577300,COBA ACADEMY                            ,CA,92866-1407,Proprietary  ,2,5,7,27,50,77
03590400,NTMA TRAINING CENTERS OF SOUTHERN C     ,CA,90650-0000,Private      ,16,67,83,124,402,526
03592400,IRELL & MANELLA GRADUATE SCHOOL OF BIOLO,CA,91010-0000,Private      ,0,0,0,4,6,10
03598300,AVALON BEAUTY COLLEGE                   ,CA,93103-3137,Proprietary  ,20,16,36,105,98,203
03614300,DAVID'S ACADEMY OF BEAUTY               ,CA,91780-1089,Proprietary  ,4,15,19,22,77,99
03639300,WEST COAST ULTRASOUND INSTITUTE         ,CA,90211-3312,Proprietary  ,30,147,177,418,1384,1802
03646300,DESIGN'S SCHOOL OF COSMETOLOGY          ,CA,93446-9530,Proprietary  ,15,32,47,88,172,260
03681300,CALIFORNIA HEALING ARTS COLLEGE         ,CA,90025-0000,Proprietary  ,13,56,69,98,315,413
03695300,COMMUNITY ENHANCEMENT SERVICES          ,CA,91502-2750,Private      ,3,23,26,14,140,154
03695700,SANTIAGO CANYON COLLEGE                 ,CA,92869-4512,Public       ,161,256,417,4694,3028,7722
03696300,UNIVERSITY OF THE WEST                  ,CA,91770-3709,Private      ,0,6,6,54,97,151
03698300,WEST COAST UNIVERSITY                   ,CA,91606-3206,Proprietary  ,200,733,933,2076,6771,8847
03736300,ADVANCE BEAUTY COLLEGE                  ,CA,92843-4752,Proprietary  ,17,109,126,69,436,505
03736301,ADVANCE BEAUTY COLLEGE - LAGUNA HILLS   ,CA,92653-1980,Proprietary  ,5,7,12,33,53,86
03740400,ATI COLLEGE                             ,CA,90650-0000,Proprietary  ,3,24,27,46,139,185
03752400,SCHOOL OF URBAN MISSIONS                ,CA,94603-0000,Private      ,16,38,54,240,407,647
03759300,COMPUTER TUTOR BUSINESS & TECH INST     ,CA,95356-0000,Proprietary  ,6,45,51,70,222,292
03786300,ADVANCED COLLEGE                        ,CA,90280-5255,Proprietary  ,5,28,33,63,160,223
03797400,CAREER CARE INSTITUTE                   ,CA,93534-4766,Proprietary  ,26,117,143,242,736,978
03797401,CAREER CARE INSTITUTE - VENTURA         ,CA,93001-0000,Proprietary  ,2,24,26,65,189,254
03797402,CAREER CARE INSTITUTE - MORENO VALLEY   ,CA,92553-7519,Proprietary  ,1,16,17,59,110,169
03814400,SOKA UNIVERSITY OF AMERICA              ,CA,92656-8081,Private      ,24,6,30,545,75,620
03853300,KECK GRADUATE INSTITUTE OF APPLIED LIFE ,CA,91711-4817,Private      ,0,1,1,18,391,409
03868300,WORLD MISSION UNIVERSITY                ,CA,90020-1789,Private      ,0,7,7,12,101,113
03868400,LOS ANGELES MUSIC ACADEMY               ,CA,91105-2540,Proprietary  ,13,17,30,196,192,388
03871300,FOLSOM LAKE COLLEGE                     ,CA,95630-6798,Public       ,196,533,729,3885,4560,8445
03874300,CAMBRIDGE JUNIOR COLLEGE                ,CA,95993-0000,Proprietary  ,16,63,79,178,449,627
03874400,COMMMUNITY CHRISTIAN COLLEGE            ,CA,92373-4465,Private      ,6,18,24,106,102,208
03889300,STANBRIDGE COLLEGE                      ,CA,92612-0000,Proprietary  ,61,199,260,525,1710,2235
03910400,NATIONAL POLYTECHNIC COLLEGE            ,CA,90040-3066,Proprietary  ,15,20,35,92,131,223
03933300,MUELLER COLLEGE OF HOLISTIC STUDIES     ,CA,92116-2630,Proprietary  ,4,38,42,27,231,258
03935300,CALIFORNIA NURSES EDUCATIONAL INSTITUTE ,CA,92234-7248,Proprietary  ,11,45,56,115,325,440
03962300,AMERICAN INSTITUTE OF MASSAGE THERAPY   ,CA,92705-5463,Proprietary  ,4,19,23,43,124,167
03964400,INTERNATIONAL SCHOOL OF BEAUTY          ,CA,92260-2740,Proprietary  ,15,39,54,123,256,379
03969600,UEI COLLEGE                             ,CA,90703-2637,Proprietary  ,92,313,405,563,1465,2028
03971300,AMERICAN CAREER COLLEGE                 ,CA,91764-4906,Proprietary  ,82,253,335,837,1811,2648
03973300,EX'PRESSION COLLEGE FOR DIGTAL ARTS     ,CA,94608-1021,Proprietary  ,35,40,75,463,378,841
03974500,CALIFORNIA CAREER COLLEGE               ,CA,91303-2006,Proprietary  ,3,12,15,38,144,182
03980300,CALIFORNIA STATE UNIVERSITY CHANNEL ISLA,CA,93012-8599,Public       ,245,199,444,10742,4368,15110
03995300,UNIVERSITY OF EAST-WEST MEDICINE        ,CA,94085-3922,Proprietary  ,1,12,13,11,82,93
03999300,BEAUMONT ADULT SCHOOL                   ,CA,92223-1927,Public       ,10,32,42,32,130,162
04001300,PALACE BEAUTY COLLEGE                   ,CA,90006-4233,Proprietary  ,4,23,27,69,150,219
04003300,BLAKE AUSTIN COLLEGE                    ,CA,95687-3100,Proprietary  ,26,89,115,219,573,792
04004300,THUY PRINCESS BEAUTY COLLEGE            ,CA,91766-0000,Proprietary  ,5,9,14,20,52,72
04005300,UNITED STATES UNIVERSITY                ,CA,91911-1683,Proprietary  ,5,53,58,58,374,432
04014400,PALLADIUM TECHNICAL ACADEMY             ,CA,91731-2429,Proprietary  ,0,11,11,13,43,56
04037300,LOS ANGELES FILM SCHOOL (THE)           ,CA,90028-7300,Proprietary  ,198,493,691,1967,3050,5017
04056300,CAREER COLLEGE OF CALIFORNIA            ,CA,92705-5805,Proprietary  ,12,34,46,95,215,310
04057300,ASHER COLLEGE                           ,CA,95825-4025,Proprietary  ,13,109,122,159,750,909
04076400,GNOMON SCHOOL OF VISUAL EFFECTS         ,CA,90038-2616,Proprietary  ,17,36,53,161,272,433
04088300,WESTMED COLLEGE                         ,CA,95128-2541,Private      ,11,31,42,126,286,412
04088301,WESTMED COLLEGE - MERCED                ,CA,95340-9165,Private      ,5,25,30,110,276,386
04088302,WESTMED COLLEGE - FRESNO                ,CA,93720-1551,Private      ,5,16,21,47,103,150
04088303,WESTMED COLLEGE - CHULA VISTA           ,CA,91910-5200,Private      ,0,7,7,13,54,67
04092300,COASTLINE BEAUTY COLLEGE                ,CA,92708-3847,Proprietary  ,5,35,40,58,197,255
04092400,MAKE-UP DESIGNORY                       ,CA,91502-1322,Proprietary  ,26,24,50,234,249,483
04100400,TAFT UNIVERSITY SYSTEM (THE)            ,CA,92704-6954,Proprietary  ,1,84,85,9,471,480
04111300,WEST HILLS COLLEGE LEMOORE              ,CA,93245-9248,Public       ,110,363,473,2437,3262,5699
04114500,VALLEY COLLEGE OF MEDICAL CAREERS       ,CA,91304-2354,Proprietary  ,7,21,28,62,137,199
04115300,COACHELLA VALLEY BEAUTY COLLEGE         ,CA,92253-2051,Proprietary  ,8,19,27,96,150,246
04115600,MAYFIELD COLLEGE                        ,CA,92234-7014,Proprietary  ,16,66,82,166,458,624
04118800,NEW YORK FILM ACADEMY                   ,CA,91608-1002,Proprietary  ,72,134,206,866,1075,1941
04119200,CAREER COLLEGE CONSULTANTS              ,CA,90041-2088,Proprietary  ,3,23,26,30,114,144
04119800,GDS INSTITUTE                           ,CA,90280-2072,Proprietary  ,5,13,18,19,48,67
04126400,CHAMPION INSTITUTE OF COSMETOLOGY       ,CA,92264-7458,Proprietary  ,2,10,12,31,73,104
04126500,COAST CAREER INSTITUTE                  ,CA,90015-3040,Proprietary  ,12,45,57,65,276,341
04127100,"UNIVERSITY OF CALIFORNIA, MERCED        ",CA,95343-5001,Public       ,220,99,319,17272,2127,19399
04127900,TRIDENT UNIVERSITY INTERNATIONAL        ,CA,90630-5023,Proprietary  ,11,656,667,96,4403,4499
04129700,INTERNATIONAL POLYTECHNIC INSTITUTE     ,CA,92231-1737,Private      ,1,2,3,18,27,45
04129803,MEDIATECH INSTITUTE - OCEANSIDE         ,CA,92054-5116,Proprietary  ,5,13,18,51,127,178
04132400,ACADEMY OF ESTHETICS AND COSMETOLOGY    ,CA,91342-3373,Proprietary  ,6,9,15,52,74,126
04132700,INFOTECH CAREER COLLEGE                 ,CA,90706-5579,Proprietary  ,7,21,28,51,120,171
04133100,CALIFORNIA UNIVERSITY OF MANAGEMENT AND ,CA,92801-1702,Private      ,2,7,9,21,79,100
04134500,CAREER COLLEGE OF SAN DIEGO             ,CA,92102-3348,Proprietary  ,8,52,60,181,443,624
04134700,INTERNATL PROFESSIONAL SCHL OF BODYWORK ,CA,92123-1520,Proprietary  ,0,23,23,23,173,196
04137200,BORNER'S BARBER COLLEGE                 ,CA,90047-3856,Proprietary  ,6,35,41,74,237,311
04138700,PAUL MITCHELL THE SCHOOL - PASADENA     ,CA,91801-3903,Proprietary  ,31,49,80,161,206,367
04140500,HORIZON UNIVERSITY                      ,CA,92111-2622,Private      ,2,7,9,37,99,136
04141300,SAN FRANCISCO INSTITUTE OF ESTHETICS    ,CA,94103-4083,Proprietary  ,16,30,46,116,222,338
04141400,LAURUS COLLEGE                          ,CA,93401-5405,Proprietary  ,40,168,208,194,1047,1241
04141700,HEALING HANDS SCHOOL OF HOLISTIC HEALTH ,CA,92025-1722,Proprietary  ,8,39,47,56,221,277
04142500,TOURO COLLEGE LOS ANGELES               ,CA,90046-4506,Private      ,5,123,128,125,647,772
04142600,TOURO UNIVERSITY                        ,CA,94592-1118,Private      ,5,66,71,64,2812,2876
04143800,WOODLAND COMMUNITY COLLEGE              ,CA,95776-5156,Public       ,78,240,318,1524,1906,3430
04144200,CAREER DEVELOPMENT INSTITUTE            ,CA,90035-4364,Proprietary  ,7,29,36,54,192,246
04145000,SAN DIEGO CULINARY INSTITUTE            ,CA,91941-6435,Proprietary  ,14,51,65,297,456,753
04145600,INTERNATIONAL COLLEGE OF COSMETOLOGY    ,CA,94601-3525,Proprietary  ,5,29,34,56,190,246
04146000,NATIONAL CAREER COLLEGE                 ,CA,91605-1400,Proprietary  ,17,55,72,74,288,362
04148200,BEYOND 21ST CENTURY BEAUTY ACADEMY      ,CA,90670-6316,Proprietary  ,1,6,7,29,41,70
04148900,N CALIF INSTITUTE OF COSMETOLOGY        ,CA,94577-2820,Proprietary  ,1,16,17,21,66,87
04149700,HOMESTEAD SCHOOLS                       ,CA,90505-5945,Private      ,5,34,39,58,231,289
04150000,CENTRAL NURSING COLLEGE                 ,CA,90010-2444,Proprietary  ,0,0,0,9,5,14
04150100,GOLDEN STATE COLLEGE OF COURT REPORTING ,CA,94568-2948,Proprietary  ,1,4,5,14,43,57
04150300,RWM FIBER OPTICS                        ,CA,90746-1051,Proprietary  ,0,59,59,14,169,183
04150500,"PREFERRED COLLEGE OF NURSING, LOS ANGELE",CA,90010-2202,Proprietary  ,0,0,0,61,161,222
04152800,CALIFORNIA ACADEMY (THE) - A PAUL MITCHE,CA,95825-2276,Proprietary  ,63,116,179,476,724,1200
04153900,PROVIDENCE CHRISTIAN COLLEGE            ,CA,91104-2635,Private      ,10,5,15,232,45,277
04155500,"ACADEMY FOR JEWISH RELIGION, CALIFORNIA ",CA,90024-3234,Private      ,4,13,17,25,92,117
04156100,TONI & GUY HAIRDRESSING ACADEMY         ,CA,95356-9695,Proprietary  ,5,14,19,95,144,239
04157800,GRACE MISSION UNIVERSITY                ,CA,92833-3860,Private      ,0,14,14,5,81,86
04158200,PAUL MITCHELL THE SCHOOL SHERMAN OAKS   ,CA,91403-5882,Proprietary  ,35,47,82,169,229,398
04158700,HOLLYWOOD BEAUTY COLLEGE                ,CA,95210-3514,Proprietary  ,0,0,0,4,4,8
04158800,THEATRE OF ARTS                         ,CA,90028-6111,Proprietary  ,16,25,41,39,100,139
04158900,FLAIR BEAUTY COLLEGE                    ,CA,91351-3381,Proprietary  ,3,14,17,36,69,105
04159600,GALAXY MEDICAL COLLEGE                  ,CA,91606-1593,Proprietary  ,11,26,37,53,80,133
04159700,AMERICAN MEDICAL SCIENCES CENTER        ,CA,91204-5108,Proprietary  ,3,26,29,43,119,162
04160100,TRINITY SCHOOL OF HEALTH AND ALLIED SCIE,CA,90248-4334,Proprietary  ,3,26,29,14,103,117
04160400,ANGELES COLLEGE OF NURSING              ,CA,90010-2100,Proprietary  ,24,85,109,402,661,1063
04161300,PREFERRED COLLEGE OF NURSING            ,CA,91401-1442,Proprietary  ,4,9,13,30,48,78
04161700,SHASTA SCHOOL OF COSMETOLOGY            ,CA,96003-0000,Proprietary  ,3,32,35,88,137,225
04161800,BRANDMAN UNIVERSITY                     ,CA,92618-3801,Private      ,29,1004,1033,454,8628,9082
04162800,S.I.C.E PAUL MITCHELL PARTNER SCHOOL    ,CA,95350-1440,Proprietary  ,31,56,87,217,345,562
04163400,COSMO BEAUTY ACADEMY                    ,CA,95605-1904,Proprietary  ,6,40,46,171,288,459
04164400,ANGELES INSTITUTE                       ,CA,90712-2903,Proprietary  ,5,24,29,83,208,291
04165900,PAUL MITCHELL THE SCHOOL FRESNO         ,CA,93710-7617,Proprietary  ,28,40,68,334,304,638
04167000,PAUL MITCHELL THE SCHOOL TEMECULA       ,CA,92591-4663,Proprietary  ,36,57,93,279,321,600
04169200,TRAMY BEAUTY SCHOOL                     ,CA,92115-6347,Proprietary  ,10,57,67,104,259,363
04169700,UNITEK COLLEGE                          ,CA,94538-3185,Proprietary  ,84,434,518,607,2515,3122
04169800,GURNICK ACADEMY OF MEDICAL ARTS         ,CA,94403-1849,Proprietary  ,41,189,230,365,1812,2177
04172000,SOUTHERN CALIFORNIA UNIVERSITY SOMA     ,CA,90017-2211,Proprietary  ,10,31,41,183,281,464
04173400,SANTA ANA BEAUTY ACADEMY                ,CA,92705-7820,Proprietary  ,5,6,11,44,57,101
04173500,MORENO VALLEY COLLEGE                   ,CA,92551-2204,Public       ,206,562,768,5542,6988,12530
04175200,PAUL MITCHELL THE SCHOOL EAST BAY       ,CA,94523-5515,Proprietary  ,24,29,53,232,240,472
04175400,ELITE COSMETOLOGY SCHOOL                ,CA,92284-2860,Proprietary  ,6,26,32,39,97,136
04176100,NORCO COLLEGE                           ,CA,92860-2600,Public       ,176,396,572,5571,5354,10925
04176300,BERGIN UNIVERSITY OF CANINE STUDIES     ,CA,95407-6834,Private      ,1,6,7,21,68,89
04177200,REAL BARBERS COLLEGE (THE)              ,CA,92805-2533,Proprietary  ,13,30,43,75,153,228
04178900,HANDS-ON MEDICAL MASSAGE SCHOOL         ,CA,92373-6271,Proprietary  ,1,2,3,21,60,81
04180000,CINTA AVEDA INSTITUTE                   ,CA,94108-3204,Proprietary  ,16,63,79,176,377,553
04181200,SOUTHERN CALIFORNIA HEALTH INSTITUTE    ,CA,91601-3100,Proprietary  ,24,78,102,113,332,445
04181600,INTEGRITY COLLEGE OF HEALTH             ,CA,91104-2300,Proprietary  ,2,8,10,26,100,126
04185200,SALINAS BEAUTY COLLEGE                  ,CA,93901-2405,Proprietary  ,0,0,0,31,48,79
04185500,ACADEMY OF COUTURE ART                  ,CA,90069-5701,Proprietary  ,8,10,18,106,153,259
04185600,MEDICAL ALLIED CAREER CENTER            ,CA,90670-4710,Proprietary  ,1,12,13,22,95,117
04185700,ACADEMY FOR SALON PROFESSIONALS (THE)   ,CA,95050-4057,Proprietary  ,13,26,39,76,129,205
04186900,"INTERNATIONAL COLLEGE OF BEAUTY, ARTS & ",CA,90039-1012,Proprietary  ,8,51,59,114,237,351
04189300,ALLIED AMERICAN UNIVERSITY              ,CA,92653-1337,Proprietary  ,17,546,563,110,3237,3347
04189700,CALIFORNIA MIRAMAR UNIVERSITY           ,CA,92126-7501,Proprietary  ,24,98,122,408,742,1150
04189800,ACADEMY FOR SALON PROFESSIONALS         ,CA,91304-2305,Proprietary  ,3,16,19,52,120,172
04190800,SANTA ANA BEAUTY COLLEGE                ,CA,92706-2321,Proprietary  ,3,24,27,76,162,238
04190900,SUTTER BEAUTY COLLEGE                   ,CA,95991-3624,Proprietary  ,7,21,28,64,125,189
04191300,ANNENBERG SCHOOL OF NURSING             ,CA,91335-5426,Private      ,3,13,16,46,104,150
04192500,WESTCHESTER COLLEGE OF NURSING & ALLIED ,CA,90045-3647,Proprietary  ,0,24,24,28,102,130
04193300,SHEPHERD UNIVERSITY                     ,CA,90065-1415,Private      ,5,43,48,9,61,70
04193500,LEMELANGE ACADEMY OF HAIR               ,CA,94558-2935,Proprietary  ,5,10,15,31,54,85
04193700,JOHN PAUL THE GREAT CATHOLIC UNIVERSITY ,CA,92025-2601,Private      ,7,9,16,291,167,458
04194300,COLTON-REDLANDS-YUCAIPA REGIONAL OCCUPAT,CA,92374-2896,Public       ,5,23,28,77,151,228
04194600,BRAND COLLEGE                           ,CA,91203-3646,Proprietary  ,0,4,4,8,59,67
04195200,DIAMOND BEAUTY COLLEGE                  ,CA,91733-2180,Proprietary  ,1,12,13,12,58,70
04195400,NCP COLLEGE OF NURSING                  ,CA,94080-1005,Proprietary  ,13,54,67,118,313,431
04195401,NCP COLLEGE OF NURSING - HAYWARD CAMPUS ,CA,94541-7026,Proprietary  ,5,43,48,114,319,433
04205800,"SAE INSTITUTE OF TECHNOLOGY, LOS ANGELES",CA,90028-7219,Proprietary  ,25,55,80,208,309,517
04206800,ADVANCE BEAUTY TECHS ACADEMY            ,CA,92583-6572,Proprietary  ,7,12,19,58,79,137
04208100,UKIAH ADULT SCHOOL                      ,CA,95482-3865,Public       ,1,4,5,19,69,88
04208400,RIVERSIDE COUNTY OFFICE OF EDUCATION    ,CA,92503-3504,Public       ,15,52,67,291,454,745
04208900,ADVANCED CAREER INSTITUTE               ,CA,93291-9254,Proprietary  ,14,83,97,80,353,433
04209000,SAN FRANCISCO COLLEGE OF COSMETOLOGY    ,CA,94110-1217,Proprietary  ,5,10,15,96,118,214
04209800,HINTON BARBER COLLEGE                   ,CA,94590-4547,Proprietary  ,9,19,28,38,89,127
04210600,ADVANCED COMPUTING INSTITUTE            ,CA,90010-3911,Proprietary  ,15,52,67,143,284,427
04211900,XAVIER COLLEGE SCHOOL OF NURSING        ,CA,95202-1332,Proprietary  ,11,54,65,148,350,498
04212000,LAWRENCE & COMPANY COLLEGE OF COSMETOLOG,CA,93230-4102,Proprietary  ,4,12,16,78,103,181
04215100,CALIFORNIA CAREER INSTITUTE             ,CA,92840-2816,Proprietary  ,9,46,55,66,275,341
04215300,COSMO FACTORY COSMETOLOGY ACADEMY (THE) ,CA,95060-4401,Proprietary  ,5,8,13,34,44,78
04216300,UEI COLLEGE                             ,CA,95065-1520,Proprietary  ,0,0,0,32,31,63
04217100,RUDOLF STEINER COLLEGE                  ,CA,95628-6811,Private      ,0,2,2,0,79,79
04217400,HIGH TECH HIGH GRADUATE SCHOOL OF EDUCAT,CA,92106-6025,Private      ,0,16,16,22,99,121
04217500,W ACADEMY OF SALON AND SPA              ,CA,94526-4012,Proprietary  ,1,6,7,22,64,86
04221700,ZMS THE ACADEMY                         ,CA,90042-4231,Proprietary  ,3,12,15,13,41,54
04221800,TONI&GUY HAIRDRESSING ACADEMY           ,CA,95337-5703,Proprietary  ,13,20,33,69,97,166
04221900,COMPUTER TRAINING ACADEMY               ,CA,92507-2122,Proprietary  ,12,55,67,103,339,442
04222200,FAB SCHOOL (THE)                        ,CA,92507-3434,Proprietary  ,24,54,78,139,222,361
04223700,BAY AREA MEDICAL ACADEMY                ,CA,94102-2844,Proprietary  ,11,41,52,190,349,539
04226100,LAWRENCE AND COMPANY COLLEGE OF COSMETOL,CA,93662-3509,Proprietary  ,2,5,7,45,52,97
04228100,HIGH DESERT MEDICAL COLLEGE             ,CA,93534-1134,Proprietary  ,25,85,110,260,714,974
04228800,BAY AREA COLLEGE OF NURSING             ,CA,94303-4617,Proprietary  ,3,12,15,52,116,168
04234000,SAN FRANCISCO SCHOOL OF DIGITAL FILMMAKI,CA,94103-2835,Proprietary  ,6,5,11,90,117,207
04234700,CALIFORNIA INTERNATIONAL BUSINESS UNIVER,CA,92101-3431,Private      ,6,22,28,7,30,37
04235500,PRESIDIO GRADUATE SCHOOL                ,CA,94129-1749,Private      ,1,13,14,4,138,142
04237100,SALON PROFESSIONAL ACADEMY (THE)        ,CA,95129-5101,Proprietary  ,13,42,55,95,214,309
04237600,CALIFORNIA JAZZ CONSERVATORY            ,CA,94704-1268,Private      ,1,5,6,10,34,44
04237800,CALIFORNIA BARBER AND BEAUTY COLLEGE    ,CA,92115-4730,Proprietary  ,14,43,57,141,281,422
04240200,AVIATION INSTITUTE OF MAINTENANCE       ,CA,94621-4527,Proprietary  ,15,77,92,77,341,418
04241700,SAINT JOSEPH'S SCHOOL OF NURSING        ,CA,93534-2304,Proprietary  ,6,28,34,56,174,230
04242500,ASSOCIATED BARBER COLLEGE OF SAN DIEGO  ,CA,92101-4210,Proprietary  ,10,33,43,35,144,179
04242600,ABCO TECHNOLOGY                         ,CA,90045-1551,Proprietary  ,15,38,53,38,117,155
04243100,ALHAMBRA MEDICAL UNIVERSITY             ,CA,91801-7146,Proprietary  ,1,10,11,5,25,30
04243400,INTERNATIONAL SPORTS SCIENCES ASSOCIATIO,CA,93013-2912,Proprietary  ,3,115,118,10,211,221
04244000,CALIFORNIA INTERCONTINENTAL UNIVERSITY  ,CA,92614-5636,Proprietary  ,3,33,36,10,107,117
04245500,UNITED HEALTHCARE CAREERS COLLEGE       ,CA,90015-3811,Proprietary  ,3,34,37,11,90,101
04248200,DEHART TECHNICAL SCHOOL                 ,CA,95356-9292,Proprietary  ,3,17,20,3,17,20
04250100,SANTA BARBARA AND VENTURA COLLEGES OF LA,CA,93003-7774,Private      ,9,124,133,9,124,133
04250600,CALIFORNIA INSTITUTE OF ADVANCED MANAGEM,CA,91731-2918,Private      ,1,2,3,1,2,3
00184600,BRIAR CLIFF UNIVERSITY                  ,IA,51104-2100,Private      ,64,47,111,1107,710,1817
00184700,BUENA VISTA UNIVERSITY                  ,IA,50588-9987,Private      ,35,156,191,1558,1844,3402
00184800,SOUTHEASTERN COMMUNITY COLLEGE          ,IA,52655-0000,Public       ,53,147,200,1137,1393,2530
00185000,CENTRAL COLLEGE                         ,IA,50219-1999,Private      ,54,9,63,2058,109,2167
00185200,CLARKE UNIVERSITY                       ,IA,52001-3198,Private      ,20,30,50,1172,499,1671
00185400,COE COLLEGE                             ,IA,52402-5092,Private      ,63,18,81,2636,257,2893
00185500,DES MOINES UNIV-OSTEOPATHIC MED CTR     ,IA,50312-0000,Private      ,1,30,31,35,1597,1632
00185600,CORNELL COLLEGE                         ,IA,52314-1098,Private      ,23,5,28,1780,108,1888
00185700,SOUTHWESTERN COMMUNITY COLLEGE          ,IA,50801-1098,Public       ,32,79,111,701,596,1297
00185800,DIVINE WORD COLLEGE                     ,IA,52045-0380,Private      ,0,2,2,15,22,37
00185900,DORDT COLLEGE                           ,IA,51250-1697,Private      ,24,8,32,1435,113,1548
00186000,DRAKE UNIVERSITY                        ,IA,50311-4505,Private      ,84,111,195,4726,1873,6599
00186200,ELLSWORTH COMMUNITY COLLEGE             ,IA,50126-1199,Public       ,28,38,66,703,286,989
00186400,IOWA LAKES COMMUNITY COLLEGE            ,IA,51334-2234,Public       ,31,86,117,986,750,1736
00186500,IOWA CENTRAL COMMUNITY COLLEGE          ,IA,50501-0000,Public       ,90,305,395,2765,2749,5514
00186600,GRACELAND UNIVERSITY                    ,IA,50140-1699,Private      ,40,129,169,1419,1453,2872
00186700,GRAND VIEW UNIVERSITY                   ,IA,50316-1599,Private      ,48,101,149,2025,1253,3278
00186800,GRINNELL COLLEGE                        ,IA,50112-1690,Private      ,58,10,68,3146,94,3240
00186900,IOWA STATE UNIV SCIENCE & TECHNOLOG     ,IA,50011-2028,Public       ,432,329,761,29741,6021,35762
00187100,IOWA WESLEYAN COLLEGE                   ,IA,52641-1398,Private      ,34,12,46,1245,333,1578
00187300,LORAS COLLEGE                           ,IA,52004-0178,Private      ,33,19,52,1983,189,2172
00187400,LUTHER COLLEGE                          ,IA,52101-1045,Private      ,48,8,56,3197,136,3333
00187500,MARSHALLTOWN COMMUNITY COLLEGE          ,IA,50158-4760,Public       ,49,89,138,717,713,1430
00187700,NORTH IOWA AREA COMMUNITY COLLEGE       ,IA,50401-7299,Public       ,44,128,172,1313,891,2204
00187900,MORNINGSIDE COLLEGE                     ,IA,51106-1751,Private      ,79,92,171,2154,934,3088
00188000,MOUNT MERCY UNIVERSITY                  ,IA,52402-4797,Private      ,21,104,125,1212,1092,2304
00188300,NORTHWESTERN COLLEGE                    ,IA,51041-1996,Private      ,31,15,46,1319,202,1521
00188700,SIMPSON COLLEGE                         ,IA,50125-1297,Private      ,31,41,72,2044,465,2509
00188900,ST AMBROSE UNIVERSITY                   ,IA,52803-2898,Private      ,80,83,163,3024,1310,4334
00189000,UNIVERSITY OF NORTHERN IOWA             ,IA,50614-0002,Public       ,210,208,418,9995,2859,12854
00189100,UNIVERSITY OF DUBUQUE                   ,IA,52001-5099,Private      ,44,68,112,2100,839,2939
00189200,UNIVERSITY OF IOWA                      ,IA,52242-1316,Public       ,510,395,905,22408,8506,30914
00189300,UPPER IOWA UNIVERSITY                   ,IA,52142-9206,Private      ,65,513,578,1774,4869,6643
00189500,WALDORF COLLEGE                         ,IA,50436-1700,Proprietary  ,26,172,198,732,1404,2136
00189600,WARTBURG COLLEGE                        ,IA,50677-2200,Private      ,45,7,52,2044,109,2153
00189700,WARTBURG THEOLOGICAL SEMINARY           ,IA,52004-5004,Private      ,0,1,1,5,93,98
00190000,WILLIAM PENN UNIVERSITY                 ,IA,52577-1799,Private      ,25,67,92,1221,858,2079
00396300,AIB COLLEGE OF BUSINESS                 ,IA,50321-1799,Private      ,3,28,31,367,402,769
00407500,ESTRN IOWA COMMUNITY COLLEGE DIST       ,IA,52801-1201,Public       ,22,58,80,268,549,817
00407501,CLINTON COMMUNITY COLLEGE               ,IA,52732-0000,Public       ,26,132,158,471,1223,1694
00407502,MUSCATINE COMMUNITY COLLEGE             ,IA,52761-0000,Public       ,30,76,106,576,635,1211
00407503,SCOTT COMMUNITY COLLEGE                 ,IA,52722-0000,Public       ,108,275,383,1539,2458,3997
00407600,KIRKWOOD COMMUNITY COLLEGE              ,IA,52406-2068,Public       ,247,686,933,6387,6325,12712
00423300,MERCY/ST. LUKE'S SCH RAD TECH           ,IA,52402-0000,Private      ,2,2,4,29,49,78
00458600,KAPLAN UNIVERSITY                       ,IA,52807-2095,Proprietary  ,556,9002,9558,3737,71027,74764
00458604,KAPLAN UNIVERSITY - CEDAR RAPIDS        ,IA,52404-2998,Proprietary  ,16,208,224,174,1710,1884
00458605,KAPLAN UNIVERSITY - DES MOINES          ,IA,50323-5702,Proprietary  ,21,238,259,189,2094,2283
00458606,KAPLAN UNIVERSITY - MASON CITY          ,IA,50401-4665,Proprietary  ,10,105,115,67,845,912
00458607,KAPLAN UNIVERSITY - CEDAR FALLS         ,IA,50613-6309,Proprietary  ,19,150,169,129,1334,1463
00458700,NORTHEAST IOWA COMMUNITY COLLEGE        ,IA,52132-0400,Public       ,28,56,84,665,550,1215
00458701,NORTHEAST IOWA COMMUNITY COLLEGE        ,IA,52068-0000,Public       ,57,129,186,951,1141,2092
00459500,HAWKEYE COMMUNITY COLLEGE               ,IA,50701-0000,Public       ,121,351,472,2621,2617,5238
00459800,IOWA WESTERN CMTY CLG-COUNCIL BLUFF     ,IA,51502-0000,Public       ,182,382,564,3524,3269,6793
00460000,NORTHWEST IOWA COMMUNITY COLLEGE        ,IA,51201-1046,Public       ,15,40,55,551,443,994
00626700,IOWA METHODIST MEDICAL CENTER SCHOOLS   ,IA,50309-1499,Private      ,2,10,12,40,78,118
00627300,MERCY COLLEGE OF HEALTH SCIENCES        ,IA,50309-1239,Private      ,13,73,86,483,876,1359
00712000,DES MOINES AREA CMTY COLLEGE            ,IA,50021-0000,Public       ,392,983,1375,7546,8583,16129
00712100,FAITH BAPTIST BIBLE CLG & THEOL SEM     ,IA,50021-0000,Private      ,11,3,14,287,59,346
00729100,ST LUKE'S COLLEGE                       ,IA,51104-0263,Private      ,6,20,26,127,206,333
00731600,WESTERN IOWA TECH COMMUNITY COLLEGE     ,IA,51106-0000,Public       ,101,299,400,2031,2793,4824
00758800,CAPRI COLLEGE                           ,IA,52004-0873,Proprietary  ,14,26,40,141,180,321
00761100,EQ SCHOOL OF HAIR DESIGN                ,IA,51503-0813,Proprietary  ,6,6,12,31,66,97
00765600,AMERICAN COLLEGE OF HARISTYLING -CR     ,IA,52402-0000,Proprietary  ,0,0,0,4,12,16
00765800,AMER COLL OF HAIRSTYLING-DES MOINES     ,IA,50309-5446,Proprietary  ,3,12,15,17,63,80
00765900,LA JAMES COLLEGE OF HAIRSTYLING         ,IA,50401-3308,Proprietary  ,5,6,11,51,53,104
00771700,CAPRI COLLEGE                           ,IA,52807-2622,Proprietary  ,15,24,39,128,178,306
00794100,COLLEGE OF HAIR DESIGN                  ,IA,50703-1834,Proprietary  ,0,13,13,4,53,57
00826000,IOWA SCHOOL OF BEAUTY INC               ,IA,50322-0000,Proprietary  ,3,23,26,69,173,242
00840300,INDIAN HILLS COMMUNITY COLLEGE          ,IA,52501-1398,Public       ,107,239,346,1820,2248,4068
00842400,LA JAMES INTERNATIONAL COLLEGE          ,IA,50501-5577,Proprietary  ,4,10,14,38,59,97
00959300,LA'JAMES COLLEGE OF HAIRSTYLING         ,IA,52240-0000,Proprietary  ,4,18,22,41,75,116
01111300,MAHARISHI UNIV OF MANAGEMENT            ,IA,52557-0001,Private      ,5,51,56,122,467,589
01206400,HAMILTON TECHNICAL COLLEGE              ,IA,52807-2653,Proprietary  ,11,35,46,112,222,334
01230000,PALMER COLLEGE OF CHIROPRACTIC          ,IA,52803-5287,Private      ,4,76,80,94,2321,2415
01300600,LA' JAMES INTERNATIONAL COLLEGE-CF      ,IA,50613-5242,Proprietary  ,2,15,17,25,54,79
02090300,CAPRI COLLEGE                           ,IA,52404-0000,Proprietary  ,8,33,41,105,228,333
02134500,LA JAMES INTERNATIONAL COLLEGE - DAV    ,IA,52806-3952,Proprietary  ,10,19,29,35,99,134
02160900,PCI ACADEMY                             ,IA,50010-6062,Proprietary  ,4,9,13,111,83,194
02262500,FAUST INSTITUTE OF COSMETOLOGY          ,IA,50588-0000,Proprietary  ,2,8,10,13,31,44
02274100,LA' JAMES INTERNATIONAL COLLEGE - DM    ,IA,50131-0000,Proprietary  ,8,21,29,47,126,173
02289000,AMERICAN HAIR ACADEMY                   ,IA,52627-4530,Proprietary  ,7,3,10,22,31,53
02306900,IOWA SCHOOL OF BEAUTY                   ,IA,52501-0000,Proprietary  ,8,7,15,43,42,85
02328900,EMMAUS BIBLE COLLEGE                    ,IA,52001-0000,Private      ,5,3,8,233,71,304
02330900,IOWA SCHOOL OF BEAUTY                   ,IA,50158-0000,Proprietary  ,4,9,13,18,45,63
02609200,VATTEROTT COLLEGE                       ,IA,50321-4704,Proprietary  ,6,64,70,79,447,526
03065302,PAUL MITCHELL THE SCHOOL DAVENPORT      ,IA,52806-4000,Proprietary  ,0,0,0,18,12,30
03069100,ALLEN COLLEGE                           ,IA,50703-1916,Private      ,9,47,56,373,615,988
03441300,IOWA SCHOOL OF BEAUTY                   ,IA,51106-5111,Proprietary  ,3,9,12,36,71,107
03607400,TOTAL LOOK SCHOOL OF COSMETOLOGY AND MAS,IA,52136-1053,Proprietary  ,0,5,5,3,14,17
03720300,CARLSON COLLEGE OF MASSAGE THERAPY      ,IA,52205-7519,Proprietary  ,0,10,10,10,40,50
04051313,ART INSTITUTE OF PHOENIX (THE) - BROWN M,IA,52722-3628,Proprietary  ,3,2,5,18,69,87
04177800,SALON PROFESSIONAL ACADEMY (THE)        ,IA,52240-6083,Proprietary  ,2,10,12,38,60,98
04203300,AVEDA INSTITUTE DES MOINES              ,IA,50266-8137,Proprietary  ,18,18,36,149,163,312
00259600,ATLANTIC COMMUNITY COLLEGE              ,NJ,08330-2699,Public       ,237,532,769,3661,4457,8118
00259700,BLOOMFIELD COLLEGE                      ,NJ,07003-3425,Private      ,98,125,223,3074,1524,4598
00259800,CALDWELL COLLEGE                        ,NJ,07006-6195,Private      ,86,97,183,2837,1146,3983
00259900,CENTENARY COLLEGE                       ,NJ,07840-2184,Private      ,28,65,93,1635,927,2562
00260000,COLLEGE OF SAINT ELIZABETH              ,NJ,07960-6989,Private      ,26,51,77,696,682,1378
00260100,CUMBERLAND COUNTY COLLEGE               ,NJ,08362-9912,Public       ,140,356,496,2283,3089,5372
00260300,DREW UNIVERSITY                         ,NJ,07940-4063,Private      ,75,43,118,2553,594,3147
00260700,FAIRLEIGH DICKINSON UNIV-TEANECK        ,NJ,07666-1996,Private      ,144,243,387,4671,2858,7529
00260701,FAIRLEIGH DICKINSON UNIV-FLORHAM        ,NJ,07940-0000,Private      ,107,54,161,4279,1116,5395
00260702,FAIRLEIGH DICKINSON UNIV-ED WMS CLG     ,NJ,07601-0000,Private      ,19,34,53,492,470,962
00260703,FAIRLEIGH DICKINSON UNIVERSITY          ,NJ,07940-0000,Private      ,44,40,84,1590,669,2259
00260800,GEORGIAN COURT UNIVERSITY               ,NJ,08701-2697,Private      ,57,173,230,1717,1237,2954
00260900,ROWAN UNIVERSITY                        ,NJ,08028-1702,Public       ,509,502,1011,18182,6459,24641
00261000,FELICIAN COLLEGE                        ,NJ,07644-2198,Private      ,62,118,180,1999,1363,3362
00261300,NEW JERSEY CITY UNIVERSITY              ,NJ,07305-1597,Public       ,186,471,657,5321,6264,11585
00261500,MIDDLESEX COUNTY COLLEGE                ,NJ,08818-3050,Public       ,406,585,991,6707,5193,11900
00261600,MONMOUTH UNIVERSITY                     ,NJ,07764-1898,Private      ,233,169,402,8960,2541,11501
00261700,MONTCLAIR STATE UNIVERSITY              ,NJ,07043-9987,Public       ,611,586,1197,21404,8184,29588
00261900,NEW BRUNSWICK THEOLOGICAL SEMINARY      ,NJ,08901-0000,Private      ,1,11,12,62,188,250
00262100,NEW JERSEY INST OF TECHNOLOGY           ,NJ,07102-1982,Public       ,234,287,521,8582,3953,12535
00262200,KEAN UNIVERSITY                         ,NJ,07083-7131,Public       ,408,599,1007,13355,9290,22645
00262400,OCEAN COUNTY COLLEGE                    ,NJ,08754-2001,Public       ,241,493,734,4779,4189,8968
00262500,WILLIAM PATERSON UNIVERSITY             ,NJ,07470-2152,Public       ,341,344,685,13261,5465,18726
00262600,PRINCETON THEOLOGICAL SEMINARY          ,NJ,08542-0000,Private      ,3,15,18,18,612,630
00262700,PRINCETON UNIVERSITY                    ,NJ,08544-0001,Private      ,581,121,702,16869,1488,18357
00262800,RIDER UNIVERSITY                        ,NJ,08648-3099,Private      ,230,115,345,8747,1676,10423
00262900,"RUTGERS, THE STATE UNIVERSITY OF NJ     ",NJ,08901-1281,Public       ,1490,1804,3294,52719,29265,81984
00263200,SETON HALL UNIVERSITY                   ,NJ,07079-2697,Private      ,338,296,634,12983,3942,16925
00263201,SETON HALL UNIVERSITY - SCHOOL OF LAW   ,NJ,07079-5210,Private      ,26,82,108,330,1476,1806
00263800,SAINT PETER'S UNIVERSITY                ,NJ,07306-5997,Private      ,98,164,262,4198,2024,6222
00263900,STEVENS INSTITUTE OF TECHNOLOGY         ,NJ,07030-5370,Private      ,151,67,218,6003,629,6632
00264200,COLLEGE OF NEW JERSEY (THE)             ,NJ,08628-0718,Public       ,334,117,451,12481,1476,13957
00264300,UNION COUNTY COLLEGE                    ,NJ,07016-1598,Public       ,314,701,1015,5546,7813,13359
00473600,BERGEN COMMUNITY COLLEGE                ,NJ,07652-1595,Public       ,508,580,1088,8640,5875,14515
00474000,MERCER COUNTY COMMUNITY COLLEGE         ,NJ,08690-0000,Public       ,193,441,634,3617,3954,7571
00539900,MONMOUTH COUNTY VOCATIONAL SCH DIST     ,NJ,07728-5033,Public       ,5,11,16,85,158,243
00545200,TETERBORO SCH OF AERONAUTICS            ,NJ,07608-1083,Proprietary  ,11,19,30,97,117,214
00546100,SALEM COMMUNITY COLLEGE                 ,NJ,08069-2799,Public       ,23,73,96,539,774,1313
00641700,HOLY NAME MEDICAL CENTER SCHOOL OF NURSI,NJ,07666-4254,Private      ,3,22,25,79,287,366
00642000,MOUNTAINSIDE HOSP SCH NRSG              ,NJ,07042-4898,Proprietary  ,2,6,8,25,122,147
00642100,MUHLENBERG SNYDER SCHOOLS               ,NJ,07061-3399,Private      ,11,34,45,134,481,615
00642900,ST FRANCIS MEDICAL CTR SCH NURSING      ,NJ,08629-1986,Private      ,2,13,15,26,135,161
00642902,ST FRANCIS MED CTR RAD TECH             ,NJ,08629-0000,Private      ,3,3,6,18,49,67
00686500,CAMDEN COUNTY COLLEGE                   ,NJ,08012-3240,Public       ,368,1028,1396,6069,8110,14179
00690100,GLOUCESTER COUNTY COLLEGE               ,NJ,08080-4249,Public       ,158,308,466,3917,3039,6956
00710700,ESSEX COUNTY COLLEGE                    ,NJ,07102-1798,Public       ,304,835,1139,5742,9014,14756
00750200,BERKELEY COLLEGE                        ,NJ,07424-3367,Proprietary  ,152,433,585,2877,4231,7108
00759300,PARISIAN BEAUTY ACADEMY                 ,NJ,07601-5509,Proprietary  ,15,45,60,163,275,438
00772900,COUNTY COLLEGE OF MORRIS                ,NJ,07869-0000,Public       ,188,231,419,3895,2203,6098
00773000,BURLINGTON COUNTY COLLEGE               ,NJ,08068-1599,Public       ,256,620,876,4252,5197,9449
00773100,RARITAN VALLEY COMMUNITY COLLEGE        ,NJ,08876-1265,Public       ,135,266,401,2898,2276,5174
00780401,STAR CAREER ACADEMY - STAR LAKEWOOD     ,NJ,08701-5900,Proprietary  ,11,59,70,126,371,497
00780402,STAR CAREER ACADEMY - STAR EGG HARBOR   ,NJ,08234-4863,Proprietary  ,26,92,118,102,377,479
00793808,LINCOLN TECHNICAL INSTITUTE - SOUTH PLAI,NJ,07080-2424,Proprietary  ,17,35,52,209,223,432
00793810,LINCOLN TECHNICAL INSTITUTE - MAHWAH    ,NJ,07430-2106,Proprietary  ,57,71,128,478,457,935
00793811,LINCOLN TECHNICAL INSTITUTE - UNION     ,NJ,07083-5032,Proprietary  ,77,115,192,779,820,1599
00794700,BETH MEDRASH GOVOHA OF AMERICA          ,NJ,08701-0000,Private      ,66,351,417,346,1772,2118
00840400,BROOKDALE COMMUNITY COLLEGE             ,NJ,07738-1597,Public       ,283,486,769,5704,4367,10071
00849400,HO HO KUS SCHL OF TRADE & TECH SCIENCES ,NJ,07513-1402,Proprietary  ,17,43,60,115,196,311
00860900,RABBINICAL COLLEGE OF AMERICA           ,NJ,07960-3600,Private      ,24,5,29,89,13,102
00907800,CAPRI INSTITUTE OF HAIR DESIGN          ,NJ,07011-2111,Proprietary  ,7,18,25,79,165,244
00934400,RAMAPO COLLEGE OF NEW JERSEY            ,NJ,07430-1680,Public       ,244,107,351,8214,1676,9890
00934500,RICHARD STOCKTON COLLEGE OF NJ          ,NJ,08205-9441,Public       ,264,232,496,9826,3505,13331
00982804,EVEREST INSTITUTE - SOUTH PLAINFIELD    ,NJ,07080-1125,Private      ,22,53,75,191,372,563
00999400,PASSAIC COUNTY COMMUNITY COLLEGE        ,NJ,07505-1179,Public       ,257,504,761,4417,5113,9530
01062900,P B COSMETOLOGY EDUCATION CENTRE        ,NJ,08030-1750,Proprietary  ,9,13,22,114,149,263
01085100,ANTHEM INSTITUTE                        ,NJ,07054-3409,Proprietary  ,33,128,161,157,566,723
01085101,ANTHEM INSTITUTE                        ,NJ,07306-0000,Proprietary  ,4,9,13,34,103,137
01085102,ANTHEM INSTITUTE                        ,NJ,08902-0000,Proprietary  ,3,22,25,31,97,128
01090300,RIZZIERI INSTITUTE                      ,NJ,08043-4600,Proprietary  ,18,23,41,124,161,285
01152300,MORRIS COUNTY SCHOOL OF TECHNOLOGY      ,NJ,07834-0000,Public       ,5,7,12,58,84,142
01198900,TALMUDICAL ACADEMY                      ,NJ,07710-0000,Private      ,10,1,11,39,6,45
01209000,ROBERT FIANCE BEAUTY SCHOOLS            ,NJ,08861-4118,Proprietary  ,14,47,61,85,157,242
01246100,LINCOLN TECHNICAL INSTITUTE             ,NJ,08820-2896,Proprietary  ,23,78,101,253,597,850
01246102,LINCOLN TECHNICAL INSTITUTE             ,NJ,08057-3212,Proprietary  ,14,83,97,185,735,920
01246103,LINCOLN TECHNICAL INSTITUTE             ,NJ,07652-2106,Proprietary  ,32,98,130,392,697,1089
01246200,HOHOKUS - HACKENSACK SCHOOL OF BUSINESS ,NJ,07601-7197,Proprietary  ,31,84,115,152,493,645
01295400,HUDSON COUNTY COMMUNITY COLLEGE         ,NJ,07306-4012,Public       ,310,651,961,5552,6232,11784
02053700,EASTWICK COLLEGE                        ,NJ,07446-0000,Proprietary  ,38,116,154,337,1108,1445
02061800,ROMAN ACADEMY OF BEAUTY CULTURE         ,NJ,07506-0000,Proprietary  ,2,9,11,15,25,40
02092300,HOHOKUS SCHOOL - RETS/NUTLEY            ,NJ,07110-0000,Proprietary  ,42,72,114,195,393,588
02103700,CAPRI INSTITUTE OF HAIR DESIGN          ,NJ,07652-0000,Proprietary  ,5,20,25,53,93,146
02104000,HARRIS SCHOOL OF BUSINESS               ,NJ,08002-2983,Proprietary  ,77,393,470,332,1493,1825
02106601,AMERICAN INSTITUTE - CLIFTON            ,NJ,07011-2345,Proprietary  ,37,112,149,258,637,895
02106605,AMERICAN INSTITUTE - TOMS RIVER         ,NJ,08755-1524,Proprietary  ,27,103,130,124,468,592
02131100,DU CRET SCHOOL OF THE ARTS              ,NJ,07060-0000,Private      ,0,1,1,27,18,45
02131600,PENNCO TECH                             ,NJ,08012-0000,Proprietary  ,59,146,205,464,752,1216
02132300,FORTIS INSTITUTE                        ,NJ,07470-7041,Proprietary  ,37,92,129,380,636,1016
02146800,JOE KUBERT SCH OF CARTOON & GRAPHIC     ,NJ,07801-0000,Proprietary  ,2,4,6,77,70,147
02154000,DIVERS ACAD OF EASTERN SEABOARD         ,NJ,08081-1139,Proprietary  ,11,26,37,80,147,227
02183600,CAPRI INSTITUTE OF HAIR DESIGN          ,NJ,07033-0000,Proprietary  ,8,25,33,56,111,167
02192200,THOMAS EDISON STATE COLLEGE             ,NJ,08608-0000,Public       ,49,1079,1128,511,8104,8615
02219600,OMEGA INSTITUTE                         ,NJ,08109-0000,Proprietary  ,0,0,0,5,25,30
02223700,ROBERT FIANCE BEAUTY SCHOOLS            ,NJ,07093-4623,Proprietary  ,17,51,68,71,237,308
02223900,DRAKE COLLEGE OF BUSINESS               ,NJ,07201-0000,Proprietary  ,0,0,0,31,75,106
02223902,DRAKE COLLEGE OF BUSINESS - NEWARK CAMPU,NJ,07112-2760,Proprietary  ,0,0,0,57,169,226
02232500,UNION COUNTY VOCATIONAL TECH INST       ,NJ,07076-0000,Public       ,7,14,21,72,93,165
02234600,ATLANTIC BEAUTY & SPA ACADEMY           ,NJ,08234-2621,Proprietary  ,11,32,43,65,144,209
02246000,ROSS UNIVERSITY - MEDICAL SCHOOL        ,NJ,08837-0000,Proprietary  ,0,247,247,20,3515,3535
02248600,COOPER HEALTH SYS-CTR ALLIED HEALTH     ,NJ,08103-0000,Private      ,8,43,51,106,335,441
02265500,CAPRI INSTITUTE OF HAIR DESIGN          ,NJ,08724-0000,Proprietary  ,12,22,34,60,157,217
02277900,ROSS UNIV - SCH OF VETERINARY MED       ,NJ,08837-0000,Proprietary  ,1,93,94,16,1579,1595
02312000,BERGEN COUNTY TECHNICAL SCHOOLS         ,NJ,07601-6110,Public       ,15,26,41,101,160,261
02503900,WARREN COUNTY COMMUNITY COLLEGE         ,NJ,07882-0000,Public       ,19,67,86,645,631,1276
02523700,OCEAN COUNTY VOCATIONAL-TECH SCHOOL     ,NJ,08753-0000,Public       ,9,32,41,254,450,704
02525900,ARTISTIC ACADEMY OF HAIR DESIGN         ,NJ,07950-1409,Proprietary  ,13,13,26,84,94,178
02528200,ROBERT FIANCE BEAUTY SCHOOLS            ,NJ,07060-4840,Proprietary  ,7,23,30,65,150,215
02558700,PRISM CAREER INSTITUTE                  ,NJ,08037-0000,Proprietary  ,16,95,111,143,776,919
02568800,SUSSEX COUNTY COMMUNITY COLLEGE         ,NJ,07860-1149,Public       ,47,100,147,1450,1002,2452
02586900,HARRIS SCHOOL OF BUSINESS               ,NJ,08043-2604,Proprietary  ,41,205,246,139,711,850
02616402,SANFORD-BROWN INSTITUTE - ISELIN        ,NJ,08830-0000,Proprietary  ,5,6,11,66,224,290
03077500,RABBI JACOB JOSEPH SCHOOL               ,NJ,08817-4494,Private      ,5,0,5,34,3,37
03122600,EASTERN INTERNATIONAL COLLEGE           ,NJ,07306-3906,Proprietary  ,14,50,64,165,526,691
03187300,STENOTECH CAREER INSTITUTE              ,NJ,07004-0000,Proprietary  ,0,0,0,4,19,23
03197300,INSTITUTE FOR HEALTH EDUCATION(THE)     ,NJ,07306-2929,Proprietary  ,0,0,0,2,7,9
03324300,CENTRAL CAREER SCHOOL                   ,NJ,07080-2408,Proprietary  ,10,61,71,47,183,230
03380302,STAR CAREER ACADEMY - STAR NEWARK       ,NJ,07102-4510,Proprietary  ,28,98,126,179,619,798
03380303,STAR CAREER ACADEMY - STAR CLIFTON      ,NJ,07011-2248,Proprietary  ,9,48,57,88,263,351
03536300,INSTITUTE FOR THERAPEUTIC MASSAGE       ,NJ,07420-1452,Proprietary  ,1,37,38,20,143,163
03650600,PC AGE                                  ,NJ,07306-3936,Proprietary  ,15,51,66,60,316,376
03650603,PC AGE                                  ,NJ,08817-2842,Proprietary  ,0,9,9,21,58,79
03666300,PILLAR COLLEGE                          ,NJ,07102-5511,Private      ,10,106,116,96,782,878
03803300,HEALTHCARE TRAINING INSTITUTE           ,NJ,07083-3504,Proprietary  ,15,43,58,95,329,424
03811300,EASTERN SCHOOL OF ACUPUNCTURE AND TRADIT,NJ,07042-3562,Proprietary  ,2,11,13,7,67,74
04081300,BAIS MEDRASH TORAS CHESED               ,NJ,08701-0000,Private      ,10,4,14,30,18,48
04123400,YESHIVAS BE'ER YITZCHOK                 ,NJ,07208-2380,Private      ,9,21,30,26,54,80
04125000,GENTLE HEALING SCHOOL OF MASSAGE        ,NJ,08512-3600,Proprietary  ,1,8,9,4,36,40
04131100,YESHIVA TORAS CHAIM                     ,NJ,08701-2120,Private      ,10,0,10,107,1,108
04131200,TOTAL IMAGE BEAUTY ACADEMY              ,NJ,07307-2943,Proprietary  ,7,38,45,28,125,153
04134100,JERSEY COLLEGE                          ,NJ,07608-1104,Proprietary  ,32,337,369,219,2506,2725
04136400,AMERICAN INSTITUTE OF MEDICAL SCIENCES &,NJ,07080-1183,Proprietary  ,18,46,64,100,333,433
04154500,STARTING POINTS FOR CHILDREN            ,NJ,07306-0001,Private      ,2,25,27,21,91,112
04154900,NATIONAL CAREER INSTITUTE               ,NJ,07018-2011,Proprietary  ,6,80,86,35,303,338
04154901,NATIONAL CAREER INSTITUTE - JERSEY CITY ,NJ,07306-4300,Proprietary  ,3,41,44,43,194,237
04173100,LAB PAUL MITCHELL PARTNER SCHOOL (THE)  ,NJ,08628-2500,Proprietary  ,8,10,18,50,71,121
04180300,MESIVTA KESER TORAH                     ,NJ,07719-2409,Private      ,1,5,6,3,6,9
04181400,BEST CARE TRAINING INSTITUTE            ,NJ,07018-1703,Proprietary  ,2,17,19,16,136,152
04184500,CHRISTINE VALMY INTERNATIONAL SCHOOL OF ,NJ,07058-9589,Proprietary  ,3,17,20,28,70,98
04188700,ASI CAREER INSTITUTE                    ,NJ,08012-1043,Proprietary  ,2,32,34,15,163,178
04192400,YESHIVA GEDOLAH ZICHRON LEYMA           ,NJ,07036-3905,Private      ,3,2,5,8,4,12
04207500,MEDICAL CAREER INSTITUTE                ,NJ,07712-7202,Proprietary  ,10,32,42,37,160,197
04215600,AMERICAN INSTITUTE OF PHARMACEUTICAL TEC,NJ,07601-9991,Proprietary  ,0,10,10,53,439,492
04216000,UNIVERSAL TRAINING INSTITUTE            ,NJ,08861-4106,Proprietary  ,3,50,53,23,170,193
04216100,YESHIVA YESODEI HATORAH                 ,NJ,08701-4946,Private      ,0,0,0,1,0,1
04216500,RIZZIERI INSTITUTE                      ,NJ,08043-1911,Proprietary  ,2,15,17,40,85,125
04218200,PAUL MITCHELL THE SCHOOL - JERSEY SHORE ,NJ,08723-3413,Proprietary  ,27,28,55,94,139,233
04218500,SALON PROFESSIONAL ACADEMY THE          ,NJ,07080-0000,Proprietary  ,8,37,45,58,169,227
04243300,GARDEN STATE SCIENCE AND TECHNOLOGY INST,NJ,07306-2714,Proprietary  ,0,2,2,0,2,2
00266500,VAUGHN COLLEGE OF AERONAUTICS AND TECHNO,NY,11369-9997,Private      ,65,73,138,1249,921,2170
00266600,ADELPHI UNIVERSITY                      ,NY,11530-4299,Private      ,284,302,586,9092,4259,13351
00266700,DOWLING COLLEGE                         ,NY,11769-1999,Private      ,33,59,92,1642,817,2459
00266800,ALFRED UNIVERSITY                       ,NY,14802-1205,Private      ,75,64,139,3771,700,4471
00266900,BANK STREET COLLEGE OF EDUCATION        ,NY,10025-0000,Private      ,0,43,43,16,672,688
00267100,BARD COLLEGE                            ,NY,12504-5000,Private      ,108,21,129,3895,632,4527
00267400,NEW YORK THEOLOGICAL SEMINARY           ,NY,10115-0002,Private      ,0,23,23,6,277,283
00267700,BROOKLYN LAW SCHOOL                     ,NY,11201-0000,Private      ,12,54,66,74,2347,2421
00267800,BRYANT & STRATTON COLLEGE               ,NY,14203-1713,Proprietary  ,231,1845,2076,2330,14408,16738
00267803,BRYANT & STRATTON COLLEGE - GREECE      ,NY,14606-4227,Proprietary  ,21,175,196,274,1234,1508
00267805,BRYANT & STRATTON COLLEGE - SYRACUSE    ,NY,13203-2502,Proprietary  ,37,181,218,559,1341,1900
00267807,BRYANT & STRATTON COLLEGE - ALBANY      ,NY,12205-5230,Proprietary  ,22,105,127,218,842,1060
00268100,CANISIUS COLLEGE                        ,NY,14208-1098,Private      ,100,101,201,4799,1673,6472
00268500,CAZENOVIA COLLEGE                       ,NY,13035-1085,Private      ,26,12,38,2054,255,2309
00268700,CUNY-BROOKLYN COLLEGE                   ,NY,11210-2814,Public       ,680,1025,1705,21160,12699,33859
00268800,CITY COLLEGE-CUNY                       ,NY,10031-9198,Public       ,735,936,1671,21477,11410,32887
00268900,CUNY-HUNTER COLLEGE                     ,NY,10021-0000,Public       ,906,1399,2305,28655,15987,44642
00269000,QUEENS COLLEGE-CUNY                     ,NY,11367-1597,Public       ,617,698,1315,19299,9354,28653
00269100,CUNY- BOROUGH OF MANHATTAN CMTY CLG     ,NY,10007-1047,Public       ,1804,1900,3704,29829,18345,48174
00269200,CUNY BRONX COMMUNITY COLLEGE            ,NY,10453-3102,Public       ,725,1230,1955,11921,11233,23154
00269300,CUNY-JOHN JAY CLG CRIMINAL JUSTICE      ,NY,10019-1093,Public       ,552,749,1301,17410,8835,26245
00269400,KINGSBOROUGH COMMUNITY COLLEGE          ,NY,11235-2398,Public       ,801,805,1606,14210,8483,22693
00269600,NY CITY COLLEGE OF TECHNOLOGY-CUNY      ,NY,11201-2983,Public       ,761,951,1712,19652,10199,29851
00269700,QUEENSBOROUGH COMMUNITY COLLEGE         ,NY,11364-1497,Public       ,799,737,1536,15475,7090,22565
00269800,CUNY THE COLLEGE OF STATEN ISLAND       ,NY,10314-6600,Public       ,529,405,934,14231,4960,19191
00269900,CLARKSON UNIVERSITY                     ,NY,13699-5615,Private      ,132,28,160,6504,563,7067
00270000,COLGATE ROCHESTER CROZER DIVINITY S     ,NY,14620-0000,Private      ,1,11,12,10,94,104
00270100,COLGATE UNIVERSITY                      ,NY,13346-1386,Private      ,111,5,116,4360,117,4477
00270300,COLLEGE OF MOUNT SAINT VINCENT          ,NY,10471-1093,Private      ,52,28,80,2704,510,3214
00270400,COLLEGE OF NEW ROCHELLE                 ,NY,10805-2339,Private      ,51,317,368,1119,4102,5221
00270500,COLLEGE OF SAINT ROSE                   ,NY,12203-1490,Private      ,89,154,243,4936,1609,6545
00270700,COLUMBIA UNIVERSITY                     ,NY,10027-0000,Private      ,833,947,1780,25007,20721,45728
00270800,BARNARD COLLEGE-COLUMBIA UNIV           ,NY,10027-6598,Private      ,153,34,187,5051,457,5508
00270900,CONCORDIA COLLEGE                       ,NY,10708-1998,Private      ,22,63,85,907,789,1696
00271000,COOPER UNION                            ,NY,10003-7120,Private      ,70,28,98,1959,274,2233
00271100,CORNELL UNIVERSITY                      ,NY,14853-2801,Private      ,831,236,1067,29686,5814,35500
00271101,WEILL CORNELL MEDICAL COLLEGE AND GRADUA,NY,10021-0000,Private      ,10,21,31,51,713,764
00271200,D'YOUVILLE COLLEGE                      ,NY,14201-1084,Private      ,47,124,171,1955,2161,4116
00271300,DOMINICAN COLLEGE                       ,NY,10962-1299,Private      ,44,84,128,1870,985,2855
00271800,ELMIRA COLLEGE                          ,NY,14901-2099,Private      ,42,25,67,2193,335,2528
00272200,FORDHAM UNIVERSITY                      ,NY,10458-5157,Private      ,834,522,1356,27942,8317,36259
00272600,GENERAL THEOLOGICAL SEMINARY            ,NY,10011-0000,Private      ,0,5,5,2,61,63
00272800,HAMILTON COLLEGE                        ,NY,13323-1218,Private      ,78,7,85,3169,97,3266
00272900,HARTWICK COLLEGE                        ,NY,13820-4020,Private      ,36,15,51,2589,164,2753
00273100,HOBART & WILLIAM SMITH COLLEGES         ,NY,14456-3397,Private      ,72,6,78,3117,111,3228
00273200,HOFSTRA UNIVERSITY                      ,NY,11549-1010,Private      ,501,285,786,17916,5229,23145
00273400,HOUGHTON COLLEGE                        ,NY,14744-0128,Private      ,18,12,30,1287,160,1447
00273500,HILBERT COLLEGE                         ,NY,14075-1597,Private      ,26,17,43,1014,320,1334
00273700,IONA COLLEGE                            ,NY,10801-1890,Private      ,175,79,254,8345,1206,9551
00273900,ITHACA COLLEGE                          ,NY,14850-7130,Private      ,311,58,369,14254,1112,15366
00274000,JEWISH THEOLOGICAL SEMINARY OF AMER     ,NY,10027-4649,Private      ,1,8,9,126,138,264
00274200,THE JUILLIARD SCHOOL                    ,NY,10023-6588,Private      ,97,43,140,1565,839,2404
00274400,KEUKA COLLEGE                           ,NY,14478-0000,Private      ,46,89,135,2083,1243,3326
00274800,LEMOYNE COLLEGE                         ,NY,13214-1399,Private      ,118,66,184,5462,1011,6473
00274900,NEW YORK COLLEGE OF PODIATRIC MED       ,NY,10035-1940,Private      ,2,19,21,37,455,492
00275100,LONG ISLAND UNIVERSITY                  ,NY,11548-1326,Private      ,338,582,920,12756,10242,22998
00275800,MANHATTAN COLLEGE                       ,NY,10471-4098,Private      ,184,71,255,7230,862,8092
00275900,MANHATTAN SCHOOL OF MUSIC               ,NY,10027-4689,Private      ,67,30,97,734,657,1391
00276000,MANHATTANVILLE COLLEGE                  ,NY,10577-2132,Private      ,70,67,137,3244,838,4082
00276300,MARIA COLLEGE                           ,NY,12208-1798,Private      ,25,61,86,353,784,1137
00276500,MARIST COLLEGE                          ,NY,12601-1387,Private      ,261,122,383,9024,1303,10327
00276900,MARYMOUNT MANHATTAN COLLEGE             ,NY,10021-4597,Private      ,133,40,173,4232,377,4609
00277200,MERCY COLLEGE                           ,NY,10522-1189,Private      ,219,641,860,5902,7103,13005
00277500,MOLLOY COLLEGE                          ,NY,11570-1100,Private      ,140,190,330,4442,2332,6774
00277700,MEDAILLE COLLEGE                        ,NY,14214-2695,Private      ,42,223,265,1606,1762,3368
00277800,MOUNT SAINT MARY COLLEGE                ,NY,12550-3494,Private      ,88,89,177,3802,1158,4960
00277900,NAZARETH COLLEGE OF ROCHESTER           ,NY,14618-3790,Private      ,82,90,172,3778,1435,5213
00278200,NEW YORK INSTITUTE OF TECHNOLOGY        ,NY,11568-8000,Private      ,174,160,334,6534,2380,8914
00278202,NY INSTITUTE OF TECHNOLOGY-OSTEOPATHIC M,NY,11568-0000,Private      ,2,6,8,56,1174,1230
00278300,NEW YORK LAW SCHOOL                     ,NY,10013-0000,Private      ,11,53,64,72,2035,2107
00278400,NEW YORK MEDICAL COLLEGE                ,NY,10595-0000,Private      ,4,39,43,34,1764,1798
00278500,NEW YORK UNIVERSITY                     ,NY,10012-1091,Private      ,1989,1608,3597,48295,26918,75213
00278800,NIAGARA UNIVERSITY                      ,NY,14109-2010,Private      ,76,72,148,4029,1010,5039
00279000,NYACK COLLEGE                           ,NY,10960-3698,Private      ,32,108,140,1194,1680,2874
00279100,PACE UNIVERSITY - NEW YORK              ,NY,10038-1598,Private      ,414,342,756,13559,4100,17659
00279101,PACE UNIVERSITY-PLEASANTVILLE           ,NY,10570-0000,Private      ,94,116,210,3989,1270,5259
00279102,PACE UNIVERSITY - WHITE PLAINS          ,NY,10603-0000,Private      ,18,65,83,579,1465,2044
00279500,PAUL SMITHS CLG OF ARTS & SCIENCES      ,NY,12970-0000,Private      ,19,10,29,1258,189,1447
00279800,PRATT INSTITUTE                         ,NY,11205-3899,Private      ,286,116,402,5326,2048,7374
00280300,RENSSELAER POLYTECHNIC INSTITUTE        ,NY,12180-3590,Private      ,284,38,322,12653,708,13361
00280500,ROBERTS WESLEYAN COLLEGE                ,NY,14624-1997,Private      ,30,130,160,1548,1324,2872
00280600,ROCHESTER INSTITUTE OF TECHNOLOGY       ,NY,14623-5608,Private      ,418,173,591,17791,2622,20413
00280700,ROCKEFELLER UNIVERSITY                  ,NY,10021-0000,Private      ,5,11,16,24,60,84
00280800,DAEMEN COLLEGE                          ,NY,14226-3592,Private      ,65,87,152,2914,1263,4177
00281000,THE SAGE COLLEGES                       ,NY,12180-4199,Private      ,24,122,146,2292,1954,4246
00281200,TROCAIRE COLLEGE                        ,NY,14220-2094,Private      ,36,148,184,816,1564,2380
00281300,SARAH LAWRENCE COLLEGE                  ,NY,10708-5999,Private      ,79,19,98,2276,637,2913
00281400,SKIDMORE COLLEGE                        ,NY,12866-1632,Private      ,110,14,124,4800,156,4956
00281500,ST BERNARDS SCH THEOLOGY & MINISTRY     ,NY,14618-3822,Private      ,0,3,3,2,34,36
00281600,SIENA COLLEGE                           ,NY,12211-1462,Private      ,116,16,132,6253,339,6592
00281700,ST BONAVENTURE UNIVERSITY               ,NY,14778-2284,Private      ,47,33,80,2829,419,3248
00282000,ST FRANCIS COLLEGE                      ,NY,11201-4398,Private      ,134,90,224,3147,876,4023
00282100,ST JOHN FISHER COLLEGE                  ,NY,14618-3597,Private      ,95,82,177,4931,1738,6669
00282200,CHRIST THE KING SEMINARY                ,NY,14052-0607,Private      ,0,0,0,0,2,2
00282300,ST JOHN'S UNIVERSITY                    ,NY,11439-1343,Private      ,387,263,650,22974,6010,28984
00282500,ST JOSEPH'S COLLEGE                     ,NY,11205-3688,Private      ,64,77,141,1554,830,2384
00282501,ST JOSEPH'S COLLEGE-SUFFOLK CAMPUS      ,NY,11772-0000,Private      ,108,160,268,2840,1709,4549
00282900,ST LAWRENCE UNIVERSITY                  ,NY,13617-1455,Private      ,56,13,69,3227,168,3395
00283200,ST THOMAS AQUINAS COLLEGE               ,NY,10976-1050,Private      ,77,13,90,1900,255,2155
00283300,ST VLADIMIR ORTHODOX THEOL SEM          ,NY,10707-0000,Private      ,0,1,1,0,47,47
00283400,EXCELSIOR COLLEGE                       ,NY,12203-5159,Private      ,103,2361,2464,773,14866,15639
00283500,SUNY AT ALBANY                          ,NY,12222-0001,Public       ,601,314,915,22622,4938,27560
00283600,BINGHAMTON UNIVERSITY (SUNY)            ,NY,13902-6000,Public       ,668,181,849,27264,3106,30370
00283700,SUNY AT BUFFALO                         ,NY,14260-0001,Public       ,667,411,1078,25972,9676,35648
00283800,SUNY AT STONY BROOK                     ,NY,11794-0701,Public       ,845,461,1306,29479,8230,37709
00283900,SUNY-DOWNSTATE MEDICAL CENTER           ,NY,11203-2098,Public       ,18,70,88,215,2338,2553
00284000,SUNY UPSTATE MEDICAL UNIVERSITY         ,NY,13210-2375,Public       ,18,29,47,267,1459,1726
00284100,SUNY BROCKPORT - FIN AID OFF            ,NY,14420-2914,Public       ,236,239,475,10245,3028,13273
00284200,BUFFALO STATE COLLEGE - SUNY            ,NY,14222-1095,Public       ,446,372,818,15084,4712,19796
00284300,SUNY COLLEGE-CORTLAND                   ,NY,13045-0900,Public       ,264,75,339,11769,1378,13147
00284400,SUNY AT FREDONIA                        ,NY,14063-1145,Public       ,143,48,191,7202,928,8130
00284500,SUNY GENESEO                            ,NY,14454-1401,Public       ,200,43,243,9180,603,9783
00284600,SUNY COLLEGE-NEW PALTZ                  ,NY,12561-2499,Public       ,328,148,476,13343,2198,15541
00284700,SUNY COLLEGE-ONEONTA                    ,NY,13820-4015,Public       ,220,56,276,11467,866,12333
00284800,SUNY OSWEGO                             ,NY,13126-3599,Public       ,261,121,382,11836,1900,13736
00284900,SUNY COLLEGE AT PLATTSBURGH             ,NY,12901-2681,Public       ,150,93,243,8177,1403,9580
00285000,SUNY COLLEGE-POTSDAM                    ,NY,13676-2294,Public       ,131,56,187,5891,924,6815
00285100,SUNY COLLEGE OF ENVIRONMENT SCIENCE AND ,NY,13210-2778,Public       ,69,39,108,2480,595,3075
00285300,SUNY MARITIME COLLEGE                   ,NY,10465-4198,Public       ,51,37,88,2103,426,2529
00285400,SUNY COLLEGE OF TECHNOLOGY-ALFRED       ,NY,14802-9951,Public       ,108,66,174,5002,996,5998
00285500,SUNY CANTON COLG OF TECHNOLOGY          ,NY,13617-1098,Public       ,87,134,221,3783,1452,5235
00285600,SUNY AG & TECH COLLEGE-COBLESKILL       ,NY,12043-9986,Public       ,93,41,134,3581,633,4214
00285700,SUNY DELHI                              ,NY,13753-1190,Public       ,123,106,229,4348,1319,5667
00285800,SUNY FARMINGDALE                        ,NY,11735-1021,Public       ,299,260,559,7530,2985,10515
00285900,SUNY COLLEGE OF AG & TECH AT MORRISVILLE,NY,13408-0901,Public       ,96,92,188,4102,917,5019
00286000,ADIRONDACK COMMUNITY COLLEGE            ,NY,12804-1445,Public       ,101,158,259,2349,1652,4001
00286100,CAYUGA COMMUNITY COLLEGE                ,NY,13021-3099,Public       ,90,188,278,1643,1913,3556
00286200,BROOME COMMUNITY COLLEGE                ,NY,13902-0000,Public       ,163,282,445,4628,2934,7562
00286300,CORNING COMMUNITY COLLEGE               ,NY,14830-3297,Public       ,115,179,294,1884,1626,3510
00286400,DUTCHESS COMMUNITY COLLEGE              ,NY,12601-1595,Public       ,240,307,547,4639,2304,6943
00286600,FASHION INSTITUTE OF TECHNOLOGY         ,NY,10001-5992,Public       ,384,293,677,9807,3426,13233
00286700,SUNY FULTON MONTGOMERY COMM CLG         ,NY,12095-3790,Public       ,65,77,142,1519,963,2482
00286800,HUDSON VALLEY COMMUNITY COLLEGE         ,NY,12180-6096,Public       ,331,513,844,6281,4474,10755
00286900,JAMESTOWN COMMUNITY COLLEGE             ,NY,14702-0020,Public       ,109,192,301,2295,1646,3941
00287000,JEFFERSON COMMUNITY COLLEGE             ,NY,13601-1897,Public       ,75,314,389,1733,2525,4258
00287100,"SUNY, MOHAWK VALLEY COMMUNITY CLG       ",NY,13501-5394,Public       ,164,317,481,3671,2858,6529
00287200,MONROE COMMUNITY COLLEGE                ,NY,14623-5780,Public       ,518,1031,1549,9438,9074,18512
00287300,NASSAU COMMUNITY COLLEGE                ,NY,11530-6793,Public       ,793,937,1730,12096,7717,19813
00287400,NIAGARA COUNTY COMMUNITY COLLEGE        ,NY,14132-9460,Public       ,182,316,498,3732,2654,6386
00287500,ONONDAGA COMMUNITY COLLEGE              ,NY,13215-4585,Public       ,354,550,904,7182,4382,11564
00287600,ORANGE COUNTY COMMUNITY COLLEGE         ,NY,10940-6441,Public       ,199,266,465,3059,2397,5456
00287700,ROCKLAND COMMUNITY COLLEGE              ,NY,10901-3611,Public       ,161,214,375,2915,2158,5073
00287800,SUFFOLK COMMUNITY COLLEGE               ,NY,11784-2899,Public       ,443,460,903,7280,3633,10913
00287801,SUFFOLK COMMUNITY CLG-W. CAMPUS         ,NY,11717-0000,Public       ,391,462,853,5282,3627,8909
00287803,SUFFOLK COMMUNITY CLG-EASTRN CAMPUS     ,NY,11901-0000,Public       ,145,206,351,1899,1223,3122
00287900,SULLIVAN COUNTY COMMUNITY COLLEGE       ,NY,12759-5151,Public       ,58,59,117,1055,683,1738
00288000,ULSTER COUNTY COMMUNITY COLLEGE         ,NY,12484-0557,Public       ,68,124,192,1199,1015,2214
00288100,SUNY WESTCHESTER COMMUNITY COLLEGE      ,NY,10595-1698,Public       ,412,651,1063,6623,5388,12011
00288200,SYRACUSE UNIVERSITY                     ,NY,13244-2130,Private      ,736,439,1175,28164,6833,34997
00288300,UTICA COLLEGE- UTICA                    ,NY,13502-4892,Private      ,117,292,409,4751,2718,7469
00288500,ALBANY COLLEGE OF PHARMACY AND HEALTH SC,NY,12208-3492,Private      ,46,21,67,1752,793,2545
00288600,ALBANY LAW SCHOOL                       ,NY,12208-0000,Private      ,7,17,24,62,807,869
00288700,ALBANY MEDICAL COLLEGE                  ,NY,12208-0000,Private      ,17,39,56,95,1093,1188
00288900,UNION COLLEGE                           ,NY,12308-2311,Private      ,110,17,127,4011,160,4171
00289000,UNION THEOLOGICAL SEMINARY              ,NY,10027-0000,Private      ,0,4,4,4,270,274
00289200,UNITED STATES MERCHANT MARINE ACADEMY   ,NY,11024-1634,Public       ,25,2,27,390,21,411
00289400,UNIVERSITY OF ROCHESTER                 ,NY,14627-9000,Private      ,239,172,411,9260,2065,11325
00289401,EASTMAN SCH OF MUSIC/UNIV ROCHESTER     ,NY,14604-0000,Private      ,40,9,49,831,400,1231
00289402,UNIV OF ROCHESTER SCHL OF MEDICINE      ,NY,14642-0000,Private      ,10,18,28,68,741,809
00289500,VASSAR COLLEGE                          ,NY,12604-0008,Private      ,133,21,154,4896,215,5111
00289600,VILLA MARIA COLLEGE-BUFFALO             ,NY,14225-3999,Private      ,22,30,52,542,330,872
00289900,WAGNER COLLEGE                          ,NY,10301-4495,Private      ,102,52,154,2744,601,3345
00290000,WEBB INSTITUTE                          ,NY,11542-1398,Private      ,1,1,2,102,6,108
00290100,WELLS COLLEGE                           ,NY,13026-0500,Private      ,13,5,18,1391,80,1471
00290300,YESHIVA UNIVERSITY                      ,NY,10033-3201,Private      ,85,59,144,2300,2184,4484
00290302,YESHIVA UNIVERSITY - BRONX CAMPUS       ,NY,10461-1975,Private      ,7,21,28,105,1164,1269
00397400,MESIVTHA TIFERETH JERUSALEM OF AMER     ,NY,10002-6382,Private      ,13,0,13,26,3,29
00397600,RABBINICAL ACAD MESIVTA RABBI CHAIM     ,NY,11230-4715,Private      ,16,0,16,17,2,19
00397700,RABBINICAL COLLEGE CH'SAN SOFER         ,NY,11204-1252,Private      ,0,1,1,0,3,3
00397800,RABBINICAL SEMINARY OF AMERICA          ,NY,11375-0000,Private      ,6,11,17,80,42,122
00397900,COLUMBIA UNIV TEACHERS COLLEGE          ,NY,10027-0000,Private      ,12,191,203,107,4515,4622
00405400,HEBREW UNION COL-JEWISH INST OF REL     ,NY,10012-0000,Private      ,0,4,4,0,220,220
00475900,"CUNY, YORK COLLEGE                      ",NY,11451-0001,Public       ,339,498,837,12611,6105,18716
00476500,CUNY GRADUATE SCH & UNIV CTR            ,NY,10016-4309,Public       ,15,372,387,139,3352,3491
00477600,CENTRAL YESHIVA TOMCHEI TMIMIM LUBA     ,NY,11230-2798,Private      ,107,22,129,128,30,158
00478800,HERKIMER COUNTY COMMUNITY COLLEGE       ,NY,13350-1598,Public       ,86,111,197,2063,1187,3250
00479800,MIRRER YESHIVA CENTRAL INST             ,NY,11223-2010,Private      ,12,3,15,48,25,73
00479900,MONROE COLLEGE                          ,NY,10468-4305,Proprietary  ,201,487,688,4673,5863,10536
00481100,EVEREST INSTITUTE                       ,NY,14621-3007,Proprietary  ,0,5,5,41,298,339
00506400,SAINT JAMES MERCY HOSPITAL SCHOOL OF RAD,NY,14843-2197,Private      ,0,0,0,1,3,4
00520800,THE COLLEGE OF WESTCHESTER              ,NY,10602-0000,Proprietary  ,26,94,120,850,878,1728
00587700,ROBERT J HOCHSTIM SCHOOL OF RADIOG      ,NY,11572-1151,Private      ,0,0,0,1,9,10
00643501,ARNOT OGDEN MEDICAL CENTER              ,NY,14905-1676,Private      ,0,6,6,40,54,94
00643800,PHILLIPS BETH ISRAEL SCH OF NURSING     ,NY,10001-6354,Private      ,7,19,26,85,353,438
00644300,COCHRAN SCH NSG-ST JOHN RVSDE HOSP      ,NY,10701-1399,Private      ,3,23,26,28,186,214
00644500,CROUSE HOSP SCH OF NURSING              ,NY,13210-1690,Private      ,19,41,60,218,342,560
00644800,BELANGER SCHOOL OF NURSING              ,NY,12304-1009,Private      ,5,8,13,60,183,243
00646100,SAINT ELIZABETH MEDICAL CENTER          ,NY,13501-2998,Private      ,4,14,18,146,170,316
00646700,SAINT JOSEPH'S COLLEGE OF NURSING       ,NY,13203-1806,Private      ,9,20,29,236,270,506
00678200,GENESEE COMMUNITY COLLEGE               ,NY,14020-9704,Public       ,143,320,463,2806,2527,5333
00678500,SCHENECTADY COUNTY COMMUNITY CLG        ,NY,12305-2294,Public       ,121,202,323,2276,2193,4469
00678700,CLINTON COMMUNITY COLLEGE               ,NY,12901-5690,Public       ,31,73,104,1029,642,1671
00678800,TOMPKINS CORTLAND COMMUNITY COLLEGE     ,NY,13053-0139,Public       ,143,178,321,2654,1567,4221
00678900,COLUMBIA-GREENE COMMUNITY COLLEGE       ,NY,12534-9543,Public       ,57,69,126,788,871,1659
00679100,SUNY AT PURCHASE                        ,NY,10577-1400,Public       ,224,76,300,7727,1153,8880
00702200,CUNY-LEHMAN COLLEGE                     ,NY,10468-1589,Public       ,489,1190,1679,13918,13032,26950
00702600,MOUNT SINAI SCHOOL OF MEDICINE          ,NY,10029-0000,Private      ,4,44,48,45,1078,1123
00710900,SUNY COLLEGE-OLD WESTBURY               ,NY,11568-0210,Public       ,158,171,329,5716,2275,7991
00711100,NORTH COUNTRY COMMUNITY COLLEGE         ,NY,12983-2046,Public       ,29,53,82,667,604,1271
00726400,MESIFTA TORAH VODAATH RABBINCAL SEM     ,NY,11218-5209,Private      ,3,63,66,7,77,84
00727300,CUNY-BERNARD BARUCH COLLEGE             ,NY,10010-5518,Public       ,633,791,1424,19764,9918,29682
00730400,CULINARY INSTITUTE OF AMERICA           ,NY,12538-1499,Private      ,230,175,405,3714,1412,5126
00732916,ITT TECHNICAL INSTITUTE                 ,NY,12205-1003,Proprietary  ,12,89,101,125,481,606
00737200,AUSTIN'S SCHOOL OF SPA TECHNOLOGY       ,NY,12206-1513,Proprietary  ,9,17,26,133,302,435
00737500,ISLAND DRAFTING & TECHNICAL INST        ,NY,11701-2704,Proprietary  ,1,6,7,71,56,127
00738700,LONG ISLAND BEAUTY SCHOOL               ,NY,11788-4346,Proprietary  ,22,57,79,128,250,378
00738800,LONG ISLAND BEAUTY SCHOOL               ,NY,11550-3704,Proprietary  ,5,25,30,36,124,160
00739100,BEAUTY SCHOOL OF MIDDLETOWN             ,NY,10940-6574,Proprietary  ,1,20,21,36,87,123
00739400,BERKELEY COLLEGE                        ,NY,10017-0000,Proprietary  ,230,596,826,3036,4702,7738
00740100,MANDL SCHOOL                            ,NY,10019-5516,Proprietary  ,25,126,151,218,970,1188
00740500,WOOD TOBE-COBURN SCHOOL                 ,NY,10016-0102,Proprietary  ,8,7,15,384,119,503
00746500,AMERICAN ACADEMY OF DRAMATIC ARTS       ,NY,10016-7089,Private      ,88,43,131,1194,382,1576
00746600,LIM COLLEGE                             ,NY,10022-5268,Proprietary  ,107,46,153,2105,548,2653
00746800,SCHOOL OF VISUAL ARTS                   ,NY,10010-3994,Proprietary  ,156,83,239,3778,1452,5230
00751800,APEX TECHNICAL SCHOOL                   ,NY,10011-0000,Proprietary  ,92,264,356,471,1268,1739
00752200,CONTINENTAL SCH OF BEAUTY CULTURE       ,NY,14623-3231,Proprietary  ,41,116,157,198,486,684
00752205,CONTINENTAL SCHOOL OF BEAUTY CULTURE - M,NY,13211-1003,Proprietary  ,2,6,8,18,38,56
00753200,FINGER LAKES COMMUNITY COLLEGE          ,NY,14424-8395,Public       ,142,251,393,3334,2450,5784
00757200,AMERICAN MUSICAL AND DRAMATIC ACAD      ,NY,10023-2106,Private      ,138,51,189,3198,571,3769
00757300,EMPIRE BEAUTY SCHOOL                    ,NY,11103-4028,Proprietary  ,77,222,299,650,1643,2293
00780400,STAR CAREER ACADEMY                     ,NY,10011-7307,Proprietary  ,22,91,113,144,544,688
00793809,LINCOLN TECHNICAL INSTITUTE - WHITESTONE,NY,11357-6092,Proprietary  ,42,43,85,502,329,831
00818900,CONTINENTAL SCHOOL OF BEAUTY CULTURE - B,NY,14224-3402,Proprietary  ,14,42,56,66,132,198
00818903,CONTINENTAL SCHOOL OF BEAUTY CULTURE - B,NY,14223-2911,Proprietary  ,9,26,35,76,187,263
00843700,CHAMPLAIN VALLEY - TEC/PRN              ,NY,12901-0000,Public       ,2,12,14,50,120,170
00849500,JAMESTOWN BUSINESS COLLEGE              ,NY,14702-0429,Proprietary  ,6,34,40,209,246,455
00861100,"CUNY, HOSTOS CMTY COLLEGE               ",NY,10451-2946,Public       ,581,1017,1598,9134,8479,17613
00861400,RABBINICAL CLG BOBOVER YESHIVA BNEI     ,NY,11219-3293,Private      ,100,23,123,139,25,164
00878800,STATE UNIVERSITY OF NEW YORK STUDENT LOA,NY,12246-0000,Public       ,20,26,46,389,308,697
00902900,NEIGHBORHOOD PLAYHOUSE                  ,NY,10022-5017,Private      ,3,1,4,29,47,76
00904300,ELMIRA BUSINESS INSTITUTE               ,NY,14901-2731,Proprietary  ,12,121,133,81,667,748
00907700,UTICA SCHOOL OF COMMERCE                ,NY,13501-2280,Proprietary  ,3,22,25,61,224,285
00924800,SAMARITAN HOSPITAL SCH NURSING          ,NY,12180-2475,Private      ,7,22,29,70,238,308
00928300,MIDWAY-PARIS BEAUTY SCHOOL              ,NY,11385-3453,Proprietary  ,7,18,25,26,79,105
00928400,BRITTANY BEAUTY SCHOOL                  ,NY,11756-1345,Proprietary  ,15,51,66,89,225,314
00933500,MESIVTA EASTERN PKWY RABBINICAL CLG     ,NY,11218-5559,Private      ,8,1,9,21,4,25
00947900,SAINT VINCENTS CMC SI NURSING SCHOOL    ,NY,10304-3850,Proprietary  ,24,63,87,211,599,810
00976900,METROPOLITAN COLLEGE OF NEW YORK        ,NY,10013-1919,Private      ,11,179,190,190,2082,2272
00992900,SUNY COLLEGE OF OPTOMETRY               ,NY,10036-8003,Public       ,1,4,5,19,363,382
01005100,LA GUARDIA CMTY COLLEGE - CUNY          ,NY,11101-3083,Public       ,966,1161,2127,17142,11726,28868
01005200,JEFFERSON-LEWIS BOCES PRAC NRSGPRG      ,NY,13601-9509,Public       ,7,24,31,33,184,217
01009700,CUNY-MEDGAR W EVERS COLLEGE             ,NY,11225-2010,Public       ,321,595,916,7847,6536,14383
01014200,TOURO COLLEGE                           ,NY,10010-4202,Private      ,251,800,1051,3177,9946,13123
01014700,WESTERN SUFFOLK BOCES                   ,NY,11768-3499,Public       ,12,41,53,170,328,498
01015300,HELENE FULD COL OF NRSNG/N GEN HOSP     ,NY,10035-0000,Private      ,4,94,98,29,758,787
01028600,EMPIRE STATE COLLEGE                    ,NY,12866-4391,Public       ,97,1056,1153,1051,11877,12928
01037800,RABBINICAL COLLEGE OF LONG ISLAND       ,NY,11561-3244,Private      ,19,1,20,61,3,64
01054900,KEHILATH YAKOV RABBINICAL SEMINARY      ,NY,10562-1001,Private      ,69,10,79,71,12,83
01055100,NEW YORK SCH MED & DENTAL ASSISTANT     ,NY,11101-2327,Proprietary  ,21,56,77,117,290,407
01064100,SOUTHERN WESTCHESTER BOCES              ,NY,10543-0000,Public       ,2,20,22,37,191,228
01068400,ERIE COMMUNITY COLLEGE-ALL CAMPUSES     ,NY,14203-2698,Public       ,417,886,1303,7233,7382,14615
01081300,AMERICAN ACAD MCALLISTER INST           ,NY,10019-3604,Private      ,12,91,103,129,697,826
01094300,RABBINICAL COLLEGE BETH SHRAGA          ,NY,10952-3033,Private      ,4,0,4,12,1,13
01095200,PNW BOCES LPN PROGRAM                   ,NY,10598-0000,Public       ,1,5,6,16,58,74
01103100,TECHNICAL CAREER INSTITUTE              ,NY,10001-2789,Proprietary  ,81,216,297,887,2521,3408
01118900,UNITED TALMUDICAL SEMINARY              ,NY,11211-7984,Private      ,635,9,644,636,10,646
01119200,BETH HAMEDRASH SHAAREI YOSHER INST      ,NY,11204-1052,Private      ,1,6,7,2,7,9
01161400,CHAMPLAIN VALLEY HOSP SCH RAD TECH      ,NY,12901-1490,Private      ,0,3,3,23,26,49
01161700,NEW YORK METHODIST HOSPITAL             ,NY,11229-9023,Private      ,22,71,93,141,513,654
01164700,SBI CAMPUS - AN AFFILIATE OF SANFORD-BRO,NY,11747-3785,Proprietary  ,1,4,5,72,136,208
01167000,YESHIVA OF NITRA RABBINICAL COLLEGE -   ,NY,10549-4112,Private      ,133,1,134,133,1,134
01167700,MEMORIAL SLOAN KETTERING CANCER CTR     ,NY,10021-6094,Private      ,0,6,6,3,36,39
01167800,SUNY INST OF TECHNOLOGY UTICA ROME      ,NY,13504-3050,Public       ,62,81,143,2544,1133,3677
01182100,YESHIVATH ZICHRON MOSHE                 ,NY,12779-0580,Private      ,35,1,36,80,3,83
01183000,BERK TRADE AND BUSINESS SCHOOL          ,NY,11101-0000,Proprietary  ,20,59,79,101,230,331
01185900,WORD OF LIFE BIBLE INSTITUTE            ,NY,12860-0129,Private      ,11,8,19,613,102,715
01186000,MERCY MED CNTR SCHL OF RADIOGRAPHY      ,NY,11570-1098,Private      ,0,9,9,20,41,61
01192100,WESTCHESTER SCH OF BEAUTY CULTURE       ,NY,10550-2295,Proprietary  ,3,16,19,23,98,121
01192200,BETH HATALMUD RABBINICAL CLG            ,NY,11214-2594,Private      ,1,1,2,6,5,11
01198400,OHR HAMEIR THEOLOGICAL SEMINARY         ,NY,10566-0990,Private      ,40,1,41,46,1,47
01201100,TALMUDICAL SEM OHOLEI TORAH             ,NY,11213-3310,Private      ,61,0,61,132,1,133
01210700,INSTITUTE OF DESIGN & CONSTRUCTION      ,NY,11201-5380,Private      ,0,0,0,34,63,97
01220300,MEMORIAL HOSPITAL SCH OF NURSING        ,NY,12204-1083,Private      ,6,16,22,58,171,229
01227700,NEW YORK CHIROPRACTIC COLLEGE           ,NY,13148-0800,Private      ,0,62,62,14,774,788
01229300,VEEB NASSAU CNTY SCHL OF PRACT NURS     ,NY,11553-0000,Public       ,2,13,15,62,276,338
01235800,PLAZA COLLEGE                           ,NY,11372-6300,Proprietary  ,61,183,244,316,965,1281
01236400,SAINT VINCENTS CATHOLIC MEDICAL CENTERS ,NY,11354-0000,Proprietary  ,21,84,105,117,547,664
01240700,SCHUYLER-CHEMUNG-TIOGA BOCES            ,NY,14903-1089,Public       ,1,17,18,31,169,200
01240701,STEUBEN SCHUYLER CHEMUNG TIOGA ALLEGANY ,NY,14870-9518,Public       ,0,0,0,1,3,4
01256100,FIVE TOWNS COLLEGE                      ,NY,11746-5871,Proprietary  ,24,23,47,756,227,983
01258900,ERIE 1 BOCES                            ,NY,14224-0000,Public       ,13,32,45,106,406,512
01265200,ONONDAGA CORTLAND MADISON BOCES         ,NY,13090-4500,Public       ,35,96,131,219,536,755
01278300,OSWEGO COUNTY BOCES ADULT CAREERS       ,NY,13114-4498,Public       ,3,16,19,34,100,134
01292700,SYRACUSE CITY SCHOOL DISTRICT           ,NY,13202-3092,Public       ,2,4,6,35,61,96
01302600,MACHZIKEI HADATH RABBINICAL COLLEGE     ,NY,11204-1805,Private      ,0,3,3,2,4,6
01302700,YESHIVATH VIZNITZ                       ,NY,10952-3021,Private      ,0,30,30,1,30,31
01302900,BORICUA COLLEGE                         ,NY,10032-1599,Private      ,30,125,155,387,1153,1540
02056400,CAPRI COSMETOLOGY LEARNING CENTER       ,NY,10954-0000,Proprietary  ,17,52,69,121,227,348
02066200,THE NEW SCHOOL                          ,NY,10011-0000,Private      ,365,367,732,6973,5046,12019
02069000,NEW YORK SCHOOL OF INTERIOR DESIGN      ,NY,10021-0000,Private      ,16,55,71,197,423,620
02075700,BRIARCLIFFE COLLEGE                     ,NY,11714-0000,Proprietary  ,17,79,96,395,1063,1458
02075702,BRIARCLIFFE COLLEGE - PATCHOGUE         ,NY,11772-3019,Proprietary  ,18,51,69,437,685,1122
02092400,RIDLEY-LOWELL SCHOOL OF BUSINESS        ,NY,13905-0000,Proprietary  ,6,37,43,46,175,221
02093700,LONG ISLAND BUSINESS INSTITUTE          ,NY,11725-0000,Proprietary  ,68,218,286,351,1422,1773
02093701,LONG ISLAND BUSINESS INSTITUTE - FLUSHIN,NY,11354-4429,Proprietary  ,2,4,6,14,38,52
02098400,HERKIMER COUNTY BOCES                   ,NY,13350-0000,Public       ,0,3,3,38,119,157
02104300,OTSEGO AREA SCHOOL OF PRAC NURSING      ,NY,12167-0000,Public       ,0,1,1,11,35,46
02105900,HAIR DESIGN INSTITUTE AT FIFTH AVE      ,NY,11220-0000,Proprietary  ,22,50,72,71,217,288
02106800,BRAMSON ORT COLLEGE                     ,NY,11375-0000,Private      ,29,83,112,194,597,791
02110900,CATTARAUGUS/ALLEGANY BOCES              ,NY,14760-0000,Public       ,4,6,10,46,122,168
02112301,RIDLEY - LOWELL BUSINESS & TECHNICAL INS,NY,12601-3328,Proprietary  ,19,76,95,117,454,571
02116011,SANFORD-BROWN INSTITUTE - NEW YORK      ,NY,10003-2103,Proprietary  ,7,27,34,173,607,780
02124000,ORANGE ULSTER BOCES SCH OF PRAC NRS     ,NY,10924-9401,Public       ,2,14,16,43,145,188
02125500,CIRCLE IN THE SQUARE THEATRE SCHOOL     ,NY,10019-0000,Private      ,3,6,9,59,64,123
02126300,MADISON-ONEIDA BOCES PRAC NRS           ,NY,13478-0000,Public       ,4,14,18,17,58,75
02138500,BOCES RENSSELAER SCHOOL OF PN           ,NY,12033-3221,Public       ,0,0,0,5,15,20
02145800,CAYUGA ONONDAGA BOCES                   ,NY,13021-9430,Public       ,0,6,6,39,81,120
02146000,WAYNE-FINGER LAKES BOCES                ,NY,14513-0000,Public       ,0,9,9,54,283,337
02152000,YESHIVA SHAAR HATORAH ITRI TORAH        ,NY,11418-0000,Private      ,0,0,0,2,1,3
02153600,BROOME-TIOGA BOCES PN PROG              ,NY,13905-0000,Public       ,3,19,22,33,137,170
02157900,ROCHESTER GENERAL HOSPITAL              ,NY,14621-3001,Private      ,4,18,22,44,116,160
02158200,WSHNGTN-SARTGA-WARN-HMLTN-ESX BOCES     ,NY,12839-1051,Public       ,0,5,5,12,54,66
02160100,GENEVA GENERAL HOSPITAL                 ,NY,14456-0000,Private      ,2,29,31,43,177,220
02163400,NEW YORK CAREER INSTITUTE               ,NY,10007-2801,Proprietary  ,15,74,89,138,533,671
02169100,DAVIS COLLEGE                           ,NY,13790-0000,Private      ,7,10,17,169,121,290
02170000,SWEDISH INSTITUTE                       ,NY,10001-0000,Proprietary  ,22,124,146,194,1041,1235
02170200,ALBANY SCHOHARIE SCHENECTADY            ,NY,12205-0000,Public       ,10,29,39,39,164,203
02171900,AILEY SCHOOL (THE)                      ,NY,10019-4402,Private      ,8,7,15,151,77,228
02172100,HAMILTON-FULTON-MONTGOMERY BOCES        ,NY,12095-0665,Public       ,2,3,5,44,84,128
02172800,DUTCHESS COUNTY BOCES SCH PRAC NURS     ,NY,12601-0000,Public       ,9,51,60,73,211,284
02173200,EMPIRE BEAUTY SCHOOL                    ,NY,10001-0000,Proprietary  ,110,260,370,839,1814,2653
02173900,ULSTER COUNTY BOCES PRACTICAL NRSG      ,NY,12466-0000,Public       ,0,11,11,39,180,219
02176000,CHERYL FELL'S SCHOOL OF BUSINESS        ,NY,14304-0000,Proprietary  ,1,12,13,11,104,115
02179400,EASTERN SUFFOLK BOCES                   ,NY,11713-0000,Public       ,11,24,35,176,373,549
02182200,NEW SCHOOL OF RADIO & TELEVISION        ,NY,12206-1106,Proprietary  ,3,12,15,62,100,162
02191600,TORAH TEMIMAH TALMUDICAL SEMINARY       ,NY,11218-0000,Private      ,10,0,10,19,0,19
02192500,BELLEVUE HOSP CTR SCH RAD TECH          ,NY,10016-0000,Public       ,4,12,16,21,99,120
02199300,ORLEANS-NIAGARA BOCES                   ,NY,14132-0000,Public       ,3,21,24,24,119,143
02206000,HUNTER BUSINESS SCHOOL                  ,NY,11756-0000,Proprietary  ,58,189,247,339,861,1200
02219500,MILDRED ELLEY                           ,NY,12206-1513,Proprietary  ,66,511,577,409,3009,3418
02235600,ERIE 2-CHAUTAUQUA-CATTARAUGUS BOCES     ,NY,14006-0000,Public       ,17,20,37,39,123,162
02265100,YESHIVA DERECH CHAIM                    ,NY,11218-0000,Private      ,13,6,19,36,17,53
02272900,ROCKLAND COUNTY BOCES PRAC NRSG SCH     ,NY,10994-0000,Public       ,4,7,11,27,99,126
02275900,"MODERN WELDING SCHOOL, INC.             ",NY,12304-0000,Proprietary  ,14,19,33,72,105,177
02287800,NATIONAL TRACTOR TRAILER SCHOOL         ,NY,13088-2505,Proprietary  ,21,171,192,56,489,545
02294900,INSTITUTE OF AUDIO RESEARCH             ,NY,10003-0000,Proprietary  ,28,62,90,194,374,568
02306500,PROFESSIONAL BUSINESS COLLEGE           ,NY,10013-5049,Private      ,6,13,19,26,74,100
02314200,EMPIRE BEAUTY SCHOOL                    ,NY,10566-3805,Proprietary  ,2,5,7,32,39,71
02350600,YESHIVA AND KOLLEL HARBOTZAS TORAH      ,NY,11230-0000,Private      ,0,4,4,1,5,6
02491400,SPANISH AMERICAN INSTITUTE              ,NY,10036-0000,Private      ,0,4,4,3,23,26
02505800,YESHIVA KARLIN STOLIN RAB INSTITUTE     ,NY,11204-0000,Private      ,15,41,56,18,44,62
02505900,SH-OR YOSHUV RABBINICAL COLLEGE         ,NY,11691-0000,Private      ,4,3,7,11,9,20
02506000,ASSOCIATED BETH RIVKAH SCHOOLS          ,NY,11225-0000,Private      ,14,8,22,115,15,130
02506100,CITY UNIV OF NEW YORK-CENTRAL           ,NY,10021-0000,Public       ,82,133,215,1773,1369,3142
02506800,YESHIVAT MIKDASH MELECH                 ,NY,11230-0000,Private      ,3,1,4,17,3,20
02511500,JOFFREY BALLET SCHOOL                   ,NY,10011-0000,Proprietary  ,2,0,2,136,12,148
02513500,MAR JON SCHOOL OF BEAUTY CULTURE        ,NY,14150-0000,Proprietary  ,1,4,5,15,42,57
02525600,ART INSTITUTE OF NEW YORK CITY (THE)    ,NY,10013-2429,Proprietary  ,71,87,158,1114,943,2057
02540800,"GLOBE INSTITUTE OF TECHNOLOGY, INC.     ",NY,10007-0000,Proprietary  ,35,44,79,387,319,706
02546000,TRI-STATE COLLEGE OF ACUPUNCTURE        ,NY,10011-0000,Proprietary  ,0,7,7,4,112,116
02546300,YESHIVA OF THE TELSHE ALUMNI            ,NY,10471-0000,Private      ,1,0,1,3,0,3
02550600,TALMUDICAL INST OF UPSTATE NY           ,NY,14607-0000,Private      ,3,1,4,4,4,8
02556700,SEMINAR L'MOROS BAIS YAAKOV             ,NY,11219-0000,Private      ,13,0,13,255,0,255
02572900,BUSINESS INFORMATICS CENTER             ,NY,11580-0000,Proprietary  ,1,2,3,8,16,24
02575400,FRENCH CULINARY INSTITUTE               ,NY,10013-2618,Proprietary  ,38,155,193,276,762,1038
02587600,ORLO SCH HAIR DESIGN & COSMETOLOGY      ,NY,12206-1723,Proprietary  ,4,20,24,30,62,92
02599400,NEW YORK COLLEGE OF HEALTH PROFESSIONS  ,NY,11791-4413,Private      ,13,55,68,125,708,833
02600100,NEW YORK ACADEMY OF ART (THE)           ,NY,10013-2911,Private      ,17,35,52,176,287,463
02614900,SANFORD-BROWN INSTITUTE                 ,NY,10604-2910,Proprietary  ,0,0,0,7,20,27
02615001,SANFORD-BROWN COLLEGE - SANFORD-BROWN IN,NY,11530-4734,Proprietary  ,8,16,24,137,281,418
02616600,SHEAR EGO INTERNATIONAL SCHOOL OF HAIR D,NY,14617-3501,Proprietary  ,13,24,37,85,139,224
02617000,CONTINENTAL SCH OF BEAUTY CULTURE       ,NY,14020-0000,Proprietary  ,3,15,18,17,58,75
02617002,CONTINENTAL SCHOOL OF BEAUTY CULTURE  - ,NY,14020-1908,Proprietary  ,1,6,7,15,43,58
02622900,BAIS MEDRASH ELYON                      ,NY,10952-3013,Private      ,2,6,8,9,10,19
03000100,YESHIVA GEDOLAH IMREI YOSEF DSPINKA     ,NY,11219-4696,Private      ,0,70,70,1,70,71
03007200,DANCE THEATRE OF HARLEM                 ,NY,10031-0000,Private      ,2,3,5,38,46,84
03027701,PACIFIC COLLEGE OF ORIENTAL MEDICINE - N,NY,10010-7108,Proprietary  ,4,58,62,20,488,508
03081600,DELAWARE CHENANGO MADISON OT. BOCES     ,NY,13815-9554,Public       ,2,8,10,12,51,63
03095500,ASA INST BUSINESS & COMPUTER TECH       ,NY,11201-5208,Proprietary  ,336,692,1028,1976,3679,5655
03096200,CHARLES STUART SCHOOL                   ,NY,11229-2004,Proprietary  ,0,8,8,7,32,39
03103700,ADIRONDACK BEAUTY SCHOOL                ,NY,12801-3158,Proprietary  ,2,11,13,23,43,66
03104900,SULLIVAN COUNTY BOCES                   ,NY,12754-2116,Public       ,2,2,4,10,20,30
03115300,GENESEE VALLEY BOCES                    ,NY,14020-1099,Public       ,5,48,53,27,191,218
03120700,NEW YORK CONSERVATORY FOR DRAMATIC ARTS ,NY,10011-4225,Proprietary  ,31,18,49,472,179,651
03127100,YESHIVAS NOVOMINSK                      ,NY,11219-0000,Private      ,4,1,5,40,1,41
03129200,RABBINICAL CLG OHR SHIMAR YISROEL       ,NY,11211-8102,Private      ,44,81,125,45,83,128
03147300,YESHIVA D'MONSEY                        ,NY,10952-3106,Private      ,0,2,2,0,2,2
03169300,STUDIO JEWELERS                         ,NY,10016-4112,Proprietary  ,1,5,6,4,29,33
03181400,MERKAZ BNOS                             ,NY,11204-0000,Private      ,2,11,13,8,128,136
03191300,CUNY SCHOOL OF LAW @ QUEENS COLLEGE     ,NY,11367-0000,Public       ,31,58,89,626,1301,1927
03193300,MANHATTAN SCHOOL OF COMPUTER TECH       ,NY,11230-1617,Private      ,40,184,224,211,730,941
03203300,NEW YORK INSTITUTE OF MASSAGE           ,NY,14221-6021,Proprietary  ,7,24,31,33,132,165
03216300,UNIFICATION THEOLOGICAL SEMINARY        ,NY,12507-5021,Private      ,0,2,2,5,34,39
03328300,FRANKLIN CAREER INSTITUTE               ,NY,11550-3003,Private      ,8,14,22,37,71,108
03328301,FRANKLIN CAREER INSTITUTE - BROOKLYN    ,NY,11220-3110,Private      ,27,85,112,124,422,546
03358300,ALLEN SCHOOL                            ,NY,11432-4901,Proprietary  ,30,256,286,191,1265,1456
03358301,ALLEN SCHOOL - BROOKLYN                 ,NY,11201-0000,Proprietary  ,35,143,178,166,639,805
03380300,STAR CAREER ACADEMY                     ,NY,11791-5311,Proprietary  ,10,27,37,55,166,221
03419400,NORTHEASTERN SEMINARY                   ,NY,14624-1997,Private      ,1,13,14,20,118,138
03433500,LIA SCHORR INSTITUTE OF COSMETIC SK     ,NY,10022-0000,Proprietary  ,1,10,11,7,34,41
03443300,NEW YORK COLLEGE OF TRADITIONAL CHINESE ,NY,11501-0000,Private      ,0,7,7,3,112,115
03496300,YESHIVA SHAAREI TORAH OF ROCKLAND       ,NY,10901-4003,Private      ,14,19,33,15,26,41
03537300,NEW YORK AUTOMOTIVE & DIESEL INSTIT     ,NY,11101-0000,Proprietary  ,36,66,102,150,320,470
03651300,SAINT JOSEPH'S MEDICAL CENTER SCHOO     ,NY,10701-4080,Private      ,0,0,0,1,7,8
03652300,METROPOLITAN LEARNING INSTITUTE         ,NY,11374-2101,Private      ,3,159,162,60,908,968
03665400,CHRISTIE'S EDUCATION                    ,NY,10036-8002,Proprietary  ,0,4,4,1,43,44
03713300,BEIS MEDRASH HEICHAL DOVID              ,NY,11691-4433,Private      ,7,3,10,32,4,36
03773300,CENTER FOR NATURAL WELLNESS SCHOOL OF MA,NY,12205-1601,Proprietary  ,5,34,39,44,167,211
03802300,UTA MESIVTA OF KIRYAS JOEL              ,NY,10950-2169,Private      ,295,158,453,507,159,666
03839300,AVEDA INSTITUTE NEW YORK                ,NY,10013-1522,Proprietary  ,19,61,80,122,346,468
03881300,UNION GRADUATE COLLEGE                  ,NY,12308-3131,Private      ,1,15,16,13,188,201
03903400,AMERICAN BEAUTY SCHOOL                  ,NY,10462-8003,Proprietary  ,19,57,76,127,339,466
03934300,YESHIVA ZICHRON ARYEH                   ,NY,11691-0000,Private      ,0,1,1,0,1,1
03941400,ELITE ACADEMY OF BEAUTY ARTS            ,NY,11223-1630,Proprietary  ,0,0,0,1,2,3
03983300,"SCHOOL OF PROFESSIONAL HORTICULTURE, AT ",NY,10458-5126,Private      ,4,9,13,12,34,46
03988300,"SAE INSTITUTE OF TECHNOLOGY, NEW YORK   ",NY,10001-2915,Proprietary  ,19,32,51,322,422,744
04043300,ACE COMPUTER TRAINING CENTER            ,NY,11375-5337,Proprietary  ,9,41,50,47,171,218
04092401,MAKE-UP DESIGNORY -                     ,NY,10012-0041,Proprietary  ,41,60,101,277,335,612
04095300,KING'S COLLEGE (THE)                    ,NY,10018-0110,Private      ,29,18,47,941,154,1095
04102300,NEW AGE TRAINING                        ,NY,10001-4006,Proprietary  ,19,71,90,64,303,367
04115500,TALMUDICAL SEMINARY OF BOBOV            ,NY,11219-3826,Private      ,72,46,118,89,50,139
04117100,EDP SCHOOL OF COMPUTER PROGRAMMING      ,NY,11235-0000,Private      ,4,55,59,25,214,239
04117700,"MONROE 2-ORLEANS BOCES, CENTER FOR WORK ",NY,14624-1119,Public       ,12,38,50,102,224,326
04119600,YESHIVA OF FAR ROCKAWAY DERECH AYSON RAB,NY,11691-5219,Private      ,3,0,3,11,0,11
04125600,CAREER SCHOOL OF NY                     ,NY,10301-2416,Private      ,11,25,36,57,143,200
04131500,COLLECTIVE (THE)                        ,NY,10011-2026,Proprietary  ,0,4,4,16,21,37
04133700,NEW YORK MEDICAL CAREER TRAINING CENTER ,NY,11354-6504,Proprietary  ,5,36,41,36,218,254
04133701,NEW YORK MEDICAL CAREER TRAINING CENTER ,NY,10018-6504,Proprietary  ,8,69,77,71,325,396
04134000,"JOHN PAOLO'S XTREME BEAUTY INSTITUTE, GO",NY,12020-1245,Proprietary  ,2,10,12,12,52,64
04134001,"JOHN PAOLO'S XTREME BEAUTY INSTITUTE, GO",NY,13417-1319,Proprietary  ,4,11,15,24,78,102
04137700,ANN MARIE'S WORLD OF BEAUTY SCHOOL      ,NY,13901-2308,Proprietary  ,0,0,0,2,2,4
04138100,YESHIVA OF MACHZIKAI HADAS              ,NY,11219-1408,Private      ,104,48,152,154,73,227
04144300,INSTITUTE OF CULINARY EDUCATION         ,NY,10010-5205,Proprietary  ,41,149,190,411,886,1297
04148000,NEW LIFE BUSINESS INSTITUTE             ,NY,11432-6149,Proprietary  ,7,36,43,27,215,242
04151200,SALON PROFESSIONAL ACADEMY (THE)        ,NY,14150-9200,Proprietary  ,7,23,30,79,140,219
04155300,ONONDAGA SCHOOL OF THERAPEUTIC MASSAGE  ,NY,13210-1533,Proprietary  ,10,45,55,80,245,325
04156000,ACADEMY OF COSMETOLOGY & ESTHETICS NYC (,NY,10306-3003,Proprietary  ,15,23,38,111,145,256
04157500,ACCESS CAREERS                          ,NY,11201-5826,Proprietary  ,0,0,0,33,89,122
04165700,"JOHN PAOLO'S XTREME BEAUTY INSTITUTE, GO",NY,12110-3053,Proprietary  ,0,1,1,5,20,25
04166000,MANHATTAN INSTITUTE (THE)               ,NY,10016-6516,Proprietary  ,20,69,89,148,304,452
04167600,FINGER LAKES SCHOOL OF MASSAGE (THE)    ,NY,14850-1384,Proprietary  ,6,30,36,53,142,195
04167601,FINGER LAKES SCHOOL OF MASSAGE (THE) -  ,NY,10549-1103,Proprietary  ,3,16,19,19,104,123
04178700,ATELIER ESTHETIQUE INSTITUTE OF ESTHETIC,NY,10016-8804,Proprietary  ,3,37,40,23,190,213
04179800,SOTHEBY'S INSTITUTE OF ART - NY         ,NY,10022-6717,Proprietary  ,6,5,11,25,133,158
04180200,LONG ISLAND NAIL & SKIN CARE INSTITUTE  ,NY,11756-1316,Proprietary  ,14,20,34,27,94,121
04189000,LONG ISLAND BARBER INSTITUTE (THE)      ,NY,11550-6317,Proprietary  ,3,13,16,20,69,89
04190500,NEW YORK SCHOOL OF ESTHETICS & DAY SPA  ,NY,10591-3232,Proprietary  ,1,16,17,19,74,93
04192800,BE'ER YAAKOV TALMUDIC SEMINARY          ,NY,10977-1912,Private      ,0,91,91,0,137,137
04204300,AESTHETIC SCIENCE INSTITUTE (THE)       ,NY,12110-1095,Proprietary  ,3,13,16,27,68,95
04206200,DIGITAL FILM ACADEMY                    ,NY,10036-3708,Proprietary  ,24,24,48,140,210,350
04207400,YESHIVA GEDOLA OHR YISRAEL              ,NY,11229-1817,Private      ,4,1,5,7,1,8
04207600,AMERICAN ACADEMY OF PERSONAL TRAINING   ,NY,10011-7301,Proprietary  ,10,36,46,50,172,222
04208600,RELAY SCHOOL OF EDUCATION               ,NY,10011-4233,Private      ,0,22,22,3,343,346
04208800,GLORIA FRANCIS SCHOOL OF MAKE-UP ARTISTR,NY,11801-3873,Proprietary  ,2,2,4,18,33,51
04210100,STELLA AND CHARLES GUTTMAN COMMUNITY COL,NY,10018-2602,Public       ,81,28,109,3211,441,3652
04210400,BETH MEDRASH MEOR YITZCHOK              ,NY,10952-4023,Private      ,1,0,1,11,1,12
04210700,NEW YORK INSTITUTE OF BEAUTY            ,NY,11749-1479,Proprietary  ,6,19,25,54,119,173
04212500,CACTUS ACADEMY (THE)                    ,NY,11530-3402,Proprietary  ,10,26,36,72,115,187
04213400,ACCESS CAREERS                          ,NY,11550-0000,Proprietary  ,5,28,33,20,100,120
04213500,SHARP EDGEZ BARBER INSTITUTE            ,NY,14620-0000,Proprietary  ,4,10,14,17,63,80
04215900,YESHIVA GEDOLAH KESSER TORAH            ,NY,10952-2127,Private      ,14,0,14,42,0,42
04223100,ARROJO COSMETOLOGY SCHOOL               ,NY,10014-4960,Proprietary  ,10,28,38,95,210,305
04223200,GRACE INTERNATIONAL BEAUTY SCHOOL       ,NY,11355-2446,Proprietary  ,1,11,12,13,100,113
04223300,ALLIANCE COMPUTING SOLUTIONS            ,NY,11354-6507,Proprietary  ,0,10,10,8,44,52
04223800,ELECTRICAL TRAINING CENTER (THE)        ,NY,11726-2701,Proprietary  ,13,27,40,65,107,172
04225500,WESTCHESTER SCHOOL FOR DENTAL ASSISTANTS,NY,10606-1246,Proprietary  ,0,24,24,31,134,165
04227200,BET MEDRASH GADOL ATERET TORAH          ,NY,11223-1933,Private      ,0,0,0,9,4,13
04228300,PAUL MITCHELL THE SCHOOL                ,NY,12305-2303,Proprietary  ,17,18,35,98,107,205
04230100,RABBINICAL COLLEGE OHR YISROEL          ,NY,11236-5141,Private      ,17,2,19,17,2,19
04231500,YESHIVA SHOLOM SHACHNA                  ,NY,11230-2621,Private      ,1,0,1,3,0,3
04233700,CHRISTINE VALMY INTERNATIONAL SCHOOL FOR,NY,10016-7701,Proprietary  ,9,63,72,47,313,360
04234200,CENTER FOR ULTRASOUND RESEARCH & EDUCATI,NY,10801-5104,Proprietary  ,1,4,5,11,33,44
04234300,CULINARY TECH CENTER                    ,NY,10001-2320,Proprietary  ,12,58,70,88,302,390
04234900,AMG SCHOOL OF LICENSE PRACTICAL NURSING ,NY,11201-1728,Proprietary  ,5,52,57,22,170,192
04237500,DERMALOGICA ACADEMY                     ,NY,10011-2420,Proprietary  ,1,9,10,16,93,109
04245600,YESHIVAS MAHARIT D'SATMAR               ,NY,10950-3136,Private      ,0,1,1,0,1,1
04250200,FOCUS PERSONAL TRAINING INSTITUTE       ,NY,10001-6217,Proprietary  ,7,24,31,7,24,31
00267808,BRYANT & STRATTON COLLEGE - PARMA       ,OH,44130-0000,Proprietary  ,42,276,318,427,2445,2872
00301000,ANTIOCH UNIVERSITY                      ,OH,45387-1608,Private      ,4,45,49,171,738,909
00301100,ART ACADEMY OF CINCINNATI               ,OH,45202-7106,Private      ,19,29,48,418,225,643
00301200,ASHLAND UNIVERSITY                      ,OH,44805-3799,Private      ,84,380,464,3716,2835,6551
00301300,ATHENAEUM OF OHIO                       ,OH,45230-2000,Private      ,0,2,2,2,18,20
00301400,BALDWIN-WALLACE COLLEGE                 ,OH,44017-2088,Private      ,127,124,251,4804,1587,6391
00301600,BLUFFTON UNIVERSITY                     ,OH,45817-2104,Private      ,26,15,41,1295,334,1629
00301800,BOWLING GREEN STATE UNIVERSITY          ,OH,43403-0001,Public       ,430,398,828,19235,5717,24952
00302300,CAPITAL UNIVERSITY                      ,OH,43209-2394,Private      ,103,198,301,4125,2456,6581
00302400,CASE WESTERN RESERVE UNIV               ,OH,44106-0000,Private      ,288,147,435,11077,2234,13311
00302401,CASE WESTERN RESERVE UNIV - MED         ,OH,44106-0000,Private      ,7,15,22,91,1179,1270
00302402,CASE WESTERN RESERVE UNIV - DENTAL      ,OH,44106-0000,Private      ,6,13,19,47,331,378
00302403,CASE WESTERN RESERVE UNIV - LAW         ,OH,44106-0000,Private      ,2,16,18,30,779,809
00302404,CASE WESTERN RESERVE UNIV - UG          ,OH,44106-0000,Private      ,6,2,8,178,45,223
00302405,CASE WESTERN RESERVE UNIV - MSASS       ,OH,44106-0000,Private      ,0,25,25,14,696,710
00302406,CASE WESTERN RESERVE UNIV - NURS UG     ,OH,44106-0000,Private      ,7,14,21,208,181,389
00302407,CASE WESTERN RESERVE UNIV - WSOM        ,OH,44106-0000,Private      ,0,7,7,15,206,221
00302408,CASE WESTERN RESERVE UNIV -A&S GRAD     ,OH,44106-0000,Private      ,0,9,9,4,274,278
00302409,CASE WESTERN RESERVE UNIV -ENG GRAD     ,OH,44106-0000,Private      ,2,5,7,29,78,107
00302410,CASE WESTERN RESERVE UNIV -NURS GRD     ,OH,44106-0000,Private      ,0,15,15,19,372,391
00302500,CEDARVILLE UNIVERSITY                   ,OH,45314-8564,Private      ,82,29,111,4031,545,4576
00302600,CENTRAL STATE UNIVERSITY                ,OH,45384-1004,Public       ,78,92,170,2972,1324,4296
00302900,CINCINNATI CHRISTIAN UNIVERSITY         ,OH,45204-3200,Private      ,36,58,94,639,606,1245
00303000,OHIO CHRISTIAN UNIVERSITY               ,OH,43113-9487,Private      ,52,680,732,977,4861,5838
00303100,CLEVELAND INSTITUTE OF MUSIC            ,OH,44106-1776,Private      ,18,25,43,442,380,822
00303200,CLEVELAND STATE UNIVERSITY              ,OH,44115-2214,Public       ,335,940,1275,12544,12713,25257
00303300,MOUNT ST. JOSEPH UNIVERSITY             ,OH,45233-1670,Private      ,40,109,149,1935,1385,3320
00303500,OHIO DOMINICAN UNIVERSITY               ,OH,43219-2099,Private      ,61,176,237,1917,1998,3915
00303600,FRANCISCAN UNIV OF STEUBENVILLE         ,OH,43952-1763,Private      ,75,56,131,2403,698,3101
00303700,COLLEGE OF WOOSTER                      ,OH,44691-2363,Private      ,67,16,83,3461,132,3593
00303900,COLUMBUS COLLEGE OF ART AND DESIGN      ,OH,43215-1758,Private      ,51,64,115,1543,641,2184
00304000,CUYAHOGA COMMUNITY COLLEGE              ,OH,44115-2878,Public       ,716,2517,3233,10990,21887,32877
00304100,"DEFIANCE COLLEGE, THE                   ",OH,43512-1695,Private      ,13,23,36,1137,277,1414
00304200,DENISON UNIVERSITY                      ,OH,43023-1329,Private      ,66,10,76,3469,140,3609
00304400,TRINITY LUTHERAN SEMINARY               ,OH,43209-0000,Private      ,0,5,5,3,110,113
00304500,UNIVERSITY OF FINDLAY                   ,OH,45840-3695,Private      ,81,120,201,3544,1562,5106
00304600,FRANKLIN UNIVERSITY                     ,OH,43215-5399,Private      ,60,695,755,983,8384,9367
00304800,HEIDELBERG UNIVERSITY                   ,OH,44883-2462,Private      ,36,18,54,1716,296,2012
00304900,HIRAM COLLEGE                           ,OH,44234-1808,Private      ,25,30,55,1415,347,1762
00305000,JOHN CARROLL UNIVERSITY                 ,OH,44118-4581,Private      ,80,54,134,4648,782,5430
00305100,KENT STATE UNIVERSITY                   ,OH,44242-0001,Public       ,538,717,1255,26233,11983,38216
00305101,KENT STATE UNIVERSITY - GEAUGA CAMPUS   ,OH,44021-9500,Public       ,25,74,99,885,956,1841
00305102,KENT STATE UNIVERSITY - STARK CAMPUS    ,OH,44720-7599,Public       ,100,248,348,3131,3226,6357
00305103,KENT STATE UNIVERSITY - TUSCARAWAS CAMPU,OH,44663-9403,Public       ,21,85,106,940,1007,1947
00305104,KENT STATE UNIVERSITY - TRUMBULL CAMPUS ,OH,44483-1998,Public       ,57,139,196,1192,1792,2984
00305105,KENT STATE UNIVERSITY - ASHTABULA CAMPUS,OH,44004-2299,Public       ,37,116,153,855,1512,2367
00305106,KENT STATE UNIVERSITY - EAST LIVERPOOL C,OH,43920-3497,Public       ,16,61,77,432,730,1162
00305107,KENT STATE UNIVERSITY - SALEM CAMPUS    ,OH,44460-9412,Public       ,23,76,99,923,1048,1971
00306500,KENYON COLLEGE                          ,OH,43022-9623,Private      ,60,8,68,3928,97,4025
00306600,LAKE ERIE COLLEGE                       ,OH,44077-3389,Private      ,24,25,49,1223,385,1608
00306800,LORAIN COUNTY COMMUNITY COLLEGE         ,OH,44035-1691,Public       ,213,626,839,3967,6724,10691
00306900,LOURDES COLLEGE                         ,OH,43560-2898,Private      ,25,80,105,1043,1081,2124
00307200,MALONE UNIVERSITY                       ,OH,44709-3897,Private      ,37,102,139,1682,1109,2791
00307300,MARIETTA COLLEGE                        ,OH,45750-4033,Private      ,22,33,55,2043,333,2376
00307500,METHODIST THEOLOGICAL SCH IN OHIO       ,OH,43015-0000,Private      ,0,4,4,1,136,137
00307700,MIAMI UNIVERSITY                        ,OH,45056-1831,Public       ,482,275,757,22932,4640,27572
00307800,WRIGHT STATE UNIVERSITY                 ,OH,45435-0002,Public       ,314,598,912,12771,9505,22276
00308300,UNIVERSITY OF MOUNT UNION               ,OH,44601-3993,Private      ,61,24,85,3149,335,3484
00308400,MUSKINGUM UNIVERSITY                    ,OH,43762-1199,Private      ,30,63,93,2079,624,2703
00308500,NOTRE DAME COLLEGE OF OHIO              ,OH,44121-4293,Private      ,65,131,196,2265,1439,3704
00308600,OBERLIN COLLEGE                         ,OH,44074-1090,Private      ,132,22,154,5158,224,5382
00308900,OHIO NORTHERN UNIVERSITY                ,OH,45810-1555,Private      ,58,26,84,3486,843,4329
00309000,OHIO STATE UNIVERSITY-ALL CAMPUSES      ,OH,43210-1358,Public       ,1301,1262,2563,56675,23150,79825
00310000,OHIO UNIVERSITY                         ,OH,45701-2979,Public       ,549,1070,1619,24440,12436,36876
00310002,"OHIO UNIVERSITY, ZANESVILLE CAMPUS      ",OH,43701-0000,Public       ,46,132,178,1205,1276,2481
00310003,"OHIO UNIVERSITY, LANCASTER CAMPUS       ",OH,43130-0000,Public       ,54,142,196,1538,1628,3166
00310004,"OHIO UNIVERSITY, SOUTHERN CAMPUS        ",OH,45638-0000,Public       ,24,107,131,825,1587,2412
00310005,"OHIO UNIVERSITY, CHILLICOTHE CAMPUS     ",OH,45601-0000,Public       ,63,130,193,1195,1682,2877
00310006,"OHIO UNIVERSITY, EASTERN CAMPUS         ",OH,43950-0000,Public       ,13,34,47,447,376,823
00310008,OHIO UNIV COLL OF OSTEOPATHIC MED       ,OH,45701-0000,Public       ,1,10,11,21,778,799
00310900,OHIO WESLEYAN UNIVERSITY                ,OH,43015-2398,Private      ,57,16,73,2971,209,3180
00311000,OTTERBEIN UNIVERSITY                    ,OH,43081-2006,Private      ,77,72,149,3645,921,4566
00311300,PONTIFICAL COLLEGE JOSEPHINUM           ,OH,43235-1498,Private      ,4,3,7,43,24,67
00311400,FIRELANDS REGIONAL MEDICAL CENTER - SOUT,OH,44870-4788,Private      ,2,12,14,68,138,206
00311500,RABBINICAL COLLEGE OF TELSHE            ,OH,44092-2584,Private      ,14,0,14,24,20,44
00311600,UNIV OF RIO GRANDE                      ,OH,45674-3131,Private      ,56,159,215,1507,1636,3143
00311900,SINCLAIR COMMUNITY COLLEGE              ,OH,45402-1460,Public       ,504,1730,2234,8164,14000,22164
00312100,TIFFIN UNIVERSITY                       ,OH,44883-2161,Private      ,79,174,253,2460,2663,5123
00312200,UNITED THEOLOGICAL SEMINARY             ,OH,45406-0000,Private      ,0,31,31,0,530,530
00312300,UNIVERSITY OF AKRON                     ,OH,44325-6211,Public       ,395,675,1070,20748,11105,31853
00312500,UNIVERSITY OF CINCINNATI                ,OH,45221-0125,Public       ,846,1645,2491,29290,20696,49986
00312504,UNIVERSITY OF CINCINNATI - MEDICINE     ,OH,45267-0553,Public       ,13,61,74,304,1541,1845
00312700,UNIVERSITY OF DAYTON                    ,OH,45469-1668,Private      ,238,171,409,13285,2850,16135
00313100,UNIVERSITY OF TOLEDO                    ,OH,43606-3390,Public       ,371,567,938,16515,9167,25682
00313300,URBANA UNIVERSITY                       ,OH,43078-2091,Private      ,15,51,66,712,626,1338
00313400,URSULINE COLLEGE                        ,OH,44124-4398,Private      ,20,77,97,705,1102,1807
00313500,WALSH UNIVERSITY                        ,OH,44720-3396,Private      ,61,106,167,2369,1256,3625
00314100,WILBERFORCE UNIVERSITY                  ,OH,45384-1001,Private      ,27,57,84,585,508,1093
00314200,WILMINGTON COLLEGE                      ,OH,45177-2499,Private      ,37,46,83,2004,424,2428
00314300,WITTENBERG UNIVERSITY                   ,OH,45501-2199,Private      ,79,36,115,3816,396,4212
00314400,XAVIER UNIVERSITY                       ,OH,45207-1035,Private      ,130,196,326,7534,2595,10129
00314500,YOUNGSTOWN STATE UNIVERSITY             ,OH,44555-0001,Public       ,236,370,606,9224,5775,14999
00398200,CLEVELAND INSTITUTE OF ART              ,OH,44106-4387,Private      ,41,28,69,1029,258,1287
00406000,WINEBRENNER THEOLOGICAL SEMINARY        ,OH,45840-0000,Private      ,0,3,3,1,61,62
00485200,CLARK STATE COMMUNITY COLLEGE           ,OH,45505-4795,Public       ,140,699,839,1938,5493,7431
00485300,BRADFORD SCHOOL                         ,OH,43219-0000,Proprietary  ,25,51,76,593,579,1172
00485500,DAVIS COLLEGE                           ,OH,43623-4307,Proprietary  ,8,56,64,92,490,582
00486100,UNIVERSITY OF NORTHWESTERN OHIO         ,OH,45805-1498,Private      ,156,151,307,4540,1681,6221
00486600,STAUTZENBERGER COLLEGE                  ,OH,43537-4007,Proprietary  ,50,179,229,463,1230,1693
00510200,SCH OF DIAGNOSTIC IMAGING-CLEVELAND     ,OH,44119-0000,Private      ,0,7,7,10,46,56
00531300,NORTH CENTRAL STATE COLLEGE             ,OH,44901-0000,Public       ,75,223,298,1164,1946,3110
00575300,OWENS STATE COMMUNITY COLLEGE           ,OH,43699-0000,Public       ,225,738,963,4508,7096,11604
00648700,AULTMAN COLLEGE OF NURSING AND HEALTH SC,OH,44710-1799,Private      ,7,39,46,182,481,663
00648900,CHRIST COLLEGE OF NURSING AND HEALTH SCI,OH,45219-2906,Private      ,18,79,97,441,894,1335
00649400,GOOD SAMARITAN COLG-NURSING/HEALTH      ,OH,45220-2489,Private      ,17,45,62,309,575,884
00650700,TRINIT HEALTH SYSTEM SCH OF NURSING     ,OH,43952-2667,Private      ,2,5,7,67,135,202
00680400,LAKELAND COMMUNITY COLLEGE              ,OH,44094-5198,Public       ,139,550,689,2682,5134,7816
00686700,COLUMBUS STATE COMMUNITY COLLEGE        ,OH,43215-1786,Public       ,885,2252,3137,13034,20108,33142
00703500,KETTERING COLLEGE OF MEDICAL ARTS       ,OH,45429-1299,Private      ,12,67,79,496,749,1245
00708500,MOUNT VERNON NAZARENE UNIVERSITY        ,OH,43050-9500,Private      ,29,116,145,1521,985,2506
00708501,MOUNT VERNON NAZARENE UNIV - AGS        ,OH,43050-0000,Private      ,2,22,24,68,297,365
00727500,EASTERN GATEWAY COMMUNITY COLLEGE       ,OH,43952-3598,Public       ,98,688,786,1298,2896,4194
00732920,ITT TECHNICAL INSTITUTE                 ,OH,45414-3456,Proprietary  ,33,202,235,298,1401,1699
00732992,ITT TECHNICAL INSTITUTE                 ,OH,44509-4098,Proprietary  ,34,185,219,305,1268,1573
00747300,CHOFFIN CAREER & TECHNICAL CENTER       ,OH,44503-1628,Public       ,5,20,25,32,126,158
00759800,HOCKING TECHNICAL COLLEGE               ,OH,45764-9582,Public       ,140,222,362,2757,2177,4934
00812900,ADULT AND COMMUNITY EDUCATION @ HUDSON  ,OH,43211-2017,Public       ,3,57,60,45,433,478
00813200,TOLEDO SCHOOL OF PRACTICAL NURSING      ,OH,43613-5110,Public       ,6,51,57,100,433,533
00813300,ZANE STATE COLLEGE                      ,OH,43701-2626,Public       ,57,164,221,1063,1381,2444
00819400,AKRON SCHOOL OF PRACTICAL NRSG          ,OH,44311-0000,Public       ,10,37,47,161,263,424
00827800,TERRA COMMUNITY COLLEGE                 ,OH,43420-9670,Public       ,40,155,195,746,1470,2216
00867700,NORTHWEST STATE COMMUNITY COLLEGE       ,OH,43502-9542,Public       ,61,178,239,1007,1544,2551
00888600,PORTAGE LAKES CAREER CENTER             ,OH,44685-9554,Public       ,1,5,6,44,115,159
00915600,WAYNE COUNTY SCHOOLS CAREER CENTER      ,OH,44677-9672,Public       ,1,19,20,49,204,253
00941200,FORTIS COLLEGE                          ,OH,44221-2998,Proprietary  ,27,154,181,188,1145,1333
00953000,GERBER AKRON BEAUTY SCHOOL              ,OH,44313-6995,Proprietary  ,1,15,16,25,126,151
00953100,SPA SCHOOL (THE)                        ,OH,43214-1524,Proprietary  ,8,30,38,60,253,313
00966000,TIFFIN ACADEMY OF HAIR DESIGN           ,OH,44883-2833,Proprietary  ,2,8,10,33,43,76
00982805,EVEREST INSTITUTE - COLUMBUS            ,OH,43230-6653,Private      ,14,64,78,94,428,522
00994100,BELMONT TECHNICAL COLLEGE               ,OH,43950-9766,Public       ,34,127,161,604,925,1529
00994200,SHAWNEE STATE UNIVERSITY                ,OH,45662-4344,Public       ,112,173,285,4011,2039,6050
01001700,PAYNE THEOLOGICAL SEMINARY              ,OH,45384-0474,Private      ,0,16,16,1,193,194
01002700,JAMES A. RHODES STATE COLLEGE           ,OH,45804-3597,Public       ,59,180,239,1455,1938,3393
01016800,NATIONWIDE BEAUTY ACADEMY               ,OH,43228-1000,Proprietary  ,9,24,33,97,226,323
01028000,OHIO STATE BEAUTY ACADEMY               ,OH,45801-0000,Proprietary  ,13,16,29,114,139,253
01032300,HANNAH E MULLINS SCH-PRAC NRSG          ,OH,44460-2906,Public       ,5,8,13,20,65,85
01034500,CINCINNATI STATE TECH & COMM CLG        ,OH,45223-2690,Public       ,293,1054,1347,4395,9746,14141
01045300,WASHINGTON STATE CMTY COLLEGE           ,OH,45750-9225,Public       ,27,119,146,728,989,1717
01063000,NORTHERN INSTITUTE OF COSMETOLOGY       ,OH,44052-1803,Proprietary  ,2,16,18,21,79,100
01073600,MARION TECHNICAL COLLEGE                ,OH,43302-5694,Public       ,33,179,212,748,1613,2361
01088000,CHATFIELD COLLEGE                       ,OH,45118-9705,Private      ,2,46,48,105,368,473
01088100,STARK STATE COLLEGE                     ,OH,44720-7299,Public       ,217,758,975,3707,8872,12579
01090600,CINCINNATI CLG OF MORTUARY SCIENCE      ,OH,45224-1428,Private      ,3,27,30,85,193,278
01092300,UNION INSTITUTE & UNIVERSITY            ,OH,45206-1925,Private      ,7,256,263,46,1761,1807
01099300,HOBART INSTITUTE OF WELDING TECHNOLOGY  ,OH,45373-2400,Private      ,27,44,71,438,287,725
01104600,CENTRAL OHIO TECHNICAL COLLEGE          ,OH,43055-1767,Public       ,80,380,460,1557,3740,5297
01170300,PENTA COUNTY JOINT VOCATIONAL SCH       ,OH,43551-0000,Public       ,4,9,13,32,116,148
01174400,NATIONAL BEAUTY COLLEGE                 ,OH,44720-0000,Proprietary  ,4,21,25,37,121,158
01174500,OHIO TECHNICAL COLLEGE                  ,OH,44103-1228,Proprietary  ,74,137,211,1355,1032,2387
01216600,CAROUSEL BEAUTY COLLEGE                 ,OH,45402-8935,Proprietary  ,7,33,40,92,207,299
01216603,CAROUSEL BEAUTY COLLEGE - OF MIAMI VALLE,OH,45424-2063,Proprietary  ,0,5,5,5,21,26
01224800,CENTRAL SCHOOL OF PRACTICAL NURSING     ,OH,44131-2155,Private      ,3,31,34,39,250,289
01267200,CAROUSEL BEAUTY COLLEGE                 ,OH,45044-5113,Proprietary  ,0,7,7,6,36,42
01275000,EDISON COMMUNITY COLLEGE                ,OH,45356-9239,Public       ,48,200,248,880,1917,2797
01283800,LAURA AND ALVIN SIEGAL COLLEGE OF JUDAIC,OH,44122-7197,Private      ,0,1,1,2,5,7
01284800,MOLER-HOLLYWOOD BEAUTY COLLEGE          ,OH,45202-2577,Proprietary  ,4,25,29,18,107,125
01287000,SOUTHERN STATE COMMUNITY COLLEGE        ,OH,45133-9406,Public       ,69,243,312,1015,1867,2882
01289100,ANTONELLI COLLEGE                       ,OH,45202-2592,Proprietary  ,10,78,88,103,506,609
01289600,VIRGINIA MARTI COLLEGE OF ART AND DESIGN,OH,44107-0778,Proprietary  ,9,18,27,96,177,273
01303922,SOUTH UNIVERSITY - CLEVELAND            ,OH,44128-5919,Proprietary  ,14,121,135,95,751,846
01313200,INTERNATIONAL CLG OF BROADCASTING       ,OH,45431-1898,Proprietary  ,10,20,30,64,166,230
02052000,KAPLAN COLLEGE                          ,OH,45439-1984,Proprietary  ,15,176,191,177,1316,1493
02054300,TRUMBULL BUSINESS COLLEGE               ,OH,44484-0000,Proprietary  ,5,29,34,33,282,315
02056800,DAYMAR COLLEGE                          ,OH,45601-1038,Proprietary  ,2,4,6,12,62,74
02056802,DAYMAR COLLEGE - LANCASTER              ,OH,43130-0000,Proprietary  ,6,33,39,26,169,195
02056803,DAYMAR COLLEGE - NEW BOSTON             ,OH,45662-4900,Proprietary  ,0,0,0,6,59,65
02056804,DAYMAR COLLEGE - JACKSON                ,OH,45640-1728,Proprietary  ,1,3,4,7,31,38
02066100,OHIO STATE COLLEGE/BARBER STYLING       ,OH,43213-0000,Proprietary  ,9,51,60,128,359,487
02073300,GALLIA-JACKSON-VINTON SCH ADULT ED      ,OH,45674-0000,Public       ,5,20,25,85,226,311
02110700,CLEVELAND INST OF DENTAL-MED ASST       ,OH,44115-2285,Proprietary  ,15,119,134,133,547,680
02116009,SANFORD-BROWN COLLEGE - MIDDLEBURG HEIGH,OH,44130-8362,Proprietary  ,0,0,0,1,14,15
02116900,UPPER VALLEY JVS                        ,OH,45356-0000,Public       ,8,36,44,49,228,277
02117300,GREAT OAKS INSTITUTE OF TECHNOLOGY      ,OH,45241-1581,Public       ,14,78,92,184,707,891
02128600,THE ART INSTITUTE OF CINCINNATI         ,OH,45246-0000,Proprietary  ,14,26,40,323,245,568
02140700,CANTON CITY SCHOOLS ADULT CAREER & TECH ,OH,44702-1710,Public       ,0,27,27,32,239,271
02158417,"HARRISON COLLEGE - COLUMBUS, OH         ",OH,43123-0000,Proprietary  ,5,63,68,94,527,621
02158500,OHIO BUSINESS COLLEGE                   ,OH,44035-0701,Proprietary  ,9,50,59,104,501,605
02158501,OHIO BUSINESS COLLEGE                   ,OH,44870-9953,Proprietary  ,9,48,57,66,367,433
02158503,OHIO BUSINESS COLLEGE - COLUMBUS        ,OH,43229-3523,Proprietary  ,15,61,76,141,501,642
02158504,OHIO BUSINESS COLLEGE - DAYTON          ,OH,45417-4094,Proprietary  ,0,0,0,20,82,102
02168100,TRI-COUNTY JOINT VOCATIONAL SCHOOL      ,OH,45764-0000,Public       ,4,18,22,39,149,188
02187900,ASHTABULA CO JOINT VOC SCH ADULT ED     ,OH,44047-0000,Public       ,0,8,8,32,172,204
02189000,MID-EAST CAREER & TECH CENTERS-ADULT ED ,OH,43701-4600,Public       ,18,54,72,142,374,516
02190700,FORTIS COLLEGE                          ,OH,45459-0000,Proprietary  ,29,242,271,238,2079,2317
02192100,BUTLER TECHNOLOGY AND CAREER DEVELOPMENT,OH,45011-0000,Public       ,21,84,105,184,558,742
02196300,COLLINS CAREER CENTER                   ,OH,45619-0000,Public       ,12,105,117,197,675,872
02210800,MEDINA COUNTY CAREER CENTER             ,OH,44256-0000,Public       ,0,5,5,28,98,126
02220500,GOD'S BIBLE SCHOOL & COLLEGE            ,OH,45210-0000,Private      ,2,12,14,174,114,288
02220800,CAREER & TECHNOLOGY EDUCATION CENTERS OF,OH,43055-0000,Public       ,14,49,63,137,335,472
02239800,PIONEER CAREER & TECHNOLOGY CENTER      ,OH,44875-9704,Public       ,0,5,5,8,32,40
02245600,WARREN COUNTY CAREER CENTER             ,OH,45036-0000,Public       ,12,51,63,79,253,332
02246300,INSTITUTE OF MEDICAL-DENTAL TECH        ,OH,45246-3317,Proprietary  ,38,144,182,209,802,1011
02263700,MIAMI VALLEY CAREER TECHNOLOGY CTR      ,OH,45315-0000,Public       ,14,79,93,114,443,557
02269400,EASTERN HILLS ACAD OF HAIR DESIGN       ,OH,45255-0000,Proprietary  ,0,0,0,4,14,18
02269500,WESTERN HILLS SCHOOL OF BEAUTY & HAIR DE,OH,45211-0000,Proprietary  ,9,51,60,54,260,314
02272700,COLUMBIANA COUNTY CAREER CENTER         ,OH,44432-0000,Public       ,7,40,47,54,210,264
02287900,RAPHAEL'S SCHOOL OF BEAUTY CULTURE      ,OH,44446-0000,Proprietary  ,6,40,46,70,201,271
02301400,OHIO VALLEY COLLEGE OF TECHNOLOGY       ,OH,43920-9139,Proprietary  ,10,28,38,93,218,311
02304700,TRI-RIVERS CAREER CENTER                ,OH,43302-0000,Public       ,3,39,42,51,278,329
02311200,AMERICAN SCHOOL OF TECHNOLOGY           ,OH,43229-0000,Proprietary  ,11,61,72,94,463,557
02315500,TOLEDO ACADEMY OF BEAUTY CULTURE - EAST ,OH,43616-0000,Proprietary  ,0,11,11,23,122,145
02324400,ALLSTATE HAIRSTYLING & BARBER CLG       ,OH,44113-0000,Proprietary  ,9,57,66,76,310,386
02328500,MOLER-PICKENS BEAUTY COLLEGE            ,OH,45014-0000,Proprietary  ,1,13,14,6,54,60
02334300,EMPIRE BEAUTY SCHOOL                    ,OH,45239-3926,Proprietary  ,9,44,53,105,277,382
02336300,KNOX COUNTY CAREER CENTER               ,OH,43050-4298,Public       ,3,32,35,44,240,284
02336700,CUYAHOGA VALLEY CAREER CENTER           ,OH,44141-1296,Public       ,2,17,19,49,215,264
02337700,PROFESSIONAL SKILLS INSTITUTE           ,OH,43607-0000,Proprietary  ,9,74,83,105,564,669
02351500,WILLOUGHBY EASTLAKE SCH OF PRAC NSG     ,OH,44094-0000,Public       ,3,41,44,29,224,253
02352800,POLARIS CAREER CENTER-ADULT ED DEPT     ,OH,44130-0000,Public       ,13,46,59,105,373,478
02354200,SCIOTO COUNTY JOINT VOCATIONAL SCH      ,OH,45648-0000,Public       ,13,37,50,98,275,373
02359803,ITT TECHNICAL INSTITUTE -               ,OH,45212-2273,Proprietary  ,0,0,0,0,1,1
02454400,NORTHEAST OHIO MEDICAL UNIVERSITY       ,OH,44272-9621,Public       ,10,7,17,139,953,1092
02497800,GREENE COUNTY CAREER CENTER             ,OH,45385-0000,Public       ,2,16,18,25,62,87
02519300,OHIO STATE SCH COSMETOLOGY              ,OH,43110-2754,Proprietary  ,10,29,39,111,203,314
02522700,EASTLAND-FAIRFIELD CAREER AND TECHNICAL ,OH,43125-0000,Public       ,6,25,31,56,230,286
02528300,TDDS TECHNICAL INSTITUTE                ,OH,44429-0000,Proprietary  ,12,127,139,67,469,536
02529500,HAMRICK SCHOOL                          ,OH,44256-0000,Proprietary  ,6,61,67,24,257,281
02533603,ROSS MEDICAL EDUCATION CENTER -         ,OH,44446-4810,Proprietary  ,0,1,1,0,1,1
02545800,INNER STATE BEAUTY SCHOOLS              ,OH,44124-0000,Proprietary  ,12,28,40,46,205,251
02553000,SCHOOL OF ADVERTISING ART               ,OH,45440-0000,Proprietary  ,6,3,9,302,42,344
02560000,CASAL AVEDA INSTITUTE                   ,OH,44515-0000,Proprietary  ,9,22,31,120,169,289
02560700,PICKAWAY ROSS CO JOINT VOC TECH SCH     ,OH,45601-0000,Public       ,10,33,43,81,372,453
02562300,APOLLO CAREER CENTER-ADULT EDUC         ,OH,45806-0000,Public       ,7,53,60,78,402,480
02563000,RAPHAELS SCHOOL OF BEAUTY CULTURE       ,OH,44601-2847,Proprietary  ,9,22,31,56,152,208
02568600,MAHONING COUNTY CAREER & TECH CENTR     ,OH,44406-0000,Public       ,0,11,11,39,113,152
02582900,KAPLAN CAREER INSTITUTE                 ,OH,44129-6810,Proprietary  ,0,0,0,6,61,67
02586400,TRUMBULL CAREER & TECH CENTER-ADULT     ,OH,44483-1997,Public       ,5,31,36,37,189,226
02588500,OHIO STATE SCHOOL OF COSMETOLOGY        ,OH,43081-0000,Proprietary  ,5,19,24,107,170,277
02599711,VATTEROTT COLLEGE - CLEVELAND           ,OH,44147-3502,Proprietary  ,7,93,100,58,364,422
02603800,LORAIN COUNTY JVS ADULT CAREER CTR      ,OH,44074-9799,Public       ,1,25,26,59,230,289
02611007,HERITAGE COLLEGE - COLUMBUS             ,OH,43213-4440,Proprietary  ,31,103,134,212,806,1018
02620000,SANDUSKY CAREER CENTER                  ,OH,44870-4786,Public       ,2,19,21,24,142,166
03007900,GALLIPOLIS CAREER COLLEGE               ,OH,45631-2600,Proprietary  ,2,21,23,20,142,162
03015100,ALLIANCE HIGH SCH-CMTY SERVICES DIV     ,OH,44601-2899,Public       ,3,14,17,17,95,112
03015300,EHOVE CAREER CENTER                     ,OH,44846-9500,Public       ,8,24,32,85,337,422
03023700,MADISON ADULT CAREER CENTER             ,OH,44905-2718,Public       ,5,33,38,46,200,246
03024300,VALLEY BEAUTY SCHOOL                    ,OH,43725-2332,Proprietary  ,0,0,0,7,10,17
03026511,REMINGTON COLLEGE - CLEVELAND           ,OH,44125-1957,Private      ,11,89,100,133,572,705
03027100,FAIRVIEW ACADEMY                        ,OH,44126-2214,Proprietary  ,2,9,11,13,52,65
03034200,WASHINGTON COUNTY CAREER CENTER ADULT TE,OH,45750-9290,Public       ,12,50,62,97,374,471
03035801,HERITAGE INSTITUTE - HERITAGE COLLEGE/CL,OH,44130-3304,Proprietary  ,20,58,78,74,305,379
03051400,AUBURN CAREER CENTER                    ,OH,44077-9723,Public       ,6,29,35,50,196,246
03051500,US GRANT JOINT VOCATIONAL SCHOOL        ,OH,45106-9502,Public       ,2,8,10,10,38,48
03065900,BUCKEYE CAREER CENTER                   ,OH,44663-9437,Public       ,3,13,16,62,164,226
03067600,RAPHAEL'S SCHOOL OF BEAUTY CULTURE      ,OH,44512-2222,Proprietary  ,10,25,35,55,119,174
03068200,OHIO CENTER FOR BROADCASTING            ,OH,44125-6273,Proprietary  ,13,38,51,58,182,240
03068202,OHIO CENTER FOR BROADCASTING - COLUMBUS ,OH,43213-2571,Proprietary  ,8,49,57,66,254,320
03071900,MOUNT CARMEL COLLEGE OF NURSING         ,OH,43222-1598,Private      ,22,81,103,795,956,1751
03078000,OHIO CENTER FOR BROADCASTING            ,OH,45227-1509,Proprietary  ,7,34,41,40,165,205
03079000,ETI TECHNICAL COLLEGE                   ,OH,44446-4398,Proprietary  ,10,46,56,65,290,355
03084800,DELAWARE AREA CAREER CENTER             ,OH,43015-8969,Public       ,2,3,5,13,41,54
03084801,DELAWARE AREA CAREER CENTER -           ,OH,43015-9001,Public       ,3,1,4,7,23,30
03095600,VANTAGE CAREER CENTER                   ,OH,45891-1378,Public       ,0,4,4,15,87,102
03097000,MERCY COLLEGE OF OHIO                   ,OH,43604-1132,Private      ,29,123,152,626,1503,2129
03100100,PARAMOUNT BEAUTY ACADEMY                ,OH,45662-4136,Proprietary  ,2,27,29,30,119,149
03116200,DAYTON BARBER COLLEGE                   ,OH,45342-4196,Proprietary  ,1,12,13,12,98,110
03116300,OHIO COLLEGE OF MASSOTHERAPY            ,OH,44321-1363,Private      ,4,18,22,24,101,125
03116400,VANGUARD-SENTINELL VOC SCH DISTRICT     ,OH,43420-1197,Public       ,1,8,9,10,58,68
03117000,ASHLAND COUNTY-W HOLMES CAREER CTR      ,OH,44805-0000,Public       ,8,24,32,35,137,172
03319300,CREATIVE IMAGES-A CERTIFIED MATRIX      ,OH,45414-2557,Proprietary  ,6,39,45,115,261,376
03319301,CREATIVE IMAGES-A CERTIFIED MATRIX      ,OH,45459-0000,Proprietary  ,4,21,25,71,184,255
03425300,ROSEDALE BIBLE COLLEGE                  ,OH,43029-9517,Private      ,1,0,1,48,8,56
03457300,ALLEGHENY WESLEYAN COLLEGE              ,OH,44460-9598,Private      ,9,4,13,49,25,74
03468400,NATIONAL INSTITUTE OF MASSOTHERAPY      ,OH,44319-2100,Proprietary  ,1,9,10,11,83,94
03468500,ATS INSTITUTE OF TECHNOLOGY             ,OH,44143-2216,Proprietary  ,5,97,102,54,641,695
03475400,TRI-STATE BIBLE COLLEGE                 ,OH,45680-8402,Private      ,0,4,4,6,59,65
03534400,AMERICAN INST OF ALTERNATIVE MEDICI     ,OH,43229-1113,Proprietary  ,6,63,69,69,708,777
03583300,OHIO INSTITUTE OF ALLIED HEALTH         ,OH,45424-3646,Private      ,1,21,22,7,140,147
03626300,BROWN AVEDA INSTITUTE                   ,OH,44060-6212,Proprietary  ,32,56,88,208,351,559
03700300,REGENCY BEAUTY INSTITUTE - CLEVELAND    ,OH,44094-0000,Proprietary  ,13,59,72,141,404,545
03726300,TEMPLE BAPTIST COLLEGE                  ,OH,45240-0000,Private      ,0,0,0,1,8,9
03747300,BEXLEY HALL SEMINARY                    ,OH,43209-2325,Private      ,1,6,7,3,43,46
03776400,HEALING ARTS INSTITUTE                  ,OH,43551-3138,Proprietary  ,4,17,21,24,79,103
03837300,AVEDA FREDRIC'S INSTITUTE               ,OH,45208-1304,Proprietary  ,14,32,46,135,213,348
04051307,ART INSTITUTE OF PHOENIX (THE) - BROWN M,OH,45215-1107,Proprietary  ,24,90,114,156,808,964
04051308,ART INSTITUTE OF PHOENIX (THE) - BROWN M,OH,44320-4420,Proprietary  ,12,43,55,119,429,548
04051317,ART INSTITUTE OF PHOENIX (THE) - BROWN M,OH,45840-6848,Proprietary  ,37,163,200,315,1452,1767
04051326,ART INSTITUTE OF PHOENIX (THE) - BROWN M,OH,44718-3674,Proprietary  ,7,26,33,95,461,556
04068300,FOUR COUNTY CAREER CENTER               ,OH,43512-9541,Public       ,1,6,7,6,46,52
04074300,HONDROS COLLEGE                         ,OH,43081-3855,Proprietary  ,52,365,417,503,3836,4339
04117300,DAYTON SCHOOL OF MEDICAL MASSAGE        ,OH,45429-1111,Proprietary  ,20,97,117,119,463,582
04118300,NORTHCOAST MEDICAL TRAINING ACADEMY     ,OH,44240-4174,Proprietary  ,11,35,46,74,206,280
04124500,TECHSKILLS                              ,OH,43231-0000,Proprietary  ,15,112,127,64,523,587
04126000,OHIO ACADEMY PAUL MITCHELL PARTNER SCHOO,OH,44087-3107,Proprietary  ,9,35,44,105,223,328
04137800,AVEDA INSTITUTE COLUMBUS                ,OH,43201-2333,Proprietary  ,35,80,115,355,516,871
04138000,INSTITUTE OF THERAPEUTIC MASSAGE        ,OH,45801-4565,Proprietary  ,2,7,9,8,24,32
04149100,PAUL MITCHELL THE SCHOOL CINCINNATI     ,OH,45241-1702,Proprietary  ,22,43,65,164,259,423
04149101,PAUL MITCHELL THE SCHOOL CINCINNATI - TO,OH,43560-2539,Proprietary  ,18,33,51,106,177,283
04151400,VANITY SCHOOL OF COSMETOLOGY            ,OH,44035-0000,Proprietary  ,1,6,7,24,73,97
04152100,TOLEDO RESTAURANT TRAINING CENTER       ,OH,43604-6508,Private      ,1,10,11,15,94,109
04152600,PIKE COUNTY CAREER TECHNOLOGY CENTER    ,OH,45661-9114,Public       ,1,1,2,3,26,29
04153300,OHIO ACADEMY COLUMBUS (THE)             ,OH,43231-6038,Proprietary  ,12,37,49,143,250,393
04166800,SALON PROFESSIONAL ACADEMY (THE)        ,OH,45551-0000,Proprietary  ,5,16,21,58,59,117
04167700,ARTISAN COLLEGE OF COSMETOLOGY (THE)    ,OH,45840-6848,Proprietary  ,1,9,10,16,46,62
04177300,OHIO MEDICAL CAREER COLLEGE             ,OH,45417-4094,Proprietary  ,11,84,95,108,607,715
04185900,ELITE SCHOOL OF COSMETOLOGY             ,OH,44857-2714,Proprietary  ,0,15,15,16,80,96
04189100,SALON INSTITUTE - TOLEDO CAMPUS         ,OH,43615-1731,Proprietary  ,8,14,22,74,106,180
04192200,ATHENA CAREER ACADEMY                   ,OH,43560-2796,Proprietary  ,5,47,52,47,411,458
04206700,ELITE WELDING ACADEMY                   ,OH,45246-1013,Proprietary  ,6,22,28,70,108,178
04215800,MAPLEWOOD AREA JOINT VOCATIONAL SCHOOL  ,OH,44266-9188,Public       ,0,6,6,1,7,8
04220900,NATIONAL PERSONAL TRAINING INSTITUTE OF ,OH,43235-5739,Proprietary  ,3,9,12,28,103,131
04224300,VALOR CHRISTIAN COLLEGE                 ,OH,43216-0800,Private      ,2,29,31,109,361,470
04225700,LABARBERIA INSTITUTE OF HAIR            ,OH,44106-1923,Proprietary  ,14,42,56,48,185,233
04235000,FELBRY SCHOOL OF NURSING                ,OH,43231-2256,Proprietary  ,3,55,58,9,113,122
04244300,ANTIOCH COLLEGE                         ,OH,45387-1683,Private      ,30,23,53,170,77,247
        ,INVALID SCHOOL CODE                     ,  ,00000-0000,,90,988,1078,727,4230,4957
00134500,ADAMS STATE COLLEGE                     ,CO,81102-2373,Public       ,88,228,316,2631,2281,4912
00134600,ARAPAHOE COMMUNITY COLLEGE              ,CO,80160-9002,Public       ,223,668,891,3047,5781,8828
00134700,COLORADO COLLEGE                        ,CO,80903-3294,Private      ,177,160,337,3526,1029,4555
00134800,COLORADO SCHOOL OF MINES                ,CO,80401-1887,Public       ,220,90,310,6867,1368,8235
00134900,UNIVERSITY OF NORTHERN COLORADO         ,CO,80639-0001,Public       ,318,329,647,10788,5042,15830
00135000,COLORADO STATE UNIVERSITY               ,CO,80523-0100,Public       ,924,765,1689,26092,10811,36903
00135200,DENVER  SEMINARY                        ,CO,80120-2192,Private      ,0,58,58,10,701,711
00135300,FORT LEWIS COLLEGE                      ,CO,81301-3999,Public       ,187,136,323,4786,1634,6420
00135400,ILIFF SCHOOL OF THEOLOGY                ,CO,80210-0000,Private      ,0,22,22,8,350,358
00135500,LAMAR COMMUNITY COLLEGE                 ,CO,81052-3999,Public       ,27,38,65,433,290,723
00135800,COLORADO MESA UNIVERSITY                ,CO,81501-3122,Public       ,368,417,785,8127,3884,12011
00135900,COLORADO NORTHWESTERN COMMUNITY COLLEGE ,CO,81648-3598,Public       ,36,65,101,539,500,1039
00136000,METROPOLITAN STATE UNIVERSITY OF DENVER ,CO,80204-3362,Public       ,577,1370,1947,12104,15437,27541
00136100,NORTHEASTERN JUNIOR COLLEGE             ,CO,80751-2399,Public       ,41,43,84,1089,464,1553
00136200,OTERO JUNIOR COLLEGE                    ,CO,81050-3346,Public       ,34,94,128,637,702,1339
00136300,REGIS UNIVERSITY                        ,CO,80221-1099,Private      ,96,628,724,3893,7497,11390
00136500,COLORADO STATE UNIVERSITY-PUEBLO        ,CO,81001-4901,Public       ,202,270,472,6130,2941,9071
00136800,TRINIDAD STATE JR COLLEGE               ,CO,81082-2396,Public       ,36,111,147,731,971,1702
00137000,UNIVERSITY OF COLORADO-BOULDER          ,CO,80309-0077,Public       ,1075,596,1671,29327,9412,38739
00137100,UNIVERSITY OF DENVER                    ,CO,80208-2000,Private      ,397,570,967,10648,9558,20206
00137200,WESTERN STATE COLORADO UNIVERSITY       ,CO,81231-0000,Public       ,99,63,162,2553,723,3276
00405702,NATIONAL AMERICAN UNIVERSITY - COLORADO ,CO,80920-4001,Proprietary  ,5,45,50,45,370,415
00405703,NATIONAL AMERICAN UNIVERSITY            ,CO,80222-0000,Proprietary  ,0,29,29,20,220,240
00450300,EVEREST COLLEGE                         ,CO,80916-3548,Private      ,13,109,122,97,733,830
00450600,COLORADO MOUNTAIN COLLEGE               ,CO,81602-0000,Public       ,102,262,364,1890,2067,3957
00450700,EVEREST COLLEGE                         ,CO,80229-4339,Private      ,17,53,70,108,359,467
00450701,"EVEREST COLLEGE- EVEREST COLLEGE, AURORA",CO,80012-5692,Private      ,8,28,36,103,374,477
00450800,UNIVERSITY OF COLORADO DENVER           ,CO,80204-2029,Public       ,465,1155,1620,11068,15764,26832
00450900,UNIV OF COLORADO AT COLO SPRINGS        ,CO,80918-3735,Public       ,415,593,1008,10280,7205,17485
00559600,EMILY GRIFFITH OPPORTUNITY SCH          ,CO,80204-0000,Public       ,56,289,345,654,1765,2419
00729700,REDSTONE COLLEGE                        ,CO,80020-9988,Proprietary  ,17,51,68,164,537,701
00732912,ITT TECHNICAL INSTITUTE                 ,CO,80229-5338,Proprietary  ,23,185,208,173,945,1118
00754800,WESTWOOD COLLEGE - DENVER NORTH         ,CO,80221-3653,Proprietary  ,21,66,87,171,780,951
00754801,WESTWOOD COLLEGE - DENVER SOUTH         ,CO,80227-3653,Proprietary  ,5,41,46,101,509,610
00758200,AIMS COMMUNITY COLLEGE                  ,CO,80632-0000,Public       ,156,441,597,2142,3361,5503
00764900,ROCKY MOUNTAIN COLG OF ART & DESIGN     ,CO,80214-0000,Proprietary  ,86,172,258,869,1363,2232
00793300,FRONT RANGE COMMUNITY COLLEGE           ,CO,80031-2199,Public       ,548,1309,1857,7161,11866,19027
00793806,LINCOLN COLLEGE OF TECHNOLOGY - DENVER  ,CO,80239-3006,Proprietary  ,147,132,279,1015,962,1977
00863500,INTELLITEC MEDICAL INSTITUTE            ,CO,80909-0000,Proprietary  ,10,65,75,98,508,606
00887100,CONCORDE CAREER INSTITUTE               ,CO,80203-0000,Proprietary  ,73,259,332,461,1463,1924
00889600,PIKES PEAK COMMUNITY COLLEGE            ,CO,80906-5498,Public       ,385,1584,1969,4849,11881,16730
00940100,COLORADO CHRISTIAN UNIVERSITY           ,CO,80226-7449,Private      ,133,906,1039,2199,5588,7787
00954200,COMMUNITY COLLEGE OF DENVER             ,CO,80217-2026,Public       ,387,1099,1486,5898,9410,15308
00954300,RED ROCKS COMMUNITY COLLEGE             ,CO,80228-1255,Public       ,251,740,991,3096,5603,8699
00998100,MORGAN COMMUNITY COLLEGE                ,CO,80701-4399,Public       ,29,73,102,367,708,1075
01014800,COLORADO TECHNICAL UNIVERSITY           ,CO,80907-3896,Proprietary  ,49,670,719,455,4768,5223
01014802,COLORADO TECHNICAL UNIV - DENVER        ,CO,80111-3201,Proprietary  ,14,176,190,122,1128,1250
01014805,COLORADO TECH UNIV - ON LINE            ,CO,80907-0000,Proprietary  ,345,5974,6319,1948,40422,42370
01014812,COLORADO TECHNICAL UNIVERSITY - WESTMINS,CO,80021-3498,Proprietary  ,0,2,2,42,386,428
01157200,COLORADO SCHOOL OF TRADES               ,CO,80215-2996,Proprietary  ,10,49,59,77,312,389
01267000,BEL-REA INST OF ANIMAL TECH             ,CO,80247-3048,Proprietary  ,40,67,107,354,554,908
01285000,INTERNATIONAL SALON AND SPA ACADEMY     ,CO,80918-3684,Proprietary  ,11,54,65,83,302,385
01287500,PICKENS TECHNICAL COLLEGE               ,CO,80011-9307,Public       ,30,133,163,410,860,1270
01300700,NAZARENE BIBLE COLLEGE                  ,CO,80910-3704,Private      ,3,52,55,64,541,605
02078900,ART INSTITUTE OF COLORADO (THE)         ,CO,80203-2983,Proprietary  ,152,208,360,1370,1559,2929
02116300,PUEBLO COMMUNITY COLLEGE                ,CO,81004-0000,Public       ,134,670,804,2057,5312,7369
02117500,NAROPA UNIVERSITY                       ,CO,80302-0000,Private      ,36,74,110,440,1165,1605
02156200,DELTA - MONTROSE TECHNICAL COLLEGE      ,CO,81416-0000,Public       ,4,46,50,72,221,293
02165200,SALON PROFESSIONAL ACADEMY (THE)        ,CO,81504-5309,Proprietary  ,14,19,33,68,99,167
02188700,DENVER ACAD OF COURT REPORTING          ,CO,80030-0000,Proprietary  ,0,0,0,0,14,14
02211901,CHEEKS INTERNATIONAL ACADEMY OF BEAUTY C,CO,80525-3053,Proprietary  ,1,10,11,21,57,78
02211902,CHEEKS INTERNATIONAL ACDMY BTY CULT     ,CO,80631-0000,Proprietary  ,1,6,7,21,34,55
02253700,INTELLITEC COLLEGE                      ,CO,80909-0000,Proprietary  ,28,203,231,176,1013,1189
02267500,GLENWOOD BEAUTY ACADEMY                 ,CO,81601-0000,Proprietary  ,2,7,9,13,43,56
02276900,COMMUNITY COLLEGE OF AURORA             ,CO,80011-9036,Public       ,216,836,1052,2867,6017,8884
02518500,HAIR DYNAMICS EDUCATION CENTER          ,CO,80525-0000,Proprietary  ,8,17,25,76,154,230
02594300,COLLEGE AMERICA - DENVER                ,CO,80222-3380,Proprietary  ,35,200,235,259,1556,1815
02611000,HERITAGE COLLEGE                        ,CO,80212-7413,Proprietary  ,27,134,161,151,539,690
03006300,INST OF BUSINESS & MEDICAL CAREERS      ,CO,80525-3044,Proprietary  ,44,148,192,374,1326,1700
03010622,VIRGINIA COLLEGE - ECOTECH INSTITUTE - A,CO,80012-4627,Proprietary  ,5,34,39,62,246,308
03014900,PLATT COLLEGE                           ,CO,80014-3141,Proprietary  ,10,46,56,60,309,369
03027400,XENON INTERNATIONAL ACADEMY III         ,CO,80014-1193,Proprietary  ,7,19,26,34,92,126
03030606,UTAH COLLEGE OF MASSAGE THERAPY - DENVER,CO,80031-2921,Proprietary  ,11,19,30,59,113,172
03030607,UTAH COLLEGE OF MASSAGE THERAPY - DENVER,CO,80012-2523,Proprietary  ,15,42,57,86,174,260
03066900,INTELLITEC COLLEGE                      ,CO,81506-3994,Proprietary  ,42,152,194,209,739,948
03068201,OHIO CENTER FOR BROADCASTING - COLORADO ,CO,80214-4129,Proprietary  ,10,45,55,45,148,193
03289300,COLORADO HEIGHTS UNIVERSITY             ,CO,80236-2711,Private      ,26,60,86,157,311,468
03306300,MONTESSORI EDUC CRT OF THE ROCKIES      ,CO,80301-2587,Private      ,1,2,3,7,49,56
03534300,JONES INTERNATIONAL UNIVERSITY          ,CO,80112-3446,Proprietary  ,0,10,10,16,559,575
03545300,UNIVERSITY OF THE ROCKIES               ,CO,80903-3612,Proprietary  ,10,338,348,100,2179,2279
03584400,COLORADO SCHOOL OF HEALING ARTS         ,CO,80226-4332,Proprietary  ,5,23,28,61,236,297
03670300,TONI & GUY HAIRDRESSING ACADEMY         ,CO,80911-0000,Proprietary  ,11,31,42,88,210,298
03686300,COLORADO SCHOOL OF TRADITIONAL CHINESE M,CO,80206-2127,Proprietary  ,0,34,34,16,180,196
03776300,AUGUSTE ESCOFFIER SCHOOL OF CULINARY ART,CO,80305-5961,Proprietary  ,35,85,120,251,438,689
03976300,MASSAGE THERAPY INSTITUTE OF COLORADO   ,CO,80206-2127,Proprietary  ,8,38,46,62,214,276
04080300,ASPEN UNIVERSITY                        ,CO,80246-1930,Proprietary  ,11,170,181,138,1169,1307
04093300,ACADEMY OF NATURAL THERAPY              ,CO,80631-3425,Proprietary  ,6,25,31,49,130,179
04121200,INSTITUTE OF TAOIST EDUCATION AND ACUPUN,CO,80027-1028,Private      ,0,4,4,5,39,44
04125100,MONTESSORI CASA INTERNATIONAL           ,CO,80111-5263,Private      ,0,1,1,0,6,6
04127700,AMERICAN SENTINEL UNIVERSITY            ,CO,80014-6510,Proprietary  ,5,264,269,26,1455,1481
04139300,NATIONAL BEAUTY COLLEGE                 ,CO,80221-0000,Proprietary  ,7,24,31,33,129,162
04148300,DENVER SCHOOL OF NURSING                ,CO,80202-1213,Proprietary  ,26,179,205,383,1327,1710
04167100,AVEDA INSTITUTE DENVER                  ,CO,80202-0000,Proprietary  ,40,77,117,279,443,722
04170200,PAUL MITCHELL THE SCHOOL COLORADO SPRING,CO,80903-0000,Proprietary  ,12,79,91,141,425,566
04172500,ROLF INSTITUTE OF STRUCTURAL INTEGRATION,CO,80301-0000,Private      ,1,22,23,7,126,133
04173800,SALON PROFESSIONAL ACADEMY (THE)        ,CO,80918-2932,Proprietary  ,5,36,41,41,161,202
04177100,PIMA MEDICAL INSTITUTE-SOUTH DENVER     ,CO,80231-0000,Proprietary  ,60,140,200,355,833,1188
04179700,UNITED BEAUTY COLLEGE                   ,CO,80223-2936,Proprietary  ,9,38,47,43,148,191
04183700,HEALING ARTS INSTITUTE                  ,CO,80525-3479,Proprietary  ,4,15,19,39,125,164
04184900,COLLEGE OF INTERNATIONAL ESTHETICS      ,CO,80002-3754,Proprietary  ,9,37,46,44,173,217
04185000,COLORADO ACADEMY OF VETERINARY TECHNOLOG,CO,80906-4944,Proprietary  ,15,50,65,98,265,363
04185400,NATIONAL PERSONAL TRAINING INSTITUTE OF ,CO,80401-3304,Proprietary  ,1,9,10,26,91,117
04195300,LONGS PEAK ACADEMY                      ,CO,80501-6458,Proprietary  ,4,26,30,35,140,175
04202600,NEW DIMENSIONS BEAUTY ACADEMY           ,CO,80138-9801,Proprietary  ,0,15,15,22,85,107
04208700,COLORADO STATE UNIVERSITY - GLOBAL CAMPU,CO,80111-0000,Public       ,53,1445,1498,616,10301,10917
04218900,ROCKY VISTA UNIVERSITY COLLEGE OF OSTEOP,CO,80134-9498,Proprietary  ,0,5,5,2,632,634
04221400,PAUL MITCHELL THE SCHOOL DENVER         ,CO,80226-7395,Proprietary  ,22,40,62,149,206,355
00267811,BRYANT & STRATTON COLLEGE - VIRGINIA BEA,VA,23462-4417,Proprietary  ,9,146,155,218,1145,1363
00370200,AVERETT UNIVERSITY                      ,VA,24541-3692,Private      ,40,215,255,1628,1427,3055
00370300,BLUEFIELD COLLEGE                       ,VA,24605-1799,Private      ,20,79,99,971,776,1747
00370400,BRIDGEWATER COLLEGE                     ,VA,22812-1599,Private      ,54,18,72,3669,222,3891
00370500,COLLEGE OF WILLIAM & MARY               ,VA,23187-8795,Public       ,310,199,509,11385,3969,15354
00370600,CHRISTOPHER NEWPORT UNIVERSITY          ,VA,23606-3072,Public       ,216,121,337,8208,1252,9460
00370700,RICHARD BLAND COLLEGE                   ,VA,23805-7100,Public       ,51,88,139,1549,738,2287
00370800,EASTERN MENNONITE UNIVERSITY            ,VA,22802-2462,Private      ,34,45,79,1376,630,2006
00370900,EMORY & HENRY COLLEGE                   ,VA,24327-0010,Private      ,35,10,45,1602,224,1826
00371100,FERRUM COLLEGE                          ,VA,24088-2612,Private      ,47,20,67,2632,305,2937
00371200,TIDEWATER COMMUNITY COLLEGE             ,VA,23510-1910,Public       ,722,2978,3700,10909,24151,35060
00371300,HAMPDEN-SYDNEY COLLEGE                  ,VA,23943-0128,Private      ,47,7,54,1860,81,1941
00371400,HAMPTON UNIVERSITY                      ,VA,23668-0099,Private      ,338,264,602,9076,3216,12292
00371500,HOLLINS UNIVERSITY                      ,VA,24020-0000,Private      ,39,36,75,1336,574,1910
00371900,LONGWOOD UNIVERSITY                     ,VA,23909-1899,Public       ,117,71,188,6032,1022,7054
00372000,LYNCHBURG COLLEGE                       ,VA,24501-3199,Private      ,61,72,133,3464,1206,4670
00372100,JAMES MADISON UNIVERSITY                ,VA,22807-3780,Public       ,708,181,889,25027,3260,28287
00372300,MARY BALDWIN COLLEGE                    ,VA,24401-3610,Private      ,36,89,125,1582,1302,2884
00372400,MARYMOUNT UNIVERSITY                    ,VA,22207-4224,Private      ,96,161,257,2722,2269,4991
00372600,AMERICAN NATIONAL UNIVERSITY            ,VA,24153-4524,Proprietary  ,51,413,464,385,3355,3740
00372700,NORTHERN VA CMTY CLG                    ,VA,22003-3743,Public       ,1184,2482,3666,18703,21975,40678
00372800,OLD DOMINION UNIVERSITY                 ,VA,23529-0052,Public       ,640,1277,1917,19870,15940,35810
00373200,RADFORD UNIVERSITY                      ,VA,24142-6905,Public       ,262,119,381,11471,2785,14256
00373300,RANDOLPH-MACON COLLEGE                  ,VA,23005-5505,Private      ,77,21,98,2692,165,2857
00373400,RANDOLPH COLLEGE                        ,VA,24503-1526,Private      ,27,20,47,1156,231,1387
00373500,VIRGINIA COMMONWEALTH UNIVERSITY        ,VA,23284-9004,Public       ,921,759,1680,26441,14292,40733
00373600,ROANOKE COLLEGE                         ,VA,24153-3794,Private      ,57,28,85,3434,281,3715
00373700,SHENANDOAH UNIVERSITY                   ,VA,22601-5195,Private      ,71,100,171,3246,2393,5639
00373800,SOUTHERN VIRGINIA UNIVERSITY            ,VA,24416-3038,Private      ,72,22,94,1202,362,1564
00374200,SWEET BRIAR COLLEGE                     ,VA,24595-9998,Private      ,8,4,12,711,69,780
00374300,UNION PRESBYTERIAN SEMINARY             ,VA,23227-0000,Private      ,1,5,6,2,85,87
00374400,UNIVERSITY OF RICHMOND                  ,VA,23173-0001,Private      ,193,163,356,6885,2540,9425
00374500,UNIVERSITY OF VIRGINIA - SFS            ,VA,22903-0000,Public       ,638,269,907,22179,7984,30163
00374600,UNIVERSITY OF MARY WASHINGTON           ,VA,22401-5358,Public       ,161,131,292,5947,1454,7401
00374700,UNIV OF VIRGINIA'S COLLEGE AT WISE      ,VA,24293-4412,Public       ,50,42,92,1812,587,2399
00374800,EASTERN SHORE COMMUNITY COLLEGE         ,VA,23410-3001,Public       ,26,78,104,331,498,829
00374900,GEORGE MASON UNIVERSITY                 ,VA,22030-4444,Public       ,682,914,1596,25546,15271,40817
00375100,PATRICK HENRY COMMUNITY COLLEGE         ,VA,24112-5311,Public       ,50,170,220,1176,1748,2924
00375200,VIRGINIA INTERMONT COLLEGE              ,VA,24201-4298,Private      ,2,1,3,2,1,3
00375300,VIRGINIA MILITARY INSTITUTE             ,VA,24450-2138,Public       ,81,10,91,2165,105,2270
00375400,VIRGINIA POLYTECH INST & STATE UNIV     ,VA,24061-2000,Public       ,674,294,968,28505,4950,33455
00375800,DANVILLE COMMUNITY COLLEGE              ,VA,24541-4004,Public       ,90,235,325,1421,2151,3572
00375900,J. SARGEANT REYNOLDS COMMUNITY CLG      ,VA,23285-0000,Public       ,330,1170,1500,5114,11163,16277
00376000,VIRGINIA WESTERN CMTY COLLEGE           ,VA,24038-0000,Public       ,206,460,666,3293,4127,7420
00376100,WYTHEVILLE COMMUNITY COLLEGE            ,VA,24382-3308,Public       ,51,197,248,1230,1543,2773
00376200,VIRGINIA UNIVERSITY OF LYNCHBURG        ,VA,24501-6400,Private      ,8,38,46,450,522,972
00376400,VIRGINIA STATE UNIVERSITY               ,VA,23806-0001,Public       ,243,238,481,8828,3258,12086
00376500,NORFOLK STATE UNIVERSITY                ,VA,23504-8000,Public       ,226,501,727,6127,6030,12157
00376600,VIRGINIA UNION UNIVERSITY               ,VA,23220-1711,Private      ,122,138,260,3874,1697,5571
00376700,VIRGINIA WESLEYAN COLLEGE               ,VA,23502-5599,Private      ,58,83,141,2260,799,3059
00376800,WASHINGTON & LEE UNIVERSITY             ,VA,24450-0303,Private      ,100,17,117,3038,881,3919
00400400,JOHN TYLER COMMUNITY COLLEGE            ,VA,23831-5316,Public       ,277,704,981,4277,6185,10462
00450301,EVEREST COLLEGE -  MCLEAN               ,VA,22182-2214,Private      ,0,0,0,12,63,75
00498800,CENTRAL VIRGINIA COMMUNITY COLLEGE      ,VA,24502-2498,Public       ,112,289,401,1805,2377,4182
00499200,MILLER-MOTTE TECHNICAL COLLEGE          ,VA,24505-0000,Proprietary  ,30,119,149,232,938,1170
00499600,DABNEY S LANCASTER COMMUNITY CLG        ,VA,24422-1000,Public       ,19,59,78,515,509,1024
00522300,NEW RIVER COMMUNITY COLLEGE             ,VA,24084-1127,Public       ,93,212,305,1596,2053,3649
00662200,COLLEGE OF HEALTH SCIENCES - CHRV       ,VA,24031-0000,Private      ,15,50,65,644,1071,1715
00681900,BLUE RIDGE COMMUNITY COLLEGE            ,VA,24486-0080,Public       ,107,267,374,2126,2432,4558
00687100,THOMAS NELSON COMMUNITY COLLEGE         ,VA,23670-0000,Public       ,344,1058,1402,4081,8940,13021
00709900,VIRGINIA HIGHLANDS COMMUNITY CLG        ,VA,24210-4210,Public       ,43,164,207,1038,1447,2485
00726000,SOUTHWEST VIRGINIA COMMUNITY CLG        ,VA,24641-0000,Public       ,43,207,250,1175,1713,2888
00865900,LORD FAIRFAX COMMUNITY COLLEGE          ,VA,22645-0047,Public       ,144,336,480,2235,2867,5102
00866000,GERMANNA COMMUNITY COLLEGE              ,VA,22508-0339,Public       ,221,466,687,3094,3972,7066
00866100,SOUTHSIDE VIRGINIA CMTY CLG             ,VA,23821-2930,Public       ,108,334,442,1512,2558,4070
00915900,PAUL D CAMP COMMUNITY COLLEGE           ,VA,23851-0737,Public       ,30,134,164,455,1176,1631
00916000,RAPPAHANNOCK COMMUNITY COLLEGE          ,VA,23149-2616,Public       ,58,174,232,928,1425,2353
00926700,EVEREST COLLEGE                         ,VA,23606-4203,Private      ,9,74,83,67,547,614
00926701,EVEREST COLLEGE - CHESAPEAKE            ,VA,23320-2637,Private      ,9,120,129,103,710,813
00942000,SANFORD-BROWN COLLEGE                   ,VA,22102-4301,Proprietary  ,0,0,0,5,35,40
00953500,STAUNTON SCHOOL OF COSMETOLOGY          ,VA,24401-4323,Proprietary  ,1,11,12,23,56,79
00953700,VIRGINIA SCH OF HAIR DESIGN             ,VA,23669-0000,Proprietary  ,4,17,21,35,161,196
00962900,MOUNTAIN EMPIRE COMMUNITY COLLEGE       ,VA,24219-0700,Public       ,42,173,215,1005,1633,2638
00992800,PIEDMONT VIRGINIA COMMUNITY COLLEGE     ,VA,22902-7589,Public       ,121,330,451,1833,2798,4631
01004300,BON SECOURS MEMORIAL COLLEGE OF NURSING ,VA,23227-4612,Private      ,23,89,112,289,850,1139
01019800,ECPI UNIVERSITY                         ,VA,23462-6542,Proprietary  ,136,977,1113,989,6398,7387
01019802,ECPI UNIVERSITY - NEWPORT NEWS          ,VA,23606-4298,Proprietary  ,46,317,363,410,2029,2439
01019807,ECPI UNIVERSITY - MANASSAS              ,VA,20109-2665,Proprietary  ,38,140,178,257,838,1095
01019813,ECPI UNIVERSITY - CULINARY INSTITUTE OF ,VA,23513-2448,Proprietary  ,17,46,63,201,396,597
01019814,ECPI UNIVERSITY - VIRGINIA BEACH HEALTH ,VA,23462-6540,Proprietary  ,14,70,84,102,717,819
01019815,ECPI UNIVERSITY - RICHMOND SOUTH        ,VA,23236-3659,Proprietary  ,34,132,166,317,1004,1321
01019816,ECPI UNIVERSITY - INNSBROOK             ,VA,23060-3359,Proprietary  ,17,58,75,163,453,616
01019817,ECPI UNIVERSITY - RICHMOND WEST         ,VA,23294-3730,Proprietary  ,15,87,102,213,720,933
01033800,EASTERN VIRGINIA MEDICAL SCHOOL         ,VA,23501-1980,Public       ,5,57,62,79,1917,1996
01159600,SYLVAIN MELLOUL INTERNATIONAL HAIR ACADE,VA,24502-2652,Proprietary  ,12,16,28,71,133,204
01162601,WESTWOOD COLLEGE - SOUTH BAY - ARLINGTON,VA,22203-4167,Proprietary  ,13,32,45,142,490,632
01162602,WESTWOOD COLLEGE - SOUTH BAY - ANNANDALE,VA,22003-2602,Proprietary  ,8,23,31,84,401,485
01274400,SOUTHSIDE REGIONAL MED CTR PROF SCHOOLS ,VA,23803-5133,Proprietary  ,9,29,38,109,288,397
02053000,LIBERTY UNIVERSITY                      ,VA,24502-0000,Private      ,1103,10313,11416,23911,88235,112146
02108800,WARDS CORNER BEAUTY ACADEMY             ,VA,23505-0000,Proprietary  ,6,48,54,46,231,277
02111600,DANVILLE REGIONAL MEDICAL CENTER SCHOOL ,VA,24541-0000,Proprietary  ,2,13,15,40,82,122
02128700,CENTRAL SCHOOL OF PRACTICAL NURSING     ,VA,23502-2230,Public       ,3,34,37,69,280,349
02140000,RIVERSIDE SCHOOL OF HEALTH CAREERS      ,VA,23608-3802,Private      ,10,76,86,154,679,833
02149901,PAUL MITCHELL THE SCHOOL-JACKSONVILLE - ,VA,22102-0000,Proprietary  ,20,36,56,88,188,276
02149902,PAUL MITCHELL THE SCHOOL-JACKSONVILLE - ,VA,22192-0000,Proprietary  ,10,29,39,104,179,283
02175800,LYNCHBURG GENERAL HOSP SCH OF NURSG     ,VA,24501-0000,Private      ,14,30,44,116,291,407
02197600,WOODROW WILSON REHABILITATION CTR       ,VA,22939-0000,Public       ,16,6,22,57,35,92
02242400,HENRICO CTY ST MARYS HOSP PRAC NRSG     ,VA,23075-0000,Public       ,0,4,4,8,65,73
02320900,TIDEWATER TECH                          ,VA,23502-1747,Proprietary  ,36,174,210,246,976,1222
02334400,CENTURA COLLEGE                         ,VA,23452-0000,Proprietary  ,36,253,289,273,1569,1842
02342700,FORTIS COLLEGE                          ,VA,23502-4101,Proprietary  ,18,145,163,184,869,1053
02342701,FORTIS COLLEGE - RICHMOND CAMPUS        ,VA,23230-0000,Proprietary  ,23,144,167,217,912,1129
02358500,BON SECOURS SAINT MARY'S HOSPITAL SCHOOL,VA,23227-4612,Private      ,6,35,41,96,306,402
02538800,SUFFOLK BEAUTY ACADEMY                  ,VA,23434-0000,Proprietary  ,4,22,26,28,118,146
02541200,STRATFORD UNIVERSITY                    ,VA,22043-0000,Proprietary  ,71,448,519,655,3616,4271
02541201,STRATFORD UNIVERSITY-WOODBRIDGE         ,VA,22192-0000,Proprietary  ,0,0,0,54,246,300
02588900,MEDTECH INSTITUTE                       ,VA,22042-3013,Proprietary  ,67,215,282,361,1177,1538
02610100,WASHINGTON COUNTY ADULT SKILL CTR       ,VA,24210-2346,Public       ,5,12,17,36,121,157
02617508,EVEREST COLLEGE - WOODBRIDGE            ,VA,22192-6808,Private      ,19,96,115,174,639,813
03002400,GRAHAM WEBB INTERNATIONAL ACAD HAIR     ,VA,22209-2129,Proprietary  ,6,39,45,25,141,166
03010700,BAR PALMA BEAUTY CAREERS  ACADEMY       ,VA,24014-2255,Proprietary  ,5,28,33,44,129,173
03042800,"VIRGINIA BEACH CITY SCHOOLS, SCH.-PR.NSG",VA,23456-0038,Public       ,2,15,17,48,164,212
03091300,REGENT UNIVERSITY                       ,VA,23464-9800,Private      ,107,1124,1231,2022,8850,10872
03092700,SKYLINE COLLEGE                         ,VA,24012-1603,Proprietary  ,2,27,29,38,202,240
03096500,SPRINGFIELD BEAUTY ACADEMY              ,VA,22003-3016,Proprietary  ,1,17,18,7,59,66
03106500,SENTARA COLLEGE OF HEALTH SCIENCES      ,VA,23320-2843,Private      ,12,87,99,230,952,1182
03116900,BAPTIST THEOLOGICAL SEM.-RICHMOND       ,VA,23227-0000,Private      ,0,11,11,4,132,136
03126300,AVIATION INSTITUTE OF MAINTENANCE       ,VA,23320-5987,Proprietary  ,9,45,54,84,368,452
03126400,CENTURA COLLEGE                         ,VA,23235-5230,Proprietary  ,13,111,124,124,789,913
03127500,ADVANCED TECHNOLOGY INSTITUTE           ,VA,23462-2409,Proprietary  ,39,102,141,498,672,1170
03280400,VIRGINIA SCHOOL OF MASSAGE              ,VA,22903-0000,Proprietary  ,4,23,27,31,103,134
03409500,CHESTER CAREER COLLEGE                  ,VA,23836-2516,Proprietary  ,5,49,54,79,353,432
03455300,CRESCENT COSMETOLOGY UNIVERSITY         ,VA,23666-3115,Proprietary  ,1,5,6,13,41,54
03559300,APPALACHIAN SCHOOL OF LAW               ,VA,24614-0000,Private      ,0,4,4,12,244,256
03645400,RUDY & KELLY ACADEMY OF HAIR AND NA     ,VA,23464-6857,Proprietary  ,24,44,68,147,327,474
03654300,CAREER TRAINING SOLUTIONS               ,VA,22406-1014,Proprietary  ,14,101,115,133,641,774
03709300,EDWARD VIA VIRGINIA CLG OSTEOPATHIC MED ,VA,24060-6360,Private      ,0,1,1,4,1062,1066
03862600,VIRGINIA BAPTIST COLLEGE                ,VA,22407-0000,Private      ,2,10,12,39,98,137
03872400,INSTITUTE FOR THE PSYCHOLOGICAL SCIENCES,VA,22202-3609,Private      ,3,23,26,15,177,192
03876300,CULPEPER COSMETOLOGY TRAINING CENTER    ,VA,22701-3155,Public       ,4,14,18,27,53,80
03883400,AVIATION INSTITUTE OF MAINTENANCE       ,VA,20110-4156,Proprietary  ,7,36,43,76,229,305
03966300,VIRGINIA BEACH THEOLOGICAL SEMINARY     ,VA,23464-6847,Private      ,1,10,11,5,50,55
04038400,AVI CAREER INSTITUTE                    ,VA,22066-1839,Proprietary  ,1,13,14,5,67,72
04110300,UNIVERSITY OF MANAGEMENT AND TECHNOLOGY ,VA,22209-1609,Proprietary  ,2,75,77,27,518,545
04124000,DOMINION SCHOOL OF HAIR DESIGN          ,VA,23062-2221,Proprietary  ,3,7,10,17,40,57
04127300,COLUMBIA COLLEGE                        ,VA,22031-4413,Proprietary  ,9,192,201,53,665,718
04137300,CAYCE/REILLY SCHOOL OF MASSOTHERAPY     ,VA,23451-2061,Private      ,1,14,15,11,100,111
04140000,GLOBAL HEALTH NURSE TRAINING SERVICES   ,VA,22314-4585,Proprietary  ,3,57,60,45,582,627
04144000,VIRGINIA INTERNATIONAL UNIVERSITY       ,VA,22030-0000,Private      ,2,15,17,2,15,17
04153800,BETHEL COLLEGE                          ,VA,23666-3122,Private      ,2,15,17,32,134,166
04156200,INSTITUTE OF ADVANCED MEDICAL ESTHETICS ,VA,23294-4701,Proprietary  ,0,14,14,20,96,116
04169400,NORTHERN VIRGINIA SCHOOL OF THERAPEUTIC ,VA,22046-4302,Proprietary  ,7,37,44,46,170,216
04171500,COSMOPOLITAN BEAUTY & TECH SCHOOL       ,VA,22003-3204,Proprietary  ,1,43,44,15,174,189
04179900,TOMORROW'S IMAGE BARBER ACADEMY OF VIRGI,VA,23602-5532,Proprietary  ,4,15,19,14,83,97
04180600,APPALACHIAN COLLEGE OF PHARMACY         ,VA,24631-9210,Private      ,0,16,16,21,267,288
04214700,LUCKES BEAUTY ACADEMY                   ,VA,23601-1303,Proprietary  ,0,15,15,23,97,120
04218600,VIRGINIA TECH CARILION SCHOOL OF MEDICIN,VA,24016-4950,Private      ,21,11,32,222,431,653
04219000,IGLOBAL UNIVERSITY                      ,VA,22003-2400,Proprietary  ,0,6,6,3,32,35
04220100,NATIONAL PERSONAL TRAINING INSTITUTE    ,VA,22182-2412,Proprietary  ,2,14,16,15,71,86
04220400,CHRYSM INSTITUTE OF ESTHETICS (THE)     ,VA,23462-3650,Proprietary  ,2,22,24,24,178,202
04221000,"STANDARD HEALTHCARE SERVICES, COLLEGE OF",VA,22046-4612,Proprietary  ,5,62,67,20,351,371
04235400,SAINT MICHAEL COLLEGE OF ALLIED HEALTH  ,VA,22309-2348,Proprietary  ,5,44,49,24,202,226
04238700,DERMAL SCIENCE INTERNATIONAL AESTHETICS ,VA,20190-5226,Proprietary  ,2,24,26,12,113,125
04241500,WAVE LEADERSHIP COLLEGE                 ,VA,23454-2140,Private      ,2,10,12,27,55,82
00107000,THUNDERBIRD SCHOOL OF GLOBAL MANAGEMENT ,AZ,85306-6000,Private      ,0,0,0,5,51,56
00107100,ARIZONA WESTERN COLLEGE                 ,AZ,85366-0000,Public       ,257,541,798,4697,4602,9299
00107200,COCHISE COLLEGE                         ,AZ,85607-6190,Public       ,106,361,467,1727,2895,4622
00107300,EASTERN ARIZONA COLLEGE                 ,AZ,85552-0769,Public       ,104,224,328,1613,1526,3139
00107400,GRAND CANYON UNIVERSITY                 ,AZ,85017-3030,Proprietary  ,983,12610,13593,22164,72247,94411
00107600,GLENDALE COMMUNITY COLLEGE              ,AZ,85302-3090,Public       ,705,1502,2207,11011,13601,24612
00107700,MESA COMMUNITY COLLEGE                  ,AZ,85202-4866,Public       ,732,1769,2501,10459,15909,26368
00107800,PHOENIX COLLEGE                         ,AZ,85013-4234,Public       ,387,1328,1715,6662,12508,19170
00107900,YAVAPAI COLLEGE                         ,AZ,86301-3297,Public       ,136,489,625,2004,4000,6004
00108100,ARIZONA STATE UNIV (ALL CAMPUSES)       ,AZ,85287-0412,Public       ,2590,5099,7689,65944,59539,125483
00108200,NORTHERN ARIZONA UNIVERSITY             ,AZ,86011-0001,Public       ,1123,1201,2324,31869,15836,47705
00108300,UNIVERSITY OF ARIZONA                   ,AZ,85721-0066,Public       ,1156,1217,2373,37780,17636,55416
00165701,MIDWESTERN UNIVERSITY                   ,AZ,85308-0000,Private      ,14,91,105,215,4377,4592
00446700,TUCSON COLLEGE                          ,AZ,85711-3781,Proprietary  ,28,119,147,230,595,825
00711300,ARIZONA CHRISTIAN UNIVERSITY            ,AZ,85032-7097,Private      ,49,76,125,1334,666,2000
00726600,PIMA COUNTY COMMUNITY COLLEGE           ,AZ,85709-1110,Public       ,585,1679,2264,10263,14737,25000
00728300,CENTRAL ARIZONA COLLEGE                 ,AZ,85228-0000,Public       ,191,490,681,2992,4180,7172
00732911,ITT TECHNICAL INSTITUTE                 ,AZ,85282-9272,Proprietary  ,62,290,352,449,2364,2813
00732990,ITT TECHNICAL INSTITUTE                 ,AZ,85704-5829,Proprietary  ,68,324,392,597,2466,3063
00822100,UNIVERSAL TECHNICAL INSTITUTE           ,AZ,85323-7946,Proprietary  ,975,1139,2114,13615,10978,24593
00824600,DINÉ COLLEGE                            ,AZ,86556-0126,Public       ,44,161,205,655,1227,1882
00830300,GATEWAY COMMUNITY COLLEGE               ,AZ,85034-1795,Public       ,238,904,1142,3641,7928,11569
00830302,MARICOPA SKILL CENTER                   ,AZ,85034-0000,Public       ,44,193,237,450,1255,1705
00830400,SCOTTSDALE COMMUNITY COLLEGE            ,AZ,85250-0000,Public       ,251,526,777,3967,4674,8641
00886400,ARIZONA ACADEMY OF BEAUTY               ,AZ,85712-5021,Proprietary  ,9,28,37,73,182,255
01085800,AVALON SCHOOL OF COSMETOLOGY            ,AZ,85210-4010,Proprietary  ,75,144,219,507,895,1402
01168900,REFRIGERATION SCHOOL                    ,AZ,85034-0000,Proprietary  ,40,171,211,175,1001,1176
01180200,ARIZONA ACADEMY OF BEAUTY-NORTH         ,AZ,85705-2720,Proprietary  ,2,14,16,35,111,146
01186200,NORTHLAND PIONEER COLLEGE               ,AZ,86025-0610,Public       ,79,266,345,653,1644,2297
01186400,MOHAVE COMMUNITY COLLEGE                ,AZ,86409-1238,Public       ,139,416,555,1298,3343,4641
01218400,INTERNATIONAL ACADEMY OF HAIR DESIGN    ,AZ,85282-6730,Proprietary  ,8,18,26,48,149,197
02065300,PRESCOTT COLLEGE                        ,AZ,86301-0000,Private      ,15,84,99,435,928,1363
02098800,UNIVERSITY OF PHOENIX                   ,AZ,85040-0000,Proprietary  ,1601,34493,36094,11663,218218,229881
02100500,UNIVERSAL TECHNICAL INSTITUTE           ,AZ,85027-0000,Proprietary  ,819,1179,1998,12422,10930,23352
02100600,CARRINGTON COLLEGE                      ,AZ,85015-4096,Proprietary  ,232,745,977,1659,4638,6297
02113800,ROBERTO-VENN SCH OF LUTHIERY            ,AZ,85040-0000,Proprietary  ,1,8,9,31,52,83
02146600,SOUTH MOUNTAIN COMMUNITY COLLEGE        ,AZ,85040-0000,Public       ,188,440,628,2753,4100,6853
02160305,COLLINS COLLEGE                         ,AZ,85040-4000,Proprietary  ,2,27,29,68,211,279
02160306,INTERNATIONAL ACADEMY OF DESIGN AND TECH,AZ,85281-6705,Proprietary  ,3,11,14,36,89,125
02171500,WESTERN INTERNATIONAL UNIVERSITY        ,AZ,85021-0000,Proprietary  ,8,261,269,81,1379,1460
02177500,RIO SALADO COMMUNITY COLLEGE            ,AZ,85281-6948,Public       ,222,1637,1859,2811,13968,16779
02199900,AMERICAN INDIAN CLG-ASSEMBLIES GOD      ,AZ,85021-0000,Private      ,4,22,26,73,133,206
02217100,PIMA MEDICAL INSTITUTE                  ,AZ,85716-0000,Proprietary  ,470,1365,1835,3488,9236,12724
02218800,BROOKLINE COLLEGE                       ,AZ,85021-5815,Proprietary  ,40,279,319,370,2066,2436
02218804,BROOKLINE COLLEGE - MESA                ,AZ,85204-4448,Proprietary  ,19,154,173,195,760,955
02218805,BROOKLINE COLLEGE - TUCSON              ,AZ,85711-5444,Proprietary  ,21,141,162,189,746,935
02263100,ANTHEM COLLEGE                          ,AZ,85014-4973,Proprietary  ,4,28,32,102,298,400
02280500,CHARLES OF ITALY BEAUTY COLLEGE         ,AZ,86403-0000,Proprietary  ,9,10,19,43,93,136
02295000,EVEREST COLLEGE                         ,AZ,85021-1610,Proprietary  ,7,36,43,249,2299,2548
02295002,EVEREST COLLEGE - MESA                  ,AZ,85206-4704,Proprietary  ,2,22,24,102,612,714
02306807,ARIZONA AUTOMOTIVE INSTITUTE            ,AZ,85301-3503,Proprietary  ,65,209,274,535,1409,1944
02317800,AMERICAN INSTITUTE OF TECHNOLOGY        ,AZ,85043-0000,Proprietary  ,27,288,315,207,1138,1345
02491500,SOUTHWEST UNIVERSITY OF VISUAL ARTS     ,AZ,85716-0000,Proprietary  ,9,19,28,169,248,417
02533200,FRANK LLOYD WRIGHT SCHOOL OF ARCHITECTUR,AZ,85261-4430,Private      ,1,5,6,23,46,69
02559000,UNIVERSITY OF ADVANCING TECHNOLOGY      ,AZ,85283-0000,Proprietary  ,54,71,125,943,649,1592
02582700,CORTIVA INSTITUTE - TUCSON              ,AZ,85710-3503,Proprietary  ,16,64,80,101,307,408
02616700,LE CORDON BLEU COLLEGE OF CULINARY ARTS ,AZ,85251-2729,Proprietary  ,94,414,508,766,3205,3971
02623600,PARADISE VALLEY COMMUNITY COLLEGE       ,AZ,85032-1210,Public       ,231,571,802,3595,4967,8562
02623800,CORTIVA INSTITUTE - SCOTTSDALE          ,AZ,85257-4218,Proprietary  ,8,23,31,31,141,172
03005000,SAFFORD COLLEGE OF BEAUTY CULTURE       ,AZ,85546-3309,Proprietary  ,2,16,18,15,47,62
03010613,VIRGINIA COLLEGE - GOLF ACADEMY OF AMERI,AZ,85225-3412,Proprietary  ,4,9,13,31,95,126
03030604,UTAH COLLEGE OF MASSAGE THERAPY - ARIZON,AZ,85282-0000,Proprietary  ,20,35,55,83,209,292
03030605,UTAH COLLEGE OF MASSAGE THERAPY - ARIZON,AZ,85051-3470,Proprietary  ,17,57,74,106,281,387
03034400,CONSERVATORY RECORDING ARTS & SCIS      ,AZ,85282-1707,Proprietary  ,70,87,157,587,603,1190
03072200,CHANDLER-GILBERT COMMUNITY COLLEGE      ,AZ,85225-2499,Public       ,394,720,1114,5614,6281,11895
03076400,BRYMAN SCHOOL OF ARIZONA (THE)          ,AZ,85029-4919,Proprietary  ,1,13,14,33,193,226
03097800,CARSTEN INSTITUTE OF HAIR & BEAUTY      ,AZ,85282-5404,Proprietary  ,14,42,56,96,202,298
03100400,COCONINO COUNTY COMMUNITY COLLEGE       ,AZ,86001-0000,Public       ,134,222,356,2118,2070,4188
03107000,SOUTHWEST CLG OF NATUROPATHIC MED       ,AZ,85282-0000,Private      ,1,30,31,15,590,605
03115000,ARIZONA COLLEGE OF ALLIED HEALTH        ,AZ,85302-3843,Proprietary  ,76,303,379,416,1415,1831
03120300,COLLEGE AMERICA                         ,AZ,86004-3936,Proprietary  ,45,173,218,429,1498,1927
03156300,ESTRELLA MOUNTAIN COMMUNITY COLLEGE     ,AZ,85392-1010,Public       ,364,703,1067,5386,6855,12241
03347300,INTERNATIONAL BAPTIST COLLEGE           ,AZ,85282-6799,Private      ,7,8,15,48,36,84
03445300,HDS TRUCK DRIVING INSTITUTE             ,AZ,85731-0000,Proprietary  ,2,34,36,15,151,166
03478400,PHOENIX SEMINARY                        ,AZ,85018-7611,Private      ,0,22,22,8,188,196
03572300,EAST VALLEY INSTITUTE OF TECHNOLOGY     ,AZ,85201-6910,Public       ,31,119,150,369,693,1062
03593300,SOUTHWEST INSTITUTE OF HEALING ARTS     ,AZ,85281-3658,Proprietary  ,23,250,273,168,1641,1809
03617500,PHOENIX INSTITUTE OF HERBAL MEDICINE & A,AZ,85012-0000,Proprietary  ,8,51,59,53,408,461
03695500,ARIZONA SCHOOL OF ACUPUNCTURE AND ORIENT,AZ,85712-1100,Proprietary  ,1,10,11,18,71,89
03784400,TOHONO O'ODHAM COMMUNITY COLLEGE        ,AZ,85634-3129,Public       ,1,8,9,78,114,192
03813300,NORTHCENTRAL UNIVERSITY                 ,AZ,86314-2336,Proprietary  ,4,1592,1596,71,8619,8690
03814300,TURNING POINT BEAUTY COLLEGE            ,AZ,85222-4229,Proprietary  ,2,13,15,22,66,88
04051300,ART INSTITUTE OF PHOENIX (THE)          ,AZ,85021-2859,Proprietary  ,644,1522,2166,5067,14481,19548
04051306,THE ART INSTITUTE OF TUCSON             ,AZ,85712-2732,Proprietary  ,36,50,86,397,554,951
04051325,ART INSTITUTE OF PHOENIX (THE) - BROWN M,AZ,85712-5300,Proprietary  ,20,63,83,158,673,831
04051327,ART INSTITUTE OF PHOENIX (THE) - BROWN M,AZ,85029-1348,Proprietary  ,11,49,60,150,399,549
04059300,TUCSON COLLEGE OF BEAUTY                ,AZ,85705-2451,Proprietary  ,4,14,18,61,145,206
04120900,ARIZONA CULINARY INSTITUTE              ,AZ,85259-4939,Proprietary  ,11,48,59,183,333,516
04131400,ARIZONA SUMMIT LAW SCHOOL               ,AZ,85004-4418,Proprietary  ,9,56,65,70,1076,1146
04148700,AMERICAN INSTITUTE OF INTERIOR DESIGN   ,AZ,85268-3827,Proprietary  ,1,13,14,27,76,103
04152900,STUDIO ACADEMY OF BEAUTY (THE)          ,AZ,85224-3600,Proprietary  ,28,74,102,158,395,553
04157400,NATIONAL PARALEGAL COLLEGE              ,AZ,85014-1262,Proprietary  ,7,165,172,78,1410,1488
04174100,PAUL MITCHELL THE SCHOOL PHOENIX        ,AZ,85017-1919,Proprietary  ,33,60,93,192,344,536
04174200,ALL BEAUTY COLLEGE                      ,AZ,86426-8326,Proprietary  ,9,19,28,46,151,197
04175300,PENROSE ACADEMY                         ,AZ,85254-4065,Proprietary  ,25,32,57,125,205,330
04177500,PURE AESTHETICS                         ,AZ,85711-2328,Proprietary  ,5,18,23,30,104,134
04194500,AVEDA INSTITUTE TUCSON                  ,AZ,85719-4876,Proprietary  ,9,30,39,119,220,339
04194501,AVEDA INSTITUTE TUCSON - PHOENIX        ,AZ,85284-1064,Proprietary  ,14,43,57,125,246,371
04217600,SESSIONS COLLEGE FOR PROFESSIONAL DESIGN,AZ,85281-2840,Proprietary  ,2,18,20,22,188,210
04233100,ARIZONA SCHOOL OF INTEGRATIVE STUDIES   ,AZ,86324-3106,Proprietary  ,4,8,12,14,58,72
04233101,ARIZONA SCHOOL OF INTEGRATIVE STUDIES - ,AZ,86001-5510,Proprietary  ,2,14,16,31,85,116
04233102,ARIZONA SCHOOL OF INTEGRATIVE STUDIES - ,AZ,86303-4711,Proprietary  ,2,24,26,26,107,133
04233103,ARIZONA SCHOOL OF INTEGRATIVE STUDIES - ,AZ,85705-8330,Proprietary  ,1,19,20,32,128,160
04244900,SONORAN DESERT INSTITUTE                ,AZ,85258-3376,Proprietary  ,6,76,82,9,123,132
04246400,AVENTIS COLLEGE                         ,AZ,85282-1118,Proprietary  ,0,0,0,1,5,6
00142800,DELAWARE STATE UNIVERSITY               ,DE,19901-2277,Public       ,287,222,509,8371,2597,10968
00142900,GOLDEY BEACOM COLLEGE                   ,DE,19808-1993,Private      ,28,63,91,708,588,1296
00143100,UNIVERSITY OF DELAWARE                  ,DE,19716-0099,Public       ,555,218,773,26882,3283,30165
00143300,WESLEY COLLEGE                          ,DE,19901-3875,Private      ,59,88,147,2907,925,3832
00331301,WIDENER UNIV SCHOOL OF LAW - DE         ,DE,19803-0000,Private      ,5,40,45,58,961,1019
00705300,DELAWARE TECHNICAL COMMUNITY COLLEGE - O,DE,19947-0000,Public       ,0,0,0,10,25,35
00794800,WILMINGTON UNIVERSITY                   ,DE,19720-6491,Private      ,212,1233,1445,3386,11280,14666
01172700,DELAWARE TECHNICAL COMMUNITY COLLEGE    ,DE,19901-8736,Public       ,428,1129,1557,7641,9902,17543
01172703,DELAWARE TECHNICAL COMMUNITY COLLEGE -  ,DE,19801-2412,Public       ,0,0,0,6,13,19
01172704,DELAWARE TECHNICAL COMMUNITY COLLEGE -  ,DE,19713-2197,Public       ,0,0,0,2,10,12
02125200,SCHOOL OF NURSING BEEBE MEDICAL CENTER  ,DE,19958-1462,Private      ,8,17,25,80,130,210
02190400,SCHILLING DOUGLAS SCH OF HAIR DSGN      ,DE,19711-0000,Proprietary  ,15,12,27,95,105,200
02586902,STAR TECHNICAL INSTITUTE -              ,DE,19901-4615,Proprietary  ,5,15,20,24,108,132
03025800,DAWN TRAINING CENTRE                    ,DE,19805-1511,Proprietary  ,22,88,110,119,519,638
03543300,HARRIS SCHOOL OF BUSINESS               ,DE,19803-5341,Proprietary  ,14,77,91,104,413,517
03702300,DELAWARE LEARNING INSTITUTE OF COSMETOLO,DE,19939-9759,Proprietary  ,9,25,34,45,108,153
04130700,ACADEMY OF MASSAGE AND BODYWORK         ,DE,19701-1321,Proprietary  ,2,19,21,28,96,124
04139800,DELAWARE COLLEGE OF ART & DESIGN        ,DE,19801-3007,Private      ,21,32,53,424,201,625
04171100,PAUL MITCHELL THE SCHOOL-DELAWARE       ,DE,19702-5108,Proprietary  ,7,33,40,103,142,245
        ,FEDERAL STUDENT AID USE ONLY            ,DC,20202-0000,,0,0,0,0,1,1
        ,OFFICIAL USE ONLY                       ,DC,20202-0000,,0,1,1,0,1,1
00143400,AMERICAN UNIVERSITY                     ,DC,20016-8020,Private      ,463,528,991,14309,9265,23574
00143700,CATHOLIC UNIVERSITY OF AMERICA          ,DC,20064-0002,Private      ,149,153,302,5378,2425,7803
00143711,"CATHOLIC UNIV AMERICA, LAW SCHOOL       ",DC,20064-0000,Private      ,4,12,16,47,935,982
00144100,UNIV OF THE DISTRICT OF COLUMBIA        ,DC,20008-0000,Public       ,155,581,736,2874,6567,9441
00144102,UNIV OF THE DIST OF COLU -SCHOOL OF LAW ,DC,20008-1173,Public       ,5,25,30,78,856,934
00144300,GALLAUDET UNIVERSITY                    ,DC,20002-3695,Private      ,30,64,94,948,1157,2105
00144400,GEORGE WASHINGTON UNIVERSITY            ,DC,20052-2353,Private      ,590,1055,1645,14851,12142,26993
00144402,GEORGE WASHINGTON UNIV LAW SCHL         ,DC,20052-0000,Private      ,2,63,65,75,3720,3795
00144403,GEORGE WASHINGTON UNIV SCH MED          ,DC,20052-0000,Private      ,8,66,74,103,1630,1733
00144437,GEORGE WASHINGTON UNIVERSITY            ,DC,20006-4804,Private      ,0,0,0,524,281,805
00144500,GEORGETOWN UNIVERSITY                   ,DC,20057-1252,Private      ,373,372,745,12628,4734,17362
00144501,"GEORGETOWN UNIV, SCH OF MEDICINE        ",DC,20007-0000,Private      ,7,19,26,74,1228,1302
00144502,GEORGETOWN UNIVERSITY - GRADUATE SCHOOL ,DC,20057-0004,Private      ,7,307,314,71,4380,4451
00144503,GEORGETOWN UNIV LAW CENTER              ,DC,20001-0000,Private      ,5,80,85,61,4867,4928
00144800,HOWARD UNIVERSITY                       ,DC,20059-0001,Private      ,552,414,966,16132,8734,24866
00145900,STRAYER UNIVERSITY                      ,DC,20005-2603,Proprietary  ,223,5176,5399,1814,47212,49026
00146000,TRINITY UNIVERSITY                      ,DC,20017-1004,Private      ,35,198,233,1414,2571,3985
00146400,WESLEY THEOLOGICAL SEMINARY             ,DC,20016-0000,Private      ,1,34,35,1,386,387
00207701,JOHNS HOPKINS UNIV SCH ADV INTL STU     ,DC,20036-0000,Private      ,9,77,86,84,1445,1529
01280300,DOMINICAN HOUSE OF STUDIES              ,DC,20017-1584,Private      ,0,3,3,1,23,24
02132800,NAT'L CONSERVATORY DRAMATIC ARTS        ,DC,20007-2758,Private      ,1,4,5,16,52,68
03104300,CAREER BLAZERS LEARNING CENTER OF WASHIN,DC,20037-1881,Proprietary  ,14,225,239,68,832,900
03218300,POTOMAC COLLEGE                         ,DC,20016-0000,Proprietary  ,4,33,37,50,251,301
03409600,BENNETT CAREER INSTITUTE                ,DC,20017-1754,Proprietary  ,10,63,73,99,370,469
03750300,TECHNICAL LEARNING CENTERS              ,DC,20006-3749,Proprietary  ,29,209,238,170,848,1018
04114400,INSTITUTE OF WORLD POLITICS (THE)       ,DC,20036-1464,Private      ,1,11,12,8,155,163
04142700,PONTIFICAL JOHN PAUL II INSTITUTE FOR ST,DC,20064-0001,Private      ,0,1,1,1,20,21
04190000,RADIANS COLLEGE                         ,DC,20005-3542,Proprietary  ,9,90,99,77,1074,1151
04202500,GRADUATE SCHOOL                         ,DC,20024-2520,Private      ,0,15,15,8,140,148
00154100,ABRAHAM BALDWIN AGRICULTURAL CLG        ,GA,31794-0000,Public       ,136,195,331,3459,1748,5207
00154200,AGNES SCOTT COLLEGE                     ,GA,30030-3770,Private      ,44,72,116,1593,562,2155
00154300,DARTON COLLEGE                          ,GA,31707-3098,Public       ,176,594,770,4129,7009,11138
00154400,ALBANY STATE UNIVERSITY                 ,GA,31705-2796,Public       ,269,455,724,6739,5435,12174
00154500,ANDREW COLLEGE                          ,GA,39840-1395,Private      ,13,15,28,431,98,529
00154600,ARMSTRONG ATLANTIC STATE UNIVERSITY     ,GA,31419-1997,Public       ,240,571,811,6680,6643,13323
00154700,POINT UNIVERSITY                        ,GA,30344-1999,Private      ,65,89,154,1147,1057,2204
00155400,BERRY COLLEGE                           ,GA,30149-5007,Private      ,144,57,201,4123,392,4515
00155500,THOMAS UNIVERSITY                       ,GA,31792-7499,Private      ,26,146,172,538,1434,1972
00155600,BRENAU UNIVERSITY                       ,GA,30501-3668,Private      ,62,392,454,1709,3901,5610
00155700,BREWTON PARKER COLLEGE                  ,GA,30445-0000,Private      ,10,24,34,513,191,704
00155800,COLLEGE OF COASTAL GEORGIA              ,GA,31520-3644,Public       ,128,269,397,2596,2510,5106
00155900,CLARK ATLANTA UNIVERSITY                ,GA,30314-4385,Private      ,526,496,1022,10590,5775,16365
00156000,COLUMBIA THEOLOGICAL SEMINARY           ,GA,30031-0000,Private      ,2,17,19,11,243,254
00156100,COLUMBUS STATE UNIVERSITY               ,GA,31907-5645,Public       ,290,692,982,7041,7245,14286
00156200,GEORGIA PERIMETER COLLEGE               ,GA,30034-3832,Public       ,1073,2443,3516,16119,22139,38258
00156300,EMMANUEL COLLEGE                        ,GA,30639-0000,Private      ,28,18,46,966,178,1144
00156400,EMORY UNIVERSITY                        ,GA,30322-1960,Private      ,511,511,1022,14258,10366,24624
00156600,FORT VALLEY STATE UNIVERSITY            ,GA,31030-3298,Public       ,134,194,328,3949,2834,6783
00156800,INTERDENOMINATIONAL THEOLOGY CENTER     ,GA,30314-0000,Private      ,0,35,35,7,491,498
00156900,GEORGIA INSTITUTE OF TECHNOLOGY         ,GA,30332-0325,Public       ,751,547,1298,24651,6728,31379
00157100,GEORGIA MILITARY COLLEGE                ,GA,31061-3398,Public       ,445,920,1365,5984,7573,13557
00157200,GEORGIA SOUTHERN UNIVERSITY             ,GA,30460-8065,Public       ,832,657,1489,24093,8625,32718
00157300,GEORGIA SOUTHWESTERN STATE UNIV         ,GA,31709-4693,Public       ,108,178,286,2814,2329,5143
00157400,GEORGIA STATE UNIVERSITY                ,GA,30303-3010,Public       ,1424,2208,3632,35578,28170,63748
00157500,GORDON COLLEGE                          ,GA,30204-1762,Public       ,181,239,420,4479,2817,7296
00157700,KENNESAW STATE UNIVERSITY               ,GA,30144-5591,Public       ,1267,1441,2708,32179,18589,50768
00157706,KENNESAW STATE UNIVERSITY - MARIETTA CAM,GA,30060-2855,Public       ,293,557,850,4507,3744,8251
00157800,LAGRANGE COLLEGE                        ,GA,30240-2999,Private      ,36,50,86,1582,607,2189
00157900,GEORGIA REGENTS UNIVERSITY              ,GA,30912-0004,Public       ,180,429,609,5484,6776,12260
00158000,MERCER UNIVERSITY                       ,GA,31207-0003,Private      ,237,566,803,6559,9037,15596
00158100,MIDDLE GEORGIA STATE COLLEGE            ,GA,31014-1599,Public       ,253,544,797,6413,5952,12365
00158200,MOREHOUSE COLLEGE                       ,GA,30314-3773,Private      ,170,127,297,4287,1401,5688
00158500,UNIVERSITY OF NORTH GEORGIA             ,GA,30597-0001,Public       ,694,593,1287,15262,6065,21327
00158600,OGLETHORPE UNIVERSITY                   ,GA,30319-2737,Private      ,95,65,160,2397,677,3074
00158700,PAINE COLLEGE                           ,GA,30901-3182,Private      ,29,66,95,1080,705,1785
00158800,PIEDMONT COLLEGE                        ,GA,30535-5644,Private      ,43,216,259,1313,1888,3201
00158900,REINHARDT UNIVERSITY                    ,GA,30183-2981,Private      ,64,57,121,1625,748,2373
00159000,SAVANNAH STATE UNIVERSITY               ,GA,31404-5298,Public       ,351,372,723,8517,4178,12695
00159100,SHORTER UNIVERSITY                      ,GA,30165-4298,Private      ,89,192,281,1886,2117,4003
00159200,SOUTH GEORGIA STATE COLLEGE             ,GA,31533-8104,Public       ,133,183,316,2440,1686,4126
00159400,SPELMAN COLLEGE                         ,GA,30314-4399,Private      ,349,170,519,6663,1714,8377
00159600,TOCCOA FALLS COLLEGE                    ,GA,30598-0001,Private      ,33,37,70,871,306,1177
00159700,TRUETT MCCONNELL COLLEGE                ,GA,30528-1264,Private      ,16,21,37,872,258,1130
00159800,UNIVERSITY OF GEORGIA                   ,GA,30602-6114,Public       ,1025,614,1639,33384,11831,45215
00159900,VALDOSTA STATE UNIVERSITY               ,GA,31698-0001,Public       ,488,647,1135,12308,7496,19804
00160000,WESLEYAN COLLEGE                        ,GA,31210-4407,Private      ,26,65,91,618,752,1370
00160100,UNIV OF WEST GEORGIA                    ,GA,30118-0002,Public       ,516,634,1150,14637,7276,21913
00160200,GEORGIA COLLEGE & STATE UNIVERSITY      ,GA,31061-0490,Public       ,223,194,417,7834,2413,10247
00160400,YOUNG HARRIS COLLEGE                    ,GA,30582-4137,Private      ,60,8,68,1650,158,1808
00348400,COVENANT COLLEGE                        ,GA,30750-4164,Private      ,39,8,47,1266,121,1387
00395600,DALTON STATE COLLEGE                    ,GA,30720-3797,Public       ,173,273,446,4595,3319,7914
00402400,GEORGIA NORTHWESTERN TECHNICAL COLLEGE  ,GA,30161-6757,Public       ,241,754,995,2923,6119,9042
00411700,GRADY HEALTH SYSTEM                     ,GA,30303-3050,Public       ,23,109,132,193,905,1098
00489808,MCCANN SCHOOL OF BUSINESS & TECHNOLOGY -,GA,31210-0246,Proprietary  ,4,17,21,48,204,252
00525400,LANIER TECHNICAL COLLEGE                ,GA,30566-3499,Public       ,178,416,594,1923,3773,5696
00525500,MOULTRIE TECHNICAL COLLEGE              ,GA,31768-0000,Public       ,0,0,0,353,893,1246
00525600,WIREGRASS GEORGIA TECHNICAL COLLEGE     ,GA,31602-0929,Public       ,132,555,687,1616,4441,6057
00551100,COASTAL PINES TECHNICAL COLLEGE         ,GA,31501-4016,Public       ,132,360,492,871,2240,3111
00551102,COASTAL PINES TECHNICAL COLLEGE - JESUP ,GA,31545-4465,Public       ,0,0,0,68,257,325
00559900,AUGUSTA TECHNICAL COLLEGE               ,GA,30906-3399,Public       ,244,841,1085,2384,6300,8684
00560000,ATHENS TECHNICAL COLLEGE                ,GA,30601-1579,Public       ,219,581,800,2895,4580,7475
00560100,ALBANY TECHNICAL COLLEGE                ,GA,31701-2648,Public       ,147,598,745,1760,5985,7745
00561500,SOUTHERN REGIONAL TECHNICAL COLLEGE     ,GA,31792-2622,Public       ,141,409,550,1237,2815,4052
00561700,SOUTH GEORGIA TECHNICAL COLLEGE         ,GA,31709-8167,Public       ,60,154,214,943,1484,2427
00561800,SAVANNAH TECHNICAL COLLEGE              ,GA,31405-5594,Public       ,252,1012,1264,2603,7457,10060
00561900,NORTH GEORGIA TECHNICAL COLLEGE         ,GA,30523-0000,Public       ,154,348,502,1794,2589,4383
00562000,CHATTAHOOCHEE TECHNICAL COLLEGE         ,GA,30060-3398,Public       ,661,1495,2156,6496,11176,17672
00562100,SOUTHERN CRESCENT TECHNICAL COLLEGE     ,GA,30223-2097,Public       ,223,688,911,2494,6051,8545
00562200,GEORGIA PIEDMONT TECHNICAL COLLEGE      ,GA,30021-2397,Public       ,173,940,1113,1646,7004,8650
00562400,COLUMBUS TECHNICAL COLLEGE              ,GA,31904-6572,Public       ,179,600,779,2010,4940,6950
00576300,CENTRAL GEORGIA TECHNICAL COLLEGE       ,GA,31206-0000,Public       ,285,1093,1378,3134,9208,12342
00854300,ATLANTA TECHNICAL COLLEGE               ,GA,30310-4499,Public       ,309,1349,1658,3058,12078,15136
00897600,CLAYTON STATE UNIVERSITY                ,GA,30260-0285,Public       ,282,868,1150,6697,9727,16424
00927000,ART INSTITUTE OF ATLANTA (THE)          ,GA,30328-1649,Proprietary  ,554,651,1205,6529,5889,12418
00950700,GEORGIA HIGHLANDS COLLEGE               ,GA,30162-0000,Public       ,361,501,862,5318,4280,9598
00982806,EVEREST INSTITUTE - JONESBORO           ,GA,30236-0000,Private      ,7,63,70,97,541,638
00982807,EVEREST INSTITUTE - MARIETTA            ,GA,30067-8340,Private      ,23,116,139,139,707,846
00982808,EVEREST INSTITUTE - EVEREST COLLEGE- ATL,GA,30331-2620,Private      ,37,243,280,310,1426,1736
00982811,EVEREST INSTITUTE - NORCROSS            ,GA,30093-2813,Private      ,23,121,144,147,734,881
01031903,FORTIS INSTITUTE - FORTIS COLLEGE       ,GA,30080-7630,Proprietary  ,33,116,149,239,803,1042
01048700,WEST GEORGIA TECHNICAL COLLEGE          ,GA,30182-6476,Public       ,380,995,1375,4302,7607,11909
01077100,GUPTON JONES COLLEGE                    ,GA,30035-4022,Private      ,11,39,50,156,383,539
01099700,EAST GEORGIA COLLEGE                    ,GA,30401-2699,Public       ,137,153,290,3366,1511,4877
01107400,BAINBRIDGE COLLEGE                      ,GA,39819-8400,Public       ,57,212,269,1119,2395,3514
01157400,BAUDER COLLEGE                          ,GA,30313-2439,Proprietary  ,9,62,71,104,547,651
01205100,PRO WAY HAIR SCHOOL                     ,GA,30083-2884,Proprietary  ,6,33,39,74,293,367
01216500,ATLANTA METROPOLITAN COLLEGE            ,GA,30310-4498,Public       ,273,876,1149,3823,7731,11554
01246109,LINCOLN COLLEGE OF TECHNOLOGY - MARIETTA,GA,30067-8638,Proprietary  ,19,78,97,130,504,634
01303900,SOUTH UNIVERSITY                        ,GA,31406-4881,Proprietary  ,419,4113,4532,2555,21308,23863
02060900,BROWN CLG OF COURT REPORTING & M.T.     ,GA,30318-2570,Proprietary  ,3,54,57,44,476,520
02074800,LIFE UNIVERSITY                         ,GA,30060-0000,Private      ,46,142,188,734,3026,3760
02113613,AMERICAN INTERCONTINENTAL UNIVERSITY    ,GA,30328-1649,Proprietary  ,55,384,439,542,2746,3288
02116000,SANFORD-BROWN COLLEGE                   ,GA,30328-4803,Proprietary  ,12,58,70,153,771,924
02141500,SAVANNAH COLLEGE OF ART & DESIGN        ,GA,31402-3146,Private      ,512,436,948,11674,4658,16332
02202800,AUGUSTA AREA DIET INTERN UNIV HOSP      ,GA,30901-0000,Private      ,0,9,9,19,99,118
02217200,PORTFOLIO CENTER                        ,GA,30309-0000,Proprietary  ,3,20,23,45,129,174
02266200,AMERICAN PROFESSIONAL INSTITUTE         ,GA,31201-3185,Private      ,4,22,26,42,212,254
02284300,INTERACTIVE COLLEGE OF TECHNOLOGY       ,GA,30341-0000,Proprietary  ,58,281,339,233,1645,1878
02284308,INTERACTIVE LEARNING SYSTEMS            ,GA,30260-0000,Proprietary  ,10,56,66,48,257,305
02284309,INTERACTIVE COLLEGE OF TECHNOLOGY       ,GA,30501-0000,Proprietary  ,8,61,69,97,361,458
02285500,"CREATIVE CIRCUS, THE                    ",GA,30324-0000,Proprietary  ,9,43,52,83,322,405
02288400,GWINNETT TECHNICAL COLLEGE              ,GA,30043-5702,Public       ,426,1100,1526,4209,9441,13650
02313902,WESTWOOD COLLEGE - O'HARE AIRPORT - ATLA,GA,30345-2807,Proprietary  ,8,40,48,121,662,783
02321400,ROFFLER-MOLER HAIRSTYLING COLLEGE       ,GA,30062-0000,Proprietary  ,9,21,30,62,125,187
02482100,MOREHOUSE SCHOOL OF MEDICINE            ,GA,30310-0000,Private      ,12,39,51,180,963,1143
02520000,INTERNATIONAL SCH SKIN & NAILCARE       ,GA,30342-1119,Proprietary  ,15,62,77,84,426,510
02559315,(UNITED EDUCATION INSTITUTE) - UEI MORRO,GA,30260-2941,Proprietary  ,17,115,132,62,331,393
02577000,PAUL MITCHELL THE SCHOOL - ESANI        ,GA,30076-1507,Proprietary  ,25,53,78,174,316,490
02577700,BEAUTY COLLEGE OF AMERICA               ,GA,30297-0000,Proprietary  ,6,24,30,63,161,224
02580200,ATLANTA SCHOOL OF MASSAGE               ,GA,30338-0000,Proprietary  ,25,154,179,179,819,998
02583000,GWINNETT COLLEGE OF BUSINESS            ,GA,30047-3447,Proprietary  ,17,83,100,122,725,847
02614206,MILLER - MOTTE TECHNICAL COLLEGE - COLUM,GA,31907-3222,Proprietary  ,18,183,201,223,1271,1494
02614207,MILLER - MOTTE TECHNICAL COLLEGE - AUGUS,GA,30907-0921,Proprietary  ,19,170,189,184,1172,1356
03005400,GEORGIA CAREER INSTITUTE                ,GA,30013-2076,Proprietary  ,28,146,174,253,751,1004
03010619,VIRGINIA COLLEGE - AUGUSTA              ,GA,30909-5515,Proprietary  ,21,136,157,230,1083,1313
03010623,VIRGINIA COLLEGE - MACON                ,GA,31206-3180,Proprietary  ,15,90,105,157,757,914
03022601,WESTERN CULINARY INSTITUTE - LE CORDON B,GA,30084-5893,Proprietary  ,57,185,242,524,1276,1800
03030000,OGEECHEE TECHNICAL COLLEGE              ,GA,30458-8049,Public       ,114,308,422,1624,3033,4657
03042700,LAURUSTECHNICAL INSTITUTE               ,GA,30030-1506,Proprietary  ,0,0,0,16,95,111
03066500,SOUTHEASTERN TECHNICAL COLLEGE          ,GA,30474-8817,Public       ,48,267,315,786,1786,2572
03076300,BEULAH HEIGHTS BIBLE COLLEGE            ,GA,30316-1873,Private      ,2,66,68,37,782,819
03079202,WESTWOOD COLLEGE - ATLANTA MIDTOWN      ,GA,30309-2848,Proprietary  ,35,136,171,376,1284,1660
03089100,GEORGIA INSTITUTE OF COSMETOLOGY        ,GA,30606-3152,Proprietary  ,19,65,84,213,470,683
03090600,COBB BEAUTY COLLEGE                     ,GA,30144-2828,Proprietary  ,7,34,41,84,203,287
03100900,LUTHER RICE UNIVERSITY                  ,GA,30038-2454,Private      ,5,108,113,48,1123,1171
03102000,RIVERTOWN SCHOOL OF BEAUTY              ,GA,31904-4747,Proprietary  ,10,56,66,88,331,419
03104500,ATLANTA INSTITUTE OF MUSIC              ,GA,30096-4988,Proprietary  ,29,55,84,318,383,701
03116100,VOGUE BEAUTY AND BARBER SCHOOL          ,GA,30141-2226,Proprietary  ,7,22,29,64,247,311
03155500,OCONEE FALL LINE TECHNICAL COLLEGE      ,GA,31082-6179,Public       ,55,217,272,592,1810,2402
03173300,ATLANTA'S JOHN MARSHALL LAW SCHOOL      ,GA,30309-0000,Proprietary  ,7,60,67,73,1496,1569
03418300,GWINNETT COLLEGE-SANDY SPRINGS          ,GA,30328-3161,Proprietary  ,21,49,70,111,373,484
03445500,FAYETTE BEAUTY ACADEMY                  ,GA,30214-1191,Proprietary  ,3,30,33,40,194,234
03523300,AVIATION INSTITUTE OF MAINTENANCE       ,GA,30096-5038,Proprietary  ,65,242,307,334,1080,1414
03635300,CARVER BIBLE COLLEGE                    ,GA,30331-1300,Private      ,1,32,33,46,234,280
03804400,MEDTECH INSTITUTE                       ,GA,30339-6040,Proprietary  ,19,65,84,118,531,649
03812300,OMNITECH INSTITUTE                      ,GA,30035-1206,Proprietary  ,8,51,59,43,239,282
04021300,AUGUSTA SCHOOL OF MASSAGE               ,GA,30809-0000,Proprietary  ,1,12,13,16,83,99
04051331,ART INSTITUTE OF PHOENIX (THE) - BROWN M,GA,30319-3054,Proprietary  ,13,62,75,169,461,630
04142900,GEORGIA GWINNETT COLLEGE                ,GA,30043-7409,Public       ,829,790,1619,12686,8137,20823
04147000,PAUL MITCHELL THE SCHOOL ATLANTA        ,GA,30318-5241,Proprietary  ,44,94,138,421,726,1147
04147700,LAKE LANIER SCHOOL OF MASSAGE           ,GA,30501-4546,Proprietary  ,3,42,45,33,188,221
04149900,PROFILE INSTITUTE OF BARBER-STYLING     ,GA,30315-8459,Proprietary  ,9,35,44,50,283,333
04150900,PROCESS INSTITUTE OF COSMETOLOGY (THE)  ,GA,30043-7344,Proprietary  ,11,30,41,99,178,277
04152300,GEORGIA BEAUTY ACADEMY                  ,GA,30721-3952,Proprietary  ,7,26,33,79,174,253
04156500,GEORGIA CHRISTIAN UNIVERSITY            ,GA,30047-3778,Private      ,4,20,24,52,131,183
04160200,ATLANTA BEAUTY ACADEMY                  ,GA,30340-1334,Proprietary  ,9,56,65,95,339,434
04203800,WOODRUFF MEDICAL TRAINING AND TESTING   ,GA,30033-6103,Proprietary  ,6,49,55,39,298,337
04204500,ELAINE STERLING INSTITUTE(THE)          ,GA,30342-2633,Proprietary  ,9,47,56,49,248,297
04206400,HELMS COLLEGE                           ,GA,31206-5309,Private      ,10,65,75,108,402,510
04206600,SAE INSTITUTE OF TECHNOLOGY - ATLANTA   ,GA,30303-1736,Proprietary  ,48,146,194,397,766,1163
04218000,UNITED MEDICAL AND BUSINESS INSTITUTE   ,GA,30344-6977,Proprietary  ,4,33,37,38,194,232
04221100,NEW HORIZONS MEDICAL INSTITUTE          ,GA,30071-2965,Proprietary  ,10,52,62,66,425,491
04242300,DALTON INSTITUTE OF ESTHETICS AND COSMET,GA,30720-8402,Proprietary  ,7,21,28,9,25,34
04245200,PACIFIC INSTITUTE OF TECHNOLOGY         ,GA,30260-1756,Proprietary  ,2,14,16,4,31,35
04247000,POWDER SPRINGS BEAUTY SCHOOL            ,GA,30122-2954,Proprietary  ,0,4,4,0,4,4
00149911,EVEREST COLLEGE - MERRIONETTE PARK      ,IL,60803-4517,Private      ,0,0,0,19,51,70
00162800,AMERICAN ACADEMY OF ART                 ,IL,60604-4302,Proprietary  ,38,55,93,913,398,1311
00163300,AUGUSTANA COLLEGE                       ,IL,61201-2296,Private      ,106,23,129,4757,307,5064
00163400,AURORA UNIVERSITY                       ,IL,60506-4892,Private      ,117,329,446,4631,4075,8706
00163600,SOUTHWESTERN ILLINOIS COLLEGE           ,IL,62221-5899,Public       ,264,641,905,4506,6384,10890
00163800,BLACK HAWK COLLEGE                      ,IL,61265-5899,Public       ,144,303,447,2645,2741,5386
00163900,BLACKBURN COLLEGE                       ,IL,62626-1498,Private      ,20,5,25,987,195,1182
00164000,PRAIRIE STATE COLLEGE                   ,IL,60411-8226,Public       ,154,489,643,3280,5162,8442
00164100,BRADLEY UNIVERSITY                      ,IL,61625-0002,Private      ,151,124,275,8581,1346,9927
00164300,SPOON RIVER COLLEGE                     ,IL,61520-8907,Public       ,32,85,117,829,896,1725
00164700,CITY COLLEGES OF CHICAGO                ,IL,60606-6998,Public       ,110,544,654,3988,6578,10566
00164800,TRUMAN COLLEGE                          ,IL,60640-5691,Public       ,172,526,698,3110,5839,8949
00164900,RICHARD J DALEY COLLEGE                 ,IL,60652-1299,Public       ,137,436,573,3779,4875,8654
00165000,CITY COLLEGES OF CHICAGO-MALCOLM X      ,IL,60612-3197,Public       ,225,993,1218,5104,9745,14849
00165200,HAROLD WASHINGTON COLLEGE               ,IL,60601-2403,Public       ,361,921,1282,9306,9855,19161
00165400,KENNEDY KING COLLEGE                    ,IL,60621-3798,Public       ,157,738,895,2876,7563,10439
00165500,WRIGHT COLLEGE                          ,IL,60634-1591,Public       ,218,585,803,6202,6815,13017
00165700,MIDWESTERN UNIVERSITY                   ,IL,60515-1200,Private      ,7,34,41,125,3750,3875
00165900,ROSALIND FRANKLIN UNIVERSITY OF MEDICINE,IL,60064-3095,Private      ,6,36,42,75,2756,2831
00166100,CHICAGO THEOLOGICAL SEMINARY            ,IL,60637-0000,Private      ,1,24,25,21,285,306
00166300,SPERTUS COLLEGE                         ,IL,60605-1995,Private      ,1,2,3,2,43,45
00166400,UNIVERSITY OF ST FRANCIS                ,IL,60435-6188,Private      ,50,222,272,2131,2579,4710
00166500,COLUMBIA COLLEGE                        ,IL,60605-1996,Private      ,469,348,817,13995,5165,19160
00166600,CONCORDIA UNIVERSITY                    ,IL,60305-1499,Private      ,57,375,432,3141,4160,7301
00166900,DANVILLE AREA COMMUNITY COLLEGE         ,IL,61832-5199,Public       ,48,192,240,918,1541,2459
00167100,DEPAUL UNIVERSITY                       ,IL,60604-2287,Private      ,548,924,1472,24870,15942,40812
00167400,EASTERN ILLINOIS UNIVERSITY             ,IL,61920-3099,Public       ,237,180,417,10751,3506,14257
00167500,ELGIN COMMUNITY COLLEGE                 ,IL,60123-7193,Public       ,302,484,786,4494,4208,8702
00167600,ELMHURST COLLEGE                        ,IL,60126-3296,Private      ,98,92,190,4189,1655,5844
00167800,EUREKA COLLEGE                          ,IL,61530-9976,Private      ,26,6,32,1206,183,1389
00168100,HIGHLAND COMMUNITY COLLEGE              ,IL,61032-9341,Public       ,44,129,173,957,999,1956
00168200,GARRETT-EVANGELICAL THEOLOGICAL SEM     ,IL,60201-0000,Private      ,0,22,22,3,208,211
00168400,GREENVILLE COLLEGE                      ,IL,62246-1199,Private      ,29,44,73,1616,505,2121
00168500,HEBREW THEOLOGICAL COLLEGE              ,IL,60077-3263,Private      ,11,3,14,461,31,492
00168800,ILLINOIS COLLEGE                        ,IL,62650-2299,Private      ,35,12,47,1868,245,2113
00168900,ILLINOIS COLLEGE OF OPTOMETRY           ,IL,60616-3878,Private      ,3,12,15,44,651,695
00169100,ILLINOIS INSTITUTE OF TECHNOLOGY        ,IL,60616-0000,Private      ,105,195,300,4149,2454,6603
00169103,CHICAGO KENT COLLEGE OF LAW             ,IL,60661-0000,Private      ,6,51,57,74,1456,1530
00169200,ILLINOIS STATE UNIVERSITY               ,IL,61790-1000,Public       ,554,295,849,25236,5244,30480
00169300,NORTHEASTERN ILLINOIS UNIV              ,IL,60625-4699,Public       ,244,578,822,7690,8559,16249
00169400,CHICAGO STATE UNIVERSITY                ,IL,60628-1598,Public       ,162,680,842,5830,11268,17098
00169600,ILLINOIS WESLEYAN UNIVERSITY            ,IL,61701-0000,Private      ,59,22,81,3401,262,3663
00169800,JOHN MARSHALL LAW SCHOOL                ,IL,60604-0000,Private      ,4,71,75,68,1939,2007
00169900,JOLIET JUNIOR COLLEGE                   ,IL,60431-8938,Public       ,388,752,1140,7664,6471,14135
00170000,JUDSON UNIVERSITY                       ,IL,60123-1498,Private      ,27,74,101,1151,939,2090
00170100,KASKASKIA COLLEGE                       ,IL,62801-7878,Public       ,93,195,288,1500,1821,3321
00170300,KENDALL COLLEGE                         ,IL,60622-4278,Proprietary  ,44,141,185,988,1655,2643
00170400,KNOX COLLEGE                            ,IL,61401-4999,Private      ,45,11,56,2890,153,3043
00170500,ILLINOIS VALLEY COMMUNITY COLLEGE       ,IL,61348-9692,Public       ,86,165,251,1479,1539,3018
00170600,LAKE FOREST COLLEGE                     ,IL,60045-2399,Private      ,52,21,73,2686,283,2969
00170700,LEWIS UNIVERSITY                        ,IL,60446-2200,Private      ,155,301,456,6337,3953,10290
00170800,LINCOLN CHRISTIAN UNIVERSITY            ,IL,62656-2167,Private      ,13,49,62,441,629,1070
00170900,LINCOLN COLLEGE                         ,IL,62656-1699,Private      ,40,48,88,1336,676,2012
00171000,LOYOLA UNIVERSITY CHICAGO               ,IL,60626-0000,Private      ,489,594,1083,20240,11039,31279
00171200,LUTHERAN SCHOOL OF THEOL AT CHICAGO     ,IL,60615-0000,Private      ,0,14,14,6,80,86
00171600,MACCORMAC COLLEGE                       ,IL,60602-4405,Private      ,1,16,17,63,258,321
00171700,MACMURRAY COLLEGE                       ,IL,62650-2590,Private      ,12,12,24,892,282,1174
00172100,MCCORMICK THEOLOGICAL SEMINARY          ,IL,60615-5108,Private      ,1,8,9,4,141,145
00172200,MCKENDREE UNIVERSITY                    ,IL,62254-1299,Private      ,54,128,182,2206,1588,3794
00172300,MEADVILLE LOMBARD THEOLOGICAL SCHOOL    ,IL,60637-1602,Private      ,0,2,2,0,114,114
00172400,MILLIKIN UNIVERSITY                     ,IL,62522-2084,Private      ,66,82,148,3218,915,4133
00172500,MONMOUTH COLLEGE                        ,IL,61462-1963,Private      ,30,11,41,2279,194,2473
00172700,MOODY BIBLE INSTITUTE                   ,IL,60610-3214,Private      ,55,186,241,2299,2058,4357
00172800,MORTON COLLEGE                          ,IL,60804-4398,Public       ,126,211,337,2927,2256,5183
00173200,NATIONAL UNIV OF HEALTH SCIENCES        ,IL,60148-4583,Private      ,3,76,79,52,865,917
00173300,NATIONAL-LOUIS UNIVERSITY               ,IL,60603-3032,Private      ,25,469,494,505,6003,6508
00173400,NORTH CENTRAL COLLEGE                   ,IL,60540-4690,Private      ,109,66,175,5245,944,6189
00173500,NORTH PARK UNIVERSITY                   ,IL,60625-4895,Private      ,92,165,257,3699,2119,5818
00173600,NORTHERN BAPTIST THEOL SEMINARY         ,IL,60148-0000,Private      ,0,4,4,2,79,81
00173700,NORTHERN ILLINOIS UNIVERSITY            ,IL,60115-2854,Public       ,556,556,1112,23718,10347,34065
00173900,NORTHWESTERN UNIV                       ,IL,60208-0001,Private      ,491,565,1056,19915,10017,29932
00174100,OLIVET NAZARENE UNIVERSITY              ,IL,60914-2271,Private      ,75,302,377,4154,2854,7008
00174200,IL EASTERN COMM COLGS-OLNEY CENTRAL     ,IL,62450-1099,Public       ,12,65,77,541,598,1139
00174500,QUINCY UNIVERSITY                       ,IL,62301-2699,Private      ,16,26,42,1634,497,2131
00174600,ROBERT MORRIS UNIVERSITY ILLINOIS       ,IL,60605-1225,Private      ,116,319,435,5523,4835,10358
00174700,ROCK VALLEY COLLEGE                     ,IL,61114-5699,Public       ,208,515,723,3734,4512,8246
00174800,ROCKFORD UNIVERSITY                     ,IL,61108-2393,Private      ,48,88,136,1584,1273,2857
00174900,ROOSEVELT UNIVERSITY                    ,IL,60605-1394,Private      ,163,394,557,5760,6412,12172
00175000,DOMINICAN UNIVERSITY                    ,IL,60305-1066,Private      ,56,121,177,4228,2028,6256
00175200,SAUK VALLEY COMMUNITY COLLEGE           ,IL,61021-9112,Public       ,49,138,187,1075,1054,2129
00175300,SCHOOL OF ART INSTITUTE OF CHICAGO      ,IL,60603-3013,Private      ,216,135,351,4488,2470,6958
00175600,SHIMER COLLEGE                          ,IL,60616-3893,Private      ,5,3,8,105,62,167
00175700,SOUTHEASTERN ILLINOIS COLLEGE           ,IL,62946-4925,Public       ,21,91,112,641,798,1439
00175800,SOUTHERN ILL UNIV-CARBONDALE            ,IL,62901-0000,Public       ,397,514,911,18529,8556,27085
00175900,SOUTHERN ILL UNIV-EDWARDSVILLE          ,IL,62026-1060,Public       ,346,330,676,14940,6319,21259
00175924,SO IL UNIV-SCHL OF DENTAL MEDICINE      ,IL,62002-0000,Public       ,1,5,6,13,202,215
00176500,UNIVERSITY OF ST MARY OF THE LAKE       ,IL,60060-0000,Private      ,2,2,4,6,19,25
00176700,BENEDICTINE UNIVERSITY                  ,IL,60532-0900,Private      ,93,366,459,3748,3956,7704
00176800,ST XAVIER UNIVERSITY                    ,IL,60655-3199,Private      ,122,201,323,6925,3182,10107
00176900,SOUTH SUBURBAN COLLEGE                  ,IL,60473-9978,Public       ,142,474,616,3080,5479,8559
00177100,TRINITY CHRISTIAN COLLEGE               ,IL,60463-0929,Private      ,29,46,75,1365,927,2292
00177200,TRINITY INTERNATIONAL UNIVERSITY        ,IL,60015-1283,Private      ,33,49,82,950,986,1936
00177300,TRITON COLLEGE                          ,IL,60171-1995,Public       ,197,427,624,4789,4967,9756
00177400,UNIVERSITY OF CHICAGO                   ,IL,60637-1476,Private      ,772,275,1047,18757,3873,22630
00177401,UNIV OF CHICAGO PRITZKER SCH OF MED     ,IL,60637-0000,Private      ,10,6,16,86,591,677
00177403,"UNIV OF CHICAGO, BOOTH SCH OF BUS       ",IL,60637-0000,Private      ,6,94,100,120,1299,1419
00177405,UNIVERSITY OF CHICAGO GRADUATE          ,IL,60637-0000,Private      ,16,176,192,163,4593,4756
00177500,UNIV OF ILLINOIS @ URBANA-CHAMPAIGN     ,IL,61820-5796,Public       ,756,429,1185,35026,8770,43796
00177600,UNIV OF ILLINOIS AT CHICAGO             ,IL,60607-0000,Public       ,707,907,1614,29458,18749,48207
00177800,VANDERCOOK COLLEGE OF MUSIC             ,IL,60616-3731,Private      ,4,4,8,170,103,273
00177900,IL EASTERN COMM COLGS-WABASH VALLEY     ,IL,62863-2699,Public       ,8,37,45,491,349,840
00178000,WESTERN ILLINOIS UNIVERSITY             ,IL,61455-1390,Public       ,281,242,523,13925,4873,18798
00178100,WHEATON COLLEGE                         ,IL,60187-5535,Private      ,60,22,82,3079,557,3636
00178300,WORSHAM COLLEGE OF MORTUARY SCIENCE     ,IL,60090-2646,Proprietary  ,4,10,14,85,159,244
00396100,HARPER COLLEGE                          ,IL,60067-7398,Public       ,302,581,883,6054,4866,10920
00456000,GEM CITY COLLEGE                        ,IL,62301-4949,Proprietary  ,6,8,14,33,51,84
00456800,MIDSTATE COLLEGE                        ,IL,61614-3558,Proprietary  ,5,78,83,109,867,976
00621400,BLESSING RIEMAN COLLEGE OF NURSING      ,IL,62301-0000,Private      ,4,13,17,162,218,380
00621401,BLESSING HOSPITAL - SCHOOL OF MEDICAL LA,IL,62305-7005,Private      ,2,3,5,16,37,53
00621402,BLESSING HOSPITAL - SCHOOL OF RADIOLOGIC,IL,62305-7005,Private      ,1,2,3,23,40,63
00622500,TRINITY COLLEGE OF NURSING AND HEALTH SC,IL,61201-5317,Private      ,2,22,24,160,275,435
00622800,METHODIST COLLEGE                       ,IL,61603-3716,Private      ,10,56,66,311,643,954
00624000,ST FRANCIS MED CLG OF NRSG              ,IL,61603-3783,Private      ,6,36,42,365,554,919
00638500,CHAMBERLAIN COLLEGE OF NURSING          ,IL,60101-0000,Proprietary  ,241,3767,4008,3003,32675,35678
00665600,COLLEGE OF DUPAGE                       ,IL,60137-6599,Public       ,577,964,1541,12827,10052,22879
00675300,ILLINOIS CENTRAL COLLEGE                ,IL,61635-0001,Public       ,188,505,693,4419,4739,9158
00693100,WAUBONSEE COMMUNITY COLLEGE             ,IL,60554-0000,Public       ,210,423,633,3797,3777,7574
00711800,PARKLAND COLLEGE                        ,IL,61821-1899,Public       ,193,403,596,4421,3611,8032
00711900,REND LAKE COLLEGE                       ,IL,62846-9801,Public       ,37,157,194,1138,1190,2328
00717000,LINCOLN LAND COMMUNITY COLLEGE          ,IL,62794-9256,Public       ,173,410,583,3010,3774,6784
00726500,CARL SANDBURG COLLEGE                   ,IL,61401-9576,Public       ,54,129,183,1208,1330,2538
00730307,LINCOLN COLLEGE OF TECHNOLOGY - MELROSE ,IL,60160-1605,Proprietary  ,53,72,125,683,527,1210
00754900,COYNE AMERICAN INSTITUTE                ,IL,60607-1300,Proprietary  ,32,165,197,352,1029,1381
00764400,LAKE LAND COLLEGE                       ,IL,61938-9366,Public       ,90,222,312,2155,2079,4234
00768400,KISHWAUKEE COLLEGE                      ,IL,60150-9699,Public       ,112,189,301,2345,2007,4352
00769000,KANKAKEE COMMUNITY COLLEGE              ,IL,60901-6505,Public       ,99,263,362,1605,2356,3961
00769100,MCHENRY COUNTY COLLEGE                  ,IL,60012-2761,Public       ,152,271,423,2504,2209,4713
00769200,MORAINE VALLEY COMMUNITY COLLEGE        ,IL,60465-0937,Public       ,396,572,968,7783,5911,13694
00769300,SHAWNEE COMMUNITY COLLEGE               ,IL,62992-9725,Public       ,23,84,107,663,908,1571
00769400,COLLEGE OF LAKE COUNTY                  ,IL,60030-1198,Public       ,253,528,781,5070,4807,9877
00807600,JOHN A LOGAN COLLEGE                    ,IL,62918-2500,Public       ,106,266,372,1898,2334,4232
00809003,EVEREST COLLEGE - BEDFORD PARK          ,IL,60629-5819,Proprietary  ,0,0,0,40,95,135
00825900,EDUCATORS OF BEAUTY                     ,IL,61081-3611,Proprietary  ,8,10,18,34,37,71
00825901,EDUCATORS OF BEAUTY                     ,IL,61104-0000,Proprietary  ,7,20,27,52,66,118
00832800,ALVAREITA'S COLLEGE OF COSMETOLOGY      ,IL,62025-2041,Proprietary  ,0,0,0,29,36,65
00869402,RASMUSSEN COLLEGE - ROCKFORD            ,IL,61108-2513,Proprietary  ,15,134,149,205,1275,1480
00869403,RASMUSSEN COLLEGE - AURORA              ,IL,60506-6219,Proprietary  ,22,107,129,161,791,952
00869404,RASMUSSEN COLLEGE - ROMEOVILLE          ,IL,60446-0000,Proprietary  ,21,129,150,202,1161,1363
00869418,RASMUSSEN COLLEGE -  MOKENA             ,IL,60448-0000,Proprietary  ,12,84,96,75,642,717
00888000,MORRISON INSTITUTE OF TECHNOLOGY        ,IL,61270-2959,Private      ,3,3,6,131,40,171
00893800,GRAHAM HOSPITAL SCH OF NURSING          ,IL,61520-2497,Private      ,2,7,9,35,80,115
00893900,CANNELLA SCHOOL OF HAIR DESIGN          ,IL,60406-2130,Proprietary  ,3,11,14,35,80,115
00914500,GOVERNORS STATE UNIVERSITY              ,IL,60466-0975,Public       ,92,452,544,2928,7633,10561
00923200,CATHOLIC THEOLOGICAL UNION              ,IL,60615-0000,Private      ,0,10,10,7,63,70
00933300,UNIV OF ILLINOIS AT SPRINGFIELD         ,IL,62703-5407,Public       ,81,247,328,3001,3342,6343
00947500,EDUCATORS OF BEAUTY                     ,IL,61301-2404,Proprietary  ,2,4,6,22,27,49
00959500,CANNELLA SCHOOL OF HAIR DESIGN          ,IL,60617-4303,Proprietary  ,5,20,25,69,193,262
00976700,OLIVE-HARVEY COLLEGE                    ,IL,60628-1696,Public       ,92,428,520,2028,4638,6666
00978600,IL EASTERN COMM COLGS-LINCOLN TRAIL     ,IL,62454-5708,Public       ,9,31,40,392,391,783
00980000,RUSH UNIVERSITY                         ,IL,60612-3806,Private      ,19,172,191,415,3468,3883
00989600,OAKTON COMMUNITY COLLEGE                ,IL,60016-1268,Public       ,177,433,610,4091,3569,7660
00998700,SAINT ANTHONY COLLEGE OF NURSING        ,IL,61108-2468,Private      ,12,34,46,222,485,707
01002000,LEWIS AND CLARK COMMUNITY COLLEGE       ,IL,62035-2466,Public       ,138,283,421,2454,2518,4972
01050100,LAKEVIEW  COLLEGE OF NURSING            ,IL,61832-3781,Private      ,10,27,37,223,345,568
01069500,TRI-COUNTY BEAUTY ACADEMY               ,IL,62056-2036,Proprietary  ,2,6,8,14,23,37
01071000,CAPITAL AREA SCH OF PRAC NRSG           ,IL,62707-0000,Public       ,9,46,55,74,484,558
01072700,DEVRY UNIVERSITY                        ,IL,60618-5994,Proprietary  ,501,5528,6029,7946,62844,70790
01083600,PIVOT POINT ACADEMY                     ,IL,60108-4367,Proprietary  ,10,18,28,144,265,409
01087900,RICHLAND COMMUNITY COLLEGE              ,IL,62521-8513,Public       ,70,268,338,1203,2088,3291
01091303,ROCKFORD CAREER COLLEGE                 ,IL,61108-3900,Proprietary  ,23,168,191,344,1154,1498
01181000,TAYLOR BUSINESS INSTITUTE               ,IL,60606-5111,Proprietary  ,6,24,30,51,179,230
01185800,EVEREST COLLEGE                         ,IL,60077-1074,Private      ,0,0,0,29,85,114
01185802,EVEREST COLLEGE - BURR RIDGE            ,IL,60527-7826,Private      ,0,0,0,15,42,57
01185803,EVEREST COLLEGE - MELROSE PARK          ,IL,60160-1526,Private      ,0,0,0,54,142,196
01236200,NORTHWESTERN COLLEGE                    ,IL,60630-2298,Proprietary  ,76,412,488,1626,3609,5235
01238500,BLOOMINGTON-NORMAL SCH RADIOGRAPHY      ,IL,61761-4604,Private      ,3,7,10,26,53,79
01258400,ILLINOIS INSTITUTE OF ART (THE)         ,IL,60654-1593,Proprietary  ,338,325,663,3851,3129,6980
01281300,JOHN WOOD COMMUNITY COLLEGE             ,IL,62305-0401,Public       ,60,129,189,1177,1330,2507
01308800,CAPRI OAK FOREST COLLEGE OF BEAUTY      ,IL,60452-2798,Proprietary  ,8,11,19,100,117,217
02055200,HARRINGTON COLLEGE OF DESIGN            ,IL,60606-3433,Proprietary  ,5,14,19,179,366,545
02068100,ADLER SCH OF PROFESSIONAL PSYCHLGY      ,IL,60601-0000,Private      ,10,127,137,108,1763,1871
02069300,VATTEROTT COLLEGE                       ,IL,62305-5938,Proprietary  ,13,25,38,78,245,323
02073200,TELSHE YESHIVA-CHICAGO                  ,IL,60625-0000,Private      ,3,2,5,44,13,57
02074400,IL EASTERN COMM COLGS-FRONTIER          ,IL,62837-0000,Public       ,9,44,53,179,304,483
02113600,AMERICAN INTERCONTINENTAL UNIVERSITY    ,IL,60192-3713,Proprietary  ,258,3935,4193,1350,24210,25560
02117400,BECK AREA CAREER CENTER                 ,IL,62278-0000,Public       ,6,24,30,33,160,193
02124400,UNIVERSITY OF SPA & COSMETOLOGY ART     ,IL,62704-0000,Proprietary  ,14,49,63,114,236,350
02150600,COSMETOLOGY AND SPA INSTITUTE (THE)     ,IL,60014-4003,Proprietary  ,13,43,56,100,186,286
02155300,THE CHICAGO SCHOOL OF PROF PSYCHOLOGY   ,IL,60610-4705,Private      ,11,448,459,104,5749,5853
02160300,SANFORD-BROWN COLLEGE                   ,IL,60606-3433,Proprietary  ,3,15,18,158,227,385
02168600,EAST WEST UNIVERSITY                    ,IL,60605-0000,Private      ,22,68,90,1198,1234,2432
02179900,ARGOSY UNIVERSITY                       ,IL,60601-7757,Proprietary  ,639,4290,4929,5335,29233,34568
02185400,ST AUGUSTINE COLLEGE                    ,IL,60640-0000,Private      ,19,114,133,693,2044,2737
02192400,MR JOHNS SCHOOL OF COSMETOLOGY          ,IL,62521-0000,Proprietary  ,1,17,18,29,93,122
02202600,CANNELLA SCHOOL OF HAIR DESIGN          ,IL,60181-1321,Proprietary  ,1,1,2,16,41,57
02214100,RESURRECTION UNIVERSITY                 ,IL,60302-2519,Private      ,13,60,73,264,953,1217
02228100,MAC DANIEL'S BEAUTY SCHOOL              ,IL,60640-0000,Proprietary  ,5,12,17,50,109,159
02261200,HAIR PROFESSIONALS ACAD COSMETOLOGY     ,IL,60118-0000,Proprietary  ,4,30,34,44,222,266
02261201,HAIR PROFESSIONALS ACADEMY OF COSMETOLOG,IL,60118-9333,Proprietary  ,0,3,3,4,18,22
02262100,HAIR PROFESSIONALS SCH COSMETOLOGY      ,IL,60543-0000,Proprietary  ,3,12,15,31,49,80
02291200,CANNELLA SCHOOL OF HAIR DESIGN          ,IL,60639-0000,Proprietary  ,3,15,18,56,162,218
02295500,CANNELLA SCHOOL OF HAIR DESIGN          ,IL,60120-0000,Proprietary  ,1,9,10,13,61,74
02297500,OEHRLEIN SCHOOL OF COSMETOLOGY          ,IL,61611-0000,Proprietary  ,9,8,17,58,89,147
02312300,LA' JAMES COLLEGE HAIRSTYLING           ,IL,61244-0000,Proprietary  ,2,7,9,14,49,63
02313900,WESTWOOD COLLEGE - O'HARE AIRPORT       ,IL,60631-2801,Proprietary  ,8,27,35,217,517,734
02317300,CONCEPT COLLEGE OF COSMETOLOGY          ,IL,61832-0000,Proprietary  ,7,14,21,37,101,138
02319200,LAKE FOREST GRAD SCHL OF MGMT           ,IL,60045-4824,Private      ,1,29,30,7,194,201
02323300,PROFESSIONAL'S CHOICE HAIR DSN ACAD     ,IL,60435-0000,Proprietary  ,4,17,21,37,64,101
02332200,HAIR PROFESSIONALS CAREER COLLEGE       ,IL,60178-0000,Proprietary  ,4,9,13,21,55,76
02349400,ALVAREITA'S COLLEGE OF COSMETOLOGY      ,IL,62035-0000,Proprietary  ,0,0,0,5,3,8
02349500,CANNELLA SCHOOL OF HAIR DESIGN          ,IL,60632-0000,Proprietary  ,3,21,24,106,231,337
02352200,LE CORDON BLEU COLLEGE OF CULINARY ARTS ,IL,60610-3050,Proprietary  ,59,196,255,767,1596,2363
02498200,G SKIN & BEAUTY INSTITUTE               ,IL,60523-1805,Proprietary  ,17,57,74,105,315,420
02498201,HAIR PROFESSIONALS ACADEMY OF COSMETOLOG,IL,60563-0000,Proprietary  ,0,2,2,15,40,55
02522800,FOX COLLEGE                             ,IL,60638-1999,Proprietary  ,32,56,88,422,531,953
02536700,BELL MAR BEAUTY COLLEGE                 ,IL,60650-0000,Proprietary  ,5,7,12,35,68,103
02556100,ENVIRONMENTAL TECHNICAL INSTITUTE       ,IL,60143-0000,Proprietary  ,10,48,58,53,216,269
02556600,NILES SCHOOL OF COSMETOLOGY             ,IL,60714-0000,Proprietary  ,4,9,13,18,49,67
02573700,INSTITUTE FOR CLINICAL SOCIAL WORK      ,IL,60605-1229,Private      ,4,24,28,48,265,313
02584900,"FIRST INSTITUTE, INC.                   ",IL,60014-7489,Proprietary  ,16,38,54,94,231,325
02587700,HAIR PROFESSIONALS CAREER COLLEGE       ,IL,60465-1929,Proprietary  ,4,21,25,42,93,135
02599716,VATTEROTT COLLEGE - FAIRVIEW HEIGHTS    ,IL,62208-2029,Proprietary  ,25,107,132,202,751,953
02622700,KNOWLEDGE SYSTEMS INSTITUTE             ,IL,60076-0000,Private      ,0,1,1,1,9,10
03002000,HAIRMASTERS INST OF COSMETOLOGY         ,IL,61701-5547,Proprietary  ,4,19,23,31,78,109
03027702,PACIFIC COLLEGE OF ORIENTAL MEDICINE - C,IL,60601-7296,Proprietary  ,4,20,24,19,234,253
03065300,TREND SETTERS COLL OF COSMETOLOGY       ,IL,60915-0000,Proprietary  ,6,18,24,49,92,141
03065301,PAUL MITCHELL THE SCHOOL TINLEY PARK    ,IL,60477-6273,Proprietary  ,19,38,57,169,246,415
03072701,WESTWOOD COLLEGE - RIVER OAKS           ,IL,60409-5503,Proprietary  ,2,39,41,138,520,658
03072702,WESTWOOD COLLEGE OF TECHNOLOGY          ,IL,60602-0000,Proprietary  ,5,58,63,224,808,1032
03078400,CAMEO BEAUTY ACADEMY                    ,IL,60453-3196,Proprietary  ,6,15,21,49,105,154
03079200,WESTWOOD COLLEGE - DUPAGE               ,IL,60517-2321,Proprietary  ,4,29,33,130,333,463
03082900,ROSEL SCHOOL OF COSMETOLOGY             ,IL,60659-1913,Proprietary  ,2,18,20,44,135,179
03083800,HEARTLAND COMMUNITY COLLEGE             ,IL,61761-9446,Public       ,129,271,400,2630,2168,4798
03098000,ST JOHN'S COLLEGE OF NURSING            ,IL,62702-5321,Private      ,4,23,27,126,258,384
03098002,ST JOHN'S HOSP SCH MED TECH             ,IL,62769-5324,Private      ,2,10,12,23,77,100
03099700,CAIN'S BARBER COLLEGE                   ,IL,60615-3510,Proprietary  ,10,49,59,110,387,497
03099800,ILLINOIS SCHOOL OF HEALTH CAREERS       ,IL,60604-0000,Proprietary  ,0,0,0,132,330,462
03101800,ILLINOIS CENTER FOR BROADCASTING        ,IL,60148-7015,Proprietary  ,19,83,102,98,284,382
03128500,NATIONAL LATINO EDUCATION INSTITUTE     ,IL,60609-2205,Private      ,5,21,26,62,136,198
03199300,CHRISTIAN LIFE COLLEGE                  ,IL,60056-2522,Private      ,0,3,3,14,23,37
03368300,MIDWEST TECHNICAL INSTITUTE             ,IL,62707-8805,Proprietary  ,164,743,907,1201,3570,4771
03416300,COMPUTER SYSTEMS INSTITUTE              ,IL,60077-0000,Proprietary  ,77,283,360,435,1361,1796
03448300,BUSINESS INDUSTRIAL RESOURCES           ,IL,60659-1298,Proprietary  ,2,36,38,34,111,145
03455700,CORTIVA INSTITUTE - CHICAGO             ,IL,60602-3315,Proprietary  ,26,102,128,172,431,603
03455701,CORTIVA INSTITUTE - CHICAGO             ,IL,60014-6285,Proprietary  ,5,8,13,21,57,78
03490301,PAUL MITCHELL THE SCHOOL CHICAGO        ,IL,60607-0000,Proprietary  ,45,68,113,505,642,1147
03490302,PAUL MITCHELL THE SCHOOL ESCANABA - PAUL,IL,60148-0000,Proprietary  ,10,9,19,129,146,275
03510300,ERIKSON INSTITUTE                       ,IL,60654-4510,Private      ,1,12,13,8,342,350
03643300,"MR. JOHN'S SCHOOL OF JACKSONVILLE,  INC,",IL,62650-3488,Proprietary  ,0,5,5,16,24,40
03684300,NORTHSHORE UNIVERSITY HEALTHSYSTEM SCHOO,IL,60201-9872,Private      ,0,8,8,10,62,72
03881400,EUROPEAN MASSAGE THERAPY SCHOOL         ,IL,60077-2269,Proprietary  ,6,26,32,28,142,170
03891300,SOMA INSTITUTE - THE NATIONAL SCHOOL OF ,IL,60604-4466,Proprietary  ,12,34,46,50,154,204
03914300,"CALC, INSTITUTE OF TECHNOLOGY           ",IL,62002-5946,Proprietary  ,4,41,45,35,215,250
04117500,SOLEX MEDICAL ACADEMY                   ,IL,60090-3104,Proprietary  ,0,1,1,5,17,22
04117600,LARRY'S BARBER COLLEGE                  ,IL,60628-2322,Proprietary  ,13,72,85,117,440,557
04118400,CHICAGO ORT TECHNICAL INSTITUTE         ,IL,60077-3210,Private      ,6,56,62,61,277,338
04124700,AMBRIA COLLEGE OF NURSING               ,IL,60192-3712,Proprietary  ,15,132,147,136,956,1092
04136900,UNIVERSITY OF AESTHETICS (THE)          ,IL,60622-2151,Proprietary  ,2,14,16,13,76,89
04137000,UNIVERSITY OF AESTHETICS & COSMETOLOGY (,IL,60515-4607,Proprietary  ,2,9,11,21,56,77
04137500,TRICOCI UNIVERSITY OF BEAUTY CULTURE    ,IL,60656-1805,Proprietary  ,13,57,70,219,342,561
04139000,MIDWESTERN CAREER COLLEGE               ,IL,60606-3103,Proprietary  ,10,81,91,75,616,691
04141000,AVEDA INSTITUTE CHICAGO                 ,IL,60647-0000,Proprietary  ,27,53,80,239,385,624
04147100,TRICOCI UNIVERSITY OF BEAUTY CULTURE    ,IL,60048-2906,Proprietary  ,14,28,42,111,145,256
04147200,TRICOCI UNIVERSITY OF BEAUTY CULTURE    ,IL,60455-1824,Proprietary  ,7,31,38,99,207,306
04147300,TRICOCI UNIVERSITY OF BEAUTY CULTURE    ,IL,60139-3119,Proprietary  ,9,23,32,110,133,243
04147400,TRICOCI UNIVERSITY OF BEAUTY CULTURE    ,IL,61614-4831,Proprietary  ,12,28,40,75,160,235
04147500,TRICOCI UNIVERSITY OF BEAUTY CULTURE    ,IL,61108-2337,Proprietary  ,7,25,32,87,168,255
04160600,PAUL MITCHELL THE SCHOOL NORMAL         ,IL,61761-0000,Proprietary  ,8,18,26,97,115,212
04167800,INNOVATIONS DESIGN ACADEMY              ,IL,61520-2625,Proprietary  ,1,7,8,21,61,82
04168500,SOLEX COLLEGE                           ,IL,60090-3192,Proprietary  ,4,15,19,19,190,209
04170800,UNITY COSMETOLOGY COLLEGE               ,IL,61764-9652,Proprietary  ,5,5,10,19,27,46
04174900,SKIN CARE AND SPA INSTITUTE             ,IL,60077-2200,Proprietary  ,2,20,22,16,120,136
04175000,UNIVERSAL SPA TRAINING ACADEMY          ,IL,60515-0000,Proprietary  ,4,24,28,28,138,166
04175800,J RENEE CAREER FACILITATION             ,IL,60014-7986,Proprietary  ,1,34,35,17,166,183
04179100,PCCTI  IT & HEALTHCARE                  ,IL,60523-0000,Proprietary  ,2,75,77,25,517,542
04187400,COSMETOLOGY CONCEPTS                    ,IL,60452-2501,Proprietary  ,21,41,62,100,255,355
04189200,SALON PROFESSIONAL ACADEMY (THE)        ,IL,60404-8789,Proprietary  ,8,10,18,43,61,104
04189400,SHEAR LEARNING ACADEMY OF COSMETOLOGY   ,IL,62523-1208,Proprietary  ,1,9,10,8,41,49
04189600,STATE CAREER SCHOOL                     ,IL,60085-5129,Proprietary  ,3,26,29,43,142,185
04192000,CURVE METRIC SCHOOL OF HAIR DESIGN      ,IL,60707-1118,Proprietary  ,1,1,2,11,34,45
04195600,TRIBECA FLASHPOINT MEDIA ARTS ACADEMY   ,IL,60602-2716,Proprietary  ,21,39,60,436,326,762
04224400,NETWORKS BARBER COLLEGE                 ,IL,60409-3401,Proprietary  ,3,11,14,15,44,59
04224500,TRENZ BEAUTY ACADEMY                    ,IL,60409-0000,Proprietary  ,2,21,23,19,84,103
04225300,CREATIVE TOUCH COSMETOLOGY SCHOOL       ,IL,62298-1609,Proprietary  ,1,4,5,8,17,25
04227900,MORTHLAND COLLEGE                       ,IL,62896-2742,Private      ,6,2,8,146,42,188
04229900,DEBUTANTES SCHOOL OF COSMETOLOGY AND NAI,IL,60115-3301,Proprietary  ,1,9,10,24,68,92
04230800,COSMETOLOGY TRAINING CENTER             ,IL,60165-1043,Proprietary  ,6,7,13,6,7,13
04232300,HVAC TECHNICAL INSTITUTE                ,IL,60632-4457,Proprietary  ,5,49,54,63,208,271
11072707,DEVRY UNIVERSITY - DOWNERS              ,IL,60515-0000,Proprietary  ,29,389,418,451,5057,5508
00195100,ALICE LLOYD COLLEGE                     ,KY,41844-9703,Private      ,26,15,41,1249,247,1496
00195200,ASBURY COLLEGE                          ,KY,40390-1198,Private      ,47,67,114,1768,766,2534
00195300,ASBURY THEOLOGICAL SEMINARY             ,KY,40390-0000,Private      ,1,54,55,19,1199,1218
00195400,BELLARMINE UNIVERSITY                   ,KY,40205-1877,Private      ,110,133,243,5574,2059,7633
00195500,BEREA COLLEGE                           ,KY,40403-0000,Private      ,89,44,133,3109,811,3920
00195800,BRESCIA UNIVERSITY                      ,KY,42301-3023,Private      ,27,62,89,1104,1044,2148
00195900,CAMPBELLSVILLE UNIVERSITY               ,KY,42718-2799,Private      ,80,166,246,2915,1874,4789
00196000,SPALDING UNIVERSITY                     ,KY,40203-2188,Private      ,41,151,192,1503,2813,4316
00196100,CENTRE COLLEGE                          ,KY,40422-1394,Private      ,53,13,66,2534,155,2689
00196200,UNIVERSITY OF THE CUMBERLANDS           ,KY,40769-1372,Private      ,58,361,419,2707,4197,6904
00196300,EASTERN KENTUCKY UNIVERSITY             ,KY,40475-3102,Public       ,416,804,1220,15071,10859,25930
00196400,GEORGETOWN COLLEGE                      ,KY,40324-1628,Private      ,51,82,133,1974,780,2754
00196500,KENTUCKY CHRISTIAN UNIVERSITY           ,KY,41143-2205,Private      ,21,21,42,1035,312,1347
00196800,KENTUCKY STATE UNIVERSITY               ,KY,40601-2355,Public       ,71,128,199,2791,1895,4686
00196900,KENTUCKY WESLEYAN COLLEGE               ,KY,42301-6057,Private      ,24,21,45,1374,386,1760
00197100,LEXINGTON THEOLOGICAL SEMINARY          ,KY,40508-0000,Private      ,0,6,6,7,74,81
00197200,LINDSEY WILSON COLLEGE                  ,KY,42728-1223,Private      ,56,133,189,3037,1820,4857
00197400,LOUISVILLE PRESBYTERIAN THEOL SEM       ,KY,40205-0000,Private      ,2,7,9,16,157,173
00197500,MIDWAY UNIVERSITY                       ,KY,40347-1120,Private      ,16,104,120,542,1479,2021
00197600,MOREHEAD STATE UNIVERSITY               ,KY,40351-1689,Public       ,213,381,594,8558,5003,13561
00197700,MURRAY STATE UNIVERSITY                 ,KY,42071-0009,Public       ,234,284,518,8034,4449,12483
00197900,WEST KENTUCKY CMNTY & TECHNICAL COLG    ,KY,42002-7380,Public       ,109,424,533,2214,3972,6186
00198000,UNIVERSITY OF PIKEVILLE                 ,KY,41501-1194,Private      ,64,71,135,2476,1640,4116
00198300,ST. CATHARINE COLLEGE                   ,KY,40061-9499,Private      ,21,22,43,767,313,1080
00198700,TRANSYLVANIA UNIVERSITY                 ,KY,40508-1797,Private      ,37,29,66,2100,302,2402
00198800,UNION COLLEGE                           ,KY,40906-1499,Private      ,33,51,84,1302,725,2027
00198900,UNIVERSITY OF KENTUCKY                  ,KY,40506-0054,Public       ,719,558,1277,26915,10168,37083
00198901,UNIV OF KY-COLLEGE OF DENTISTRY         ,KY,40536-0000,Public       ,4,6,10,58,303,361
00198902,UNIV OF KY-COLLEGE OF MEDICINE          ,KY,40536-0000,Public       ,7,16,23,102,621,723
00199000,ASHLAND COMMUNITY AND TECHNICAL COLLEGE ,KY,41101-3683,Public       ,69,318,387,1461,2880,4341
00199100,ELIZABETHTOWN COMMUNITY  AND TECHNICAL C,KY,42701-3081,Public       ,134,426,560,2683,4501,7184
00199300,HENDERSON COMMUNITY COLLEGE             ,KY,42420-4699,Public       ,24,125,149,663,1316,1979
00199400,HOPKINSVILLE COMMUNITY COLLEGE          ,KY,42241-2621,Public       ,50,449,499,1016,3836,4852
00199600,BIG SANDY COMMUNITY AND TECHNICAL COLG  ,KY,41653-1815,Public       ,85,367,452,2191,3239,5430
00199700,SOMERSET COMMUNITY COLLEGE              ,KY,42501-2973,Public       ,133,651,784,2973,6258,9231
00199800,SOUTHEAST KENTUCKY COMMUNITY AND TECHNIC,KY,40823-1099,Public       ,43,243,286,1290,2252,3542
00199900,UNIVERSITY OF LOUISVILLE                ,KY,40292-0000,Public       ,470,697,1167,17219,12401,29620
00200100,THOMAS MORE COLLEGE                     ,KY,41017-3495,Private      ,38,103,141,1663,808,2471
00200200,WESTERN KENTUCKY UNIVERSITY             ,KY,42101-3576,Public       ,521,663,1184,17017,9387,26404
00461800,SPENCERIAN COLLEGE                      ,KY,40216-2605,Proprietary  ,30,165,195,439,1421,1860
00461900,SULLIVAN UNIVERSITY                     ,KY,40205-3031,Proprietary  ,123,458,581,1813,5108,6921
00493402,DAYMAR COLLEGE - BOWLING GREEN          ,KY,42101-4063,Proprietary  ,10,74,84,109,501,610
00493406,DAYMAR COLLEGE - RUSSELLVILLE           ,KY,42276-1622,Proprietary  ,2,19,21,17,95,112
00524400,BLUEGRASS COMMUNITY & TECHNICAL COLLEGE ,KY,40506-0235,Public       ,273,904,1177,5748,9135,14883
00527100,BOWLING GREEN TECHNICAL COLLEGE         ,KY,42101-3601,Public       ,98,305,403,2050,3459,5509
00527300,GATEWAY COMMUNITY & TECHNOLOGY COLL     ,KY,41011-0000,Public       ,90,360,450,1746,3818,5564
00696000,MAYSVILLE CMNTY & TECHNCL COLG          ,KY,41056-8910,Public       ,75,340,415,1268,2952,4220
00696100,JEFFERSON COMMUNITY AND TECHNICAL COLLEG,KY,40202-2005,Public       ,350,1195,1545,7043,12259,19302
00696200,HAZARD COMMUNITY COLLEGE                ,KY,41701-2402,Public       ,44,218,262,1325,2258,3583
00696203,KY TECH-KNOTT CO. TECHNOLOGY CTR        ,KY,41822-0000,Public       ,2,5,7,5,21,26
00696204,KY TECH-LESLIE COUNTY AREA TECH CTR     ,KY,41749-0000,Public       ,0,2,2,7,15,22
00696205,KY TECH-LEE COUNTY AREA TECH CTR        ,KY,41311-0000,Public       ,0,0,0,1,7,8
00696206,KY TECH-LETCHER CNTY AREA TECH CTR      ,KY,41858-0000,Public       ,0,9,9,26,72,98
00696207,KY TECH-BREATHITT COUNTY VOC ED CTR     ,KY,41339-0000,Public       ,6,11,17,23,62,85
00736205,MEDTECH COLLEGE - LEXINGTON             ,KY,40511-1200,Proprietary  ,19,104,123,143,744,887
00842500,DAYMAR COLLEGE                          ,KY,42001-0000,Proprietary  ,0,7,7,21,114,135
00901000,MADISONVILLE COMMUNITY COLLEGE          ,KY,42431-9199,Public       ,53,252,305,1106,2228,3334
00927500,NORTHERN KENTUCKY UNIVERSITY            ,KY,41099-0001,Public       ,275,449,724,11364,7057,18421
00931300,DAYMAR COLLEGE                          ,KY,42301-5830,Proprietary  ,6,52,58,62,706,768
00931302,DAYMAR COLLEGE - LOUISVILLE             ,KY,40219-1973,Proprietary  ,0,0,0,34,61,95
00931305,DAYMAR COLLEGE - BELLEVUE               ,KY,41073-2416,Proprietary  ,1,16,17,5,42,47
00931309,DAYMAR COLLEGE - LOUISVILLE EAST        ,KY,40245-1629,Proprietary  ,0,0,0,11,28,39
00931310,DAYMAR COLLEGE -  MADISONVILLE          ,KY,42431-0000,Proprietary  ,1,33,34,31,202,233
01042400,SALON PROFESSIONAL ACADEMY THE          ,KY,40502-0000,Proprietary  ,15,47,62,113,311,424
01048901,NATIONAL COLLEGE - FLORENCE CAMPUS      ,KY,41042-1812,Proprietary  ,3,22,25,35,189,224
01048902,NATIONAL COLLEGE - PIKEVILLE CAMPUS     ,KY,41501-1518,Proprietary  ,8,59,67,157,537,694
01048903,NATIONAL COLLEGE - DANVILLE CAMPUS      ,KY,40422-1517,Proprietary  ,3,32,35,35,260,295
01048904,NATIONAL COLLEGE - RICHMOND CAMPUS      ,KY,40475-2309,Proprietary  ,4,32,36,50,279,329
01048906,NATIONAL COLLEGE - LOUISVILLE CAMPUS    ,KY,40216-4147,Proprietary  ,6,48,54,88,568,656
01048907,NATIONAL COLLEGE - LEXINGTON CAMPUS     ,KY,40509-2256,Proprietary  ,6,53,59,65,471,536
01172500,COLLINS SCHOOL OF COSMETOLOGY           ,KY,40965-2809,Proprietary  ,4,4,8,29,53,82
01208800,SULLIVAN COLLEGE OF TECHNOLOGY AND DESIG,KY,40218-4528,Proprietary  ,34,96,130,563,862,1425
01272300,KY TECH-WAYNE COUNTY AREA TECH CTR      ,KY,42633-1088,Public       ,1,3,4,7,11,18
02159100,"APPALACHIAN BEAUTY SCHOOL, INC.         ",KY,41503-0000,Proprietary  ,3,12,15,32,79,111
02251500,TREND SETTERS ACAD OF BEAUTY CULT       ,KY,40258-0000,Proprietary  ,10,37,47,67,227,294
02275000,JENNY LEA ACADEMY OF COSMETOLOGY        ,KY,40831-0000,Proprietary  ,9,25,34,55,184,239
02284306,INTERACTIVE LEARNING SYSTEMS            ,KY,41042-0000,Proprietary  ,2,26,28,20,124,144
02323700,PAT WILSON'S BEAUTY COLLEGE             ,KY,42420-0000,Proprietary  ,0,5,5,3,65,68
02337200,PJ'S COLLEGE OF COSMETOLOGY             ,KY,42101-0000,Proprietary  ,12,46,58,122,418,540
02340800,PAUL MITCHELL THE SCHOOL LEXINGTON      ,KY,40514-1545,Proprietary  ,10,49,59,211,321,532
02351700,PAUL MITCHELL THE SCHOOL - LOUISVILLE   ,KY,40222-0000,Proprietary  ,16,27,43,216,328,544
02491100,BECKFIELD COLLEGE                       ,KY,41042-0000,Proprietary  ,31,212,243,276,2035,2311
02518900,BARRETT & COMPANY SCH HAIR DESIGN       ,KY,40356-0000,Proprietary  ,4,16,20,37,128,165
02526100,JENNY LEA ACADEMY OF COSMETOLOGY        ,KY,41858-0000,Proprietary  ,2,10,12,37,71,108
02535600,CLEAR CREEK BAPTIST BIBLE COLLEGE       ,KY,40977-0000,Private      ,2,10,12,50,131,181
02551100,PJ'S COLLEGE OF COSMETOLOGY             ,KY,42141-2434,Proprietary  ,3,13,16,47,79,126
02560800,SOUTHEAST SCHOOL OF COSMETOLOGY         ,KY,40962-0000,Proprietary  ,1,3,4,31,67,98
03002100,KENTUCKY MOUNTAIN BIBLE COLLEGE         ,KY,41385-0010,Private      ,4,9,13,55,42,97
03007000,FRONTIER SCH OF MIDWIFERY&FAMILY NU     ,KY,41749-0000,Private      ,1,378,379,11,2055,2066
03026200,HEAD'S WEST KENTUCKY BEAUTY COLLEGE     ,KY,42431-0000,Proprietary  ,2,9,11,24,89,113
03029200,NU-TEK ACADEMY OF BEAUTY                ,KY,40353-9767,Proprietary  ,1,2,3,15,32,47
03034500,OWENSBORO COMMUNITY & TECHNICAL COLLEGE ,KY,42303-1899,Public       ,59,264,323,1683,2460,4143
03083700,GALEN HEALTH INSTITUTES                 ,KY,40207-1047,Proprietary  ,121,793,914,1057,6768,7825
03611300,BRIGHTON CENTER'S CENTER FOR EMPLOY     ,KY,41071-1968,Private      ,3,27,30,9,97,106
03804300,BELLEFONTE ACADEMY OF BEAUTY            ,KY,41169-2015,Proprietary  ,5,33,38,38,157,195
03885300,EMPLOYMENT SOLUTIONS                    ,KY,40517-3260,Private      ,8,54,62,68,324,392
04038300,ATA CAREER EDUCATION                    ,KY,40223-3832,Proprietary  ,15,127,142,207,1038,1245
04038701,IDEAL BEAUTY ACADEMY - LOUISVILLE       ,KY,40223-5606,Proprietary  ,3,25,28,59,128,187
04051316,ART INSTITUTE OF PHOENIX (THE) - ATS - (,KY,41017-2136,Proprietary  ,1,11,12,32,165,197
04051319,ART INSTITUTE OF PHOENIX (THE) - BROWN M,KY,40219-1916,Proprietary  ,10,23,33,147,405,552
04051320,ART INSTITUTE OF PHOENIX (THE) - BROWN M,KY,42240-3579,Proprietary  ,3,21,24,37,241,278
04123900,LEXINGTON HEALING ARTS ACADEMY          ,KY,40503-1932,Proprietary  ,4,23,27,44,193,237
04177600,LINDSEY INSTITUTE OF COSMETOLOGY        ,KY,42103-8036,Proprietary  ,3,10,13,79,99,178
04177700,TRI-STATE INSTITUTE OF HAIR DESIGN      ,KY,40744-5234,Proprietary  ,4,19,23,33,129,162
04178000,SIMMONS COLLEGE OF KENTUCKY             ,KY,40203-3322,Private      ,3,25,28,103,307,410
04204800,AMERICAN COLLEGE OF BARBERING           ,KY,40229-2862,Proprietary  ,5,35,40,50,198,248
04229300,MEDQUEST COLLEGE                        ,KY,40243-1882,Proprietary  ,9,36,45,104,243,347
04239600,KENTUCKY HORSESHOEING SCHOOL            ,KY,40475-1810,Proprietary  ,1,1,2,1,1,2
04240600,TRI-STATE BARBER COLLEGE                ,KY,41101-7746,Proprietary  ,5,11,16,6,16,22
04247700,REGINA WEBB ACADEMY                     ,KY,42104-4457,Proprietary  ,3,13,16,4,20,24
00200300,CENTENARY COLLEGE OF LOUISIANA          ,LA,71104-3396,Private      ,38,52,90,912,386,1298
00200400,DILLARD UNIVERSITY                      ,LA,70122-3097,Private      ,103,122,225,2886,1425,4311
00200500,NICHOLLS STATE UNIVERSITY               ,LA,70310-0001,Public       ,154,256,410,5869,3052,8921
00200600,GRAMBLING STATE UNIVERSITY              ,LA,71245-2215,Public       ,195,311,506,5000,4163,9163
00200700,LOUISIANA COLLEGE                       ,LA,71359-0000,Private      ,36,50,86,1106,662,1768
00200800,LOUISIANA TECH UNIVERSITY               ,LA,71272-0001,Public       ,259,292,551,9045,3239,12284
00201000,LOUISIANA STATE UNIV & A&M COLG         ,LA,70803-5710,Public       ,894,664,1558,28364,9060,37424
00201100,LOUISIANA STATE UNIV-ALEXANDRIA         ,LA,71302-9121,Public       ,152,247,399,2535,2255,4790
00201200,LOUISIANA STATE UNIV-EUNICE             ,LA,70535-6726,Public       ,131,237,368,2209,1831,4040
00201300,LOUISIANA STATE UNIV-SHREVEPORT         ,LA,71115-2399,Public       ,137,539,676,2909,4910,7819
00201400,LA STATE UNIV HEALTH SCIENCES CTR       ,LA,70112-2223,Public       ,21,119,140,660,2634,3294
00201500,(THE) UNIVERSITY OF NEW ORLEANS         ,LA,70148-0001,Public       ,316,666,982,7014,7000,14014
00201600,LOYOLA UNIVERSITY NEW ORLEANS           ,LA,70118-6195,Private      ,192,170,362,4655,2684,7339
00201700,MCNEESE STATE UNIVERSITY                ,LA,70609-4510,Public       ,200,372,572,6126,3952,10078
00201900,NEW ORLEANS BAPTIST THEOL SEMINARY      ,LA,70126-0000,Private      ,0,25,25,59,256,315
00202000,UNIVERSITY OF LOUISIANA AT MONROE       ,LA,71209-9001,Public       ,253,412,665,7342,4953,12295
00202100,NORTHWESTERN STATE UNIVERSITY           ,LA,71497-0001,Public       ,231,602,833,6072,5917,11989
00202200,NOTRE DAME SEMINARY                     ,LA,70118-0000,Private      ,1,4,5,9,31,40
00202300,OUR LADY OF HOLY CROSS COLLEGE          ,LA,70131-7399,Private      ,23,147,170,693,1570,2263
00202400,SOUTHEASTERN LOUISIANA UNIV             ,LA,70402-0001,Public       ,420,500,920,11720,5747,17467
00202500,SOUTHERN UNIVERSITY A & M COLLEGE       ,LA,70813-9374,Public       ,314,482,796,8663,7097,15760
00202600,SOUTHERN UNIV NEW ORLEANS               ,LA,70126-0002,Public       ,125,397,522,2405,4761,7166
00202700,ST JOSEPH SEMINARY COLLEGE              ,LA,70457-9990,Private      ,4,1,5,67,19,86
00202900,TULANE UNIVERSITY                       ,LA,70118-5698,Private      ,552,389,941,13282,6809,20091
00203100,UNIV OF LOUISIANA AT LAFAYETTE          ,LA,70504-0000,Public       ,558,672,1230,16479,7235,23714
00203200,XAVIER UNIVERSITY OF LOUISIANA          ,LA,70125-1098,Private      ,183,138,321,5282,2135,7417
00462100,AYERS CAREER COLLEGE                    ,LA,71108-5845,Proprietary  ,12,74,86,84,453,537
00462500,DELGADO COMMUNITY COLLEGE               ,LA,70119-0000,Public       ,648,2115,2763,8360,18729,27089
00546700,SOWELA TECHNICAL COMMUNITY COLLEGE      ,LA,70616-6950,Public       ,126,370,496,1791,2283,4074
00546702,SOWELA TECHNICAL COMMUNITY COLLEGE - MOR,LA,70546-1327,Public       ,10,23,33,107,142,249
00548800,CAPITAL AREA TECHNICAL COLLEGE          ,LA,70805-0000,Public       ,21,90,111,289,765,1054
00548812,CAPITAL AREA TECHNICAL COLLEGE - FOLKES ,LA,70748-0000,Public       ,3,16,19,26,71,97
00548817,CAPITAL AREA TECHNICAL COLLEGE - JUMONVI,LA,70760-0000,Public       ,3,13,16,25,50,75
00548842,CAPITAL AREA TECHNICAL COLLEGE - WESTSID,LA,70765-0733,Public       ,3,13,16,41,110,151
00548900,CENTRAL LOUISIANA TECHNICAL COLLEGE     ,LA,71302-3137,Public       ,50,174,224,624,1473,2097
00552600,SOUTH CENTRAL LOUISIANA TECHNICAL COLG  ,LA,70381-2148,Public       ,18,59,77,123,344,467
00552602,SOUTH CENTRAL LOUISIANA TECHNICAL COLG  ,LA,70302-4336,Public       ,13,41,54,119,280,399
00552603,SOUTH CENTRAL LOUISIANA TECHNICAL COLG  ,LA,70084-6632,Public       ,37,98,135,454,667,1121
00576100,L. E. FLETCHER TECHNICAL COMMUNITY COLLE,LA,70360-2863,Public       ,71,208,279,1310,1413,2723
00675600,NORTHSHORE TECHNICAL COLLEGE            ,LA,70427-5866,Public       ,83,170,253,921,1358,2279
00768600,SOUTHERN UNIV AT SHREVEPORT/BOSSIER     ,LA,71107-4795,Public       ,88,316,404,1792,3128,4920
00806700,LSU HEALTH SCIENCES CENTR-SHREVEPOR     ,LA,71130-3932,Public       ,26,49,75,309,1145,1454
00989800,DEMMON SCHOOL OF BEAUTY                 ,LA,70607-2128,Proprietary  ,0,24,24,33,119,152
00997500,NORTHWEST LOUISIANA TECHNICAL COLLEGE   ,LA,71055-2422,Public       ,15,67,82,290,521,811
00997503,NORTHWEST LOUISIANA TECHNICAL COLLEGE   ,LA,71137-8527,Public       ,39,137,176,337,1198,1535
00997504,NORTHWEST LOUISIANA TECHNICAL COLLEGE   ,LA,71052-1236,Public       ,5,25,30,77,173,250
00997505,NORTHWEST LOUISIANA TECHNICAL COLLEGE   ,LA,71449-0790,Public       ,5,16,21,54,110,164
00997506,NORTHWEST LOUISIANA TECHNICAL COLLEGE   ,LA,71458-0657,Public       ,14,57,71,219,374,593
01109700,CLOYD'S BEAUTY SCHOOL #1                ,LA,71291-3131,Proprietary  ,7,22,29,45,135,180
01163100,"D-JAY'S SCHL OF BEAUTY, ARTS & SCI      ",LA,70806-0000,Proprietary  ,5,19,24,54,130,184
01184100,JOHN JAY BEAUTY COLLEGE                 ,LA,70124-2592,Proprietary  ,7,34,41,90,227,317
01282300,PAT GOINS RUSTON BEAUTY SCHOOL          ,LA,71270-4301,Proprietary  ,7,13,20,52,82,134
01287900,PAT GOINS BENTON ROAD BEAUTY SCHOOL     ,LA,71111-4838,Proprietary  ,6,28,34,28,125,153
01288000,CELEBRITY STYLIST BEAUTY SCHOOL         ,LA,71201-5167,Proprietary  ,6,14,20,44,102,146
01288001,CELEBRITY BARBER SCHOOL                 ,LA,71201-5133,Proprietary  ,2,6,8,8,24,32
02055400,BOSSIER PARISH COMMUNITY COLLEGE        ,LA,71111-0000,Public       ,188,724,912,3576,6718,10294
02055500,DELTA SCH OF BUSINESS & TECHNOLOGY      ,LA,70601-0000,Proprietary  ,8,64,72,119,430,549
02117800,AVEDA INSTITUTE LAFAYETTE               ,LA,70503-3246,Proprietary  ,15,38,53,189,279,468
02166100,NUNEZ COMMUNITY COLLEGE                 ,LA,70043-0000,Public       ,44,226,270,800,2118,2918
02166200,ITI TECHNICAL COLLEGE                   ,LA,70817-0000,Proprietary  ,53,124,177,588,979,1567
02197500,BATON ROUGE SCHOOL OF COMPUTERS         ,LA,70809-8188,Proprietary  ,5,27,32,84,174,258
02234000,CAMERON COLLEGE                         ,LA,70119-0000,Proprietary  ,7,69,76,71,382,453
02258400,AVEDA INSTITUTE BATON ROUGE             ,LA,70816-2246,Proprietary  ,19,47,66,233,307,540
02260200,DIESEL DRIVING ACADEMY                  ,LA,71109-5617,Proprietary  ,18,120,138,76,550,626
02265600,JOHN JAY KENNER ACADEMY                 ,LA,70062-0000,Proprietary  ,2,17,19,36,113,149
02269300,STEVENSON'S ACADEMY OF HAIR DESIGN      ,LA,70116-0000,Proprietary  ,7,46,53,50,225,275
02327800,PINEVILLE BEAUTY SCHOOL                 ,LA,71360-0000,Proprietary  ,0,14,14,58,81,139
02335700,BATON ROUGE GENERAL MEDICAL CENTER      ,LA,70806-3889,Private      ,8,33,41,104,188,292
02335701,BATON ROUGE GEN MED CTR SCH NSG         ,LA,70821-0000,Private      ,10,35,45,115,349,464
02335702,BATON ROUGE GEN MED CTR-RAD TECH        ,LA,70806-0000,Private      ,6,19,25,82,160,242
02338000,"CLOYD'S BEAUTY SCHOOL #2, INC           ",LA,71202-3539,Proprietary  ,6,19,25,42,124,166
02352500,"CLOYD'S BEAUTY SCHOOL #3, INC           ",LA,71201-3211,Proprietary  ,7,19,26,43,125,168
02358600,"STAGE ONE THE HAIR SCHOOL, INC.         ",LA,70605-0000,Proprietary  ,3,25,28,77,173,250
02518300,SOUTH LOUISIANA BEAUTY COLLEGE          ,LA,70363-0000,Proprietary  ,7,12,19,42,56,98
02536400,LOUISIANA ACADEMY OF BEAUTY             ,LA,70535-0000,Proprietary  ,2,9,11,38,62,100
02538300,DELTA COLLEGE OF ARTS & TECH INC        ,LA,70806-1529,Proprietary  ,17,80,97,232,668,900
02538301,DELTA COLLEGE OF ARTS & TECHNOLOGY - LAF,LA,70508-6831,Proprietary  ,14,58,72,143,446,589
02548500,COSMETOLOGY TRAINING CENTER             ,LA,70503-0000,Proprietary  ,11,20,31,96,149,245
02554800,VANGUARD COLLEGE OF COSMETOLOGY         ,LA,70458-8823,Proprietary  ,33,55,88,232,334,566
02582200,"GUY'S ACADEMY HAIR, SKIN & NAILS        ",LA,71105-2404,Proprietary  ,5,15,20,54,135,189
02600900,AVEDA INSTITUTE                         ,LA,70433-2922,Proprietary  ,197,345,542,1215,1840,3055
02601000,AMERICAN SCHOOL OF BUSINESS             ,LA,71105-5646,Proprietary  ,2,50,52,37,201,238
02601100,OPELOUSAS SCHOOL OF COSMETOLOGY         ,LA,70570-6156,Proprietary  ,1,7,8,33,70,103
02619200,DENHAM SPRINGS BEAUTY COLLEGE           ,LA,70726-3829,Proprietary  ,4,19,23,64,105,169
03010400,CRESCENT CITY SCH GAMING & BARTENDG     ,LA,70119-5507,Proprietary  ,24,164,188,122,792,914
03010624,VIRGINIA COLLEGE - BATON ROUGE          ,LA,70815-8604,Proprietary  ,8,66,74,163,602,765
03023500,CAMELOT CAREER COLLEGE                  ,LA,70805-7539,Proprietary  ,10,66,76,101,299,400
03026514,REMINGTON COLLEGE - LAFAYETTE           ,LA,70508-5760,Private      ,14,55,69,158,369,527
03026515,REMINGTON COLLEGE - BATON ROUGE         ,LA,70816-4040,Private      ,7,32,39,109,274,383
03027300,BLALOCK'S PROFESSIONAL BEAUTY COLLEGE   ,LA,71108-3246,Proprietary  ,2,11,13,23,70,93
03030900,DIESEL DRIVING ACADEMY                  ,LA,70815-8109,Proprietary  ,19,119,138,83,561,644
03106200,OUR LADY OF THE LAKE COLLEGE            ,LA,70808-4345,Private      ,37,238,275,1044,1998,3042
03294300,BLUE CLIFF SCH THERAPEUTIC MASSAGE      ,LA,70002-3458,Proprietary  ,97,551,648,692,2989,3681
03294303,BLUE CLIFF COLLEGE - LAFAYETTE          ,LA,70508-3256,Proprietary  ,13,61,74,134,384,518
03294306,BLUE CLIFF COLLEGE - SHREVEPORT         ,LA,71105-6520,Proprietary  ,12,94,106,119,595,714
03332600,DELTA COLLEGE                           ,LA,70433-9042,Proprietary  ,10,60,70,146,411,557
03332601,DELTA COLLEGE - SLIDELL                 ,LA,70460-2624,Proprietary  ,18,86,104,149,550,699
03356300,MEDICAL TRAINING COLLEGE                ,LA,70816-5820,Proprietary  ,19,76,95,181,403,584
03480300,FORTIS COLLEGE - BATON ROUGE            ,LA,70809-1908,Proprietary  ,15,77,92,171,615,786
03498400,OMEGA INSTITUTE OF COSMETOLOGY          ,LA,70360-0000,Proprietary  ,7,6,13,53,65,118
03727500,MOORE CAREER COLLEGE                    ,LA,70808-4191,Proprietary  ,9,43,52,38,148,186
03730300,BATON ROUGE COMMUNITY COLLEGE           ,LA,78806-4129,Public       ,365,888,1253,6478,8022,14500
03789300,UNITECH TRAINING ACADEMY                ,LA,70503-5132,Proprietary  ,29,105,134,308,827,1135
03789301,UNITECH TRAINING ACADEMY - WEST MONROE  ,LA,71291-2913,Proprietary  ,18,85,103,126,567,693
03789302,UNITECH TRAINING ACADEMY - HOUMA        ,LA,70363-5556,Proprietary  ,11,41,52,94,231,325
03789303,UNITECH TRAINING ACADEMY -  ALEXANDRIA  ,LA,71303-3625,Proprietary  ,20,84,104,133,413,546
03789304,UNITECH TRAINING ACADEMY - LAKE CHARLES ,LA,70601-7887,Proprietary  ,12,71,83,140,421,561
03789305,UNITECH TRAINING ACADEMY - METAIRIE     ,LA,70003-0000,Proprietary  ,8,92,100,23,174,197
03789400,RIVER PARISHES COMMUNITY COLLEGE        ,LA,70778-0310,Public       ,68,186,254,1083,1217,2300
03795300,CASSIA BEAUTY COLLEGE                   ,LA,70126-0000,Proprietary  ,4,17,21,27,88,115
03810500,COURT REPORTING INSTITUTE OF LOUISI     ,LA,70816-0000,Proprietary  ,0,6,6,11,67,78
03956300,SOUTH LOUISIANA COMMUNITY COLLEGE       ,LA,70506-0000,Public       ,349,672,1021,4193,5130,9323
04040300,COMPASS CAREER COLLEGE                  ,LA,70403-0653,Proprietary  ,28,77,105,237,493,730
04112300,LOUISIANA CULINARY INSTITUTE            ,LA,70816-4109,Proprietary  ,14,37,51,244,325,569
04130100,LOUISIANA DELTA COMMUNITY COLLEGE       ,LA,71203-3618,Public       ,128,448,576,2068,3696,5764
04149500,A & W HEALTHCARE EDUCATORS              ,LA,70122-3146,Proprietary  ,6,37,43,49,353,402
04151600,MY-LE'S BEAUTY COLLEGE                  ,LA,70056-3150,Proprietary  ,1,17,18,22,104,126
04217000,HEALTHCARE TRAINING INSTITUTE           ,LA,70062-7630,Proprietary  ,5,39,44,34,218,252
04225900,SETTING THE STANDARD BARBERING AND NATUR,LA,71109-4124,Proprietary  ,5,10,15,12,45,57
04226000,BOS-MAN'S BARBER COLLEGE                ,LA,71106-2653,Proprietary  ,3,18,21,31,107,138
04234600,PARK PLACE PREMIER BARBER SCHOOL        ,LA,70122-3808,Proprietary  ,0,13,13,24,101,125
04245400,INFINITY COLLEGE                        ,LA,70501-8833,Proprietary  ,8,34,42,20,104,124
04248400,ACADEMY OF INTERACTIVE ENTERTAINMENT    ,LA,70506-4293,Private      ,7,9,16,11,18,29
04248900,VH BARBER & STYLING ACADEMY             ,LA,71111-4409,Proprietary  ,2,6,8,2,6,8
00143600,CAPITOL COLLEGE                         ,MD,20708-9759,Private      ,18,61,79,492,613,1105
00205700,ALLEGANY COLLEGE OF MARYLAND            ,MD,21502-2596,Public       ,93,181,274,2649,1999,4648
00205800,ANNE ARUNDEL COMMUNITY COLLEGE          ,MD,21012-1895,Public       ,296,795,1091,5173,8299,13472
00206100,BALTIMORE CITY COMMUNITY COLLEGE        ,MD,21215-7893,Public       ,197,909,1106,3639,9704,13343
00206200,BOWIE STATE UNIVERSITY                  ,MD,20715-9465,Public       ,266,370,636,7391,6102,13493
00206300,COMMUNITY COLLEGE OF BALTIMORE COUNTY   ,MD,21228-5381,Public       ,424,1403,1827,9859,17045,26904
00206400,COLLEGE OF SOUTHERN MARYLAND            ,MD,20646-0910,Public       ,188,552,740,3824,5057,8881
00206500,NOTRE DAME OF MARYLAND UNIVERSITY       ,MD,21210-2476,Private      ,40,145,185,1063,2009,3072
00206700,WASHINGTON ADVENTIST UNIVERSITY         ,MD,20912-7796,Private      ,24,58,82,715,866,1581
00206800,COPPIN STATE UNIVERSITY                 ,MD,21216-3698,Public       ,121,396,517,3678,5755,9433
00207100,FREDERICK COMMUNITY COLLEGE             ,MD,21702-9745,Public       ,128,334,462,2253,2997,5250
00207200,FROSTBURG STATE UNIVERSITY              ,MD,21532-1099,Public       ,166,128,294,6833,2059,8892
00207300,GOUCHER COLLEGE                         ,MD,21204-2794,Private      ,65,73,138,3177,921,4098
00207400,HAGERSTOWN COMMUNITY COLLEGE            ,MD,21742-6514,Public       ,144,363,507,2075,2990,5065
00207500,HARFORD COMMUNITY COLLEGE               ,MD,21015-1696,Public       ,130,301,431,2619,3088,5707
00207600,HOOD COLLEGE                            ,MD,21701-8575,Private      ,53,50,103,2189,842,3031
00207700,JOHNS HOPKINS UNIVERSITY                ,MD,21218-2693,Private      ,334,201,535,10212,2586,12798
00207702,JOHNS HOPKINS UNIV SCH ARTS/SCI/ENG     ,MD,21218-0000,Private      ,119,308,427,5470,2689,8159
00207703,JOHNS HOPKINS UNIV SCH OF BUS/ED        ,MD,21046-0000,Private      ,5,79,84,86,1406,1492
00207705,JOHNS HOPKINS BLOOMBERG SCH OF PH       ,MD,21205-0000,Private      ,2,68,70,89,1697,1786
00207706,JOHNS HOPKINS UNIV SCH OF MEDICINE      ,MD,21205-0000,Private      ,41,37,78,376,1034,1410
00207707,JOHNS HOPKINS UNIV SCH OF NURSING       ,MD,21205-0000,Private      ,26,86,112,343,1779,2122
00207708,JOHNS HOPKINS UNIV PEABODY CONSERV      ,MD,21202-2397,Private      ,18,21,39,528,450,978
00207764,JOHNS HOPKINS UNIVERSITY - CAREY BUSINES,MD,21202-4649,Private      ,1,85,86,54,957,1011
00207800,LOYOLA UNIVERSITY MARYLAND              ,MD,21210-2699,Private      ,239,156,395,9934,2872,12806
00208000,MARYLAND INST COLLEGE OF ART            ,MD,21217-4191,Private      ,85,43,128,2658,989,3647
00208300,MORGAN STATE UNIVERSITY                 ,MD,21251-0002,Public       ,310,405,715,11058,7257,18315
00208600,MOUNT SAINT MARY'S UNIVERSITY           ,MD,21727-7799,Private      ,99,35,134,4021,563,4584
00208700,NER ISRAEL RABBINICAL COLLEGE           ,MD,21208-1198,Private      ,6,10,16,84,49,133
00208900,PRINCE GEORGES COMMUNITY COLLEGE        ,MD,20774-2199,Public       ,358,1094,1452,7054,11897,18951
00209100,SALISBURY UNIVERSITY                    ,MD,21801-6862,Public       ,300,160,460,11473,2772,14245
00209200,ST JOHN'S COLLEGE                       ,MD,21404-0000,Private      ,5,19,24,509,184,693
00209500,ST. MARY'S COLLEGE OF MARYLAND          ,MD,20686-3001,Public       ,71,25,96,2530,379,2909
00209600,ST MARY'S SEMINARY & UNIV               ,MD,21210-1994,Private      ,1,5,6,27,66,93
00209900,TOWSON UNIVERSITY                       ,MD,21252-0002,Public       ,595,514,1109,23533,9213,32746
00210200,UNIVERSITY OF BALTIMORE                 ,MD,21201-5779,Public       ,84,362,446,2429,7674,10103
00210300,"UNIVERSITY OF MARYLAND, COLLEGE PARK    ",MD,20742-5145,Public       ,960,914,1874,35649,14218,49867
00210400,"UNIVERSITY OF MARYLAND, BALTIMORE       ",MD,21201-1691,Public       ,216,562,778,5051,11059,16110
00210500,UMBC                                    ,MD,21250-0002,Public       ,317,406,723,11418,6417,17835
00210600,UNIVERSITY MARYLAND EASTERN SHORE       ,MD,21853-4053,Public       ,173,129,302,5946,2498,8444
00210700,STEVENSON UNIVERSITY                    ,MD,21153-0641,Private      ,153,144,297,6780,2206,8986
00210800,WASHINGTON COLLEGE                      ,MD,21620-1197,Private      ,58,18,76,3091,142,3233
00210900,MCDANIEL COLLEGE                        ,MD,21157-4390,Private      ,63,55,118,3233,796,4029
00458612,KAPLAN COLLEGE                          ,MD,21742-2797,Proprietary  ,23,229,252,212,1826,2038
00465000,CHESAPEAKE COLLEGE                      ,MD,21679-0008,Public       ,69,187,256,1329,1635,2964
00691100,MONTGOMERY COLLEGE                      ,MD,20850-1195,Public       ,533,1074,1607,12613,12883,25496
00734100,INTERNATIONAL BEAUTY SCHOOL             ,MD,21502-2370,Proprietary  ,0,0,0,4,12,16
00744700,DEL-MAR-VA BEAUTY ACADEMY               ,MD,21804-0000,Proprietary  ,2,19,21,43,131,174
00749100,TESST COLLEGE OF TECHNOLOGY             ,MD,21227-1063,Proprietary  ,22,156,178,313,1206,1519
00793600,LINCOLN TECHNICAL INSTITUTE             ,MD,21046-1544,Proprietary  ,52,102,154,511,797,1308
00817500,HOWARD COMMUNITY COLLEGE                ,MD,21044-3197,Public       ,190,423,613,4312,5358,9670
00826300,AWARD BEAUTY SCHOOL                     ,MD,21740-5624,Proprietary  ,20,79,99,69,272,341
00830800,CECIL COLLEGE                           ,MD,21901-1999,Public       ,66,166,232,1271,1554,2825
00907906,EVEREST COLLEGE- EVEREST INSTITUTE      ,MD,20910-3737,Private      ,0,0,0,38,159,197
01001400,GARRETT COMMUNITY COLLEGE               ,MD,21541-1265,Public       ,20,35,55,878,344,1222
01031900,FORTIS INSTITUTE                        ,MD,21204-2538,Proprietary  ,66,319,385,642,2577,3219
01041000,TESST COLLEGE OF TECHNOLOGY             ,MD,21286-2201,Proprietary  ,8,48,56,128,495,623
01164400,UNIV OF MARYLAND UNIVERSITY COLLEGE     ,MD,20783-8078,Public       ,210,4948,5158,2891,42015,44906
01164402,U OF MD UNIVERSITY COLLEGE - EUROPE     ,MD,20832-0000,Public       ,18,115,133,396,998,1394
01164404,U OF MD UNIVERSITY COLLEGE - ASIA       ,MD,31207-0000,Public       ,3,114,117,103,1023,1126
02073900,WOR-WIC COMMUNITY COLLEGE               ,MD,21804-0000,Public       ,90,291,381,1638,2669,4307
02083600,TESST COLLEGE OF TECHNOLOGY             ,MD,20705-2698,Proprietary  ,23,102,125,169,528,697
02127900,SOJOURNER-DOUGLASS COLLEGE              ,MD,21205-1802,Private      ,8,55,63,69,786,855
02155100,MARYLAND COLLEGE OF ART AND DESIGN      ,MD,20902-0000,Private      ,8,23,31,136,165,301
02269700,"COLORLAB ACADEMY OF HAIR, THE           ",MD,21014-3639,Proprietary  ,5,7,12,37,83,120
02331000,MARYLAND BEAUTY ACADEMY OF ESSEX        ,MD,21221-0000,Proprietary  ,10,50,60,72,242,314
02333000,HAIR ACADEMY                            ,MD,20784-0000,Proprietary  ,26,121,147,137,539,676
02343800,MONTGOMERY BEAUTY SCHOOL                ,MD,20901-0000,Proprietary  ,13,38,51,102,235,337
02494700,BALTIMORE STUDIO OF HAIR DESIGN         ,MD,21201-0000,Proprietary  ,5,40,45,85,287,372
02495000,ROBERT PAUL ACAD COSMTGY ARTS & SCI     ,MD,21093-0000,Proprietary  ,5,17,22,48,72,120
02495100,MARYLAND BEAUTY ACADEMY                 ,MD,21136-0000,Proprietary  ,1,10,11,19,70,89
02545400,NORTH AMERICAN TRADE SCHOOLS            ,MD,21244-0069,Proprietary  ,26,192,218,195,986,1181
02573800,"L' ACADEMIE DE CUISINE, INC.            ",MD,20877-0000,Proprietary  ,9,24,33,71,238,309
02578400,MARYLAND UNIVERSITY OF INTEGRATIVE HEALT,MD,20723-6010,Private      ,0,245,245,34,1047,1081
03027200,BLADES SCHOOL OF HAIR DESIGN            ,MD,20619-0226,Proprietary  ,6,14,20,43,112,155
03064900,AARON'S ACADEMY OF BEAUTY               ,MD,20602-2715,Proprietary  ,4,20,24,41,128,169
03097200,AESTHETICS INSTITUTE OF COSMETOLOGY     ,MD,20877-1305,Proprietary  ,4,37,41,21,139,160
03100700,CARROLL COMMUNITY COLLEGE               ,MD,21157-6913,Public       ,65,143,208,1332,1429,2761
03148300,AMERICAN BEAUTY ACADEMY                 ,MD,20902-1911,Proprietary  ,28,80,108,226,654,880
03296300,BALTIMORE SCHOOL OF MASSAGE             ,MD,21090-2261,Proprietary  ,37,114,151,147,545,692
03327300,NEW CREATIONS ACADEMY OF HAIR DSN       ,MD,20746-0000,Proprietary  ,10,47,57,72,286,358
03493300,ALL-STATE CAREER SCHOOL                 ,MD,21224-6658,Proprietary  ,62,309,371,439,1824,2263
03667300,FAITH THEOLOGICAL SEMINARY              ,MD,21212-2624,Private      ,1,13,14,6,164,170
03822400,MAPLE SPRINGS BAPTIST BIBLE COLLEGE & SE,MD,20743-5711,Private      ,0,1,1,5,58,63
03937300,YESHIVA COLLEGE OF THE NATION'S CAPITAL ,MD,20902-1700,Private      ,7,1,8,20,28,48
03965500,HAIR EXPRESSIONS ACADEMY                ,MD,20852-1729,Proprietary  ,25,47,72,147,297,444
04139700,FREDERICK SCHOOL OF COSMETOLOGY         ,MD,21701-0000,Proprietary  ,5,12,17,30,69,99
04141600,OMEGA STUDIOS' SCHOOL OF APPLIED RECORDI,MD,20852-1731,Proprietary  ,17,23,40,73,134,207
04151800,TEMPLE (THE): A PAUL MITCHELL PARTNER SC,MD,21701-5409,Proprietary  ,23,50,73,171,251,422
04167602,FINGER LAKES SCHOOL OF MASSAGE (THE)    ,MD,21701-3030,Proprietary  ,6,23,29,24,123,147
04168900,HOLISTIC MASSAGE TRAINING INSTITUTE     ,MD,21218-2407,Proprietary  ,1,21,22,19,171,190
04171501,COSMOPOLITAN BEAUTY & TECH SCHOOL -     ,MD,20143-3370,Proprietary  ,0,5,5,21,70,91
04188400,BAIS HAMEDRASH AND MESIVTA OF BALTIMORE ,MD,21209-1613,Private      ,11,3,14,45,13,58
04204000,ASPEN BEAUTY ACADEMY - LAUREL           ,MD,20724-2013,Proprietary  ,7,24,31,35,131,166
04209600,INSTITUTE OF HEALTH SCIENCES            ,MD,21031-1408,Proprietary  ,2,39,41,27,213,240
04211700,HARMON'S BEAUTY SCHOOL                  ,MD,20785-2135,Proprietary  ,0,7,7,27,81,108
00211400,AMERICAN INTERNATIONAL COLLEGE          ,MA,01109-3189,Private      ,39,253,292,2148,3002,5150
00211500,AMHERST COLLEGE                         ,MA,01002-5000,Private      ,116,35,151,4651,347,4998
00211600,ANDOVER NEWTON THEOLOGICAL SCHOOL       ,MA,02459-0000,Private      ,0,5,5,0,176,176
00211700,ANNA MARIA COLLEGE                      ,MA,01612-1198,Private      ,22,73,95,1644,730,2374
00211800,ASSUMPTION COLLEGE                      ,MA,01615-1294,Private      ,109,64,173,4785,890,5675
00212000,MERRIMACK COLLEGE                       ,MA,01845-5800,Private      ,154,58,212,6948,765,7713
00212100,BABSON COLLEGE                          ,MA,02457-0310,Private      ,106,65,171,3139,589,3728
00212200,BAY PATH COLLEGE                        ,MA,01106-2212,Private      ,40,239,279,1197,3249,4446
00212300,BECKER COLLEGE-WORCESTER                ,MA,01615-0071,Private      ,115,98,213,3061,1179,4240
00212400,BENTLEY UNIVERSITY                      ,MA,02452-4705,Private      ,172,54,226,6560,688,7248
00212600,BERKLEE COLLEGE OF MUSIC                ,MA,02215-3693,Private      ,239,222,461,4407,2046,6453
00212800,BOSTON COLLEGE                          ,MA,02467-3800,Private      ,544,189,733,18301,5299,23600
00212900,BOSTON CONSERVATORY OF MUSIC            ,MA,02215-9830,Private      ,60,12,72,1147,367,1514
00213000,BOSTON UNIVERSITY                       ,MA,02215-1789,Private      ,1232,780,2012,37913,16054,53967
00213300,BRANDEIS UNIVERSITY                     ,MA,02453-2728,Private      ,156,58,214,6374,1336,7710
00213900,CLARK UNIVERSITY                        ,MA,01610-1473,Private      ,104,52,156,4894,769,5663
00214000,ELMS COLLEGE                            ,MA,01013-2839,Private      ,21,43,64,1327,1225,2552
00214100,COLLEGE OF THE HOLY CROSS               ,MA,01610-2395,Private      ,118,13,131,5405,182,5587
00214300,CURRY COLLEGE                           ,MA,02186-2395,Private      ,107,99,206,5159,1325,6484
00214400,DEAN COLLEGE                            ,MA,02038-1994,Private      ,31,22,53,1780,340,2120
00214500,EASTERN NAZARENE COLLEGE                ,MA,02170-2999,Private      ,11,58,69,855,619,1474
00214507,EASTERN NAZARENE COLLEGE - OLD COLONY CA,MA,02170-3831,Private      ,0,0,0,3,5,8
00214600,EMERSON COLLEGE                         ,MA,02116-4624,Private      ,247,65,312,7623,1312,8935
00214700,EMMANUEL COLLEGE                        ,MA,02115-5798,Private      ,102,28,130,5209,457,5666
00214800,ENDICOTT COLLEGE                        ,MA,01915-2098,Private      ,132,117,249,5315,1033,6348
00214900,EPISCOPAL DIVINITY SCHOOL               ,MA,02138-0000,Private      ,0,0,0,0,51,51
00215000,FISHER COLLEGE                          ,MA,02116-1500,Private      ,45,148,193,1603,1576,3179
00215100,BENJAMIN FRANKLIN INSTITUTE OF TECH     ,MA,02116-6296,Public       ,31,48,79,671,435,1106
00215300,GORDON COLLEGE                          ,MA,01984-1899,Private      ,53,17,70,2292,212,2504
00215400,HELLENIC COLLEGE                        ,MA,02445-7496,Private      ,2,2,4,83,122,205
00215500,HARVARD UNIVERSITY                      ,MA,02138-3800,Private      ,137,80,217,3637,811,4448
00215501,AMRCN REPERTORY THTR INST ADV THTR      ,MA,02138-0000,Private      ,0,3,3,1,98,99
00215502,HARVARD BUSINESS SCHOOL                 ,MA,02163-0000,Private      ,27,76,103,261,1587,1848
00215503,HARVARD EXTENSION SCHOOL                ,MA,02138-0000,Private      ,11,222,233,214,1979,2193
00215504,HARVARD SCH OF DENTAL MEDICINE          ,MA,02115-0000,Private      ,4,9,13,23,187,210
00215505,HARVARD UNIV GRAD SCH DESIGN            ,MA,02138-0000,Private      ,1,20,21,14,886,900
00215506,HARVARD DIVINITY SCHOOL                 ,MA,02138-0000,Private      ,1,16,17,20,511,531
00215507,HARVARD UNIV GRAD SCH ED                ,MA,02138-0000,Private      ,1,32,33,12,1161,1173
00215508,HARVARD UNIV GRAD S OF ARTS & SCIEN     ,MA,02138-0000,Private      ,4,49,53,69,692,761
00215509,HARVARD KENNEDY SCHOOL                  ,MA,02138-0000,Private      ,2,38,40,19,1250,1269
00215510,HARVARD LAW SCHOOL                      ,MA,02138-0000,Private      ,16,51,67,130,2851,2981
00215511,HARVARD UNIV MEDICAL SCHOOL             ,MA,02115-0000,Private      ,19,15,34,179,999,1178
00215512,HARVARD UNIV SCH PUBLIC HEALTH          ,MA,02115-0000,Private      ,0,21,21,28,917,945
00215513,HARVARD UNIVERSITY-HARVARD COLLEGE      ,MA,02138-0000,Private      ,540,122,662,21340,1642,22982
00215700,HEBREW COLLEGE                          ,MA,02459-2237,Private      ,0,7,7,1,127,128
00215800,LASELL COLLEGE                          ,MA,02466-2716,Private      ,57,27,84,3168,552,3720
00216000,LESLEY UNIVERSITY                       ,MA,02138-2790,Private      ,74,241,315,3054,3329,6383
00216100,UMASS LOWELL                            ,MA,01854-3089,Public       ,466,546,1012,15948,6667,22615
00216400,NEW ENGLAND COLLEGE OF OPTOMETRY        ,MA,02115-1129,Private      ,1,9,10,11,458,469
00216500,MASS. COLLEGE OF PHARMACY  & HEALTH SCIE,MA,02115-5804,Private      ,125,159,284,5613,4331,9944
00216700,BERKSHIRE COMMUNITY COLLEGE             ,MA,01201-5786,Public       ,25,105,130,955,1348,2303
00216800,CAPE COD COMMUNITY COLLEGE              ,MA,02668-1599,Public       ,75,224,299,1425,2086,3511
00216900,GREENFIELD COMMUNITY COLLEGE            ,MA,01301-9739,Public       ,38,134,172,851,1429,2280
00217000,HOLYOKE COMMUNITY COLLEGE               ,MA,01040-1099,Public       ,174,430,604,3761,4473,8234
00217100,MASSACHUSETTS BAY COMMUNITY COLLEGE     ,MA,02181-0000,Public       ,121,270,391,2146,2672,4818
00217200,MOUNT WACHUSETT COMMUNITY COLLEGE       ,MA,01440-1000,Public       ,86,306,392,1984,3305,5289
00217300,NORTH SHORE COMMUNITY COLLEGE           ,MA,01923-4093,Public       ,223,448,671,3497,4602,8099
00217400,NORTHERN ESSEX COMMUNITY COLLEGE        ,MA,01830-2399,Public       ,167,388,555,3378,4262,7640
00217500,QUINSIGAMOND COMMUNITY COLLEGE          ,MA,01606-2092,Public       ,215,609,824,4369,6212,10581
00217600,BRISTOL COMMUNITY COLLEGE               ,MA,02720-7399,Public       ,219,569,788,4652,6157,10809
00217700,MASSASOIT COMMUNITY COLLEGE             ,MA,02302-3996,Public       ,191,431,622,3747,4577,8324
00217800,MASSACHUSETTS INST OF TECHNOLOGY        ,MA,02139-4307,Private      ,402,225,627,12493,2726,15219
00218000,MASSACHUSETTS COLLEGE OF ART AND DESIGN ,MA,02115-5803,Public       ,77,47,124,2409,753,3162
00218100,MASSACHUSETTS MARITIME ACADEMY          ,MA,02532-3400,Public       ,28,13,41,1783,180,1963
00218300,BRIDGEWATER STATE UNIVERSITY            ,MA,02325-0001,Public       ,317,250,567,12022,4105,16127
00218400,FITCHBURG STATE UNIVERSITY              ,MA,01420-2697,Public       ,143,116,259,6597,1819,8416
00218500,FRAMINGHAM STATE COLLEGE                ,MA,01702-2471,Public       ,174,123,297,6888,1757,8645
00218700,MASSACHUSETTS CLG OF LIBERAL ARTS       ,MA,01247-4100,Public       ,51,31,82,2558,566,3124
00218800,SALEM STATE UNIVERSITY                  ,MA,01970-5353,Public       ,281,298,579,9537,4324,13861
00218900,WESTFIELD STATE UNIVERSITY              ,MA,01086-1630,Public       ,159,113,272,8268,2109,10377
00219000,WORCESTER STATE UNIVERSITY              ,MA,01602-2597,Public       ,128,175,303,6583,2692,9275
00219200,MOUNT HOLYOKE COLLEGE                   ,MA,01075-1492,Private      ,64,16,80,2780,398,3178
00219300,MOUNT IDA COLLEGE                       ,MA,02459-3323,Private      ,33,20,53,1926,446,2372
00219400,NEW ENGLAND CONSERVATORY OF MUSIC       ,MA,02115-5018,Private      ,37,8,45,734,574,1308
00219700,NICHOLS COLLEGE                         ,MA,01571-6346,Private      ,33,44,77,2214,392,2606
00219900,NORTHEASTERN UNIVERSITY                 ,MA,02115-5000,Private      ,910,899,1809,32221,12466,44687
00220100,PINE MANOR COLLEGE                      ,MA,02167-0000,Private      ,6,7,13,458,136,594
00220200,BLESSED JOHN XXIII NATIONAL SEMINARY    ,MA,02493-0000,Private      ,0,0,0,0,1,1
00220500,QUINCY COLLEGE                          ,MA,02169-4324,Public       ,122,434,556,2011,4321,6332
00220600,REGIS COLLEGE                           ,MA,02193-0000,Private      ,44,70,114,2147,939,3086
00220800,SIMMONS COLLEGE                         ,MA,02115-5898,Private      ,62,559,621,3581,6056,9637
00220900,SMITH COLLEGE                           ,MA,01063-2936,Private      ,76,13,89,3898,492,4390
00220901,"SMITH COLLEGE, SCH FOR SOCIAL WORK      ",MA,01063-0000,Private      ,3,28,31,17,504,521
00221000,UNIV OF MASSACHUSETTS-DARTMOUTH         ,MA,02747-2300,Public       ,239,195,434,12045,3752,15797
00221100,SPRINGFIELD COLLEGE                     ,MA,01109-3797,Private      ,106,314,420,4839,4434,9273
00221400,ST JOHN'S SEMINARY                      ,MA,02135-8839,Private      ,4,18,22,7,63,70
00221700,STONEHILL COLLEGE                       ,MA,02357-6110,Private      ,151,17,168,5775,223,5998
00221800,SUFFOLK UNIVERSITY                      ,MA,02108-2770,Private      ,197,167,364,7761,3989,11750
00221900,TUFTS UNIVERSITY                        ,MA,02155-5808,Private      ,306,113,419,11032,2295,13327
00221901,TUFTS UNIV SCH OF DENTAL MEDICINE       ,MA,02111-0000,Private      ,3,10,13,26,895,921
00221902,TUFTS UNIVERSITY - CUMMINGS SCHOOL OF VE,MA,01536-0000,Private      ,3,9,12,33,498,531
00221904,TUFTS UNIV SCHOOL OF MEDICINE           ,MA,02111-0000,Private      ,8,47,55,88,2125,2213
00222100,UNIV OF MASSACHUSETTS-AMHERST           ,MA,01003-0000,Public       ,919,494,1413,41321,7609,48930
00222200,UNIV OF MASSACHUSETTS-BOSTON            ,MA,02125-3393,Public       ,446,758,1204,13668,10997,24665
00222400,WELLESLEY COLLEGE                       ,MA,02481-8203,Private      ,92,12,104,3533,238,3771
00222500,WENTWORTH INSTITUTE OF TECHNOLOGY       ,MA,02115-5998,Private      ,155,81,236,6730,1039,7769
00222600,WESTERN NEW ENGLAND UNIVERSITY          ,MA,01119-2654,Private      ,123,77,200,6098,1725,7823
00222700,WHEATON COLLEGE                         ,MA,02766-2322,Private      ,59,10,69,2737,99,2836
00222800,WHEELOCK COLLEGE                        ,MA,02215-4176,Private      ,32,34,66,1556,772,2328
00222900,WILLIAMS COLLEGE                        ,MA,01267-2600,Private      ,63,7,70,3805,145,3950
00223300,WORCESTER POLYTECHNIC INSTITUTE         ,MA,01609-2280,Private      ,200,43,243,8325,693,9018
00267104,BARD COLLEGE - LONGY SCHOOL OF MUSIC    ,MA,02138-3599,Private      ,3,4,7,29,140,169
00396500,BAY STATE COLLEGE                       ,MA,02116-2901,Proprietary  ,53,111,164,1010,1323,2333
00396600,BOSTON ARCHITECTURAL COLLEGE            ,MA,02115-2795,Private      ,10,43,53,251,644,895
00466100,HAMPSHIRE COLLEGE                       ,MA,01002-3359,Private      ,77,9,86,2202,198,2400
00466600,SALTER COLLEGE                          ,MA,01583-1700,Proprietary  ,64,380,444,466,2176,2642
00466700,SCHOOL OF MUSEUM OF FINE ARTS           ,MA,02115-5534,Private      ,12,12,24,430,263,693
00466900,UPPER CAPE COD REGIONAL VOC TECH        ,MA,02532-3310,Public       ,4,8,12,26,148,174
00527900,GREATER LOWELL REGNL VOC TECH SCH       ,MA,01879-0000,Public       ,0,6,6,29,135,164
00551900,DIMAN REGIONAL VOC TECH INST            ,MA,02723-3519,Public       ,1,17,18,41,182,223
00552300,BLUE HILLS REGIONAL VOC TECH            ,MA,02021-1398,Public       ,1,8,9,29,166,195
00555700,MCCANN TECHNICAL SCHOOL                 ,MA,01247-0000,Public       ,2,6,8,28,60,88
00613600,NATIONAL AVIATION ACADEMY - NEW ENGLAND ,MA,01730-2620,Proprietary  ,11,43,54,102,247,349
00632200,BROCKTON HOSPITAL SCH OF NURSING        ,MA,02302-0000,Private      ,3,30,33,128,578,706
00632400,LABOURE COLLEGE                         ,MA,02124-0000,Private      ,15,105,120,251,1243,1494
00633100,LAWRENCE MEM HOSPITAL SCH OF NRSNG      ,MA,02155-1643,Private      ,6,23,29,69,368,437
00635200,BAYSTATE MEDICAL CENTER                 ,MA,01199-0001,Private      ,0,10,10,36,94,130
00687300,MARIAN COURT COLLEGE                    ,MA,01907-2896,Private      ,2,2,4,67,88,155
00748400,NEWBURY COLLEGE                         ,MA,02445-5796,Private      ,33,19,52,1760,316,2076
00748600,THE NEW ENGLAND INSTITUTE OF ART        ,MA,02445-7295,Proprietary  ,8,10,18,447,255,702
00807800,SPRINGFIELD TECHNICAL COMMUNITY CLG     ,MA,01105-0000,Public       ,157,470,627,3627,5178,8805
00809002,EVEREST COLLEGE - EVEREST INSTITUTE     ,MA,02150-2333,Proprietary  ,0,0,0,8,40,48
00891600,NEW ENGLAND SCHOOL OF LAW               ,MA,02116-0000,Private      ,2,13,15,19,1215,1234
00964500,BARD COLLEGE AT SIMON'S ROCK            ,MA,01230-9702,Private      ,24,4,28,374,14,388
00974700,GORDON-CONWELL THEOLOGICAL SEMINARY     ,MA,01982-0000,Private      ,1,26,27,6,473,479
00975600,UNIVERSITY OF MASS MEDICAL CENTER       ,MA,01655-0000,Public       ,3,31,34,45,823,868
00987700,HENRI'S SCHOOL OF HAIR DESIGN           ,MA,01420-5675,Proprietary  ,0,0,0,7,10,17
00989900,LOWELL ACADEMY HAIRSTYLING INST         ,MA,01852-1909,Proprietary  ,9,19,28,47,98,145
00993600,MIDDLESEX COMMUNITY COLLEGE             ,MA,01730-1197,Public       ,107,171,278,1865,1841,3706
00993602,"MIDDLESEX COMMUNITY COLLEGE, LOWELL     ",MA,01852-0000,Public       ,170,278,448,3053,3228,6281
01121000,BUNKER HILL COMMUNITY COLLEGE           ,MA,02129-2991,Public       ,446,1087,1533,6750,10854,17604
01193000,ROXBURY COMMUNITY COLLEGE               ,MA,02120-3400,Public       ,56,308,364,954,3078,4032
01204200,MANSFIELD BEAUTY SCHOOLS                ,MA,02169-5061,Proprietary  ,2,10,12,23,74,97
01206800,MANSFIELD BEAUTY SCHOOL                 ,MA,01103-1410,Proprietary  ,3,8,11,16,49,65
01218700,BLACKSTONE VALLEY VOCATIONAL REGIONAL SC,MA,01568-1499,Public       ,0,6,6,15,57,72
01238600,SOUTHEASTERN TECHNICAL INSTITUTE        ,MA,02375-1780,Public       ,7,21,28,65,200,265
01246108,LINCOLN TECHNICAL INSTITUTE - BROCKTON  ,MA,02401-1818,Proprietary  ,20,52,72,143,361,504
01246114,LINCOLN TECHNICAL INSTITUTE - LOWELL    ,MA,01852-5119,Proprietary  ,10,51,61,133,356,489
01246115,LINCOLN TECHNICAL INSTITUTE - SOMERVILLE,MA,02145-1102,Proprietary  ,22,46,68,144,339,483
01288100,MONTACHUSETT REG VOC TECH SCH           ,MA,01420-4649,Public       ,0,6,6,21,95,116
01294800,ROB ROY ACADEMY                         ,MA,02721-5330,Proprietary  ,12,21,33,41,81,122
02063000,MONTSERRAT COLLEGE OF ART               ,MA,01915-0000,Private      ,21,5,26,663,65,728
02079400,EMPIRE BEAUTY SCHOOL                    ,MA,01702-5232,Proprietary  ,72,200,272,644,1548,2192
02092100,MASSACHUSETTS SCHOOL OF BARBERING       ,MA,02169-5058,Proprietary  ,8,23,31,22,114,136
02122000,NEW ENGLAND HAIR ACADEMY                ,MA,02148-0000,Proprietary  ,12,33,45,65,139,204
02137000,ROB ROY ACADEMY                         ,MA,02780-0000,Proprietary  ,0,4,4,19,28,47
02137200,MASS GEN HOSP DIETETIC INTERNSHIP       ,MA,02114-0000,Private      ,1,1,2,13,35,48
02163500,NEW ENGLAND SCHOOL OF PHOTOGRAPHY       ,MA,02215-0000,Proprietary  ,4,9,13,82,83,165
02163600,WILLIAM JAMES COLLEGE                   ,MA,02132-0000,Private      ,2,22,24,23,830,853
02169900,ASSABET VALLEY REGIONAL VOC SCHOOL      ,MA,01752-0000,Public       ,1,4,5,20,93,113
02181600,ROB ROY ACADEMY                         ,MA,01609-0000,Proprietary  ,14,31,45,63,127,190
02182900,CAMBRIDGE COLLEGE                       ,MA,02138-5304,Private      ,21,215,236,366,2564,2930
02197900,NORTH BENNET STREET SCHOOL              ,MA,02113-0000,Private      ,4,13,17,43,169,212
02215100,HALLMARK INSTITUTE OF PHOTOGRAPHY       ,MA,01376-0000,Proprietary  ,7,14,21,99,100,199
02219501,MILDRED ELLEY - PITTSFIELD              ,MA,01201-5300,Proprietary  ,8,54,62,24,131,155
02220400,CATHERINE HINDS INST OF ESTHETICS       ,MA,01801-0000,Proprietary  ,5,36,41,66,196,262
02231600,MGH INSTITUTE OF HEALTH PROFESSION      ,MA,02129-0000,Private      ,17,98,115,108,1592,1700
02274300,CONWAY SCHOOL OF LANDSCAPE DESIGN       ,MA,01341-0179,Private      ,0,1,1,0,28,28
02325700,LABARON HAIRDRESSING ACADEMY            ,MA,02740-0000,Proprietary  ,0,7,7,12,32,44
02325800,LABARON HAIRDRESSING ACAD-BROCKTON      ,MA,02301-0000,Proprietary  ,2,5,7,13,43,56
02337400,BANCROFT SCHOOL OF MASSAGE THERAPY      ,MA,01604-4614,Proprietary  ,0,12,12,18,68,86
02338200,BAY STATE SCHOOL OF TECHNOLOGY          ,MA,02021-0000,Proprietary  ,5,29,34,36,131,167
02339400,ROB ROY ACADEMY                         ,MA,02746-0000,Proprietary  ,1,9,10,8,33,41
02491700,CORTIVA INSTITUTE -  BOSTON             ,MA,02472-2577,Proprietary  ,4,15,19,20,71,91
02523900,ELIZABETH GRADY SCHOOL OF ESTHETICS     ,MA,02155-0000,Proprietary  ,7,28,35,49,152,201
02579800,NEW ENGLAND SCHOOL OF ACUPUNCTURE       ,MA,02458-0000,Private      ,0,5,5,0,141,141
02616704,LE CORDON BLEU COLLEGE OF CULINARY ARTS ,MA,02142-1221,Proprietary  ,5,17,22,107,190,297
03066700,AILANO SCHOOL OF COSMETOLOGY            ,MA,02303-4740,Proprietary  ,2,11,13,11,59,70
03104000,SHAWSHEEN ADULT TECHNICAL INSTITUTE     ,MA,01821-5499,Public       ,0,3,3,13,63,76
03115200,MOTORING TECHNICAL TRAINING INST        ,MA,02771-5933,Proprietary  ,24,52,76,141,297,438
03120800,KAY HARVEY HAIRDRESSING ACADEMY         ,MA,01089-2701,Proprietary  ,2,7,9,17,32,49
03130500,URBAN COLLEGE OF BOSTON                 ,MA,02111-1093,Private      ,6,89,95,63,905,968
03194300,BOSTON GRAD SCH OF PSYCHOANALYSIS       ,MA,02446-4602,Private      ,0,5,5,0,76,76
03205400,JOLIE HAIR & BEAUTY ACADEMY             ,MA,01056-2769,Proprietary  ,3,18,21,25,86,111
03235300,MASSACHUSETTS SCHOOL OF LAW             ,MA,01810-1094,Private      ,2,33,35,12,413,425
03240300,TONI & GUY HAIRDRESSING ACADEMY         ,MA,01605-2213,Proprietary  ,11,17,28,81,99,180
03240301,TONI & GUY HAIRDRESSING ACADEMY - BRAINT,MA,02184-2807,Proprietary  ,7,18,25,75,78,153
03248300,BOSTON BAPTIST COLLEGE                  ,MA,02136-4030,Private      ,1,5,6,71,53,124
03316400,FUNERAL INSTITUTE OF THE NORTHEAST      ,MA,02062-4766,Proprietary  ,4,13,17,29,102,131
03504300,NATL GRAD SCH OF QUALITY SYSTM MGMT     ,MA,02540-0000,Private      ,0,21,21,0,72,72
03570500,NORTHPOINT BIBLE COLLEGE                ,MA,01835-0000,Private      ,4,13,17,222,149,371
03763300,MEDICAL PROFESSIONAL INSTITUTE          ,MA,02148-8143,Proprietary  ,5,31,36,40,339,379
03859300,E.I.N.E.                                ,MA,01876-4709,Proprietary  ,4,6,10,6,59,65
03927303,MARINELLO SCHOOL OF BEAUTY - NORTHAMPTON,MA,01060-3947,Proprietary  ,0,0,0,34,55,89
03946300,FRANKLIN W. OLIN COLLEGE OF ENGINEERING ,MA,02492-1200,Private      ,19,0,19,667,21,688
03965300,NEW ENGLAND COLLEGE OF FINANCE          ,MA,02110-1605,Proprietary  ,4,112,116,91,963,1054
04116900,DIGRIGOLI SCHOOL OF COSMETOLOGY         ,MA,01089-4623,Proprietary  ,8,20,28,73,103,176
04122000,TRI COUNTY REGIONAL VOCATIONAL TECHNICAL,MA,02038-0000,Public       ,0,6,6,26,67,93
04128000,MILLENNIUM TRAINING INSTITUTE           ,MA,01801-6386,Proprietary  ,0,22,22,6,96,102
04143200,HULT INTERNATIONAL BUSINESS SCHOOL      ,MA,02141-1805,Private      ,3,11,14,101,242,343
04153200,SOUTHERN WORCESTER COUNTY REGIONAL VOC S,MA,01507-1331,Public       ,0,6,6,13,44,57
04193100,ALEXANDER ACADEMY                       ,MA,01420-0000,Proprietary  ,5,8,13,31,64,95
04221500,BCI                                     ,MA,02245-0000,Private      ,0,14,14,0,14,14
04229200,JUPITER BEAUTY ACADEMY                  ,MA,02122-2834,Proprietary  ,1,10,11,13,43,56
04251600,NATIONAL PERSONAL TRAINING INSTITUTE OF ,MA,02452-4682,Proprietary  ,1,3,4,1,3,4
00401200,HEBREW UNIVERSITY OF JERUSALEM (THE)    ,FC,00000-0000,Public       ,6,11,17,29,82,111
00403000,UNIVERSITY OF CAMBRIDGE                 ,FC,00000-0000,Public       ,0,7,7,8,106,114
00503400,AMERICAN UNIVERSITY OF CAIRO            ,FC,00000-0000,Private      ,4,6,10,38,104,142
00669000,UNIVERSITY OF COPENHAGEN                ,FC,00000-0000,Public       ,2,7,9,5,73,78
00669100,UNIVERSITY OF CAMBRIDGE - PEMBROKE      ,FC,00000-0000,Public       ,0,0,0,1,10,11
00669200,UNIVERSITY OF LEEDS                     ,FC,00000-0000,Public       ,2,5,7,25,119,144
00669300,UNIV OF LONDON-LONDON SCHOOL ECON       ,FC,00000-0000,Public       ,3,13,16,18,390,408
00669400,UNIVERSITY OF LONDON - SCHOOL OF ORIENTA,FC,00000-0000,Public       ,1,4,5,16,178,194
00669500,UNIV OF LONDON-UNIVERSITY COLLEGE       ,FC,00000-0000,Public       ,4,9,13,51,425,476
00669502,UNIVERSITY OF LONDON - UCL INSTITUTE OF ,FC,00000-0000,Public       ,0,0,0,1,40,41
00669600,UNIV OF LONDON-SCH ADVANCED STUDY       ,FC,00000-0000,Public       ,0,2,2,0,16,16
00669700,"QUEEN MARY, UNIVERSITY OF LONDON        ",FC,00000-0000,Public       ,2,5,7,39,162,201
00669900,UNIVERSITY OF SUSSEX                    ,FC,00000-0000,Public       ,0,3,3,18,79,97
00670000,"UNIVERSITY OF YORK, THE                 ",FC,00000-0000,Public       ,1,4,5,25,145,170
00670400,UNIVERSITY COLLEGE CORK                 ,FC,00000-0000,Public       ,4,2,6,25,79,104
00671300,UPPSALA UNIVERSITY                      ,FC,00000-0000,Public       ,0,4,4,1,53,54
00671500,UNIVERSITY OF GENEVA                    ,FC,00000-0000,Public       ,0,1,1,5,85,90
00683900,UNIVERSITY OF EDINBURGH                 ,FC,00000-0000,Public       ,12,20,32,261,781,1042
00684200,UNIVERSITY OF DUBLIN TRINITY COLLEG     ,FC,00000-0000,Public       ,2,3,5,63,245,308
00685000,UNIVERSITY OF CAMBRIDGE - DOWNING C     ,FC,00000-0000,Public       ,0,0,0,1,4,5
00763200,UNIVERSITY OF BRISTOL                   ,FC,00000-0000,Public       ,2,1,3,24,84,108
00770500,ROYAL COLLEGE OF SURGEONS IN IRELAN     ,FC,00000-0000,Private      ,0,3,3,4,57,61
00788100,AMERICAN UNIVERSITY OF PARIS            ,FC,00000-0000,Private      ,38,16,54,592,323,915
00837100,AMERICAN UNIVERSITY OF BEIRUT           ,FC,00000-0000,Private      ,5,7,12,81,79,160
00837300,TEL-AVIV UNIVERSITY                     ,FC,00000-0000,Public       ,0,13,13,33,120,153
00837600,VRIJE UNIVERSITEIT AMSTERDAM            ,FC,00000-0000,Public       ,2,3,5,8,53,61
00837700,UNIVERSITEIT VAN AMSTERDAM(UNIVERSI     ,FC,00000-0000,Public       ,3,10,13,22,161,183
00838000,UNIVERSITY OF WARWICK                   ,FC,00000-0000,Public       ,2,1,3,11,61,72
00838300,UNIVERSITY OF GLASGOW                   ,FC,00000-0000,Public       ,6,4,10,91,463,554
00839400,UNIVERSITY OF OXFORD                    ,FC,00000-0000,Public       ,3,10,13,23,302,325
00839800,UNIVERSITY OF SHEFFIELD (THE)           ,FC,00000-0000,Public       ,1,2,3,19,101,120
00839900,UNIVERSITY OF SOUTHAMPTON               ,FC,00000-0000,Public       ,1,4,5,19,60,79
00845200,ABERYSTWYTH UNIVERSITY                  ,FC,00000-0000,Public       ,0,1,1,18,39,57
00845800,LOUGHBOROUGH UNIVERSITY                 ,FC,00000-0000,Public       ,0,0,0,6,16,22
00846000,UNIVERSITY OF NEWCASTLE UPON TYNE       ,FC,00000-0000,Public       ,3,1,4,29,96,125
00846100,UNIVERSITY OF SAINT ANDREWS             ,FC,00000-0000,Private      ,9,4,13,333,163,496
00850500,UNIVERSITY OF MELBOURNE                 ,FC,00000-0000,Public       ,3,34,37,19,172,191
00858600,SWANSEA UNIVERSITY                      ,FC,00000-0000,Public       ,1,3,4,24,55,79
00858700,UNIVERSITY OF DURHAM                    ,FC,00000-0000,Public       ,3,4,7,35,216,251
00866500,UNIVERSITY OF KENT AT CANTERBURY (THE)  ,FC,00000-0000,Public       ,1,7,8,32,166,198
00867000,UNIVERSITY OF NEW SOUTH WALES           ,FC,00000-0000,Public       ,0,11,11,25,79,104
00868700,UNIVERSITY OF ESSEX                     ,FC,00000-0000,Public       ,1,4,5,35,134,169
00869300,CITY UNIVERSITY                         ,FC,00000-0000,Public       ,1,7,8,25,238,263
00890800,THE UNIVERSITY OF BIRMINGHAM            ,FC,00000-0000,Public       ,3,10,13,21,126,147
00891000,UNIVERSITY OF HULL                      ,FC,00000-0000,Public       ,0,0,0,5,10,15
00892000,UNIVERSITY OF NOTTINGHAM                ,FC,00000-0000,Public       ,0,2,2,20,108,128
00900600,UNIVERSITY OF SALFORD (THE)             ,FC,00000-0000,Public       ,0,1,1,3,24,27
00908400,"UNIV OF LONDON, BIRKBECK                ",FC,00000-0000,Public       ,2,6,8,12,94,106
00908500,UNIV OF LONDON KING'S COLLEGE           ,FC,00000-0000,Public       ,5,12,17,117,467,584
00908600,UNIVERSITY OF LONDON - ROYAL HOLLOWAY   ,FC,00000-0000,Public       ,4,4,8,40,84,124
00914300,BAR-ILAN UNIVERSITY                     ,FC,00000-0000,Private      ,1,3,4,19,31,50
00924900,UNIVERSITY OF LIVERPOOL                 ,FC,00000-0000,Public       ,1,5,6,22,89,111
00936800,UNIVERSITY OF ABERDEEN                  ,FC,00000-0000,Public       ,1,4,5,56,141,197
00942300,ROYAL COLLEGE OF ART                    ,FC,00000-0000,Public       ,0,4,4,5,55,60
00942800,TECHNION-ISRAEL INST OF TECHLGY         ,FC,00000-0000,Public       ,1,4,5,8,74,82
00944200,UNIVERSITY OF EXETER                    ,FC,00000-0000,Public       ,0,1,1,21,74,95
00944400,UNIVERSITY OF LANCASTER                 ,FC,00000-0000,Public       ,0,1,1,9,36,45
00963400,UNIVERSITY OF OXFORD ST CATHERINE'S     ,FC,00000-0000,Public       ,0,0,0,1,5,6
00980800,UNIVERSITY OF STRATHCLYDE               ,FC,00000-0000,Public       ,1,0,1,10,59,69
00986000,UNIVERSITY OF SURREY                    ,FC,00000-0000,Public       ,1,0,1,19,41,60
00992700,UNIVERSITY OF CAMBRIDGE - FITZWILLI     ,FC,00000-0000,Public       ,0,0,0,1,8,9
01006700,LUND UNIVERSITY                         ,FC,00000-0000,Public       ,1,6,7,8,100,108
01008400,UNIVERSITY OF CAPE TOWN                 ,FC,00000-0000,Public       ,0,15,15,10,65,75
01008700,UNIVERSITY OF OXFORD ST PETER'S COL     ,FC,00000-0000,Public       ,0,0,0,0,4,4
01008800,UNIVERSITY OF OXFORD - CORPUS CHRIS     ,FC,00000-0000,Public       ,0,0,0,1,4,5
01008900,CENTRAL SCHOOL OF SPEECH AND DRAMA      ,FC,00000-0000,Public       ,1,3,4,12,49,61
01009000,UNIVERSITY OF OXFORD - BALLIOL COLL     ,FC,00000-0000,Public       ,0,0,0,1,9,10
01014300,UNIVERSITY OF READING                   ,FC,00000-0000,Public       ,0,1,1,13,67,80
01015700,CARDIFF UNIVERSITY                      ,FC,00000-0000,Public       ,0,1,1,24,71,95
01016000,CG JUNG INST                            ,FC,00000-0000,Private      ,0,1,1,0,4,4
01018800,UNIVERSITY COLLEGE DUBLIN               ,FC,00000-0000,Public       ,3,4,7,87,299,386
01019000,UNIVERSITY OF CAMBRIDGE CHURCHILL C     ,FC,00000-0000,Public       ,0,1,1,1,7,8
01022800,UNIVERSITY OF STIRLING                  ,FC,00000-0000,Public       ,0,1,1,24,47,71
01033200,UNIVERSITY OF CAMBRIDGE - CLARE COL     ,FC,00000-0000,Public       ,0,1,1,2,7,9
01045600,UNIVERSITY OF HAIFA                     ,FC,00000-0000,Public       ,1,1,2,4,44,48
01047200,INST EUROPEEN OPEEN D'ADMINISTRATIO     ,FC,00000-0000,Private      ,0,10,10,0,54,54
01049300,CRANFIELD UNIVERSITY                    ,FC,00000-0000,Public       ,0,0,0,0,11,11
01052000,TRINITY LABAN CONSERVATOIRE OF MUSIC AND,FC,00000-0000,Public       ,0,0,0,7,18,25
01052500,UNIVERSITY OF HERTFORDSHIRE             ,FC,00000-0000,Public       ,0,0,0,25,30,55
01057400,LONDON INTRNTL FILM SCHOOL              ,FC,00000-0000,Private      ,1,3,4,3,19,22
01058800,AUSTRALIAN NATIONAL UNIVERSITY          ,FC,00000-0000,Public       ,1,6,7,14,45,59
01058900,BANGOR UNIVERSITY                       ,FC,00000-0000,Public       ,1,1,2,28,29,57
01059400,"RICHMOND, THE AMERICAN INT UNI IN LONDON",FC,00000-0000,Private      ,6,8,14,319,58,377
01059900,INST D'ETUDES POLITIQUES DE PARIS       ,FC,00000-0000,Public       ,0,5,5,11,120,131
01068100,MACQUARIE UNIVERSITY                    ,FC,00000-0000,Public       ,1,8,9,11,40,51
01069200,UNIVERSITY OF QUEENSLAND (THE)          ,FC,00000-0000,Public       ,2,192,194,26,481,507
01078900,UNIVERSITY OF OXFORD - WORCESTER CO     ,FC,00000-0000,Public       ,0,0,0,0,4,4
01079700,"NATIONAL UNIVERSITY OF IRELAND, MAY     ",FC,00000-0000,Public       ,0,1,1,14,25,39
01081600,KINGSTON UNIVERSITY                     ,FC,00000-0000,Public       ,0,8,8,63,213,276
01086400,UNIV OF DUNDEE                          ,FC,00000-0000,Public       ,0,1,1,6,31,37
01086600,UNIVERSITY OF OXFORD - MAGDALEN COLLEGE ,FC,00000-0000,Public       ,1,0,1,2,6,8
01086700,UNIVERSITY OF OXFORD ST JOHN'S COLL     ,FC,00000-0000,Public       ,0,1,1,0,3,3
01091400,MONASH UNIVERSITY                       ,FC,00000-0000,Public       ,2,6,8,10,38,48
01091500,UNIV OF EAST ANGLIA                     ,FC,00000-0000,Public       ,1,5,6,31,77,108
01094200,UNIVERSITY OF OXFORD - ST HUGH'S CO     ,FC,00000-0000,Public       ,0,2,2,1,10,11
01097700,UNIVERSIDAD CENTRAL DEL ESTE            ,FC,00000-0000,Private      ,3,11,14,22,121,143
01098000,SOMERVILLE COLLEGE                      ,FC,00000-0000,Public       ,1,0,1,2,5,7
01099900,UNIV OF OXFORD - WADHAM COLLEGE         ,FC,00000-0000,Public       ,0,0,0,0,4,4
01105300,UNIVERSITY OF OXFORD - ST HILDA'S C     ,FC,00000-0000,Public       ,0,0,0,1,5,6
01105400,UNIVERSITY OF OXFORD - ST ANNE'S CO     ,FC,00000-0000,Public       ,0,0,0,0,12,12
01105500,UNIV OF OXFORD - LADY MARGARET HALL     ,FC,00000-0000,Public       ,0,0,0,0,8,8
01105600,UNIVERSITY OF OXFORD - UNIVERSITY C     ,FC,00000-0000,Public       ,1,3,4,17,53,70
01105700,UNIVERSITY OF OXFORD - TRINITY COLL     ,FC,00000-0000,Public       ,0,1,1,2,4,6
01105800,UNIVERSITY OF OXFORD-ST EDMUND HALL     ,FC,00000-0000,Public       ,0,0,0,1,5,6
01105900,UNIVERSITY OF OXFORD ST ANTONY'S CO     ,FC,00000-0000,Public       ,0,1,1,0,23,23
01106000,UNIVERSITY OF OXFORD - QUEEN'S COLL     ,FC,00000-0000,Public       ,0,1,1,2,3,5
01106100,UNIVERSITY OF OXFORD - PEMBROKE COL     ,FC,00000-0000,Public       ,0,1,1,0,5,5
01106200,UNIVERSITY OF OXFORD - ORIEL COLLEG     ,FC,00000-0000,Public       ,0,0,0,1,9,10
01106300,UNIVERSITY OF OXFORD - NUFFIELD COL     ,FC,00000-0000,Public       ,0,0,0,0,4,4
01106400,UNIVERSITY OF OXFORD - NEW COLLEGE      ,FC,00000-0000,Public       ,0,1,1,3,6,9
01106500,UNIVERSITY OF OXFORD MERTON COLLEGE     ,FC,00000-0000,Public       ,0,1,1,2,8,10
01106600,UNIVERSITY OF OXFORD - LINCOLN COLL     ,FC,00000-0000,Public       ,0,0,0,0,9,9
01106700,UNIVERSITY OF OXFORD - KEBLE COLLEG     ,FC,00000-0000,Public       ,0,0,0,0,5,5
01106800,UNIVERSITY OF OXFORD - JESUS COLLEG     ,FC,00000-0000,Public       ,0,0,0,2,6,8
01106900,UNIVERSITY OF OXFORD - HERTFORD COL     ,FC,00000-0000,Public       ,0,0,0,1,8,9
01107000,UNIVERSITY OF OXFORD EXETER COLLEGE     ,FC,00000-0000,Public       ,0,1,1,0,5,5
01107100,UNIV OF OXFORD - CHRIST CHURCH          ,FC,00000-0000,Public       ,0,2,2,3,15,18
01107200,UNIVERSITY OF OXFORD - BRASENOSE CO     ,FC,00000-0000,Public       ,0,0,0,1,4,5
01109100,FLINDERS UNIVERSITY OF S AUSTRALIA      ,FC,00000-0000,Public       ,1,5,6,8,22,30
01109400,UNIVERSITY OF WESTERN AUSTRALIA (THE)   ,FC,00000-0000,Public       ,0,3,3,3,21,24
01121400,UNIVERSITY OF THE WITWATERSRAND         ,FC,00000-0000,Public       ,1,1,2,3,23,26
01122600,AARHUS UNIVERSITY                       ,FC,00000-0000,Public       ,1,6,7,3,41,44
01156700,"IMPERIAL COLLEGE OF SCIENCE, TECHNOLOGY ",FC,00000-0000,Public       ,0,8,8,17,90,107
01167900,UNIVERSITY OF BATH                      ,FC,00000-0000,Public       ,1,0,1,11,38,49
01168300,FRANKLIN COLLEGE  SWITZERLAND           ,FC,00000-0000,Private      ,3,0,3,251,35,286
01175800,UNIV OF CAMBRIDGE - PETERHOUSE          ,FC,00000-0000,Public       ,0,0,0,1,4,5
01176400,ROYAL ACADEMY OF MUSIC                  ,FC,00000-0000,Public       ,0,0,0,8,22,30
01176500,GOLDSMITHS' COLLEGE-UNIV OF LONDON      ,FC,00000-0000,Public       ,0,5,5,51,178,229
01178000,BRUNEL UNIVERSITY                       ,FC,00000-0000,Public       ,1,0,1,13,67,80
01183800,UNIVERSITY OF OXFORD - MANSFIELD CO     ,FC,00000-0000,Public       ,0,1,1,0,6,6
01207500,UNIVERSITY CAMBRIDGE - TRINITY COLL     ,FC,00000-0000,Public       ,0,1,1,3,7,10
01207800,VICTORIA UNIV OF WELLINGTON             ,FC,00000-0000,Public       ,4,9,13,10,52,62
01209600,ECOLE HÔTELIERE DE LAUSANNE             ,FC,00000-0000,Private      ,1,1,2,5,10,15
01210100,UNIVERSITY OF CAMBRIDGE - GIRTON CO     ,FC,00000-0000,Public       ,0,0,0,1,6,7
01213600,VICTORIA UNIV OF MANCHESTER (THE)       ,FC,00000-0000,Public       ,1,3,4,31,145,176
01219800,UNIVERSITY OF BRADFORD                  ,FC,00000-0000,Public       ,1,2,3,4,31,35
01220100,UNIVERSITY OF OXFORD - REGENT'S PAR     ,FC,00000-0000,Public       ,0,1,1,0,3,3
01220600,JAMES COOK UNIVERSITY                   ,FC,00000-0000,Public       ,3,13,16,17,56,73
01221500,BIRMINGHAM CITY UNIVERSITY              ,FC,00000-0000,Public       ,0,1,1,10,43,53
01222300,JAGIELLONIAN UNIVERSITY COLLEGIUM M     ,FC,00000-0000,Public       ,0,2,2,1,31,32
01225800,ASTON UNIVERSITY                        ,FC,00000-0000,Public       ,0,1,1,5,10,15
01227500,UNIVERSITY OF OXFORD - WOLFSON COLL     ,FC,00000-0000,Public       ,0,0,0,0,19,19
01230200,GONVILLE & CAIUS COLLEGE                ,FC,00000-0000,Public       ,0,0,0,0,2,2
01233500,ROYAL COLLEGE OF MUSIC                  ,FC,00000-0000,Public       ,0,1,1,4,23,27
01234100,UNIVERSITY OF WALES - ST DAVID'S UN     ,FC,00000-0000,Public       ,1,1,2,5,11,16
01242100,UNIV OF AUCKLAND                        ,FC,00000-0000,Public       ,2,14,16,24,100,124
01254000,UNIVERSIDAD DE NAVARRA                  ,FC,00000-0000,Private      ,0,2,2,12,35,47
01276500,UNIVERSITY OF OXFORD - LINACRE COLL     ,FC,00000-0000,Public       ,0,0,0,0,13,13
01276600,"NATIONAL UNIVERSITY IRELAND, GALWAY     ",FC,00000-0000,Public       ,2,6,8,33,123,156
01280200,PONTIFICIA UNIV CATOLICA MAD Y MAES     ,FC,00000-0000,Private      ,11,12,23,123,114,237
01281100,INST TECNOLOGICO DE SANTO DOMINGO       ,FC,00000-0000,Private      ,2,10,12,22,56,78
01283900,UNIVERSITY OF CAMBRIDGE - SAINT JOH     ,FC,00000-0000,Public       ,0,0,0,0,8,8
01297800,UNIVERSITY OF HUDDERSFIELD (THE)        ,FC,00000-0000,Public       ,1,2,3,7,19,26
01315300,MASSEY UNIVERSITY                       ,FC,00000-0000,Public       ,3,8,11,10,49,59
02052400,DARWIN COLLEGE                          ,FC,00000-0000,Public       ,0,1,1,1,8,9
02082400,UNIVERSITY OF CAMBRIDGE - QUEEN'S C     ,FC,00000-0000,Public       ,0,0,0,2,7,9
02083400,UNIVERSITY OF CAMBRIDGE - WOLFSON C     ,FC,00000-0000,Public       ,0,0,0,0,20,20
02087400,UNIVERSITY OF CAMBRIDGE - NEWNHAM C     ,FC,00000-0000,Public       ,0,0,0,0,5,5
02087900,OXFORD BROOKES UNIVERSITY               ,FC,00000-0000,Public       ,0,4,4,23,99,122
02094100,BEN-GURION UNIV                         ,FC,00000-0000,Public       ,1,0,1,3,89,92
02094400,UNIV OF CAMBRIDGE - ST EDMUND'S HOU     ,FC,00000-0000,Public       ,0,2,2,0,11,11
02095500,LONDON BUS SCHOOL                       ,FC,00000-0000,Public       ,1,5,6,3,93,96
02101900,ROEHAMPTON UNIVERSITY                   ,FC,00000-0000,Public       ,1,5,6,44,112,156
02108600,LONDON ACADEMY OF MUSIC & DRAMATIC      ,FC,00000-0000,Private      ,2,4,6,28,59,87
02115900,UNIVERSITY OF PORTSMOUTH                ,FC,00000-0000,Public       ,0,1,1,15,14,29
02116700,UNIVERSITY OF CAMBRIDGE - LUCY CAVE     ,FC,00000-0000,Public       ,0,0,0,1,8,9
02120000,UNIV OF LONDON - COURTALD INST OF A     ,FC,00000-0000,Public       ,0,1,1,0,36,36
02133400,UNIVERSITY OF CAMBRIDGE - SIDNEY SU     ,FC,00000-0000,Public       ,0,1,1,2,9,11
02142000,UNIVERSITY OF CAMBRIDGE - HOMERTON      ,FC,00000-0000,Public       ,0,2,2,0,8,8
02149700,UNIVERSITY OF WINCHESTER (THE)          ,FC,00000-0000,Public       ,0,1,1,15,9,24
02156800,UNIV OF OTAGO                           ,FC,00000-0000,Public       ,1,7,8,12,52,64
02162300,"IESE BUSINESS SCH, UNIV OF NAVARRA      ",FC,00000-0000,Private      ,0,4,4,4,63,67
02167400,UNIVERSITY OF CAMBRIDGE - CORPUS CH     ,FC,00000-0000,Public       ,0,0,0,0,6,6
02177700,KING'S COLLEGE- UNIV OF CAMBRIDGE       ,FC,00000-0000,Public       ,1,3,4,13,33,46
02180500,MIDDLESEX UNIVERSITY                    ,FC,00000-0000,Public       ,1,7,8,50,102,152
02183500,UNIV OF OXFORD - WYCLIFFE HALL          ,FC,00000-0000,Public       ,0,0,0,3,14,17
02186000,UNIVERSITY OF CAMBRIDGE - MAGDALENE     ,FC,00000-0000,Public       ,0,0,0,3,3,6
02186100,UNIVERSITY OF CAMBRIDGE - EMMANUEL      ,FC,00000-0000,Public       ,0,0,0,0,5,5
02194800,UNIVERSITY OF THE WEST OF ENGLAND -     ,FC,00000-0000,Public       ,0,2,2,8,29,37
02195100,UNIV OF WESTMINSTER                     ,FC,00000-0000,Public       ,3,9,12,65,165,230
02196700,GUILDHALL SCHOOL OF MUSIC & DRAMA       ,FC,00000-0000,Public       ,0,1,1,13,22,35
02207300,UNIVERSITY OF CAMBRIDGE - CHRIST'S      ,FC,00000-0000,Public       ,0,0,0,0,7,7
02207400,CHINESE UNIVERSITY OF HONG KONG (THE)   ,FC,00000-0000,Public       ,1,1,2,12,25,37
02209500,UNIVERSITEIT UTRECHT                    ,FC,00000-0000,Public       ,0,0,0,14,50,64
02210000,UNIV OF LONDON - LONDON SCHOOL OF H     ,FC,00000-0000,Public       ,0,4,4,0,107,107
02225300,UNIVERSITY OF CANTERBURY                ,FC,00000-0000,Public       ,0,0,0,4,17,21
02229100,UNIVERSITY OF LEICESTER                 ,FC,00000-0000,Public       ,0,4,4,15,115,130
02229600,SACKLER SCHOOL OF MEDICINE              ,FC,00000-0000,Public       ,0,2,2,0,159,159
02232100,UNIVERSITY OF CAMBRIDGE                 ,FC,00000-0000,Public       ,0,1,1,2,36,38
02233300,"ST GEORGE'S UNIVERSITY, SCHOOL OF MEDICI",FC,00000-0000,Proprietary  ,0,269,269,21,4136,4157
02235300,LONDON METROPOLITAN UNIVERSITY          ,FC,00000-0000,Public       ,3,8,11,41,87,128
02244400,AMERICAN UNIV OF THE CARIBBEAN          ,FC,00000-0000,Proprietary  ,1,151,152,10,1631,1641
02266600,UNIVERSITY OF LONDON - SAINT GEORGE     ,FC,00000-0000,Public       ,1,0,1,3,55,58
02271700,UNIVERSITY OF CAMBRIDGE - CLARE HAL     ,FC,00000-0000,Public       ,0,0,0,0,4,4
02271900,UNIVERSITY OF OXFORD - BLACKFRIARS      ,FC,00000-0000,Public       ,0,0,0,0,2,2
02272200,UNIVERSITY OF CAMBRIDGE - MURRAY EDWARDS,FC,00000-0000,Public       ,0,1,1,0,1,1
02273600,QUEEN'S UNIV OF BELFAST (THE)           ,FC,00000-0000,Public       ,0,5,5,18,85,103
02273900,HERIOT WATT UNIVERSITY                  ,FC,00000-0000,Public       ,1,4,5,8,35,43
02293400,ECOLE DES HAUTES ETUDES COMERCIALS      ,FC,00000-0000,Public       ,0,4,4,0,33,33
02296300,UNIVERSITY OF CAMBRIDGE - JESUS COL     ,FC,00000-0000,Public       ,0,1,1,0,10,10
02310500,DE MONTFORT UNIVERSITY                  ,FC,00000-0000,Public       ,0,2,2,5,12,17
02320500,ROYAL NORTHERN COLLEGE OF MUSIC         ,FC,00000-0000,Public       ,0,0,0,2,9,11
02335100,UNIV OF CAMBRIDGE - TRINITY HALL        ,FC,00000-0000,Public       ,0,3,3,2,12,14
02338900,UNIVERSITY  FOR THE CREATIVE ARTS       ,FC,00000-0000,Public       ,0,1,1,11,10,21
02351800,UNIVERSIDAD IBEROAMERICANA (UNIBE       ,FC,00000-0000,Private      ,5,72,77,81,433,514
02352100,UNIVERSITY OF PLYMOUTH                  ,FC,00000-0000,Public       ,1,2,3,15,16,31
02496700,NATIONAL FILM & TV SCHOOL               ,FC,00000-0000,Public       ,1,1,2,2,8,10
02545700,GLASGOW SCHOOL OF ART                   ,FC,00000-0000,Public       ,0,3,3,5,25,30
02561600,SOUTHAMPTON SOLENT UNIVERSITY           ,FC,00000-0000,Public       ,0,1,1,12,4,16
02579600,MURDOCH UNIVERSITY                      ,FC,00000-0000,Public       ,1,1,2,4,23,27
02588000,UNIVERSITY OF ULSTER                    ,FC,00000-0000,Public       ,0,1,1,7,21,28
02611700,DUBLIN CITY UNIVERSITY                  ,FC,00000-0000,Public       ,2,2,4,13,42,55
03012700,UNIVERSITY OF BUCKINGHAM                ,FC,00000-0000,Private      ,1,3,4,7,12,19
03029400,KEELE UNIVERSITY                        ,FC,00000-0000,Public       ,0,0,0,13,13,26
03029500,NORTHUMBRIA UNIVERSITY                  ,FC,00000-0000,Public       ,0,1,1,9,41,50
03033300,MANCHESTER METROPOLITAN UNIV            ,FC,00000-0000,Public       ,0,2,2,35,67,102
03045000,UNIVERSITY OF EAST LONDON               ,FC,00000-0000,Public       ,2,4,6,33,55,88
03050100,STUDIO ART CENTERS INTERNATIONAL        ,FC,00000-0000,Private      ,1,1,2,18,53,71
03067200,UNIVERSITY OF SYDNEY                    ,FC,00000-0000,Public       ,2,33,35,23,175,198
03073800,UNIV OF DEBRECEN MED & HEALTH SCI       ,FC,00000-0000,Public       ,0,0,0,3,16,19
03078700,UNIVERSITA COMMERCIALE L BOCCONI        ,FC,00000-0000,Private      ,0,3,3,10,37,47
03080300,SHEFFIELD HALLAM UNIVERSITY             ,FC,00000-0000,Public       ,0,1,1,7,9,16
03084300,UNIVERSITY OF LIMERICK                  ,FC,00000-0000,Public       ,3,1,4,20,77,97
03088700,ROYAL SCOTTISH ACAD MUSIC & DRAMA       ,FC,00000-0000,Public       ,2,1,3,21,27,48
03091400,UNIVERSITY OF WOLLONGONG                ,FC,00000-0000,Public       ,1,2,3,8,21,29
03091500,UNIVERSITY OF CANBERRA                  ,FC,00000-0000,Public       ,1,1,2,3,5,8
03091700,POZNAN UNIVERSITY OF MEDICAL SCIENCES   ,FC,00000-0000,Public       ,0,2,2,5,43,48
03092500,NOTTINGHAM TRENT UNIVERSITY             ,FC,00000-0000,Public       ,0,2,2,16,31,47
03095000,RMIT UNIVERSITY                         ,FC,00000-0000,Public       ,2,6,8,10,37,47
03095400,BOND UNIVERSITY                         ,FC,00000-0000,Private      ,1,14,15,21,58,79
03095900,ESSEC BUSINESS SCHOOL                   ,FC,00000-0000,Private      ,0,0,0,3,15,18
03096100,LA TROBE UNIVERSITY                     ,FC,00000-0000,Public       ,1,1,2,10,20,30
03100000,UNIVERSITY OF ADELAIDE (THE)            ,FC,00000-0000,Public       ,0,2,2,6,15,21
03101600,ASIAN INSTITUTE OF MANAGEMENT           ,FC,00000-0000,Private      ,0,3,3,3,25,28
03102500,AMERICAN UNIVERSITY OF ROME             ,FC,00000-0000,Private      ,11,4,15,126,92,218
03102800,ROBERT GORDON UNIVERSITY (THE)          ,FC,00000-0000,Public       ,0,6,6,1,39,40
03104800,GRIFFITH UNIVERSITY                     ,FC,00000-0000,Public       ,2,2,4,16,34,50
03140600,SOUTHERN CROSS UNIVERSITY               ,FC,00000-0000,Public       ,0,2,2,1,8,9
03150400,"UNIVERSITY OF TECHNOLOGY, SYDNEY        ",FC,00000-0000,Public       ,0,8,8,2,33,35
03287300,LIVERPOOL INSTITUTE FOR PERFORMING ARTS ,FC,00000-0000,Public       ,0,0,0,25,3,28
03300300,"2ND SCHOOL OF MEDICINE, CHARLES UNI     ",FC,00000-0000,Public       ,0,0,0,3,22,25
03300400,"FIRST FACULTY OF MEDICINE, CHARLES UNIV.",FC,00000-0000,Public       ,0,1,1,5,31,36
03329300,JOHN CABOT UNIVERSITY                   ,FC,00000-0000,Private      ,6,1,7,185,42,227
03333300,MEDICAL UNIVERSITY SCHOOL OF LUBLIN     ,FC,00000-0000,Public       ,0,15,15,11,159,170
03334300,UNIVERSIDAD NORDESTANA                  ,FC,00000-0000,Private      ,0,4,4,7,58,65
03335300,MEDICAL UNIVERSITY OF SILESIA           ,FC,00000-0000,Public       ,0,8,8,8,71,79
03342300,GLASGOW CALEDONIAN UNIVERSITY           ,FC,00000-0000,Public       ,0,2,2,6,45,51
03349400,"QUEEN MARGARET UNIVERSITY, EDINBURGH    ",FC,00000-0000,Public       ,0,0,0,3,27,30
03350300,BOURNEMOUTH UNIVERSITY                  ,FC,00000-0000,Public       ,0,3,3,15,35,50
03352300,LONDON SOUTH BANK UNIVERSITY            ,FC,00000-0000,Private      ,1,3,4,18,45,63
03378300,"THE 3RD FACULTY OF MEDICINE, CHARLE     ",FC,00000-0000,Public       ,0,0,0,1,3,4
03418400,NAPIER UNIVERSITY                       ,FC,00000-0000,Public       ,0,2,2,9,54,63
03435300,ANGLIA  RUSKIN UNIVERSITY               ,FC,00000-0000,Private      ,2,1,3,14,33,47
03460300,INTERNATIONALES THEOLOGISCHES INSTI     ,FC,00000-0000,Private      ,0,0,0,5,16,21
03473300,UNIVERSITY OF THE ARTS LONDON           ,FC,00000-0000,Public       ,1,15,16,123,162,285
03478300,ROYAL WELSH COLLEGE OF MUSIC AND DRAMA  ,FC,00000-0000,Public       ,0,0,0,14,24,38
03492300,UNIVERSITY OF OXFORD - GREEN TEMPLETON C,FC,00000-0000,Public       ,0,1,1,0,23,23
03492400,UNIV OF CAMBRIDGE-ST CATHERINE'S CG     ,FC,00000-0000,Public       ,1,0,1,1,3,4
03494400,UNIV OF CAMBRIDGE-SELWYN COLLEGE        ,FC,00000-0000,Public       ,0,0,0,0,4,4
03494600,UNIV OF OXFORD-HARRIS MANCHESTER        ,FC,00000-0000,Public       ,1,0,1,2,7,9
03501400,LEEDS METROPOLITAN UNIVERSITY           ,FC,00000-0000,Public       ,1,1,2,13,57,70
03507300,UNIVERSITY OF SUNDERLAND                ,FC,00000-0000,Public       ,0,2,2,7,9,16
03515300,UNIVERSITY OF CENTRAL LANCASHIRE        ,FC,00000-0000,Public       ,0,0,0,13,26,39
03517300,UNIVERSITY OF BRIGHTON                  ,FC,00000-0000,Public       ,1,2,3,21,41,62
03518300,EUROPEAN GRADUATE SCHOOL (EGS)          ,FC,00000-0000,Private      ,1,11,12,2,91,93
03527300,SOFIA UNIVERSITY ST. KLIMENT OHRIDSKI   ,FC,00000-0000,Public       ,0,0,0,1,9,10
03533300,BATH SPA UNIVERSITY                     ,FC,00000-0000,Public       ,2,1,3,11,28,39
03547300,UNIVERSITY OF SOUTH WALES               ,FC,00000-0000,Public       ,1,0,1,10,15,25
03547303,"UNIVERSITY OF SOUTH WALES - NEWPORT, CAE",FC,00000-0000,Public       ,0,0,0,0,1,1
03565300,MASARYKOVA UNIVERZITA                   ,FC,00000-0000,Public       ,0,1,1,1,8,9
03580300,LIVERPOOL JOHN MOORES UNIVERSITY        ,FC,00000-0000,Public       ,0,0,0,2,10,12
03589400,ARTS INSTITUTE AT BOURNEMOUTH (THE)     ,FC,00000-0000,Public       ,0,2,2,17,12,29
03594300,GROUP ESC GRENOBLE GRAD SCH OF BUS.     ,FC,00000-0000,Private      ,0,4,4,2,43,45
03597300,JAGIELLONIAN UNIVERSITY                 ,FC,00000-0000,Public       ,0,3,3,4,22,26
03619300,UNIVERSITY OF GREENWICH                 ,FC,00000-0000,Public       ,2,4,6,51,52,103
03653400,UNIVERSIDAD DE IBEROAMERICA - UNIBE     ,FC,00000-0000,Private      ,0,2,2,5,20,25
03674300,UNIVERSITY OF ABERTAY DUNDEE            ,FC,00000-0000,Public       ,0,0,0,3,7,10
03684400,UNIVERSITY OF LINCOLN                   ,FC,00000-0000,Public       ,0,0,0,11,17,28
03684500,MEDICAL UNIVERSITY OF GDANSK            ,FC,00000-0000,Public       ,0,2,2,5,10,15
03694300,UNIVERSITY OF CHICHESTER                ,FC,00000-0000,Public       ,0,0,0,1,6,7
03721300,WRITTLE COLLEGE                         ,FC,00000-0000,Public       ,0,0,0,0,1,1
03728300,UNIVERSITY OF DERBY                     ,FC,00000-0000,Public       ,0,0,0,2,10,12
03738300,LONDON SCHOOL OF THEOLOGY               ,FC,00000-0000,Private      ,0,0,0,0,6,6
03770300,NAZARENE THEOLOGICAL COLLEGE            ,FC,00000-0000,Private      ,0,1,1,0,5,5
03780300,SABA UNIVERSITY SCHOOL OF MEDICINE      ,FC,00000-0000,Proprietary  ,0,57,57,4,466,470
03784300,MEDICAL UNIVERSITY OF BIALYSTOK         ,FC,00000-0000,Public       ,0,1,1,4,9,13
03794400,ANGLO EUROPEAN COLLEGE OF CHIROPRACTIC  ,FC,00000-0000,Private      ,0,0,0,0,1,1
03807300,ROSE BRUFORD COLLEGE                    ,FC,00000-0000,Public       ,0,0,0,6,10,16
03816400,AMERICAN GRAD SCH OF INTERNTL REL & DIPL,FC,00000-0000,Private      ,2,1,3,6,43,49
03818300,LEIPZIG GRADUATE SCHOOL OF MANAGEMENT   ,FC,00000-0000,Private      ,0,1,1,0,13,13
03824300,"ROYAL VETERINARY COLLEGE (THE), UNIVERSI",FC,00000-0000,Public       ,0,2,2,2,99,101
03829300,INTERNATIONAL CHRISTIAN COLLEGE         ,FC,00000-0000,Private      ,0,0,0,0,1,1
03859400,UNIVERSITY COLLEGE FALMOUTH             ,FC,00000-0000,Public       ,0,0,0,22,13,35
03873300,COPENHAGEN BUSINESS SCHOOL              ,FC,00000-0000,Public       ,1,1,2,5,18,23
03880300,UNIVERSITY OF GLOUCESTERSHIRE (THE)     ,FC,00000-0000,Public       ,0,0,0,6,6,12
03897400,INTERNATIONAL SPACE UNIVERSITY          ,FC,00000-0000,Private      ,0,0,0,0,7,7
03900300,MEDICAL UNIVERSITY OF THE AMERICAS      ,FC,00000-0000,Proprietary  ,0,43,43,0,320,320
03945300,UNIVERSITY OF WEST LONDON               ,FC,00000-0000,Public       ,2,5,7,16,26,42
03974300,"ST. GEORGE'S UNIVERSITY, SCHOOL OF VETER",FC,00000-0000,Proprietary  ,1,36,37,3,727,730
04015300,FRANKFURT SCHOOL OF FINANCE & MANAGEMENT,FC,00000-0000,Private      ,1,3,4,7,32,39
04021400,"AMERICAN COLLEGE, DUBLIN LIMITED (THE)  ",FC,00000-0000,Private      ,3,4,7,26,36,62
04021500,CENTRAL EUROPEAN UNIVERSITY             ,FC,00000-0000,Private      ,0,3,3,0,82,82
04032300,YORK ST JOHN UNIVERSITY                 ,FC,00000-0000,Public       ,0,0,0,5,5,10
04046300,HK UNIVERSITY OF SCI & TECH (HKUST)     ,FC,00000-0000,Public       ,0,1,1,3,15,18
04070300,"RAPHAEL RECANATI INTERNATIONAL SCHOOL, T",FC,00000-0000,Private      ,10,9,19,66,80,146
04076300,NEWCASTLE COLLEGE                       ,FC,00000-0000,Public       ,0,1,1,1,8,9
04085400,NEW ZEALAND COLLEGE OF CHIROPRACTIC     ,FC,00000-0000,Private      ,0,2,2,1,5,6
04113300,LEBANESE AMERICAN UNIVERSITY            ,FC,00000-0000,Private      ,2,4,6,65,24,89
04115900,LIVERPOOL HOPE UNIVERSITY               ,FC,00000-0000,Public       ,0,1,1,3,9,12
04116300,EDHEC BUSINESS SCHOOL                   ,FC,00000-0000,Private      ,0,0,0,1,23,24
04128600,UNIVERSITY OF WORCESTER                 ,FC,00000-0000,Public       ,0,0,0,10,3,13
04128700,HERTIE SCHOOL OF GOVERNANCE             ,FC,00000-0000,Private      ,0,0,0,7,41,48
04134200,LONDON CONTEMPORARY DANCE SCHOOL        ,FC,00000-0000,Private      ,1,0,1,12,3,15
04139100,UNIVERSITA DEGLI STUDI DI SCIENZE GASTRO,FC,00000-0000,Private      ,0,0,0,1,11,12
04143700,ST MARY'S UNIVERSITY COLLEGE TWICKENHAM ,FC,00000-0000,Public       ,1,1,2,16,12,28
04160800,CORK INSTITUTE OF TECHNOLOGY            ,FC,00000-0000,Public       ,2,0,2,3,4,7
04168200,EUROPEAN UNIVERSITY AT ST. PETERSBURG   ,FC,00000-0000,Private      ,0,4,4,3,17,20
04170900,UNIVERSITY OF CHESTER                   ,FC,00000-0000,Public       ,0,1,1,5,11,16
04176500,ESMT EUROPEAN SCHOOL OF MANAGEMENT AND T,FC,00000-0000,Private      ,0,3,3,8,33,41
04180700,"HEYTHROP COLLEGE, UNIVERSITY OF LONDON  ",FC,00000-0000,Public       ,0,1,1,3,4,7
04212900,UNIVERSITY COLLEGE BIRMINGHAM           ,FC,00000-0000,Public       ,0,0,0,0,1,1
04218800,REGENT'S UNIVERSITY LONDON              ,FC,00000-0000,Private      ,2,8,10,72,44,116
04219400,UNIVERSIDAD TORCUATO DI TELLA           ,FC,00000-0000,Private      ,1,3,4,4,7,11
04227300,UNIVERSITY OF OXFORD-ST. STEPHEN'S HOUSE,FC,00000-0000,Public       ,0,0,0,0,2,2
04240100,AMERICAN UNIVERSITY OF ANTIGUA COLLEGE O,FC,00000-0000,Proprietary  ,2,632,634,2,632,634
04244500,NORWICH UNIVERSITY OF THE ARTS          ,FC,00000-0000,Public       ,0,1,1,2,2,4
00380600,ALDERSON BROADDUS UNIVERSITY            ,WV,26416-1051,Private      ,43,18,61,1905,383,2288
00380700,MOUNTAIN STATE UNIVERSITY               ,WV,25801-5624,Private      ,4,23,27,74,186,260
00380800,BETHANY COLLEGE                         ,WV,26032-0417,Private      ,20,9,29,1120,153,1273
00380900,BLUEFIELD STATE COLLEGE                 ,WV,24701-2198,Public       ,32,122,154,1351,1552,2903
00381000,CONCORD UNIVERSITY                      ,WV,24712-0000,Public       ,54,104,158,2444,1399,3843
00381100,DAVIS & ELKINS COLLEGE                  ,WV,26241-3996,Private      ,32,47,79,1112,344,1456
00381200,FAIRMONT STATE UNIVERSITY               ,WV,26554-2470,Public       ,104,224,328,4559,2654,7213
00381300,GLENVILLE STATE COLLEGE                 ,WV,26351-1292,Public       ,34,45,79,1518,624,2142
00381500,MARSHALL UNIVERSITY                     ,WV,25755-3300,Public       ,189,417,606,10250,7316,17566
00381600,SOUTHERN WV COMMUNITY COLLEGE           ,WV,25637-2900,Public       ,40,241,281,1202,1625,2827
00381800,UNIVERSITY OF CHARLESTON                ,WV,25304-1099,Private      ,44,130,174,1744,1827,3571
00381900,OHIO VALLEY COLLEGE                     ,WV,26105-8000,Private      ,3,16,19,457,142,599
00382000,SALEM INTERNATIONAL UNIVERSITY          ,WV,26426-0500,Proprietary  ,22,184,206,354,765,1119
00382200,SHEPHERD UNIVERSITY                     ,WV,25443-5000,Public       ,85,99,184,3745,1514,5259
00382300,WEST LIBERTY UNIVERSITY                 ,WV,26074-0295,Public       ,37,57,94,2522,883,3405
00382600,WEST VIRGINIA STATE UNIVERSITY          ,WV,25112-0000,Public       ,91,169,260,2654,1996,4650
00382700,WEST VIRGINIA UNIVERSITY                ,WV,26506-6201,Public       ,494,480,974,25676,9629,35305
00382711,WEST VIRGINIA UNIVERSITY - POTOMAC STATE,WV,26726-3000,Public       ,35,50,85,1763,599,2362
00382721,WEST VIRGINIA UNIV INST OF TECH         ,WV,25136-2436,Public       ,33,47,80,1426,649,2075
00382800,WEST VIRGINIA UNIV AT PARKERSBURG       ,WV,26101-9577,Public       ,55,267,322,1497,2330,3827
00383000,WEST VIRGINIA WESLEYAN COLLEGE          ,WV,26201-2600,Private      ,27,15,42,2028,306,2334
00383100,WHEELING JESUIT UNIVERSITY              ,WV,26003-6243,Private      ,21,48,69,1106,807,1913
00500700,WEST VIRGINIA JUNIOR COLLEGE            ,WV,26505-5596,Proprietary  ,35,102,137,302,721,1023
00500800,MOUNTAIN STATE COLLEGE                  ,WV,26101-3993,Proprietary  ,6,52,58,59,347,406
00754400,APPALACHIAN BIBLE COLLEGE               ,WV,25818-1353,Private      ,9,8,17,232,68,300
00760000,INTERNATIONAL BEAUTY SCHOOL             ,WV,25401-3231,Proprietary  ,1,18,19,29,97,126
00835500,JAMES RUMSEY TECHNICAL INSTITUTE        ,WV,25403-0259,Public       ,3,44,47,126,364,490
00895900,CLARKSBURG BEAUTY ACADEMY               ,WV,26301-2903,Proprietary  ,3,15,18,47,114,161
00904700,HUNTINGTON JUNIOR COLLEGE               ,WV,25701-2004,Proprietary  ,25,107,132,207,1065,1272
00905400,WEST VIRGINIA NORTHERN CMTY COLLEGE     ,WV,26003-0000,Public       ,36,192,228,996,1584,2580
01014000,MINERAL COUNTY VOCATIONAL TECH CTR      ,WV,26726-0000,Public       ,3,7,10,30,57,87
01057300,WEST VIRGINIA JUNIOR COLLEGE            ,WV,25322-0000,Proprietary  ,27,66,93,222,457,679
01057302,WEST VIRGINIA JUNIOR COLLEGE            ,WV,26330-0000,Proprietary  ,16,49,65,176,311,487
01086100,WEST VIRGINIA BUSINESS COLLEGE          ,WV,26301-0000,Proprietary  ,5,26,31,21,180,201
01124500,WEST VIRGINIA SCH OSTEOPATHIC MED       ,WV,24901-1128,Public       ,0,2,2,14,885,899
01174900,WOOD COUNTY SCH OF PRAC NURSING         ,WV,26101-6424,Public       ,1,14,15,40,145,185
01235900,B M SPURR SCHOOL OF PRAC NURSING        ,WV,26038-1660,Private      ,0,2,2,10,45,55
01257300,WEST VIRGINIA UNIV-HOSP-RAD TECH        ,WV,26506-8062,Private      ,8,12,20,129,118,247
01274300,BENJAMIN FRANKLIN CAREER&TECH           ,WV,25064-0000,Public       ,4,24,28,73,178,251
01290400,MONONGALIA CNTY TECH ED CTR             ,WV,26501-6841,Public       ,1,9,10,70,149,219
01290500,ACADEMY OF CAREERS AND TECHNOLOGY       ,WV,25801-0000,Public       ,9,57,66,173,436,609
02057400,ROANE-JACKSON TECHNICAL CENTER          ,WV,25252-0000,Public       ,0,7,7,31,57,88
02068000,UNITED TECHNICAL CENTER                 ,WV,26301-0000,Public       ,2,18,20,42,112,154
02073400,CARVER CAREER TECH ED CTR               ,WV,25306-6397,Public       ,10,60,70,230,431,661
02145100,SCOTT COLLEGE OF COSMETOLOGY            ,WV,26003-0000,Proprietary  ,3,11,14,48,85,133
02178200,CHARLESTON SCHOOL OF BEAUTY CULTURE     ,WV,25301-0000,Proprietary  ,6,38,44,82,240,322
02218200,GARNET CAREER CENTER                    ,WV,25301-0000,Public       ,5,51,56,106,407,513
02275300,CABELL COUNTY CAREER TECHNOLOGY CTR     ,WV,25705-0000,Public       ,5,39,44,160,352,512
02524500,RALPH R WILLIS VOCATIONAL CENTER        ,WV,25601-0000,Public       ,3,13,16,40,110,150
02534800,FRED W EBERLE TECHNICAL CENTER          ,WV,26201-0000,Public       ,11,23,34,78,133,211
02535500,MERCER COUNTY TECH EDUC CNTR            ,WV,24740-0000,Public       ,9,28,37,99,273,372
02579900,NORTH CENTRAL OPPORTUNITIES INDUSTRIALIZ,WV,26554-2936,Private      ,3,15,18,30,106,136
02609400,VALLEY COLLEGE                          ,WV,25404-5711,Proprietary  ,3,88,91,87,422,509
03052000,MEREDITH MANOR EQUESTRIAN CENTRE        ,WV,26184-9707,Proprietary  ,19,17,36,170,114,284
03076500,FAYETTE INSTITUTE OF TECHNOLOGY         ,WV,25901-2174,Public       ,1,5,6,27,80,107
03084200,VALLEY COLLEGE                          ,WV,24740-3141,Proprietary  ,14,48,62,84,265,349
03084400,VALLEY COLLEGE                          ,WV,25801-2643,Proprietary  ,15,110,125,122,635,757
03098300,PUTNAM CAREER & TECHNICAL CENTER        ,WV,25070-0000,Public       ,1,10,11,75,104,179
03102100,MORGANTOWN BEAUTY COLLEGE               ,WV,26505-5430,Proprietary  ,5,17,22,92,153,245
03734300,JOHN D. ROCKEFELLER IV CAREER CENTER    ,WV,26047-9424,Public       ,0,5,5,10,36,46
03819300,AMERICAN PUBLIC UNIVERSITY SYSTEM       ,WV,25414-1621,Proprietary  ,215,8045,8260,1877,54735,56612
03957300,BLUE RIDGE COMMUNITY AND TECHNICAL COLLE,WV,25401-3244,Public       ,60,217,277,1093,2123,3216
03960300,NEW RIVER COMMUNITY AND TECHNICAL COLLEG,WV,25801-2636,Public       ,54,256,310,1148,2181,3329
04028300,MOUNTAIN STATE SCHOOL OF MASSAGE        ,WV,25304-2025,Proprietary  ,2,12,14,27,82,109
04038500,PIERPONT COMMUNITY & TECHNICAL COLLEGE  ,WV,26554-2451,Public       ,63,177,240,1395,1486,2881
04038600,BRIDGEVALLEY COMMUNITY AND TECHNICAL COL,WV,25303-2735,Public       ,59,257,316,1142,2053,3195
04038601,BRIDGEVALLEY COMMUNITY AND TECHNICAL COL,WV,25136-2435,Public       ,0,0,0,61,48,109
04041400,MOUNTWEST COMMUNITY AND TECHNICAL COLLEG,WV,25755-3300,Public       ,54,218,272,1105,2046,3151
04119000,EASTERN WEST VIRGINIA COMMUNITY & TECHNI,WV,26836-0000,Public       ,10,59,69,251,611,862
04139900,FUTURE GENERATIONS GRADUATE SCHOOL      ,WV,26807-0000,Private      ,0,2,2,0,2,2
04212400,MINGO EXTENDED LEARNING CENTER          ,WV,25670-9797,Public       ,1,7,8,13,58,71
04234800,RANDOLPH TECHNICAL CENTER               ,WV,26241-9527,Public       ,2,6,8,18,37,55
00106100,ALASKA PACIFIC UNIVERSITY               ,AK,99508-4672,Private      ,21,118,139,551,843,1394
00106300,UNIVERSITY OF ALASKA FAIRBANKS          ,AK,99775-7500,Public       ,120,422,542,3588,4253,7841
00106500,UNIVERSITY OF ALASKA SOUTHEAST          ,AK,99801-8680,Public       ,50,163,213,814,1403,2217
00884300,ALASKA BIBLE COLLEGE                    ,AK,99588-0000,Private      ,2,2,4,33,42,75
01146200,UNIVERSITY OF ALASKA ANCHORAGE          ,AK,99514-1608,Public       ,361,962,1323,6777,8672,15449
02541000,ALASKA CAREER COLLEGE                   ,AK,99507-1033,Proprietary  ,39,144,183,289,904,1193
02576900,CHARTER COLLEGE                         ,AK,99508-0000,Proprietary  ,170,632,802,976,3669,4645
03160300,AVTEC - ALASKA'S INSTITUTE OF TECHNOLOGY,AK,99664-0889,Public       ,25,71,96,257,369,626
03461300,ILISAGVIK COLLEGE                       ,AK,99723-0749,Public       ,6,14,20,27,72,99
04138600,ALASKA CHRISTIAN COLLEGE                ,AK,99669-9755,Private      ,2,7,9,38,99,137
00108500,UNIV ARKANSAS MONTICELLO                ,AR,71656-0000,Public       ,92,285,377,2284,2049,4333
00108600,UNIV OF ARKANSAS AT PINE BLUFF          ,AR,71601-2790,Public       ,110,140,250,3336,1811,5147
00108700,ARKANSAS BAPTIST COLLEGE                ,AR,72202-6099,Private      ,63,133,196,1115,1235,2350
00108800,LYON COLLEGE                            ,AR,72501-3699,Private      ,41,18,59,1138,167,1305
00108900,ARKANSAS TECH UNIVERSITY                ,AR,72801-2222,Public       ,264,497,761,7608,5635,13243
00109000,ARKANSAS STATE UNIVERSITY               ,AR,72467-0000,Public       ,359,1064,1423,9697,10974,20671
00109003,ARKANSAS STATE UNIVERSITY-MOUNTAIN HOME ,AR,72653-4405,Public       ,0,1,1,0,1,1
00109100,ARKANSAS STATE UNIVERSITY - BEEBE       ,AR,72012-1000,Public       ,105,371,476,2264,2802,5066
00109200,UNIVERSITY OF CENTRAL ARKANSAS          ,AR,72035-0001,Public       ,388,426,814,10529,5115,15644
00109300,CENTRAL BAPTIST COLLEGE                 ,AR,72034-6470,Private      ,28,60,88,636,619,1255
00109400,UNIVERSITY OF THE OZARKS                ,AR,72830-2880,Private      ,35,23,58,884,181,1065
00109500,CROWLEYS RIDGE COLLEGE                  ,AR,72450-9775,Private      ,6,22,28,246,170,416
00109700,HARDING UNIVERSITY                      ,AR,72149-0001,Private      ,157,117,274,4099,1816,5915
00109800,HENDERSON STATE UNIVERSITY              ,AR,71999-0001,Public       ,128,157,285,3789,1828,5617
00109900,HENDRIX COLLEGE                         ,AR,72032-3080,Private      ,81,28,109,2212,304,2516
00110000,JOHN BROWN UNIVERSITY                   ,AR,72761-2747,Private      ,69,132,201,1683,1382,3065
00110100,UNIV ARKANSAS LITTLE ROCK               ,AR,72204-1099,Public       ,253,813,1066,5545,9733,15278
00110200,OUACHITA BAPTIST UNIVERSITY             ,AR,71998-0001,Private      ,73,23,96,1850,230,2080
00110300,PHILANDER SMITH COLLEGE                 ,AR,72202-3718,Private      ,45,79,124,1032,794,1826
00110400,PHILLIPS COUNTY COMMUNITY COLLEGE       ,AR,72342-0000,Public       ,14,78,92,457,734,1191
00110500,SHORTER COLLEGE                         ,AR,72114-4885,Private      ,12,65,77,85,684,769
00110600,WILLIAMS BAPTIST COLLEGE                ,AR,72476-4661,Private      ,13,17,30,596,177,773
00110700,SOUTHERN ARKANSAS UNIVERSITY            ,AR,71754-0000,Public       ,124,142,266,3246,1880,5126
00110800,UNIV ARKANSAS FAYETTEVILLE              ,AR,72701-0000,Public       ,781,570,1351,19034,7422,26456
00110900,UNIVERSITY OF ARKANSAS FOR MEDICAL SCIEN,AR,72205-7102,Public       ,44,173,217,645,3301,3946
00111000,UNIVERSITY OF ARKANSAS-FORT SMITH       ,AR,72904-7397,Public       ,187,383,570,4469,3986,8455
00524500,U OF A COMM COLLEGE AT MORRILTON        ,AR,72110-9601,Public       ,74,245,319,1361,1885,3246
00570700,SEARK COLLEGE                           ,AR,71603-0000,Public       ,43,189,232,714,1848,2562
00573200,UNIV AR COMMUNITY COLLEGE AT HOPE       ,AR,71801-0000,Public       ,23,139,162,586,1101,1687
00704400,CROWLEYS RIDGE TECHNICAL INSTITUTE      ,AR,72336-0000,Public       ,15,45,60,161,314,475
00732967,ITT TECHNICAL INSTITUTE                 ,AR,72204-7739,Proprietary  ,16,117,133,184,738,922
00773800,SOUTHERN ARKANSAS UNIVERSITY TECH       ,AR,71701-1900,Public       ,24,119,143,531,883,1414
00792100,PAUL MITCHELL THE SCHOOL ARKANSAS       ,AR,72701-0000,Proprietary  ,12,29,41,93,162,255
00997600,COLLEGE OF THE OUACHITAS                ,AR,72104-0816,Public       ,22,132,154,412,1051,1463
01074100,MELLIE'S BEAUTY COLLEGE                 ,AR,72901-3833,Proprietary  ,4,24,28,57,177,234
01210500,NATIONAL PARK COMMUNITY COLLEGE         ,AR,71913-9174,Public       ,71,262,333,1142,2173,3315
01226000,EAST ARKANSAS COMMUNITY COLLEGE         ,AR,72335-2204,Public       ,21,67,88,468,639,1107
01226100,NORTH ARKANSAS COLLEGE                  ,AR,72601-5508,Public       ,60,229,289,976,1587,2563
01286000,ARKANSAS NORTHEASTERN COLLEGE           ,AR,72316-1109,Public       ,29,122,151,733,1134,1867
02052200,BLACK RIVER TECHNICAL COLLEGE           ,AR,72455-0000,Public       ,41,220,261,759,1556,2315
02073500,UNIVERSITY OF ARKANSAS COMMUNITY COLLEGE,AR,72503-0000,Public       ,28,118,146,601,1044,1645
02073700,NORTHWEST TECHNICAL INSTITUTE           ,AR,72765-0000,Public       ,15,97,112,259,574,833
02074600,SOUTH ARKANSAS COMMUNITY COLLEGE        ,AR,71731-0000,Public       ,34,183,217,652,1741,2393
02075300,PULASKI TECHNICAL COLLEGE               ,AR,72118-0000,Public       ,267,1104,1371,3668,10166,13834
02087000,OZARKA COLLEGE                          ,AR,72556-0000,Public       ,23,153,176,399,1028,1427
02111100,RICH MOUNTAIN COMMUNITY COLLEGE         ,AR,71953-0000,Public       ,25,71,96,368,475,843
02202400,PROFESSIONAL COSMETOLOGY EDUC CTR       ,AR,71730-5828,Proprietary  ,1,7,8,34,89,123
02220900,COSSATOT COMMUNITY COLLEGE              ,AR,71832-0000,Public       ,29,89,118,543,791,1334
02272400,EASTERN COLLEGE OF HEALTH VOCATIONS     ,AR,72205-3535,Proprietary  ,26,122,148,178,656,834
02284200,NEW TYLER BARBER COLLEGE INC            ,AR,72114-0000,Proprietary  ,7,17,24,42,140,182
02330800,JEFFERSON SCHOOL OF NURSING             ,AR,71603-0000,Private      ,5,27,32,83,230,313
02339800,SOUTHERN INSTITUTE OF COSMETOLOGY       ,AR,72301-0000,Proprietary  ,7,14,21,23,61,84
02341700,CAREER ACADEMY OF HAIR DESIGN           ,AR,72764-4304,Proprietary  ,6,28,34,40,135,175
02341701,CAREER ACADEMY OF HAIR DESIGN - ROGERS  ,AR,72756-2102,Proprietary  ,6,14,20,42,89,131
02341702,CAREER ACADEMY OF HAIR DESIGN - SILOAM  ,AR,72761-4217,Proprietary  ,5,6,11,19,44,63
02341703,CAREER ACADEMY OF HAIR DESIGN - FAYETTEV,AR,72701-7731,Proprietary  ,2,15,17,30,81,111
02348200,MID-SOUTH COMMUNITY COLLEGE             ,AR,72301-0000,Public       ,39,168,207,683,1440,2123
02363500,ARTHUR'S BEAUTY COLLEGE                 ,AR,72901-0000,Proprietary  ,7,36,43,64,221,285
02525800,LEE'S SCHOOL OF COSMETOLOGY             ,AR,72114-0000,Proprietary  ,5,15,20,29,88,117
02538500,ARTHUR'S BEAUTY COLLEGE                 ,AR,72076-0000,Proprietary  ,7,38,45,79,244,323
02569600,SEARCY BEAUTY COLLEGE                   ,AR,72143-0000,Proprietary  ,6,18,24,29,116,145
03005100,ARKANSAS BEAUTY SCHOOL                  ,AR,72209-5116,Proprietary  ,9,50,59,74,292,366
03007100,HOT SPRINGS BEAUTY COLLEGE              ,AR,71901-5432,Proprietary  ,6,25,31,43,141,184
03007600,ARKANSAS BEAUTY SCHOOL-CONWAY           ,AR,72032-4354,Proprietary  ,0,0,0,15,31,46
03023400,ARKANSAS COLLEGE OF BARBERING           ,AR,72114-5615,Proprietary  ,9,57,66,69,342,411
03063300,NORTHWEST ARKANSAS COMMUNITY COLLEG     ,AR,72712-5190,Public       ,228,569,797,3708,4926,8634
03065100,ABC BEAUTY COLLEGE                      ,AR,71923-4206,Proprietary  ,1,16,17,22,78,100
03066302,BRYAN UNIVERSITY - ROGERS               ,AR,72756-1825,Proprietary  ,7,45,52,69,297,366
03105200,BAPTIST HEALTH SCHOOLS LITTLE ROCK      ,AR,72210-2820,Private      ,40,171,211,509,1638,2147
03115102,HERITAGE COLLEGE - LITTLE ROCK          ,AR,72227-5544,Proprietary  ,38,169,207,219,915,1134
03124900,IMAGINE -  PAUL MITCHELL PARTNER SCHOOL ,AR,72117-2516,Proprietary  ,24,55,79,189,394,583
03214300,VELVATEX COLLEGE OF BEAUTY CULTURE      ,AR,72202-5452,Proprietary  ,1,11,12,12,70,82
03254300,MARGARET'S HAIR ACADEMY                 ,AR,71655-4905,Proprietary  ,3,8,11,17,87,104
03855300,ECCLESIA COLLEGE                        ,AR,72762-8159,Private      ,5,18,23,177,170,347
03912300,CROSSETT SCHOOL OF COSMETOLOGY          ,AR,71635-0000,Proprietary  ,2,7,9,15,31,46
03997300,ARKANSAS BEAUTY COLLEGE                 ,AR,72801-3741,Proprietary  ,1,12,13,25,67,92
04183100,WASHINGTON BARBER COLLEGE               ,AR,72209-3820,Proprietary  ,11,36,47,49,186,235
04183400,SALON PROFESSIONAL ACADEMY (THE)        ,AR,72116-7310,Proprietary  ,7,26,33,61,149,210
04203400,ARKANSAS STATE UNIVERSITY - NEWPORT     ,AR,72112-9073,Public       ,65,228,293,1035,1752,2787
04220000,DESIGNER BARBER & STYLIST SCHOOL        ,AR,72903-3753,Proprietary  ,3,21,24,21,98,119
04238900,"BEAUTY SCHOOL, (THE)                    ",AR,72653-3275,Proprietary  ,1,9,10,8,39,47
04241800,ACADEMY OF PROFESSIONAL COSMETOLOGY     ,AR,72756-2028,Proprietary  ,4,10,14,36,66,102
04241900,RIVER VALLEY SCHOOL OF MASSAGE          ,AR,72802-2310,Proprietary  ,1,9,10,2,24,26
04247600,NEW BEGINNINGS BEAUTY ACADEMY           ,AR,71601-5257,Proprietary  ,1,12,13,5,48,53
00133900,CORBAN UNIVERSITY                       ,OR,97301-0000,Private      ,62,58,120,2114,707,2821
00318600,BLUE MOUNTAIN COMMUNITY COLLEGE         ,OR,97801-0000,Public       ,66,185,251,1224,1564,2788
00318800,CENTRAL OREGON COMMUNITY COLLEGE        ,OR,97701-5998,Public       ,214,487,701,3187,5044,8231
00318900,CLATSOP COMMUNITY COLLEGE               ,OR,97103-3698,Public       ,22,99,121,457,805,1262
00319100,CONCORDIA UNIVERSITY                    ,OR,97211-6099,Private      ,78,1102,1180,2159,9910,12069
00319300,EASTERN OREGON UNIVERSITY               ,OR,97850-2899,Public       ,119,179,298,2924,2809,5733
00319400,GEORGE FOX UNIVERSITY                   ,OR,97132-2697,Private      ,129,164,293,4352,2340,6692
00319600,LANE COMMUNITY COLLEGE                  ,OR,97405-0640,Public       ,324,806,1130,5845,9067,14912
00319700,LEWIS & CLARK COLLEGE                   ,OR,97219-7899,Private      ,174,128,302,6069,3176,9245
00319800,LINFIELD COLLEGE                        ,OR,97128-6894,Private      ,113,84,197,3655,1029,4684
00319801,LINFIELD COLLEGE - PORTLAND CAMPUS      ,OR,97210-0000,Private      ,51,74,125,786,1065,1851
00319900,MARYLHURST UNIVERSITY                   ,OR,97036-7036,Private      ,7,111,118,143,1261,1404
00320300,MOUNT ANGEL SEMINARY                    ,OR,97373-9700,Private      ,0,1,1,18,19,37
00320400,MOUNT HOOD COMMUNITY COLLEGE            ,OR,97030-3300,Public       ,254,692,946,5061,7640,12701
00320600,MULTNOMAH UNIVERSITY                    ,OR,97220-5898,Private      ,22,65,87,553,869,1422
00320700,PACIFIC NORTHWEST COLLEGE OF ART        ,OR,97209-3404,Private      ,44,64,108,773,697,1470
00320800,NORTHWEST CHRISTIAN UNIVERSITY          ,OR,97401-3727,Private      ,19,86,105,707,870,1577
00320900,WESTERN OREGON UNIVERSITY               ,OR,97361-1394,Public       ,283,179,462,7663,3120,10783
00321000,OREGON STATE UNIVERSITY                 ,OR,97331-8507,Public       ,1039,1134,2173,27806,15940,43746
00321100,OREGON INSTITUTE OF TECHNOLOGY          ,OR,97601-8801,Public       ,101,179,280,3147,2732,5879
00321200,PACIFIC UNIVERSITY                      ,OR,97116-1797,Private      ,138,87,225,4354,3390,7744
00321300,PORTLAND COMMUNITY COLLEGE              ,OR,97219-7198,Public       ,929,2795,3724,15010,30774,45784
00321600,PORTLAND STATE UNIVERSITY               ,OR,97207-0000,Public       ,750,1320,2070,18513,24056,42569
00321700,REED COLLEGE                            ,OR,97202-8199,Private      ,107,71,178,4149,751,4900
00321800,CHEMEKETA COMMUNITY COLLEGE             ,OR,97309-1500,Public       ,409,927,1336,6698,10438,17136
00321900,SOUTHERN OREGON UNIVERSITY              ,OR,97520-5010,Public       ,240,235,475,6012,3560,9572
00322000,SOUTHWESTERN OREGON COMMUNITY CLG       ,OR,97420-2956,Public       ,63,155,218,1667,1489,3156
00322100,TREASURE VALLEY COMMUNITY COLLEGE       ,OR,97914-3423,Public       ,89,207,296,1443,1880,3323
00322200,UMPQUA COMMUNITY COLLEGE                ,OR,97470-0226,Public       ,50,207,257,1167,2109,3276
00322300,UNIVERSITY OF OREGON                    ,OR,97403-1226,Public       ,1089,570,1659,27472,10245,37717
00322400,UNIVERSITY OF PORTLAND                  ,OR,97203-5798,Private      ,371,212,583,11545,3008,14553
00322500,WARNER PACIFIC COLLEGE                  ,OR,97215-4099,Private      ,28,171,199,1290,1720,3010
00322700,WILLAMETTE UNIVERSITY                   ,OR,97301-3930,Private      ,157,78,235,5213,1388,6601
00487800,CLACKAMAS COMMUNITY COLLEGE             ,OR,97045-7998,Public       ,244,564,808,4034,5423,9457
00488200,OREGON HEALTH & SCIENCE UNIVERSITY      ,OR,97239-0000,Public       ,68,178,246,1148,4542,5690
00693800,LINN BENTON COMMUNITY COLLEGE           ,OR,97321-3774,Public       ,206,424,630,3761,4614,8375
00717800,WESTERN SEMINARY                        ,OR,97215-0000,Private      ,0,87,87,14,614,628
00723402,HEALD COLLEGE - PORTLAND                ,OR,97205-3432,Proprietary  ,0,8,8,118,456,574
00732969,ITT TECHNICAL INSTITUTE                 ,OR,97220-6819,Proprietary  ,34,231,265,422,1881,2303
00781900,ART INSTITUTE OF PORTLAND (THE)         ,OR,97209-2911,Proprietary  ,147,173,320,1544,1613,3157
00888700,CONCORDE CAREER INSTITUTE               ,OR,97232-2242,Proprietary  ,42,125,167,346,897,1243
00907900,EVEREST COLLEGE                         ,OR,97204-2296,Private      ,10,69,79,168,648,816
00958100,SPRINGFIELD COLLEGE OF BEAUTY           ,OR,97477-5474,Proprietary  ,5,23,28,56,176,232
01012200,PHAGANS' MEDFORD BEAUTY SCHOOL          ,OR,97504-5297,Proprietary  ,6,27,33,46,178,224
01018200,ROGUE COMMUNITY COLLEGE                 ,OR,97527-0000,Public       ,165,566,731,2702,5846,8548
01050700,ACADEMY OF HAIR DESIGN                  ,OR,97301-3526,Proprietary  ,5,26,31,64,208,272
01230900,UNIVERSITY OF WESTERN STATES            ,OR,97230-3099,Private      ,14,62,76,158,865,1023
01234700,PHAGANS CENTRAL OREGON BEAUTY CLG       ,OR,97701-5175,Proprietary  ,9,31,40,93,212,305
01234800,PHAGANS BEAUTY COLLEGE                  ,OR,97333-4716,Proprietary  ,2,19,21,79,114,193
01235000,PHAGANS SCHOOL OF HAIR DESIGN           ,OR,97086-7721,Proprietary  ,7,15,22,101,196,297
01235100,PHAGANS SCHOOL OF BEAUTY                ,OR,97301-4732,Proprietary  ,4,25,29,76,215,291
01300800,PHAGANS TIGARD BEAUTY SCHOOL            ,OR,97223-0000,Proprietary  ,4,14,18,26,78,104
02101000,NORTHWEST COLLEGE OF HAIR DESIGN        ,OR,97086-7702,Proprietary  ,40,115,155,249,636,885
02101002,NORTHWEST COLLEGE                       ,OR,97007-3954,Proprietary  ,3,16,19,32,95,127
02104900,SUMNER COLLEGE                          ,OR,97219-4063,Proprietary  ,13,41,54,91,519,610
02106100,COLLEGE OF COSMETOLOGY                  ,OR,97601-0000,Proprietary  ,1,15,16,38,110,148
02154400,BEAU MONDE CLG OF HAIR DESIGN           ,OR,97205-0000,Proprietary  ,3,31,34,100,249,349
02154401,BEAU MONDE COLLEGE OF HAIR DESIGN - BEAU,OR,97232-1315,Proprietary  ,5,28,33,84,182,266
02159700,NEW HOPE CHRISTIAN COLLEGE              ,OR,97405-1194,Private      ,13,15,28,231,250,481
02201900,PHAGANS' SCHOOL OF HAIR DESIGN          ,OR,97232-0000,Proprietary  ,9,49,58,114,333,447
02311000,PAUL MITCHELL THE SCHOOL                ,OR,97205-3724,Proprietary  ,31,49,80,239,350,589
02330100,PIONEER PACIFIC COLLEGE                 ,OR,97070-0000,Proprietary  ,40,115,155,337,997,1334
02330102,PIONEER PACIFIC COLLEGE                 ,OR,97403-0000,Proprietary  ,15,109,124,217,925,1142
02337900,COLLEGE OF HAIR DESIGN CAREERS          ,OR,97301-0000,Proprietary  ,7,23,30,69,182,251
02344100,ROSEBURG BEAUTY COLLEGE                 ,OR,97470-0000,Proprietary  ,2,14,16,37,105,142
02534000,NATIONAL COLLEGE OF NATURAL MEDICINE    ,OR,97201-0000,Private      ,7,72,79,77,1141,1218
02578800,NORTHWEST NANNIES INSTITUTE             ,OR,97035-0000,Proprietary  ,0,0,0,11,12,23
02603700,OREGON COL OF ORIENTAL MEDICINE         ,OR,97216-0000,Private      ,1,20,21,40,450,490
02617506,EVEREST COLLEGE - EVEREST INSTITUTE     ,OR,97223-6581,Private      ,7,48,55,101,313,414
03007300,OREGON COLLEGE OF ART & CRAFT           ,OR,97225-6399,Private      ,18,59,77,303,498,801
03022600,LE CORDON BLEU COLLEGE OF CULINARY ARTS ,OR,97205-2793,Proprietary  ,46,143,189,547,1148,1695
03042500,CARRINGTON COLLEGE                      ,OR,97232-1302,Proprietary  ,49,144,193,283,867,1150
03074400,PHAGANS NEWPORT ACAD CSMTLGY CAREER     ,OR,97365-4963,Proprietary  ,5,14,19,32,57,89
03074500,EAST-WEST COLLEGE OF THE HEALING ARTS   ,OR,97232-2765,Proprietary  ,7,77,84,73,422,495
03185300,PHAGANS GRANTS PASS COLLEGE OF BTY      ,OR,97527-0000,Proprietary  ,3,13,16,46,98,144
03428300,KLAMATH COMMUNITY COLLEGE               ,OR,97603-7121,Public       ,50,187,237,695,1456,2151
03642300,INSTITUTE OF TECHNOLOGY                 ,OR,97305-1373,Proprietary  ,17,73,90,198,586,784
03668300,BIRTHINGWAY COLLEGE OF MIDWIFERY        ,OR,97266-4042,Private      ,2,19,21,42,264,306
03783400,ABDILL CAREER COLLEGE                   ,OR,97504-7137,Proprietary  ,9,52,61,67,343,410
04146500,PORTLAND ACTORS CONSERVATORY            ,OR,97201-2557,Private      ,1,16,17,48,153,201
04151900,COLUMBIA GORGE COMMUNITY COLLEGE        ,OR,97058-3434,Public       ,25,79,104,534,837,1371
04167400,SAGE SCHOOL OF MASSAGE & HEALING ARTS   ,OR,97701-4082,Proprietary  ,7,12,19,32,128,160
04171400,AVEDA INSTITUTE PORTLAND                ,OR,97209-3144,Proprietary  ,37,74,111,367,547,914
04194400,AMERICAN COLLEGE OF HEALTHCARE SCIENCES ,OR,97239-3719,Proprietary  ,14,185,199,206,1489,1695
04194900,TILLAMOOK BAY COMMUNITY COLLEGE         ,OR,97141-2807,Public       ,8,30,38,188,351,539
00137400,ALBERTUS MAGNUS COLLEGE                 ,CT,06511-1189,Private      ,36,184,220,982,2031,3013
00137800,CENTRAL CONNECTICUT STATE UNIV          ,CT,06050-2490,Public       ,315,407,722,12208,5530,17738
00137900,CONNECTICUT COLLEGE                     ,CT,06320-4196,Private      ,77,25,102,3261,226,3487
00138000,WESTERN CONNECTICUT STATE UNIV          ,CT,06810-6826,Public       ,206,150,356,6895,2187,9082
00138500,FAIRFIELD UNIVERSITY                    ,CT,06430-0000,Private      ,224,83,307,8196,1124,9320
00138700,HARTFORD SEMINARY                       ,CT,06105-0000,Private      ,3,9,12,30,109,139
00138900,HOLY APOSTLES COLLEGE & SEMINARY        ,CT,06416-2027,Private      ,2,17,19,30,111,141
00139200,MANCHESTER COMMUNITY COLLEGE            ,CT,06045-1046,Public       ,204,445,649,4084,4218,8302
00139300,MITCHELL COLLEGE                        ,CT,06320-4498,Private      ,11,22,33,843,275,1118
00139700,UNIVERSITY OF NEW HAVEN                 ,CT,06516-1999,Private      ,195,164,359,10671,2397,13068
00139728,LYME ACADEMY COLLEGE OF FINE ARTS       ,CT,06371-2333,Private      ,0,0,0,78,24,102
00139800,NORTHWESTERN CT COMMUNITY COLLEGE       ,CT,06098-1747,Public       ,39,91,130,598,723,1321
00139900,NORWALK COMMUNITY TECHNICAL COLLEGE     ,CT,06854-1655,Public       ,142,354,496,2624,3199,5823
00140100,POST UNIVERSITY                         ,CT,06723-3240,Proprietary  ,193,2204,2397,1887,12909,14796
00140200,QUINNIPIAC UNIVERSITY                   ,CT,06518-1908,Private      ,412,160,572,17739,3699,21438
00140300,SACRED HEART UNIVERSITY                 ,CT,06825-1000,Private      ,244,245,489,9121,3390,12511
00140600,SOUTHERN CONNECTICUT STATE UNIV         ,CT,06515-1355,Public       ,330,358,688,11677,5741,17418
00140900,UNIVERSITY OF SAINT JOSEPH              ,CT,06117-2791,Private      ,29,153,182,1153,2052,3205
00141400,TRINITY COLLEGE                         ,CT,06106-3100,Private      ,86,31,117,3569,397,3966
00141600,UNIVERSITY OF BRIDGEPORT                ,CT,06601-5650,Private      ,97,313,410,3531,3728,7259
00141700,UNIVERSITY OF CONNECTICUT-STORRS        ,CT,06269-2151,Public       ,757,336,1093,34812,6187,40999
00141702,UNIV CONN STAMFORD                      ,CT,06901-0000,Public       ,32,50,82,1084,688,1772
00141703,UNIV OF CONNECTICUT - TORINGTON         ,CT,06790-0000,Public       ,8,16,24,355,152,507
00141706,UNIV OF CONNECTICUT SCH LAW             ,CT,06105-0000,Public       ,3,18,21,71,852,923
00141707,UNIV OF CT - SCH OF SOCIAL WORK         ,CT,06117-0000,Public       ,6,20,26,154,543,697
00141708,UNIVERSITY OF CONNECTICUT - SCHOOL OF ME,CT,06030-1920,Public       ,14,17,31,186,576,762
00141709,UNIVERSITY OF CONNECTICUT - SCHOOL OF DE,CT,06030-1920,Public       ,26,20,46,322,317,639
00142200,UNIVERSITY OF HARTFORD                  ,CT,06117-1599,Private      ,222,152,374,10940,2466,13406
00142400,WESLEYAN UNIVERSITY                     ,CT,06459-3208,Private      ,129,21,150,5331,324,5655
00142500,EASTERN CONNECTICUT STATE UNIV          ,CT,06226-2295,Public       ,170,107,277,7210,1521,8731
00142600,YALE UNIVERSITY                         ,CT,06520-8288,Private      ,603,276,879,18239,7929,26168
00280301,RENSSELAER POLYTECHNIC INSTITUTE-RENSSEL,CT,06120-2991,Private      ,0,5,5,28,28,56
00451300,HOUSATONIC COMMUNITY COLLEGE            ,CT,06604-4704,Public       ,198,450,648,2976,4522,7498
00618100,BRIDGEPORT HOSP SCHL OF NURSING         ,CT,06610-2896,Private      ,3,36,39,188,592,780
00619100,ST. VINCENT'S COLLEGE                   ,CT,06606-9966,Private      ,17,80,97,290,961,1251
00698200,NAUGATUCK VALLEY COMM-TECH COLG         ,CT,06708-3089,Public       ,172,425,597,3479,4270,7749
00730000,ELI WHITNEY TECHNICAL HIGH SCHOOL       ,CT,06514-0000,Public       ,0,10,10,16,84,100
00730300,LINCOLN TECHNICAL INSTITUTE             ,CT,06051-0000,Proprietary  ,65,185,250,446,1118,1564
00730306,LINCOLN TECHNICAL INSTITUTE - EAST WINDS,CT,06088-9631,Proprietary  ,52,66,118,755,505,1260
00730500,PORTER AND CHESTER INSTITUTE OF BRANFORD,CT,06405-4022,Proprietary  ,29,54,83,240,388,628
00731100,WINDHAM TECHNICAL HIGH SCHOOL           ,CT,06226-2100,Public       ,0,1,1,4,13,17
00745900,PAIER COLLEGE OF ART                    ,CT,06514-3902,Proprietary  ,8,7,15,115,67,182
00763500,CAPITAL COMMUNITY COLLEGE               ,CT,06103-1207,Public       ,106,422,528,1806,4238,6044
00803700,GATEWAY COMMUNITY-TECHNICAL COLLEGE     ,CT,06511-0000,Public       ,214,601,815,3958,6098,10056
00803800,MIDDLESEX COMMUNITY CLG                 ,CT,06457-4889,Public       ,88,202,290,1408,1878,3286
00887300,PAUL MITCHELL THE SCHOOL                ,CT,06810-6716,Proprietary  ,10,13,23,121,89,210
00887400,MARINELLO SCHOOL OF BEAUTY              ,CT,06450-4836,Proprietary  ,8,19,27,48,129,177
00887401,MARINELLO SCHOOL OF BEAUTY - HAMDEN     ,CT,06514-4132,Proprietary  ,7,26,33,32,103,135
00887402,MARINELLO SCHOOL OF BEAUTY - FAIRFIELD  ,CT,06825-4847,Proprietary  ,7,48,55,68,191,259
00887403,MARINELLO SCHOOL OF BEAUTY - WILLIMANTIC,CT,06226-1940,Proprietary  ,3,12,15,28,79,107
00927700,E C GOODWIN TECHNICAL HIGH SCHOOL       ,CT,06053-0000,Public       ,1,6,7,38,59,97
00940700,LINCOLN COLLEGE OF NEW ENGLAND          ,CT,06489-1057,Proprietary  ,18,78,96,505,681,1186
00976400,TUNXIS COMMUNITY COLLEGE                ,CT,06032-3187,Public       ,109,263,372,2257,2333,4590
00976500,THREE RIVERS COMMUNITY COLLEGE          ,CT,06360-6598,Public       ,84,310,394,1969,2971,4940
00982200,ALBERT I PRINCE TECHNICAL HIGH SCHOOL   ,CT,06106-3799,Public       ,2,11,13,29,123,152
01041700,MARINELLO SCHOOL OF BEAUTY              ,CT,06108-2220,Proprietary  ,16,53,69,125,319,444
01053000,QUINEBAUG VALLEY COMMUNITY COLLEGE      ,CT,06239-1440,Public       ,35,104,139,885,1177,2062
01077900,PORTER AND CHESTER INSTITUTE-ALLCAMPUSES,CT,06615-7158,Proprietary  ,183,409,592,1394,2727,4121
01115000,ASNUNTUCK COMMUNITY COLLEGE             ,CT,06082-3800,Public       ,45,90,135,654,901,1555
01149600,BULLARD HAVENS VOC TECH SCHOOL          ,CT,06610-3499,Public       ,1,16,17,25,150,175
01169700,VINAL REGIONAL VOC TECH SCHOOL          ,CT,06457-4918,Public       ,1,2,3,6,45,51
01184300,NORWICH TECHNICAL HIGH SCHOOL           ,CT,06360-7097,Public       ,2,5,7,20,78,98
01242500,STONE ACADEMY                           ,CT,06516-4049,Proprietary  ,37,255,292,228,1255,1483
01242503,STONE ACADEMY -WATERBURY                ,CT,06705-3823,Proprietary  ,0,22,22,33,127,160
01242504,STONE ACADEMY -  EAST HARTFORD          ,CT,06118-0000,Proprietary  ,6,27,33,56,203,259
02074000,BRANFORD HALL CAREER INSTITUTE          ,CT,06405-0000,Proprietary  ,117,454,571,696,2786,3482
02106600,AMERICAN INSTITUTE                      ,CT,06110-1922,Proprietary  ,16,97,113,109,498,607
02112300,RIDLEY LOWELL BUSINESS & TECH INST      ,CT,06320-0000,Proprietary  ,11,114,125,126,600,726
02112700,NORTH HAVEN ACADEMY                     ,CT,06473-3108,Proprietary  ,11,28,39,109,116,225
02148700,CONNECTICUT INST OF HAIR DESIGN         ,CT,06716-0000,Proprietary  ,2,6,8,13,54,67
02202500,NEW ENGLAND TRACTOR TRAILER SCH         ,CT,06071-2036,Proprietary  ,29,336,365,110,1186,1296
02244900,GOODWIN COLLEGE                         ,CT,06118-9980,Private      ,79,575,654,1235,5065,6300
02245300,HOWELL CHENEY TECHNICAL HIGH SCHOOL     ,CT,06040-0000,Public       ,3,10,13,14,33,47
02265900,WINDHAM COMMUNITY MEM HOSP-RAD TECH     ,CT,06226-0000,Private      ,0,3,3,9,26,35
02296100,YALE-NEW HAVEN HOSP DIETETIC INTERN     ,CT,06510-8900,Private      ,1,4,5,11,60,71
02300000,W F KAYNOR TECHNICAL HIGH SCHOOL        ,CT,06708-0000,Public       ,1,4,5,12,70,82
02316600,CONNECTICUT CTR FOR MASSAGE THERAPY     ,CT,06111-3975,Proprietary  ,11,36,47,63,178,241
02316601,CONNECTICUT CENTER FOR MASSAGE THERAPY -,CT,06880-4619,Proprietary  ,8,45,53,33,127,160
02316603,CONNECTICUT CENTER FOR MASSAGE THERAPY -,CT,06340-4619,Proprietary  ,4,25,29,32,95,127
02565000,PLATT TECHNICAL HIGH SCHOOL             ,CT,06460-2105,Public       ,2,8,10,13,38,51
03094800,INDUSTRIAL MANAGEMENT & TRAINING        ,CT,06706-1211,Proprietary  ,1,14,15,23,116,139
03234300,CHARTER OAK STATE COLLEGE               ,CT,06053-2150,Public       ,10,197,207,151,2144,2295
03316300,LINCOLN TECHNICAL INSTITUTE - HARTFORD  ,CT,06105-3630,Proprietary  ,13,34,47,278,341,619
03927300,MARINELLO SCHOOL OF BEAUTY              ,CT,06357-2447,Proprietary  ,0,2,2,18,47,65
03927301,MARINELLO SCHOOL OF BEAUTY  - TORRINGTON,CT,06790-5425,Proprietary  ,0,1,1,18,33,51
04104300,ACADEMY DI CAPELLI - SCHOOL OF COSMETOLO,CT,06492-0000,Proprietary  ,8,18,26,53,87,140
04128800,BRANFORD ACADEMY OF HAIR & COSMETOLOGY  ,CT,06405-0000,Proprietary  ,3,10,13,29,56,85
04145400,OXFORD ACADEMY OF HAIR DESIGN           ,CT,06483-2911,Proprietary  ,10,10,20,40,58,98
04148400,EUROPEAN ACADEMY OF COSMETOLOGY AND HAIR,CT,06437-0000,Proprietary  ,2,3,5,23,16,39
04152400,INTERNATIONAL INSTITUTE OF COSMETOLOGY  ,CT,06109-0000,Proprietary  ,17,11,28,99,86,185
04219200,ACE COSMETOLOGY & BARBERING TRAINING CEN,CT,06716-0000,Proprietary  ,1,6,7,12,42,54
04224200,BELLE ACADEMY OF COSMETOLOGY            ,CT,06704-0135,Proprietary  ,2,8,10,21,74,95
04230900,RICCI'S ACADEMY OF COSMETOLOGY          ,CT,06470-0000,Proprietary  ,8,8,16,52,46,98
04249800,DOLCE LLC THE ACADEMY                   ,CT,06705-2685,Proprietary  ,4,6,10,9,29,38
00146600,BARRY UNIVERSITY                        ,FL,33161-6695,Private      ,230,616,846,4727,7988,12715
00146601,BARRY UNIVERSITY - ORLANDO              ,FL,32807-3673,Private      ,35,95,130,421,1860,2281
00146700,BETHUNE COOKMAN UNIVERSITY              ,FL,32114-3099,Private      ,437,194,631,8089,2233,10322
00146800,ST THOMAS UNIVERSITY                    ,FL,33054-0000,Private      ,97,383,480,1550,3308,4858
00146900,FLORIDA INSTITUTE OF TECHNOLOGY         ,FL,32901-6988,Private      ,279,886,1165,5316,8222,13538
00147000,EASTERN FLORIDA STATE COLLEGE           ,FL,32922-6503,Public       ,374,1170,1544,6061,10117,16178
00147100,COLLEGE OF CENTRAL FLORIDA              ,FL,34474-4415,Public       ,290,645,935,4425,6815,11240
00147200,CHIPOLA  COLLEGE                        ,FL,32446-2053,Public       ,59,159,218,1054,1324,2378
00147300,CLEARWATER CHRISTIAN COLLEGE            ,FL,33759-0000,Private      ,0,0,0,492,154,646
00147500,DAYTONA STATE COLLEGE                   ,FL,32114-2800,Public       ,537,1400,1937,7761,11911,19672
00147700,FLORIDA SOUTHWESTERN STATE COLLEGE      ,FL,33919-5566,Public       ,579,920,1499,8394,9023,17417
00147800,EDWARD WATERS COLLEGE                   ,FL,32209-6199,Private      ,83,110,193,1438,1158,2596
00147900,EMBRY-RIDDLE AERONAUTICAL UNIV          ,FL,32114-3900,Private      ,269,1351,1620,8242,10460,18702
00148000,FLORIDA A & M UNIVERSITY                ,FL,32307-3100,Public       ,1079,586,1665,16614,8315,24929
00148100,FLORIDA ATLANTIC UNIVERSITY             ,FL,33431-6498,Public       ,1800,1393,3193,28632,18265,46897
00148101,FLORIDA ATLANTIC UNIVERSITY/DAVIE       ,FL,33314-0000,Public       ,193,393,586,3267,5297,8564
00148103,FLORIDA ATLANTIC UNIV-JUPITER/PSL       ,FL,33458-0000,Public       ,87,126,213,1641,1412,3053
00148200,FLORIDA COLLEGE                         ,FL,33617-5578,Private      ,18,10,28,580,92,672
00148400,FLORIDA STATE COLLEGE AT JACKSONVILLE   ,FL,32202-4030,Public       ,976,2886,3862,13359,26127,39486
00148500,FLORIDA KEYS COMMUNITY COLLEGE          ,FL,33040-4397,Public       ,45,104,149,601,720,1321
00148600,FLORIDA MEMORIAL UNIVERSITY             ,FL,33054-6199,Private      ,115,135,250,3098,1593,4691
00148700,ECKERD COLLEGE                          ,FL,33711-4744,Private      ,140,99,239,3475,949,4424
00148800,FLORIDA SOUTHERN COLLEGE                ,FL,33801-5698,Private      ,188,153,341,4741,1492,6233
00148900,FLORIDA STATE UNIVERSITY                ,FL,32306-2430,Public       ,3791,1316,5107,51737,18621,70358
00149000,GULF COAST STATE COLLEGE                ,FL,32401-1058,Public       ,168,603,771,2554,4763,7317
00149300,INDIAN RIVER STATE COLLEGE              ,FL,34981-5596,Public       ,559,1227,1786,7329,10577,17906
00149500,JACKSONVILLE UNIVERSITY                 ,FL,32211-3394,Private      ,224,448,672,3951,4408,8359
00149700,JONES COLLEGE                           ,FL,32205-5395,Private      ,8,79,87,97,816,913
00149900,EVEREST UNIVERSITY                      ,FL,32810-5601,Private      ,32,261,293,399,3237,3636
00149901,EVEREST UNIVERSITY - ORLANDO SOUTH      ,FL,32819-7666,Private      ,118,1195,1313,935,12051,12986
00149902,EVEREST UNIVERSITY - MELBOURNE          ,FL,32905-6609,Private      ,11,82,93,95,772,867
00149904,EVEREST UNIVERSITY - TAMPA              ,FL,33614-5801,Private      ,34,245,279,330,2096,2426
00149905,EVEREST UNIVERSITY - BRANDON            ,FL,33619-1354,Private      ,24,209,233,260,2784,3044
00149906,EVEREST UNIVERSITY - ORANGE PARK        ,FL,32073-1111,Private      ,15,100,115,95,784,879
00149907,EVEREST UNIVERSITY - LARGO              ,FL,33770-2556,Private      ,6,58,64,69,549,618
00149908,EVEREST UNIVERSITY - LAKELAND           ,FL,33801-3801,Private      ,17,116,133,161,809,970
00149909,EVEREST UNIVERSITY - JACKSONVILLE       ,FL,32256-0000,Private      ,24,186,210,246,1383,1629
00149910,EVEREST UNIVERSITY - POMPANO            ,FL,33062-2522,Private      ,7,128,135,121,1431,1552
00150000,BROWARD COLLEGE- DOWNTOWN CTR           ,FL,33301-2298,Public       ,1676,3555,5231,25419,34893,60312
00150100,FLORIDA GATEWAY COLLEGE                 ,FL,32025-2007,Public       ,89,386,475,1206,2480,3686
00150200,LAKE SUMTER COMMUNITY COLLEGE           ,FL,34788-8751,Public       ,202,374,576,2628,2984,5612
00150400,"STATE COLLEGE OF FLORIDA, MANATEE-SARASO",FL,34207-3596,Public       ,357,728,1085,5234,7016,12250
00150500,LYNN UNIVERSITY                         ,FL,33431-5598,Private      ,159,147,306,3080,1358,4438
00150600,MIAMI DADE COLLEGE ADMINISTRATION ONLY  ,FL,33176-3393,Public       ,42,121,163,596,959,1555
00150601,MIAMI DADE COLLEGE - NORTH CAMPUS       ,FL,33167-3495,Public       ,852,1703,2555,14518,16525,31043
00150602,MIAMI DADE COLLEGE - KENDALL CAMPUS     ,FL,33176-3393,Public       ,1278,1822,3100,21073,16285,37358
00150603,MIAMI DADE COLLEGE - WOLFSON CAMPUS     ,FL,33132-2297,Public       ,761,1307,2068,12354,12396,24750
00150604,MIAMI DADE COLLEGE - MEDICAL CAMPUS     ,FL,33127-4693,Public       ,266,862,1128,3954,7522,11476
00150605,MIAMI DADE COLLEGE - HOMESTEAD CAMPUS   ,FL,33030-6009,Public       ,251,461,712,3545,4166,7711
00150606,MIAMI DADE COLLEGE -INTERAMERICAN CAMPUS,FL,33135-0000,Public       ,321,821,1142,4735,7533,12268
00150607,MIAMI DADE COLLEGE - HIALEAH CAMPUS     ,FL,33012-2918,Public       ,424,646,1070,5588,5447,11035
00150800,NORTH FLORIDA COMMUNITY COLLEGE         ,FL,32340-1699,Public       ,27,104,131,493,866,1359
00150900,NOVA SOUTHEASTERN UNIVERSITY            ,FL,33314-7796,Private      ,475,1684,2159,7467,26861,34328
00151000,NORTHWEST FLORIDA STATE COLLEGE         ,FL,32578-1295,Public       ,164,569,733,2058,4523,6581
00151200,PALM BEACH COMMUNITY COLLEGE            ,FL,33461-4796,Public       ,1093,1862,2955,15823,16515,32338
00151300,PENSACOLA STATE COLLEGE                 ,FL,32504-8998,Public       ,358,1048,1406,4678,8552,13230
00151400,POLK STATE COLLEGE                      ,FL,33881-4256,Public       ,398,878,1276,5487,8625,14112
00151500,ROLLINS COLLEGE                         ,FL,32789-4499,Private      ,166,94,260,3428,1344,4772
00151900,SANTA FE COLLEGE                        ,FL,32606-6200,Public       ,617,944,1561,10236,8944,19180
00152000,SEMINOLE STATE COLLEGE OF FLORIDA       ,FL,32773-6199,Public       ,693,1408,2101,9933,13197,23130
00152100,SOUTHEASTERN UNIVERSITY                 ,FL,33801-6099,Private      ,250,244,494,5043,2377,7420
00152200,SOUTH FLORIDA COMMUNITY COLLEGE         ,FL,33825-9399,Public       ,108,219,327,1501,1916,3417
00152300,SAINT JOHNS RIVER STATE COLLEGE         ,FL,32177-3897,Public       ,210,449,659,2981,4470,7451
00152600,SAINT LEO UNIVERSITY                    ,FL,33574-6665,Private      ,230,1914,2144,4939,18267,23206
00152800,ST. PETERSBURG COLLEGE                  ,FL,33760-3768,Public       ,825,2491,3316,10973,25025,35998
00153100,STETSON UNIVERSITY                      ,FL,32723-3761,Private      ,348,88,436,6970,1046,8016
00153101,STETSON UNIVERSITY - COLLEGE OF LAW     ,FL,33707-3299,Private      ,14,38,52,137,1733,1870
00153300,TALLAHASSEE COMMUNITY COLLEGE           ,FL,32304-2895,Public       ,667,833,1500,10535,8649,19184
00153500,UNIVERSITY OF FLORIDA                   ,FL,32611-3150,Public       ,2678,1510,4188,48718,22586,71304
00153600,UNIVERSITY OF MIAMI                     ,FL,33146-6531,Private      ,1169,655,1824,23026,6921,29947
00153601,UNIV OF MIAMI SCHOOL OF LAW             ,FL,33124-0000,Private      ,14,34,48,169,1677,1846
00153602,UNIV OF MIAMI-SCH OF MEDICINE           ,FL,33136-0000,Private      ,105,92,197,975,1838,2813
00153700,UNIVERSITY OF SOUTH FLORIDA             ,FL,33620-6960,Public       ,2347,1757,4104,43751,26515,70266
00153701,UNIV OF SOUTH FLORIDA-ST PETERSBURG     ,FL,33701-0000,Public       ,318,381,699,5086,4000,9086
00153702,UNIV OF SOUTH FLORIDA-SARASOTA          ,FL,34243-2025,Public       ,79,151,230,1370,1845,3215
00153705,UNIV OF SOUTH FLORIDA                   ,FL,33803-0000,Public       ,91,104,195,1072,989,2061
00153706,UNIV OF SOUTH FLORIDA- MEDICINE         ,FL,33612-0000,Public       ,125,147,272,1433,2420,3853
00153800,UNIVERSITY OF TAMPA                     ,FL,33606-1490,Private      ,715,340,1055,15323,3986,19309
00154000,WEBBER INTERNATIONAL UNIVERSITY         ,FL,33827-0096,Private      ,31,30,61,1460,417,1877
00173308,NATIONAL-LOUIS UNIVERSITY               ,FL,33609-0000,Private      ,3,19,22,27,108,135
00177201,TRINITY INTERNATIONAL UNIVERSITY - SOUTH,FL,33324-4611,Private      ,6,37,43,62,458,520
00395400,UNIV OF CENTRAL FLORIDA                 ,FL,32816-0001,Public       ,3943,2340,6283,72100,34355,106455
00395500,UNIVERSITY OF WEST FLORIDA              ,FL,32514-5750,Public       ,519,850,1369,9916,8957,18873
00407215,NORTHWOOD UNIVERSITY                    ,FL,33409-0000,Private      ,14,25,39,584,370,954
00491005,KAPLAN COLLEGE JACKSONVILLE             ,FL,32216-3216,Proprietary  ,0,0,0,132,1557,1689
00558500,LIVELY TECHNICAL CENTER                 ,FL,32304-0000,Public       ,60,261,321,607,1875,2482
00558600,LINDSEY HOPKINS TECHNICAL ED CENTER     ,FL,33127-4692,Public       ,24,127,151,299,1005,1304
00559400,D G ERWIN TECHNICAL CENTER              ,FL,33610-8255,Public       ,80,227,307,615,1873,2488
00560500,PINELLAS TECH ED CTR-CLEARWATER         ,FL,33760-2194,Public       ,46,153,199,346,1264,1610
00560700,SARASOTA COUNTY TECHNICAL INSTITUTE     ,FL,34233-0000,Public       ,33,96,129,377,848,1225
00560800,MAYNARD A. TRAVISS CAREER CENTER        ,FL,33803-9709,Public       ,36,131,167,385,1146,1531
00561200,MANATEE TECHNICAL INSTITUTE             ,FL,34210-0000,Public       ,67,204,271,519,1418,1937
00561201,MANATEE TECHNICAL INSTITUTE-EAST        ,FL,34211-0000,Public       ,22,76,98,270,737,1007
00675000,VALENCIA COMMUNITY COLLEGE              ,FL,32802-3028,Public       ,2467,3228,5695,33790,28801,62591
00732910,ITT TECHNICAL INSTITUTE                 ,FL,33634-7515,Proprietary  ,117,588,705,821,4159,4980
00732947,ITT TECHNICAL INSTITUTE                 ,FL,32746-1607,Proprietary  ,38,242,280,352,1771,2123
00736206,MEDTECH COLLEGE - MEDTECH INSTITUTE - OR,FL,32826-4906,Proprietary  ,29,125,154,261,1118,1379
00752500,SUWANNEE-HAMILTON AREA VOC TECH CTR     ,FL,32060-0000,Public       ,9,25,34,74,251,325
00752600,WASHINGTON HOLMES TECHNICAL CENTER      ,FL,32428-1699,Public       ,13,68,81,159,441,600
00755800,LEE COUNTY HIGH TECH CENTER CENTRAL     ,FL,33916-2299,Public       ,41,128,169,458,998,1456
00787000,HILLSBOROUGH COMMUNITY COLLEGE          ,FL,33606-3572,Public       ,1001,2335,3336,15819,23042,38861
00789300,FLAGLER COLLEGE                         ,FL,32085-1027,Private      ,201,97,298,4530,829,5359
00789301,FLAGLER COLLEGE - TALLAHASSEE COMMUNITY ,FL,32304-2895,Private      ,28,71,99,519,907,1426
00807500,ST JOHN VIANNEY COLLEGE SEMINARY        ,FL,33165-3244,Private      ,2,5,7,34,33,67
00822300,ST VINCENT DE PAUL REGIONL SEMINARY     ,FL,33436-0000,Private      ,0,3,3,4,12,16
00841700,STENOTYPE INST OF JACKSONVILLE          ,FL,32207-0000,Proprietary  ,1,29,30,21,217,238
00869410,RASMUSSEN COLLEGE - OCALA               ,FL,34471-7051,Proprietary  ,91,805,896,875,7504,8379
00869411,RASMUSSEN COLLEGE - NEW PORT RICHEY     ,FL,34690-4554,Proprietary  ,30,120,150,183,1218,1401
00869413,RASMUSSEN COLLEGE - FORT MYERS          ,FL,33905-7805,Proprietary  ,30,166,196,309,1501,1810
00869420,RASMUSSEN COLLEGE - TAMPA               ,FL,33610-9558,Proprietary  ,35,155,190,237,1392,1629
00869422,RASMUSSEN COLLEGE - PASCO               ,FL,33558-0000,Proprietary  ,6,67,73,77,479,556
00884800,WARNER UNIVERSITY                       ,FL,33859-8725,Private      ,58,88,146,1055,858,1913
00884900,PALM BEACH ATLANTIC UNIVERSITY          ,FL,33401-6505,Private      ,166,231,397,3956,2734,6690
00887800,MIAMI INTERNATIONAL UNIV ART&DESIGN     ,FL,33132-1418,Proprietary  ,185,205,390,1993,1993,3986
00910400,TONI & GUY HAIRDRESSING ACADEMY         ,FL,32256-3810,Proprietary  ,8,14,22,52,111,163
00963500,FLORIDA INTERNATIONAL UNIVERSITY        ,FL,33199-0001,Public       ,2479,2331,4810,44505,35610,80115
00984100,UNIVERSITY OF NORTH FLORIDA             ,FL,32224-2645,Public       ,1026,742,1768,16426,10149,26575
00990200,SHERIDAN TECHNICAL CENTER               ,FL,33021-3399,Public       ,85,360,445,763,2382,3145
01016100,"LORAINE'S ACADEMY, INC                  ",FL,33710-0000,Proprietary  ,4,61,65,51,283,334
01019500,ART INSTITUTE OF FT LAUDERDALE          ,FL,33316-3000,Proprietary  ,114,143,257,1481,1525,3006
01065200,PASCO-HERNANDO COMMUNITY CLG            ,FL,34654-5199,Public       ,424,808,1232,6156,7805,13961
01072401,CARLOS ALBIZU UNIVERSITY                ,FL,33172-0000,Private      ,11,124,135,127,1119,1246
01082600,TOM P. HANEY TECHNICAL CENTER           ,FL,32405-5099,Public       ,40,242,282,288,1258,1546
01112700,GOODING INST OF NUR ANES BAY MED CT     ,FL,32401-0000,Proprietary  ,0,0,0,17,103,120
01226300,ATLANTIC TECHNICAL CENTER               ,FL,33063-3902,Public       ,85,259,344,710,1637,2347
01246117,LINCOLN COLLEGE OF TECHNOLOGY - WEST PAL,FL,33407-3105,Proprietary  ,42,88,130,516,751,1267
01254400,FIRST COAST TECHNICAL COLLEGE           ,FL,32084-1921,Public       ,42,142,184,420,976,1396
01257400,RINGLING SCHOOL OF ART AND DESIGN       ,FL,34234-5895,Private      ,87,29,116,2058,436,2494
01303904,SOUTH UNIVERSITY - WEST PALM BEACH CAMPU,FL,33409-5149,Proprietary  ,60,337,397,567,2373,2940
01323400,LORENZO WALKER INST OF TECHNOLOGY       ,FL,34104-4405,Public       ,28,79,107,377,687,1064
02089600,CONCORDE CAREER INSTITUTE               ,FL,32211-0000,Proprietary  ,43,195,238,284,1387,1671
02113609,AMERICAN INTERCONTINENTAL UNIV - WESTON ,FL,33326-3233,Proprietary  ,0,0,0,16,157,173
02115300,PINELLAS TECHNICAL EDUCATION CENTERS - S,FL,33711-0000,Public       ,57,289,346,465,1860,2325
02116006,SANFORD-BROWN INSTITUTE - FT. LAUDERDALE,FL,33309-1906,Proprietary  ,4,29,33,156,502,658
02148200,FASHION FOCUS HAIR ACADEMY              ,FL,34231-0000,Proprietary  ,6,20,26,35,114,149
02148300,MANHATTAN BEAUTY SCHOOL                 ,FL,33611-1304,Proprietary  ,3,21,24,26,89,115
02149900,PAUL MITCHELL THE SCHOOL-JACKSONVILLE   ,FL,32205-0000,Proprietary  ,15,49,64,153,357,510
02151900,KEISER  UNIVERSITY                      ,FL,33309-0000,Private      ,699,3212,3911,5548,22922,28470
02156300,MARGATE SCHOOL OF BEAUTY                ,FL,33063-0000,Proprietary  ,4,17,21,21,84,105
02159600,BAPTIST COLLEGE OF FLORIDA (THE)        ,FL,32440-0000,Private      ,11,25,36,242,324,566
02172700,CONCORDE CAREER INSTITUTE               ,FL,33607-0000,Proprietary  ,36,110,146,193,739,932
02188900,HOBE SOUND BIBLE COLLEGE                ,FL,33475-0000,Private      ,9,7,16,88,88,176
02200100,BRADENTON BEAUTY & BARBER ACADEMY       ,FL,34209-0000,Proprietary  ,2,24,26,26,159,185
02215900,ATI CAREER TRAINING CENTER              ,FL,33309-1785,Proprietary  ,4,37,41,44,195,239
02218700,FLORIDA TECHNICAL COLLEGE               ,FL,32826-2707,Proprietary  ,216,654,870,1340,4080,5420
02218707,FLORIDA TECHNICAL COLLEGE - LAKELAND    ,FL,33813-2101,Proprietary  ,22,57,79,243,523,766
02218709,FLORIDA TECHNICAL COLLEGE - DELAND      ,FL,32720-7415,Proprietary  ,26,186,212,199,1039,1238
02228300,LAKE TECHNICAL CENTER                   ,FL,32726-0000,Public       ,71,207,278,521,1344,1865
02245500,FORTIS COLLEGE                          ,FL,32789-4679,Proprietary  ,5,49,54,57,464,521
02257900,INTERNATIONAL ACADEMY                   ,FL,32119-3541,Proprietary  ,12,46,58,74,275,349
02275100,CONCORDE CAREER INSTITUTE               ,FL,33025-0000,Proprietary  ,21,93,114,144,548,692
02278800,SOUTHWEST FLORIDA COLLEGE               ,FL,33907-0000,Proprietary  ,53,275,328,1260,2232,3492
02278801,SOUTHWEST FLORIDA COLLEGE - TAMPA       ,FL,33619-1344,Proprietary  ,41,143,184,401,1014,1415
02278802,SOUTHWEST FLORIDA COLLEGE - INSTITUTUE O,FL,33928-9469,Proprietary  ,3,10,13,78,133,211
02278803,SOUTHWEST FLORIDA COLLEGE - PORT CHARLOT,FL,33953-3100,Proprietary  ,20,71,91,237,634,871
02279600,CORTIVA INSTITUTE - FLORIDA             ,FL,33781-0000,Proprietary  ,28,87,115,122,358,480
02283800,BEAUTY SCHOOLS OF AMERICA               ,FL,33012-3322,Proprietary  ,58,396,454,318,1633,1951
02286502,ITT TECHNICAL INSTITUTE                 ,FL,32244-6630,Proprietary  ,0,1,1,0,2,2
02287100,LA BELLE BEAUTY SCHOOL                  ,FL,33012-3224,Proprietary  ,13,70,83,44,200,244
02293200,ATI CAREER TRAINING CENTER              ,FL,33309-5916,Proprietary  ,1,3,4,11,41,52
02293201,ATI CAREER TRAINING CENTER - MIAMI      ,FL,33122-1707,Proprietary  ,2,30,32,61,160,221
02293202,ATI CAREER TAINING CENTER - ATI COLLEGE ,FL,87109-2016,Proprietary  ,1,23,24,44,157,201
02293600,ADVANCED TECHNICAL CENTERS              ,FL,33266-1597,Private      ,4,19,23,51,117,168
02297000,CHARLOTTE TECHNICAL CENTER              ,FL,33948-0000,Public       ,15,71,86,173,412,585
02300900,WITHLACOOCHEE TECHNICAL INSTITUTE       ,FL,34450-0000,Public       ,32,78,110,207,615,822
02305800,FLORIDA CAREER COLLEGE                  ,FL,33012-7028,Proprietary  ,280,1362,1642,1049,5315,6364
02305810,FLORIDA CAREER COLLEGE - CLEARWATER     ,FL,33759-3924,Proprietary  ,0,0,0,19,79,98
02307400,GEORGE STONE TECHNICAL CENTER           ,FL,32526-0000,Public       ,37,199,236,317,1235,1552
02314100,SCHILLER INTERNATIONAL UNIVERSITY       ,FL,33770-0000,Proprietary  ,3,37,40,54,272,326
02316200,MIAMI LAKES TECHNICAL EDUCATION CTR     ,FL,33014-0000,Public       ,36,223,259,375,1241,1616
02321200,ORANGE TECH EDUC CTR- WESTSIDE TECH     ,FL,34787-0000,Public       ,29,84,113,290,671,961
02325100,KEY COLLEGE                             ,FL,33004-3046,Proprietary  ,2,12,14,11,75,86
02326303,MEDVANCE INSTITUTE - WEST PALM          ,FL,33461-2171,Proprietary  ,0,4,4,19,81,100
02326306,MEDVANCE INSTITUTE - MIAMI              ,FL,33173-3431,Proprietary  ,0,0,0,22,46,68
02326800,MERIDIAN COLLEGE                        ,FL,34240-8478,Proprietary  ,11,39,50,82,320,402
02326900,SUNSTATE ACADEMY OF HAIR DESIGN         ,FL,33907-1415,Proprietary  ,17,61,78,159,429,588
02329900,FLORIDA INSTITUTE OF ULTRASOUND         ,FL,32514-0000,Proprietary  ,8,61,69,106,365,471
02338400,FT PIERCE BEAUTY ACADEMY                ,FL,34982-0000,Proprietary  ,11,59,70,70,309,379
02346200,WYOTECH                                 ,FL,32174-1010,Private      ,8,53,61,135,391,526
02362100,FULL SAIL UNIVERSITY                    ,FL,32792-0000,Proprietary  ,1533,3828,5361,14624,25479,40103
02499000,ACADEMY OF COSMETOLOGY                  ,FL,32953-3311,Proprietary  ,5,36,41,53,203,256
02501500,"O*TEC, MID-FLORIDA TECH                 ",FL,32809-0000,Public       ,63,257,320,479,1524,2003
02504600,WINTER PARK TECH                        ,FL,32789-0000,Public       ,11,64,75,153,501,654
02508900,TALMUDIC COLLEGE OF FLORIDA             ,FL,33139-0000,Private      ,4,1,5,28,12,40
02511700,RIDGE TECHNICAL CENTER                  ,FL,33881-0000,Public       ,41,123,164,308,944,1252
02513200,ORLANDO TECHNICAL CENTER                ,FL,32801-0000,Public       ,52,193,245,490,1454,1944
02515400,CITY COLLEGE                            ,FL,33309-3073,Private      ,55,294,349,506,2187,2693
02517100,SARASOTA SCHOOL OF MASSAGE THERAPY      ,FL,34243-6130,Proprietary  ,4,39,43,44,179,223
02524000,SUNSTATE ACADEMY OF HAIR DESIGN         ,FL,34624-0000,Proprietary  ,16,53,69,80,241,321
02524002,SUNSTATE ACADEMY - JONES TECHNICAL INSTI,FL,32256-0367,Proprietary  ,16,48,64,105,266,371
02524200,ROBERT MORGAN EDUCATIONAL CENTER        ,FL,33177-0000,Public       ,49,120,169,425,846,1271
02531803,PAUL MITCHELL THE SCHOOL - ORLANDO      ,FL,32765-6444,Proprietary  ,22,48,70,188,324,512
02531805,PAUL MITCHELL THE SCHOOL -TAMPA         ,FL,33613-0000,Proprietary  ,35,57,92,229,400,629
02547600,FLORIDA NATIONAL COLLEGE                ,FL,33012-0000,Proprietary  ,68,283,351,497,1850,2347
02547601,FLORIDA NATIONAL UNIVERSITY - SOUTH CAMP,FL,33175-2478,Proprietary  ,84,267,351,782,1682,2464
02547602,FLORIDA NATIONAL UNIVERSITY - TRAINING A,FL,33012-4108,Proprietary  ,5,43,48,127,385,512
02554200,RADFORD LOCKLIN TECH CENTER             ,FL,32570-0000,Public       ,15,44,59,107,397,504
02573200,LA BELLE BEAUTY ACADEMY                 ,FL,33135-0000,Proprietary  ,14,69,83,100,337,437
02597100,HERITAGE INSTITUTE                      ,FL,33912-7132,Proprietary  ,46,148,194,415,926,1341
02598200,SOUTHERN CAREER COLLEGE                 ,FL,32225-9828,Proprietary  ,4,17,21,70,431,501
02601600,HENRY W BREWSTER TECHNICAL CENTER       ,FL,33602-0000,Public       ,12,53,65,113,521,634
02612700,"SALON PROFESSIONAL ACADEMY - MELBOURNE, ",FL,32904-3919,Proprietary  ,11,26,37,77,200,277
02616400,SANFORD-BROWN INSTITUTE                 ,FL,32256-3520,Proprietary  ,7,50,57,139,575,714
02616705,LE CORDON BLEU COLLEGE OF CULINARY ARTS ,FL,33025-3929,Proprietary  ,38,65,103,349,508,857
03003600,MCFATTER TECHNICAL CENTER               ,FL,33317-7499,Public       ,59,206,265,597,1372,1969
03008600,FLORIDA COLLEGE OF NATURAL HEALTH       ,FL,33064-1342,Proprietary  ,30,151,181,170,612,782
03010608,VIRGINIA COLLEGE - PENSACOLA            ,FL,32501-5650,Proprietary  ,18,111,129,169,774,943
03010612,VIRGINIA COLLEGE - GOLF ACADEMY OF AMERI,FL,32701-0000,Proprietary  ,3,3,6,21,57,78
03010618,VIRGINIA COLLEGE - JACKSONVILLE         ,FL,32207-5167,Proprietary  ,16,99,115,140,777,917
03012300,ASM BEAUTY WORLD ACADEMY                ,FL,33021-0000,Proprietary  ,5,33,38,25,146,171
03018500,BENE'S INTERNATIONAL SCHOOL OF BEAUTY   ,FL,34652-1636,Proprietary  ,16,84,100,122,453,575
03026508,REMINGTON COLLEGE - TAMPA               ,FL,33619-1177,Private      ,7,55,62,94,472,566
03028200,TRINITY COLLEGE OF FLORIDA              ,FL,34655-4401,Private      ,8,22,30,192,204,396
03031400,INTERNATIONAL ACADEMY OF DESIGN AND TECH,FL,33634-6313,Proprietary  ,37,122,159,596,1987,2583
03031402,INTERNATIONAL ACADEMY OF DESIGN AND TECH,FL,32809-4613,Proprietary  ,8,33,41,178,329,507
03031403,IADT - ORLANDO CULINARY ACADEMY         ,FL,32819-0000,Proprietary  ,39,93,132,336,693,1029
03035800,HERITAGE INSTITUTE                      ,FL,32216-0948,Proprietary  ,22,101,123,96,532,628
03035900,NATIONAL AVIATION ACADEMY               ,FL,33760-3931,Proprietary  ,23,107,130,350,822,1172
03037500,HODGES UNIVERSITY                       ,FL,34119-7932,Private      ,63,380,443,679,3077,3756
03071600,COLLEGE OF BUSINESS & TECHNOLOGY        ,FL,33176-1412,Proprietary  ,31,223,254,258,1157,1415
03078003,OHIO CENTER FOR BROADCASTING - MIAMI MED,FL,33130-3042,Proprietary  ,12,25,37,42,129,171
03079800,GEORGE T BAKER AVIATION                 ,FL,33142-5687,Public       ,23,51,74,372,487,859
03079900,CITY COLLEGE                            ,FL,32714-3129,Private      ,19,67,86,154,637,791
03089200,NOUVELLE INSTITUTE                      ,FL,33125-4141,Proprietary  ,5,98,103,40,404,444
03096300,FORTIS INSTITUTE                        ,FL,33860-0000,Proprietary  ,0,0,0,6,30,36
03099600,MERCY HOSPITAL SCHOOL OF PRACTICAL NSG  ,FL,33133-4237,Proprietary  ,10,33,43,95,262,357
03100800,TAYLOR TECHNICAL INSTITUTE              ,FL,32348-0894,Public       ,6,11,17,60,153,213
03101900,TRINITY BAPTIST COLLEGE                 ,FL,32221-1398,Private      ,27,29,56,440,323,763
03103900,MARION COUNTY COMMUNITY TECH & ADUL     ,FL,34474-3172,Public       ,53,150,203,421,1403,1824
03108500,EVERGLADES UNIVERSITY                   ,FL,33431-0000,Private      ,31,276,307,252,1899,2151
03108600,COM-PU-MED VOCATIONAL CAREERS           ,FL,33012-4861,Proprietary  ,14,66,80,62,325,387
03113400,ACADEMY OF HEALING ARTS                 ,FL,33463-2113,Proprietary  ,5,22,27,45,193,238
03114700,PRAXIS INSTITUTE                        ,FL,33135-2657,Proprietary  ,7,101,108,49,379,428
03115500,ADVENTIST UNIVERSITY OF HEALTH SCIENCES ,FL,32803-1237,Private      ,94,219,313,1403,2523,3926
03123900,SOUTHEASTERN COLLEGE                    ,FL,33413-0000,Proprietary  ,27,123,150,183,995,1178
03125600,MIAMI AD SCHOOL                         ,FL,33139-0000,Proprietary  ,11,38,49,103,365,468
03127900,TECHNICAL EDUCATION CTR OSCEOLA         ,FL,34744-4459,Public       ,48,158,206,503,1130,1633
03158300,LEE COUNTY HIGH TECH CENTER NORTH       ,FL,33993-2479,Public       ,14,67,81,164,432,596
03171300,UNIVERSITY OF ST. AUGUSTINE FOR HEALTH S,FL,32084-4215,Proprietary  ,10,413,423,103,2097,2200
03224300,NEW PROFESSIONS TECHNICAL INSTITUTE     ,FL,33134-1640,Proprietary  ,21,126,147,71,567,638
03230300,CHOICE HIGH SCHOOL AND TECHNICAL CENTER ,FL,32547-1299,Public       ,15,97,112,123,539,662
03238300,FLORIDA COLLEGE OF INTEGRATIVE MED      ,FL,32809-5721,Proprietary  ,10,65,75,111,375,486
03255300,FLORIDA GULF COAST UNIVERSITY           ,FL,33965-6565,Public       ,1178,502,1680,20508,6326,26834
03256300,YESHIVA GEDOLAH RABBINICAL COLLEGE      ,FL,33139-4708,Private      ,7,0,7,10,11,21
03264300,SOUTH FLORIDA BIBLE COLLEGE AND THEOLOGI,FL,33441-5768,Private      ,2,16,18,11,194,205
03346300,ACAD FOR PRAC NURSING & HEALTH OCCP     ,FL,33417-4574,Private      ,20,119,139,207,866,1073
03348400,PROFESSIONAL TRAINING CENTERS           ,FL,33184-0000,Proprietary  ,28,105,133,163,826,989
03373300,BEACON COLLEGE                          ,FL,34748-5224,Private      ,25,27,52,290,133,423
03374300,FLORIDA COASTAL SCHOOL OF LAW           ,FL,32256-0000,Proprietary  ,6,66,72,86,1750,1836
03382300,BRADFORD-UNION AREA CAREERTECHNICAL CENT,FL,32091-2434,Public       ,8,42,50,61,285,346
03390300,LINCOLN TECHNICAL INSTITUTE             ,FL,32730-2351,Proprietary  ,1,5,6,38,136,174
03411400,INTERNATIONAL TRAINING CAREERS          ,FL,33155-1462,Private      ,6,74,80,31,312,343
03414500,ACUPUNCTURE AND MASSAGE COLLEGE         ,FL,33176-1509,Proprietary  ,4,42,46,71,298,369
03429600,ATLANTIC INST OF ORIENTAL MEDICINE      ,FL,33316-0000,Private      ,3,33,36,31,213,244
03429700,EAST WEST COLLG OF NATURAL MEDICINE     ,FL,34236-4959,Proprietary  ,1,37,38,23,242,265
03433400,NEW CONCEPT MASSAGE AND BEAUTY SCHO     ,FL,33135-0000,Proprietary  ,1,35,36,10,120,130
03434300,FORTIS COLLEGE                          ,FL,32073-2999,Proprietary  ,19,63,82,140,558,698
03480301,FORTIS COLLEGE - FORTIS INSTITUTE       ,FL,33313-7261,Proprietary  ,0,6,6,20,111,131
03480302,FORTIS COLLEGE - FORTIS INSTITUTE       ,FL,34952-0000,Proprietary  ,20,88,108,187,690,877
03491400,AMERICAN ADVANCED TECHNICIANS INST      ,FL,33014-4430,Proprietary  ,4,42,46,49,181,230
03549300,ULTIMATE MEDICAL ACADEMY                ,FL,33756-4917,Private      ,552,5384,5936,2611,26735,29346
03553300,SOUTHEASTERN COLLEGE                    ,FL,32216-0000,Proprietary  ,17,61,78,144,530,674
03557300,NORTH FLORIDA COSMETOLOGY INSTITUTE     ,FL,32312-0000,Proprietary  ,13,48,61,114,410,524
03570400,ENGLISH CENTER (THE)                    ,FL,33133-2703,Public       ,3,25,28,24,177,201
03611400,FLORIDA BARBER ACADEMY                  ,FL,33441-0000,Proprietary  ,5,73,78,30,331,361
03618300,FLORIDA INSTITUTE OF ANIMAL ARTS        ,FL,32792-0000,Proprietary  ,1,0,1,132,180,312
03627400,JACKSONVILLE BEAUTY INSTITUTE           ,FL,32208-1885,Proprietary  ,13,61,74,76,327,403
03627600,FLORIDA EDUCATION INSTITUTE             ,FL,33144-5036,Proprietary  ,18,70,88,106,378,484
03661400,SOUTH FLORIDA INSTITUTE OF TECHNOLO     ,FL,33135-0000,Proprietary  ,54,297,351,232,1297,1529
03691400,AVE MARIA SCHOOL OF LAW                 ,FL,34119-1376,Private      ,4,22,26,75,505,580
03696400,SABER                                   ,FL,33134-1604,Private      ,9,53,62,77,653,730
03698308,WEST COAST UNIVERSITY - MIAMI           ,FL,33178-2431,Proprietary  ,7,25,32,158,246,404
03706300,AMERICAN INSTITUTE                      ,FL,33319-0000,Proprietary  ,17,44,61,77,237,314
03757300,ADVANCE SCIENCE INSTITUTE               ,FL,33012-0000,Proprietary  ,4,16,20,26,95,121
03801400,BEAUTY INSTITUTE (THE)                  ,FL,33409-2972,Proprietary  ,8,35,43,45,152,197
03801401,BEAUTY INSTITUTE (THE) - MARGATE        ,FL,33068-5704,Proprietary  ,0,5,5,15,41,56
03816300,ARTISTIC NAILS & BEAUTY ACADEMY         ,FL,33605-5919,Proprietary  ,27,109,136,131,480,611
03823300,FLORIDA ACADEMY OF HEALTH & BEAUTY      ,FL,33311-0000,Proprietary  ,2,11,13,20,37,57
03832300,DADE MEDICAL COLLEGE                    ,FL,33126-5534,Proprietary  ,32,166,198,858,3143,4001
03842500,CAMBRIDGE INSTITUTE OF ALLIED HEALTH    ,FL,32750-0000,Proprietary  ,3,42,45,30,299,329
03856300,UNIVERSAL BEAUTY SCHOOL                 ,FL,33174-4406,Proprietary  ,3,30,33,30,154,184
03856500,FLORIDA SCHOOL OF TRADITIONAL MIDWIFERY ,FL,32601-5507,Private      ,3,14,17,31,159,190
03875300,MCI INSTITUTE OF TECHNOLOGY             ,FL,33409-4937,Proprietary  ,3,16,19,41,158,199
03888300,DRAGON RISES COLLEGE OF ORIENTAL MEDICIN,FL,32601-5089,Private      ,1,9,10,8,94,102
03903500,SOUTHERN TECHNICAL COLLEGE              ,FL,32809-0000,Proprietary  ,47,361,408,390,2340,2730
03907301,PAUL MITCHELL THE SCHOOL FT MYERS       ,FL,33907-0000,Proprietary  ,18,36,54,129,189,318
03911300,TOTAL INTERNATIONAL CAREER INSTITUTE    ,FL,33012-0000,Proprietary  ,0,0,0,4,3,7
03939300,WOLFORD COLLEGE                         ,FL,34108-1931,Proprietary  ,1,35,36,40,287,327
03939400,CENTURA INSTITUTE                       ,FL,32807-3566,Proprietary  ,11,63,74,96,382,478
03939600,DAYTONA COLLEGE                         ,FL,32174-8445,Proprietary  ,14,87,101,119,492,611
03941300,AVE MARIA UNIVERSITY                    ,FL,34142-9505,Private      ,42,14,56,1549,171,1720
03957400,NEW COLLEGE OF FLORIDA                  ,FL,34243-2109,Public       ,83,39,122,2046,416,2462
03985300,COMMERCIAL DIVING ACADEMY               ,FL,32208-0000,Proprietary  ,56,155,211,367,904,1271
03986300,AVIATOR COLLEGE OF AERONAUTICAL SCIENCE ,FL,34946-9022,Proprietary  ,10,38,48,93,258,351
04016500,AMERICAN INSTITUTE OF BEAUTY            ,FL,33773-0000,Proprietary  ,16,70,86,69,316,385
04029300,TRENDSETTERS OF FLORIDA SCHOOL OF BEAUTY,FL,32205-4737,Proprietary  ,5,20,25,29,141,170
04038302,ATA COLLEGE-ATA CAREER EDUCATION        ,FL,34606-4300,Proprietary  ,11,58,69,105,420,525
04039300,SULLIVAN AND COGLIANO TRAINING CENTERS  ,FL,33014-6427,Proprietary  ,8,199,207,40,934,974
04083400,CAMBRIDGE INSTITUTE OF ALLIED HEALTH & T,FL,33484-6543,Proprietary  ,11,59,70,121,597,718
04105400,PENSACOLA SCHOOL OF MASSAGE THERAPY & HE,FL,32504-7337,Proprietary  ,5,52,57,47,299,346
04106300,PALM BEACH ACADEMY OF HEALTH & BEAUTY   ,FL,33403-2130,Proprietary  ,7,50,57,50,239,289
04116400,FUTURE-TECH INSTITUTE                   ,FL,33135-4142,Proprietary  ,4,50,54,35,224,259
04116600,TAYLOR COLLEGE                          ,FL,34420-8714,Proprietary  ,2,46,48,74,539,613
04119400,AVEDA INSTITUTE - SAINT PETERSBURG      ,FL,33701-4242,Proprietary  ,55,115,170,456,717,1173
04120400,HI-TECH SCHOOL OF COSMETOLOGY           ,FL,33174-0000,Proprietary  ,7,22,29,77,162,239
04126900,ACADEMY OF CAREER TRAINING              ,FL,34741-4644,Proprietary  ,20,53,73,139,424,563
04127400,DIGITAL MEDIA ARTS COLLEGE              ,FL,33431-5919,Proprietary  ,26,28,54,308,229,537
04128400,MANAGEMENT RESOURCES INSTITUTE          ,FL,33126-5473,Proprietary  ,13,156,169,77,1019,1096
04129900,FLORIDA SCHOOL OF MASSAGE               ,FL,32608-5419,Proprietary  ,9,45,54,74,270,344
04130400,SHEAR EXCELLENCE INTERNATIONAL HAIR ACAD,FL,33614-2783,Proprietary  ,5,33,38,42,198,240
04133500,ACADEMY FOR FIVE ELEMENT ACUPUNCTURE    ,FL,32601-6811,Private      ,2,9,11,13,130,143
04133900,FUTURA CAREER INSTITUTE                 ,FL,33012-3325,Proprietary  ,9,56,65,30,191,221
04134800,AVEDA INSTITUTE - TALLAHASSEE           ,FL,32304-3186,Proprietary  ,49,103,152,362,652,1014
04135000,COZMO THE SCHOOL                        ,FL,34135-4810,Proprietary  ,4,18,22,28,85,113
04135900,ALLIED HEALTH INSTITUTE                 ,FL,33068-0000,Proprietary  ,1,65,66,39,661,700
04140800,NORTH FLORIDA ACADEMY                   ,FL,32065-7758,Proprietary  ,4,10,14,24,82,106
04143100,PROFESSIONAL HANDS INSTITUTE            ,FL,33135-1939,Proprietary  ,0,42,42,5,147,152
04145900,CELEBRITY SCHOOL OF BEAUTY              ,FL,33144-4153,Proprietary  ,18,68,86,87,264,351
04146200,WALTON CAREER DEVELOPMENT CENTER        ,FL,32433-1557,Public       ,11,33,44,73,248,321
04146300,MARCHMAN TECHNICAL EDUCATION CENTER     ,FL,34653-1211,Public       ,17,52,69,192,364,556
04148500,MEDICAL INSTITUTE OF PALM BEACH         ,FL,33463-3276,Proprietary  ,20,38,58,83,160,243
04150800,IMMOKALEE TECHNICAL CENTER              ,FL,34142-3146,Public       ,15,23,38,212,162,374
04151500,AMERICAN ACADEMY OF COSMETOLOGY         ,FL,32065-8026,Proprietary  ,4,23,27,47,153,200
04156300,UNIVERSITY OF FORT LAUDERDALE           ,FL,33313-5809,Private      ,3,7,10,56,112,168
04156400,AVIATION INSTITUTE OF MAINTENANCE       ,FL,32803-6487,Proprietary  ,48,90,138,243,491,734
04157100,AEROSIM FLIGHT ACADEMY                  ,FL,32773-9683,Proprietary  ,20,64,84,166,297,463
04158300,FLAGLER TECHNICAL INSTITUTE             ,FL,32137-4714,Public       ,9,35,44,98,217,315
04162000,JOSE MARIA VARGAS UNIVERSITY            ,FL,33025-4534,Proprietary  ,5,11,16,26,99,125
04162500,HOLLYWOOD INSTITUTE OF BEAUTY CAREERS   ,FL,33023-6720,Proprietary  ,25,179,204,155,782,937
04163000,SALON PROFESSIONAL ACADEMY (THE)        ,FL,33624-6321,Proprietary  ,15,37,52,93,191,284
04163100,SALON PROFESSIONAL ACADEMY (THE)        ,FL,32607-1672,Proprietary  ,11,48,59,61,203,264
04163200,SALON PROFESSIONAL ACADEMY (THE)        ,FL,32162-9311,Proprietary  ,4,15,19,55,157,212
04164500,EUREKA INSTITUTE OF HEALTH AND BEAUTY   ,FL,33174-4205,Proprietary  ,3,11,14,16,43,59
04164600,D. A. DORSEY EDUCATIONAL CENTER         ,FL,33147-6304,Public       ,8,38,46,40,240,280
04167300,SALON PROFESSIONAL ACADEMY (THE)        ,FL,33904-4824,Proprietary  ,3,13,16,37,90,127
04170300,BEAUTY ACADEMY OF SOUTH FLORIDA         ,FL,33012-3221,Proprietary  ,5,46,51,38,213,251
04172300,ETERNITY COSMETOLOGY SCHOOL             ,FL,33415-5719,Proprietary  ,12,57,69,41,203,244
04176900,AMERICAN HEALTH INSTITUTE               ,FL,34654-3743,Proprietary  ,2,31,33,34,167,201
04182500,MILLENNIA ATLANTIC UNIVERSITY           ,FL,33178-2369,Proprietary  ,0,2,2,8,46,54
04188300,FLORIDA ACADEMY                         ,FL,33966-1155,Proprietary  ,11,99,110,122,411,533
04192100,AMERICAN MEDICAL ACADEMY                ,FL,33186-4830,Proprietary  ,22,49,71,163,325,488
04194000,"SCHOOL DISTRICT OF INDIAN RIVER COUNTY, ",FL,32960-3527,Public       ,27,82,109,188,339,527
04194200,APARICIO-LEVY TECHNICAL CENTER          ,FL,33610-9666,Public       ,3,22,25,64,195,259
04195100,AMBIANCE BEAUTY & BARBER ACADEMY        ,FL,32935-8771,Proprietary  ,5,16,21,35,127,162
04197600,"FLORIDA INSTITUTE OF RECORDING, SOUND AN",FL,32804-3309,Proprietary  ,23,58,81,213,287,500
04204600,BEAUTY AND HEALTH INSTITUTE             ,FL,33626-2610,Proprietary  ,9,68,77,79,316,395
04206300,FLORIDA VOCATIONAL INSTITUTE            ,FL,33155-3762,Proprietary  ,17,68,85,61,324,385
04207900,SAE INSTITUTE OF TECHNOLOGY - MIAMI     ,FL,33160-4307,Proprietary  ,18,52,70,172,255,427
04209500,SHEAR FINESSE HAIRSTYLING ACADEMY       ,FL,32208-5005,Proprietary  ,2,11,13,26,93,119
04210800,ULTRASOUND MEDICAL INSTITUTE            ,FL,33462-4221,Proprietary  ,2,11,13,10,60,70
04212600,COSMIX SCHOOL OF MAKEUP ARTISTRY        ,FL,33306-1640,Proprietary  ,10,39,49,102,235,337
04213200,KAIZEN BEAUTY ACADEMY                   ,FL,33024-6609,Proprietary  ,1,12,13,16,57,73
04214500,PRESTIGE HEALTH & BEAUTY SCIENCES ACADEM,FL,33160-4102,Proprietary  ,4,11,15,31,67,98
04216600,AZURE COLLEGE                           ,FL,33169-5345,Proprietary  ,5,39,44,86,623,709
04216900,SAN IGNACIO COLLEGE                     ,FL,33178-2350,Proprietary  ,1,8,9,15,40,55
04217800,BOCA BEAUTY ACADEMY                     ,FL,33434-4178,Proprietary  ,19,97,116,97,353,450
04220200,MORE TECH INSTITUTE                     ,FL,33012-2165,Proprietary  ,2,29,31,8,90,98
04221200,BLY'S SCHOOL OF COSMETOLOGY             ,FL,32601-4021,Proprietary  ,0,0,0,16,41,57
04223400,INTERAMERICAN TECHNICAL INSTITUTE       ,FL,00174-2950,Proprietary  ,6,30,36,33,178,211
04225000,PARISIAN SPA INSTITUTE                  ,FL,32204-4127,Proprietary  ,7,34,41,35,231,266
04225200,YECHANLAZ INSTITUTO VOCACIONAL          ,FL,33144-4817,Proprietary  ,0,9,9,2,44,46
04225800,FRED D. LEAREY TECHNICAL CENTER         ,FL,33614-1892,Public       ,17,57,74,104,296,400
04227500,MERRYFIELD SCHOOL OF PET GROOMING       ,FL,33334-4925,Proprietary  ,2,22,24,8,93,101
04228900,BEAUTY ANATOMY INSTITUTE OF COSMETOLOGY ,FL,33069-4313,Proprietary  ,2,17,19,27,78,105
04229700,FIRST COAST BARBER ACADEMY              ,FL,32210-8054,Proprietary  ,1,12,13,18,116,134
04233200,UNILATINA INTERNATIONAL COLLEGE         ,FL,33025-3943,Proprietary  ,1,2,3,6,19,25
04233400,LEE PROFESSIONAL INSTITUTE              ,FL,33916-9320,Proprietary  ,1,35,36,48,223,271
04233900,ATLANTIS UNIVERSITY                     ,FL,33132-1417,Proprietary  ,31,31,62,204,188,392
04234500,BURNETT INTERNATIONAL COLLEGE           ,FL,33426-6591,Proprietary  ,2,15,17,17,122,139
04238400,FLORIDA INTERNATIONAL TRAINING INSTITUTE,FL,33172-1507,Proprietary  ,4,17,21,34,116,150
04238500,TRAINING DOMAIN (THE)                   ,FL,33907-4080,Proprietary  ,1,10,11,3,25,28
04242000,LATIN BEAUTY ACADEMY                    ,FL,33415-6104,Proprietary  ,2,14,16,6,61,67
04243600,INTERNATIONAL HAIR AND BARBER ACADEMY   ,FL,33433-3443,Proprietary  ,2,4,6,20,48,68
04244700,MED ACADEMY                             ,FL,33018-4937,Proprietary  ,2,26,28,2,26,28
04246900,PIBERRY INSTITUTE                       ,FL,33032-8219,Proprietary  ,1,5,6,2,10,12
04249400,CENTER FOR NEUROSOMATIC STUDIES         ,FL,33760-3712,Proprietary  ,2,12,14,2,12,14
00160500,CHAMINADE UNIV OF HONOLULU              ,HI,96816-1578,Private      ,86,209,295,2203,2172,4375
00160600,BRIGHAM YOUNG UNIV-HAWAII CAMPUS        ,HI,96762-1294,Private      ,208,102,310,2078,927,3005
00161000,UNIVERSITY OF HAWAII AT MANOA           ,HI,96822-2399,Public       ,519,503,1022,14376,8939,23315
00161100,UNIVERSITY OF HAWAII AT HILO            ,HI,96720-4091,Public       ,131,166,297,3592,2719,6311
00161200,HONOLULU COMMUNITY COLLEGE              ,HI,96817-4598,Public       ,145,330,475,2147,2654,4801
00161300,KAPIOLANI COMMUNITY COLLEGE             ,HI,96816-4421,Public       ,180,426,606,3315,3638,6953
00161400,KAUAI COMMUNITY COLLEGE                 ,HI,96766-9591,Public       ,39,68,107,583,759,1342
00161500,UNIVERSITY OF HAWAII MAUI COLLEGE       ,HI,96732-1644,Public       ,110,232,342,1696,2445,4141
00454900,LEEWARD COMMUNITY COLLEGE               ,HI,96782-3393,Public       ,198,456,654,3050,3633,6683
00525800,HAWAII COMMUNITY COLLEGE                ,HI,96720-4075,Public       ,93,239,332,1612,2257,3869
00723401,HEALD COLLEGE - HONOLULU                ,HI,96814-0000,Proprietary  ,1,12,13,457,849,1306
00727900,HAWAII PACIFIC UNIVERSITY               ,HI,96813-2882,Private      ,200,334,534,4693,3124,7817
01122000,WINDWARD COMMUNITY COLLEGE              ,HI,96744-0000,Public       ,58,160,218,968,1494,2462
02100300,MED-ASSIST SCHOOL OF HAWAII             ,HI,96813-0000,Proprietary  ,8,40,48,97,243,340
02107800,UNIVERSITY OF HAWAII - WEST OAHU        ,HI,96707-0000,Public       ,129,232,361,2064,2486,4550
02139500,HAWAII INSTITUTE OF HAIR DESIGN         ,HI,96817-5195,Proprietary  ,8,46,54,78,215,293
03017800,TRAVEL INSTITUTE OF THE PACIFIC         ,HI,96814-1946,Proprietary  ,6,20,26,54,146,200
03072500,WORLD MEDICINE INSTITUTE                ,HI,96826-0000,Private      ,4,14,18,45,154,199
03735300,INST OF CLINICAL ACUPUNCTURE & ORIENT MD,HI,96813-2307,Proprietary  ,1,12,13,12,104,116
04165200,MAUNA LOA HELICOPTERS                   ,HI,96740-2650,Proprietary  ,5,13,18,36,71,107
04175100,PAUL MITCHELL THE SCHOOL HONOLULU       ,HI,96816-2433,Proprietary  ,11,35,46,130,232,362
04182200,HAWAII MEDICAL INSTITUTE                ,HI,96814-3518,Proprietary  ,45,143,188,296,802,1098
04252700,PACIFIC RIM CHRISTIAN UNIVERSITY        ,HI,96819-2228,Private      ,6,15,21,8,16,24
00161600,BOISE STATE UNIVERSITY                  ,ID,83725-1000,Public       ,551,795,1346,14010,10867,24877
00161700,"COLLEGE OF IDAHO, THE                   ",ID,83605-4432,Private      ,76,55,131,1893,534,2427
00161900,COLLEGE OF SOUTHERN IDAHO               ,ID,83301-0000,Public       ,173,362,535,3200,3247,6447
00162000,IDAHO STATE UNIVERSITY                  ,ID,83209-5377,Public       ,313,556,869,6134,7308,13442
00162100,LEWIS-CLARK STATE COLLEGE               ,ID,83501-2698,Public       ,75,177,252,2702,2261,4963
00162300,NORTH IDAHO COLLEGE                     ,ID,83814-2199,Public       ,153,427,580,2937,3806,6743
00162400,NORTHWEST NAZARENE UNIVERSITY           ,ID,83686-5897,Private      ,46,125,171,1554,1468,3022
00162500,BRIGHAM YOUNG UNIVERSITY-IDAHO          ,ID,83460-1650,Private      ,1778,1463,3241,16508,14047,30555
00162600,UNIVERSITY OF IDAHO                     ,ID,83844-4291,Public       ,230,245,475,9537,4290,13827
00732915,ITT TECHNICAL INSTITUTE                 ,ID,83713-1529,Proprietary  ,35,242,277,389,1896,2285
00987300,MR JUAN'S CLG OF HAIR DESIGN            ,ID,83301-4154,Proprietary  ,4,7,11,33,77,110
01113300,EASTERN IDAHO TECHNICAL COLLEGE         ,ID,83404-5788,Public       ,47,129,176,436,1038,1474
02218000,CARRINGTON COLLEGE                      ,ID,83704-0000,Proprietary  ,73,264,337,481,1650,2131
02234500,BOISE BIBLE COLLEGE                     ,ID,83714-1220,Private      ,6,7,13,172,112,284
02275800,MR LEONS SCHOOL OF HAIR DESIGN          ,ID,83843-8384,Proprietary  ,4,7,11,19,53,72
02275801,MR. LEON'S SCHOOL OF HAIR DESIGN        ,ID,83501-1910,Proprietary  ,0,2,2,5,18,23
02314000,SCHOOL OF HAIRSTYLING (THE)             ,ID,83202-0000,Proprietary  ,0,8,8,7,36,43
02319800,TONI&GUY HAIRDRESSING ACADEMY           ,ID,83814-2822,Proprietary  ,7,19,26,57,134,191
02319801,TONI&GUY HAIRDRESSING ACADEMY - BOISE   ,ID,83705-2636,Proprietary  ,8,34,42,92,163,255
02349200,HEADMASTERS SCHOOL OF HAIR DESIGN       ,ID,83501-0000,Proprietary  ,0,10,10,18,51,69
02559500,RAZZLE DAZZLE CLG OF HAIR DESIGN        ,ID,83686-5104,Proprietary  ,3,24,27,61,136,197
02607100,PAUL MITCHELL THE SCHOOL BOISE          ,ID,83709-1662,Proprietary  ,36,47,83,187,295,482
03098700,ACADEMY OF COURT REPORTING              ,ID,83704-8320,Proprietary  ,18,67,85,123,388,511
03832400,COSMETOLOGY SCHOOL OF ARTS & SCIENCES   ,ID,83318-1327,Proprietary  ,3,8,11,18,66,84
04051323,ART INSTITUTE OF PHOENIX (THE) - BROWN M,ID,83709-2746,Proprietary  ,4,20,24,49,166,215
04134300,EVANS HAIRSTYLING COLLEGE               ,ID,83440-5277,Proprietary  ,10,7,17,67,51,118
04144500,HAIR ACDMY PAUL MITCHELL PARTNER SCHOOL ,ID,83440-2600,Proprietary  ,26,16,42,110,122,232
04150600,D & L ACADEMY OF HAIR DESIGN            ,ID,83301-6229,Proprietary  ,4,6,10,20,46,66
04155200,OLIVER FINLEY ACADEMY OF COSMETOLOGY    ,ID,83704-8011,Proprietary  ,32,42,74,172,241,413
04163800,MASTER EDUCATORS BEAUTY SCHOOL          ,ID,83301-4118,Proprietary  ,2,9,11,29,54,83
04168600,COLLEGE OF MASSAGE THERAPY              ,ID,83221-1758,Proprietary  ,1,8,9,16,59,75
04176700,D'SHAW INSTITUTE OF COSMETOLOGY         ,ID,83704-4406,Proprietary  ,5,18,23,39,75,114
04194800,VELVET TOUCH ACADEMY OF COSMETOLOGY     ,ID,83687-5020,Proprietary  ,0,0,0,24,39,63
04203200,BOISE BARBER COLLEGE                    ,ID,83704-5919,Proprietary  ,6,31,37,26,134,160
04203500,AUSTIN KADE ACADEMY                     ,ID,83404-5540,Proprietary  ,11,45,56,73,264,337
04207200,ACADEMY DI FIRENZE                      ,ID,83338-2329,Proprietary  ,0,2,2,6,21,27
04211800,COLLEGE OF WESTERN IDAHO                ,ID,83687-5505,Public       ,396,870,1266,4586,7469,12055
00149912,EVEREST UNIVERSITY - EVEREST COLLEGE - K,MO,64114-3246,Private      ,9,65,74,112,616,728
00163200,AQUINAS INSTITUTE OF THEOLOGY           ,MO,63108-3323,Private      ,1,12,13,2,72,74
00244900,AVILA UNIVERSITY                        ,MO,64145-1698,Private      ,43,137,180,1529,1635,3164
00245000,CALVARY BIBLE COLLEGE                   ,MO,64147-1341,Private      ,8,19,27,173,205,378
00245300,CENTRAL METHODIST UNIVERSITY            ,MO,65248-1198,Private      ,46,189,235,1871,2392,4263
00245400,UNIVERSITY OF CENTRAL MISSOURI          ,MO,64093-5178,Public       ,282,374,656,9267,4808,14075
00245600,COLUMBIA COLLEGE                        ,MO,65216-4581,Private      ,205,1837,2042,3114,19645,22759
00245700,CONCORDIA SEMINARY                      ,MO,63105-3199,Private      ,0,12,12,2,417,419
00245800,COTTEY COLLEGE                          ,MO,64772-2790,Private      ,10,5,15,392,70,462
00245900,CROWDER COLLEGE                         ,MO,64850-9165,Public       ,130,274,404,2714,2921,5635
00246000,CULVER STOCKTON COLLEGE                 ,MO,63435-1299,Private      ,36,17,53,1456,223,1679
00246100,DRURY UNIVERSITY                        ,MO,65802-3791,Private      ,95,308,403,2376,3325,5701
00246200,EDEN THEOLOGICAL SEMINARY               ,MO,63119-0000,Private      ,0,17,17,2,150,152
00246300,EVANGEL UNIVERSITY                      ,MO,65802-2125,Private      ,58,95,153,2290,1137,3427
00246400,FONTBONNE UNIVERSITY                    ,MO,63105-3098,Private      ,43,151,194,1250,1913,3163
00246600,HARRIS - STOWE STATE UNIVERSITY         ,MO,63103-2199,Public       ,53,151,204,1615,1930,3545
00246700,CONCEPTION SEMINARY COLLEGE             ,MO,64433-0502,Private      ,3,0,3,59,9,68
00246800,JEFFERSON COLLEGE                       ,MO,63050-2441,Public       ,155,294,449,2735,2724,5459
00247100,ST LOUIS COMMUNITY COLLEGE              ,MO,63102-0000,Public       ,628,1662,2290,10783,14411,25194
00247300,KANSAS CITY ART INSTITUTE               ,MO,64111-1874,Private      ,34,38,72,1172,374,1546
00247400,KANSAS CITY UNIV OF MED AND BIOSCIENCES ,MO,64106-0000,Private      ,7,29,36,97,1294,1391
00247600,KENRICK-GLENNON SEMINARY                ,MO,63119-4330,Private      ,0,2,2,32,11,43
00247700,A.T. STILL UNIV OF HEALTH SCIENCES      ,MO,63501-0000,Private      ,1,97,98,24,3090,3114
00247900,LINCOLN UNIVERSITY                      ,MO,65101-3500,Public       ,84,124,208,2748,1696,4444
00248000,LINDENWOOD UNIVERSITY                   ,MO,63301-1695,Private      ,282,715,997,7304,7632,14936
00248200,MARYVILLE UNIVERSITY                    ,MO,63141-7299,Private      ,92,535,627,2713,5592,8305
00248400,METROPOLITAN COMMUNITY COLLEGE          ,MO,64111-2408,Public       ,606,1559,2165,9272,12335,21607
00248500,MIDWESTERN BAPTIST THEOL SEMINARY       ,MO,64118-4697,Private      ,5,65,70,141,519,660
00248600,MINERAL AREA COLLEGE                    ,MO,63601-1000,Public       ,91,248,339,1909,2111,4020
00248800,MISSOURI SOUTHERN STATE UNIVERSITY      ,MO,64801-1595,Public       ,152,291,443,4711,3644,8355
00248900,MISSOURI VALLEY COLLEGE                 ,MO,65340-3197,Private      ,44,42,86,1779,462,2241
00249000,MISSOURI WESTERN STATE UNIVERSITY       ,MO,64507-2294,Public       ,166,189,355,4423,2447,6870
00249100,MOBERLY AREA COMMUNITY COLLEGE          ,MO,65270-1304,Public       ,130,321,451,3016,2891,5907
00249400,NAZARENE THEOLOGICAL SEMINARY           ,MO,64131-1246,Private      ,1,12,13,7,159,166
00249500,TRUMAN STATE UNIVERSITY                 ,MO,63501-4221,Public       ,134,42,176,5831,646,6477
00249600,NORTHWEST MISSOURI STATE UNIV           ,MO,64468-6001,Public       ,187,92,279,6260,1296,7556
00249800,PARK UNIVERSITY                         ,MO,64152-3795,Private      ,54,919,973,1454,8693,10147
00249900,ROCKHURST UNIVERSITY                    ,MO,64110-2561,Private      ,58,86,144,2347,1157,3504
00250000,COLLEGE OF THE OZARKS                   ,MO,65726-2502,Private      ,133,37,170,3544,397,3941
00250100,SOUTHEAST MISSOURI STATE UNIV           ,MO,63701-4799,Public       ,224,394,618,8995,4388,13383
00250200,SOUTHWEST BAPTIST UNIVERSITY            ,MO,65613-2597,Private      ,79,121,200,2169,1700,3869
00250300,MISSOURI STATE UNIVERSITY               ,MO,65897-0094,Public       ,595,625,1220,17400,8829,26229
00250400,ST LOUIS COLLEGE OF PHARMACY            ,MO,63110-1088,Private      ,24,26,50,794,861,1655
00250600,SAINT LOUIS UNIVERSITY                  ,MO,63103-2097,Private      ,231,432,663,10106,7099,17205
00250900,SAINT PAUL SCHOOL OF THEOLOGY           ,MO,64127-2499,Private      ,0,11,11,1,98,99
00251200,STEPHENS COLLEGE                        ,MO,65215-0001,Private      ,50,48,98,1059,640,1699
00251400,NORTH CENTRAL MISSOURI COLLEGE          ,MO,64683-1824,Public       ,40,97,137,961,878,1839
00251600,UNIVERSITY OF MISSOURI - COLUMBIA       ,MO,65211-1600,Public       ,707,516,1223,28087,8541,36628
00251700,MISSOURI UNIVERSITY OF SCIENCE & TECHNOL,MO,65409-0250,Public       ,175,84,259,6711,1534,8245
00251800,UNIVERSITY OF MISSOURI-KANSAS CITY      ,MO,64110-2497,Public       ,290,547,837,8241,9141,17382
00251900,UNIVERSITY OF MISSOURI-ST LOUIS         ,MO,63121-4499,Public       ,271,610,881,6996,9817,16813
00252000,WASHINGTON UNIVERSITY                   ,MO,63130-4899,Private      ,362,284,646,15786,5455,21241
00252001,WASHINGTON UNIV-SCHOOL OF MEDICINE      ,MO,63110-0000,Private      ,15,33,48,170,1450,1620
00252100,WEBSTER UNIVERSITY                      ,MO,63119-3194,Private      ,100,868,968,3504,11024,14528
00252200,WENTWORTH MILITARY ACADEMY              ,MO,64067-1799,Private      ,9,25,34,286,214,500
00252300,WESTMINSTER COLLEGE                     ,MO,65251-1299,Private      ,33,14,47,1243,156,1399
00252400,WILLIAM JEWELL COLLEGE                  ,MO,64068-1896,Private      ,37,34,71,1257,282,1539
00252500,WILLIAM WOODS UNIVERSITY                ,MO,65251-2388,Private      ,33,275,308,1093,1434,2527
00405704,NATIONAL AMERICAN UNIVERSITY            ,MO,64057-1791,Proprietary  ,3,65,68,48,630,678
00470300,LOGAN COLLEGE OF CHIROPRACTIC           ,MO,63006-0000,Private      ,3,86,89,62,941,1003
00470700,COVENANT THEOLOGICAL SEMINARY           ,MO,63141-8697,Private      ,0,18,18,5,442,447
00471100,STATE TECHNICAL COLLEGE OF MISSOURI     ,MO,65051-9607,Public       ,39,52,91,1417,475,1892
00471300,THREE RIVERS COMMUNITY COLLEGE          ,MO,63901-2393,Public       ,136,399,535,2060,3434,5494
00528800,KIRKSVILLE AREA TECHNICAL CENTER        ,MO,63501-0000,Public       ,2,10,12,31,76,107
00528900,WAYNESVILLE CAREER CENTER               ,MO,65583-2131,Public       ,5,13,18,57,155,212
00542400,SOUTH CENTRAL CAREER CENTER             ,MO,65775-3052,Public       ,5,28,33,58,174,232
00542600,SIKESTON CAREER AND TECHNOLOGY CTR      ,MO,63801-0000,Public       ,2,46,48,92,255,347
00542900,ROLLA TECHNICAL INSTITUTE               ,MO,65401-3601,Public       ,12,36,48,241,345,586
00543000,POPLAR BLUFF TECHNICAL CAREER CNTR      ,MO,63901-0000,Public       ,5,42,47,81,243,324
00543800,SALINE COUNTY CAREER CENTER             ,MO,65340-0000,Public       ,0,8,8,14,59,73
00544500,TRUMAN MEDICAL CENTER SCHOOL OF NURSE AN,MO,64108-2677,Private      ,0,0,0,50,96,146
00553100,GRAND RIVER TECHNICAL SCHOOL            ,MO,64601-1299,Public       ,2,1,3,73,62,135
00553200,CAPE GIRARDEAU CAREER & TECHNOLOGY CENTE,MO,63703-7511,Public       ,13,68,81,288,571,859
00638900,BARNES JEWISH COLLEGE OF NURSING AND ALL,MO,63110-1091,Private      ,26,77,103,587,1080,1667
00639200,RESEARCH COLLEGE OF NURSING             ,MO,64132-1199,Proprietary  ,6,43,49,155,331,486
00639201,RESEARCH MEDICAL CENTER - COLLEGE OF NUR,MO,64132-1199,Proprietary  ,2,20,22,57,143,200
00639202,RESEARCH MED CTR SCHL OF RAD TECH       ,MO,64132-0000,Proprietary  ,2,11,13,32,83,115
00666600,LUTHERAN SCHOOL OF NURSING              ,MO,63118-3909,Proprietary  ,5,14,19,59,201,260
00732923,ITT TECHNICAL INSTITUTE                 ,MO,63045-1122,Proprietary  ,64,453,517,586,3252,3838
00754000,MISSOURI BAPTIST UNIVERSITY             ,MO,63141-8698,Private      ,87,261,348,1982,2401,4383
00808000,STATE FAIR COMMUNITY COLLEGE            ,MO,65301-0000,Public       ,133,394,527,2486,3411,5897
00826900,HILLYARD TECHNICAL CENTER               ,MO,64506-0000,Public       ,5,28,33,179,240,419
00855200,STEVENS INSTITUTE OF BUSINESS & ARTS    ,MO,63103-0000,Proprietary  ,11,19,30,109,222,331
00886200,EAST CENTRAL COLLEGE                    ,MO,63084-0529,Public       ,101,271,372,1959,2160,4119
00908900,HANNIBAL-LAGRANGE COLLEGE               ,MO,63401-1999,Private      ,18,43,61,733,565,1298
00952000,NATIONAL ACADEMY OF BEAUTY ARTS         ,MO,63128-1307,Proprietary  ,7,32,39,83,205,288
00959000,INDEPENDENCE COLLEGE OF COSMETOLOGY     ,MO,64055-1105,Proprietary  ,5,16,21,41,100,141
00960700,HOUSE OF HEAVILIN BEAUTY COLLEGE        ,MO,64110-2826,Proprietary  ,2,13,15,35,122,157
00978200,SAINT LUKE'S COLLEGE OF HEALTH SCIENCES ,MO,64114-3237,Private      ,10,47,57,280,515,795
00979500,MISSOURI COLLEGE                        ,MO,63144-2901,Proprietary  ,23,97,120,205,634,839
01027900,HICKEY COLLEGE                          ,MO,63146-0000,Proprietary  ,22,36,58,571,416,987
01040500,PINNACLE CAREER INSTITUTE               ,MO,64131-3367,Proprietary  ,25,232,257,163,1363,1526
01040501,PINNACLE CAREER INSTITUTE - NORTH KANSAS,MO,64153-1151,Proprietary  ,9,53,62,55,323,378
01050303,WICHITA TECHNICAL INSTITUTE - WTI JOPLIN,MO,64801-2970,Proprietary  ,6,38,44,40,236,276
01102600,WARRENSBURG AREA VOC TECH SCH           ,MO,64093-0000,Public       ,3,10,13,47,78,125
01173500,PIKE/LINCOLN TECHNICAL CENTER           ,MO,63344-0000,Public       ,0,5,5,13,42,55
01250000,RANKEN TECHNICAL COLLEGE                ,MO,63113-2811,Private      ,117,291,408,1718,2011,3729
01258000,ST LOUIS CHRISTIAN COLLEGE              ,MO,63033-6499,Private      ,1,11,12,107,178,285
01320800,BAPTIST BIBLE COLLEGE                   ,MO,65803-3498,Private      ,17,27,44,315,239,554
02056100,FOUR RIVERS CAREER CENTER               ,MO,63090-0000,Public       ,2,13,15,26,77,103
02068200,COX HEALTH - COX COLLEGE                ,MO,65802-0000,Private      ,23,87,110,373,1196,1569
02119200,COURT REPORTING INSTITUTE OF ST LOUIS   ,MO,63105-3329,Proprietary  ,1,28,29,24,330,354
02119204,COURT REPORTING INSTITUTE OF DALLAS - CO,MO,63105-3329,Proprietary  ,0,0,0,1,20,21
02121100,MIDWEST INSTITUTE                       ,MO,63122-0000,Proprietary  ,21,71,92,74,214,288
02124500,FRANKLIN TECHNOLOGY CENTER              ,MO,64801-0000,Public       ,5,31,36,97,375,472
02142200,LEX LA RAY TECHNICAL CENTER             ,MO,64067-0000,Public       ,0,6,6,19,76,95
02154900,MISSOURI SCH OF BARB & HAIR             ,MO,63031-0000,Proprietary  ,1,9,10,18,74,92
02164200,FOREST INSTITUTE OF PROFESSIONAL PSYCHOL,MO,65807-1445,Private      ,0,7,7,13,98,111
02165900,CHILLICOTHE BEAUTY ACADEMY              ,MO,64601-0000,Proprietary  ,1,2,3,11,17,28
02180200,METRO BUSINESS COLLEGE                  ,MO,63701-0000,Proprietary  ,11,62,73,100,540,640
02188100,NORTHLAND CAREER CENTER                 ,MO,64079-8333,Public       ,0,1,1,25,61,86
02202700,OZARK CHRISTIAN COLLEGE                 ,MO,64801-0000,Private      ,11,19,30,652,234,886
02203400,NEVADA REGIONAL TECHNICAL CENTER        ,MO,64772-0000,Public       ,2,3,5,46,81,127
02205200,SANFORD-BROWN COLLEGE                   ,MO,63026-7305,Proprietary  ,0,0,0,10,28,38
02214500,SALEM COLLEGE OF HAIRSTYLING            ,MO,65401-0000,Proprietary  ,3,14,17,21,47,68
02239200,ANTHEM COLLEGE                          ,MO,63043-0000,Proprietary  ,0,4,4,11,34,45
02250600,EVEREST COLLEGE                         ,MO,65807-2446,Private      ,14,70,84,82,543,625
02263400,LAKE CAREER AND TECHNICAL CENTER        ,MO,65020-0000,Public       ,0,7,7,7,53,60
02266400,CENTRAL CHRISTIAN CLG OF THE BIBLE      ,MO,65270-0000,Private      ,5,13,18,215,133,348
02277500,HOUSE OF HEAVILIN BEAUTY COLLEGE        ,MO,64014-3953,Proprietary  ,15,31,46,84,193,277
02289200,COLUMBIA AREA CAREER CENTER             ,MO,65203-0000,Public       ,10,62,72,176,473,649
02295700,MISSOURI BEAUTY ACADEMY                 ,MO,63640-1827,Proprietary  ,3,10,13,26,99,125
02300105,EVEREST COLLEGE - EARTH CITY            ,MO,63045-1100,Private      ,0,3,3,11,57,68
02304000,MISSOURI TECH                           ,MO,63303-3887,Proprietary  ,0,0,0,63,122,185
02309100,AMERICAN COLLEGE OF HAIR DESIGN         ,MO,65301-2144,Proprietary  ,2,13,15,28,56,84
02313000,CASS CAREER CENTER                      ,MO,64701-0000,Public       ,0,6,6,12,73,85
02340500,ST LOUIS COLLEGE OF HEALTH CAREERS      ,MO,63110-0000,Proprietary  ,28,175,203,286,1297,1583
02342100,CAREER & TECHNOLOGY CTR AT FT OSAGE     ,MO,64058-0000,Public       ,1,10,11,12,80,92
02361600,CONCORDE CAREER COLLEGE                 ,MO,64111-0000,Proprietary  ,57,237,294,336,1357,1693
02497500,CLINTON TECHNICAL SCHOOL                ,MO,64735-2966,Public       ,2,17,19,16,84,100
02520800,MERRELL UNIV OF BTY ARTS & SCIENCES     ,MO,65109-0000,Proprietary  ,7,24,31,71,155,226
02530600,SAINT CHARLES COMMUNITY COLLEGE         ,MO,63376-0975,Public       ,252,375,627,4479,2998,7477
02543800,PARIS II EDUCATIONAL CENTER (THE)       ,MO,64118-0000,Proprietary  ,5,17,22,39,96,135
02564700,ELAINE STEVEN BEAUTY COLLEGE            ,MO,63136-0000,Proprietary  ,8,42,50,80,254,334
02564702,ELAINE STEVEN BEAUTY COLLEGE - ADVANCE B,MO,63401-2269,Proprietary  ,0,2,2,9,23,32
02568500,GRABBER SCHOOL OF HAIR DESIGN           ,MO,63011-0000,Proprietary  ,7,17,24,106,144,250
02599700,VATTEROTT COLLEGE                       ,MO,63134-2900,Proprietary  ,51,259,310,390,1791,2181
02599701,VATTEROTT COLLEGE - KANSAS CITY         ,MO,64117-0000,Proprietary  ,25,154,179,196,909,1105
02599702,VATTEROTT COLLEGE - SPRINGFIELD LOCATION,MO,65807-5340,Proprietary  ,15,120,135,160,819,979
02599703,VATTEROTT COLLEGE - JOPLIN              ,MO,64801-5033,Proprietary  ,10,90,100,83,588,671
02599705,VATTEROTT COLLEGE - SUNSET HILLS        ,MO,63127-1516,Proprietary  ,13,107,120,124,686,810
02599712,VATTEROTT COLLEGE - O'FALLON            ,MO,63366-2748,Proprietary  ,16,71,87,117,523,640
02599714,VATTEROTT COLLEGE - EX'TREME INSTITUTE B,MO,63102-2115,Proprietary  ,25,104,129,263,638,901
02603101,CRAVE BEAUTY ACADEMY-BALLWIN            ,MO,63011-3125,Proprietary  ,3,17,20,5,25,30
02608000,NEOSHO BEAUTY COLLEGE                   ,MO,64850-1525,Proprietary  ,1,11,12,18,44,62
02609202,VATTEROTT COLLEGE-ST JOSEPH             ,MO,64501-2911,Proprietary  ,5,47,52,58,285,343
02609203,VATTEROTT COLLEGE - L'ECOLE CULINAIRE   ,MO,63124-1103,Proprietary  ,8,84,92,111,409,520
02609206,VATTEROTT COLLEGE - L'ECOLE CULINAIRE   ,MO,64112-2110,Proprietary  ,15,78,93,88,381,469
02611004,HERITAGE COLLEGE-KANSAS CITY            ,MO,64131-4203,Proprietary  ,35,119,154,153,667,820
03066300,BRYAN CAREER COLLEGE                    ,MO,65806-2507,Proprietary  ,15,115,130,67,661,728
03066303,BRYAN COLLEGE - COLUMBIA                ,MO,65201-8248,Proprietary  ,4,47,51,76,299,375
03068600,SPECIAL SCHOOL DISTRICT OF ST. LOUIS CO.,MO,63127-1324,Public       ,7,41,48,61,398,459
03070200,CENTRAL COLLEGE OF COSMETOLOGY          ,MO,65583-0000,Proprietary  ,5,17,22,39,95,134
03070900,SE MO HOSP CLG NURSING & HEALTH SCI     ,MO,63703-4507,Private      ,9,27,36,172,422,594
03077200,COSMETOLOGY CONCEPTS INSTITUTE          ,MO,65202-1972,Proprietary  ,5,26,31,67,142,209
03083000,OZARKS TECHNICAL COMMUNITY COLLEGE      ,MO,65802-3601,Public       ,552,1301,1853,7883,11214,19097
03092600,MESSENGER COLLEGE                       ,MO,64804-0000,Private      ,3,7,10,112,100,212
03097600,ST LOUIS HAIR ACADEMY                   ,MO,63107-1737,Proprietary  ,2,25,27,46,133,179
03101000,NEW DIMENSION SCHOOL OF HAIR DESIGN     ,MO,64801-5017,Proprietary  ,1,14,15,19,80,99
03106000,MISSOURI STATE UNIVERSITY - WEST PLAINS ,MO,65775-2715,Public       ,77,151,228,1349,1226,2575
03110900,HOUSE OF HEAVILIN BEAUTY COLLEGE        ,MO,64083-9195,Proprietary  ,3,6,9,27,46,73
03519300,MISSOURI COLLEGE OF COSMETOLOGY NORTH   ,MO,65803-0000,Proprietary  ,7,29,36,59,165,224
03579300,TEXAS COUNTY TECHNICAL INSTITUTE        ,MO,65483-2700,Private      ,1,25,26,38,232,270
03616300,AVIATION INSTITUTE OF MAINTENANCE       ,MO,64129-1811,Proprietary  ,4,49,53,60,265,325
03878300,PROFESSIONAL MASSAGE TRAINING CENTER    ,MO,65803-2939,Proprietary  ,0,0,0,13,53,66
03916300,ECLIPS SCHOOL OF COSMETOLOGY AND BARBERI,MO,63703-5809,Proprietary  ,3,26,29,28,141,169
03924300,HAIR ACADEMY 110 (THE)                  ,MO,63501-2915,Proprietary  ,4,1,5,14,23,37
03970400,WELLSPRING SCHOOL OF ALLIED HEALTH      ,MO,64114-3313,Proprietary  ,9,39,48,55,263,318
04037500,ACADEMY OF HAIR DESIGN                  ,MO,65804-2303,Proprietary  ,26,75,101,114,324,438
04051329,ART INSTITUTE OF PHOENIX (THE) - BROWN M,MO,63026-2564,Proprietary  ,5,21,26,100,192,292
04118700,AMERICAN BUSINESS & TECHNOLOGY UNIVERSIT,MO,64506-2961,Proprietary  ,3,117,120,36,413,449
04119100,CITY VISION COLLEGE                     ,MO,64141-3188,Private      ,2,27,29,20,169,189
04122300,GRANTHAM UNIVERSITY                     ,MO,64153-2262,Proprietary  ,71,1469,1540,597,12116,12713
04130600,"CENTER FOR HEALING ARTS (THE), LLC      ",MO,63143-2103,Proprietary  ,2,30,32,16,152,168
04133300,TREND SETTERS SCHOOL OF COSMETOLOGY     ,MO,63702-7607,Proprietary  ,1,7,8,29,99,128
04145200,TRANSFORMED BARBER AND COSMETOLOGY ACADE,MO,64137-1207,Proprietary  ,6,32,38,40,182,222
04145700,THE SYSTEM A PAUL MITCHELL PARTNER SCHL ,MO,65807-5969,Proprietary  ,14,30,44,97,200,297
04146100,URSHAN GRADUATE SCHOOL OF THEOLOGY      ,MO,63031-7526,Private      ,1,5,6,28,49,77
04152200,CARTHAGE R-9 SCHOOL DISTRICT/CARTHAGE TE,MO,64836-1332,Public       ,0,9,9,9,66,75
04170600,SALON PROFESSIONAL ACADEMY (THE)        ,MO,63301-1021,Proprietary  ,6,16,22,50,114,164
04170700,PAUL MITCHELL THE SCHOOL ST LOUIS       ,MO,63108-1554,Proprietary  ,20,52,72,226,290,516
04173900,COSMETOLOGY COLLEGE OF FRANKLIN COUNTY  ,MO,63077-3448,Proprietary  ,1,13,14,13,41,54
04174000,SKIN INSTITUTE                          ,MO,63128-1307,Proprietary  ,6,17,23,38,105,143
04174800,AMERICAN TRADE SCHOOL                   ,MO,63074-1807,Proprietary  ,6,18,24,39,153,192
04179000,"SALON PROFESSIONAL ACADEMY, THE         ",MO,65616-7216,Proprietary  ,0,0,0,1,4,5
04184400,SEYMOUR BEAUTY ACADEMY                  ,MO,65746-8743,Proprietary  ,2,7,9,7,37,44
04187000,DONNA'S ACADEMY OF HAIR DESIGN          ,MO,64089-9042,Proprietary  ,6,4,10,31,29,60
04212100,ACADEMY OF SALON PROFESSIONALS          ,MO,65301-6910,Proprietary  ,4,20,24,23,85,108
04218400,CITY POINTE BEAUTY ACADEMY              ,MO,64870-2502,Proprietary  ,5,24,29,41,110,151
04236300,BEYOND THE BASICS SCHOOL OF COSMETOLOGY ,MO,65706-0003,Proprietary  ,0,9,9,0,14,14
04243000,ESSENTIALS ACADEMY OF COSMETOLOGY       ,MO,64850-9104,Proprietary  ,1,3,4,3,7,10
04247100,ACADEMY OF COSMETOLOGY AND ESTHETICS    ,MO,64772-2805,Proprietary  ,3,11,14,7,16,23
04247400,EA LA MAR'S COSMETOLOGY & BARBER COLLEGE,MO,64127-1912,Proprietary  ,5,17,22,6,26,32
04249500,LEBANON COLLEGE OF COSMETOLOGY          ,MO,65536-3800,Proprietary  ,1,5,6,4,6,10
00314600,WESTERN OKLAHOMA STATE COLLEGE          ,OK,73521-1397,Public       ,34,115,149,575,944,1519
00314700,BACONE COLLEGE                          ,OK,74403-1597,Private      ,43,87,130,841,719,1560
00314900,SOUTHERN NAZARENE UNIVERSITY            ,OK,73008-2694,Private      ,40,244,284,1271,2061,3332
00315000,CAMERON UNIVERSITY                      ,OK,73505-6377,Public       ,143,362,505,2135,3752,5887
00315100,OKLAHOMA WESLEYAN UNIVERSITY            ,OK,74006-6299,Private      ,50,78,128,1177,1227,2404
00315200,UNIV OF CENTRAL OKLAHOMA                ,OK,73034-5209,Public       ,580,681,1261,10482,7941,18423
00315300,CONNORS STATE COLLEGE                   ,OK,74469-2204,Public       ,58,157,215,1374,1631,3005
00315400,EAST CENTRAL UNIVERSITY                 ,OK,74820-6999,Public       ,150,216,366,2996,2475,5471
00315500,EASTERN OKLAHOMA STATE COLLEGE          ,OK,74578-4999,Public       ,46,123,169,841,1107,1948
00315600,REDLANDS COMMUNITY COLLEGE              ,OK,73036-5304,Public       ,44,107,151,769,1028,1797
00315700,LANGSTON UNIVERSITY                     ,OK,73050-0000,Public       ,147,153,300,3528,1999,5527
00315800,MURRAY STATE COLLEGE                    ,OK,73460-3137,Public       ,64,143,207,1374,1559,2933
00316000,NORTHEASTERN OKLAHOMA A & M COLLEGE     ,OK,74354-6497,Public       ,86,140,226,1819,1194,3013
00316100,NORTHEASTERN STATE UNIVERSITY           ,OK,74464-2399,Public       ,207,374,581,5253,6000,11253
00316200,NORTHERN OKLAHOMA COLLEGE               ,OK,74653-0310,Public       ,109,217,326,2037,1879,3916
00316300,NORTHWESTERN OKLAHOMA STATE UNIV        ,OK,73717-2799,Public       ,65,98,163,1451,1010,2461
00316400,OKLAHOMA BAPTIST UNIVERSITY             ,OK,74801-2590,Private      ,151,49,200,2881,533,3414
00316500,OKLAHOMA CHRISTIAN UNIVERSITY           ,OK,73131-0000,Private      ,83,108,191,2630,1036,3666
00316600,OKLAHOMA CITY UNIVERSITY                ,OK,73106-1493,Private      ,131,292,423,2760,2871,5631
00316700,UNIV OF SCIENCE & ARTS OF OKLAHOMA      ,OK,73018-5322,Public       ,37,45,82,852,429,1281
00316800,ROGERS STATE UNIVERSITY                 ,OK,74017-3252,Public       ,100,251,351,2777,2772,5549
00317000,OKLAHOMA STATE UNIVERSITY               ,OK,74078-1026,Public       ,883,609,1492,20058,8241,28299
00317200,OKLAHOMA STATE UNIVERSITY-OKMULGEE      ,OK,74447-3901,Public       ,96,200,296,1890,1884,3774
00317400,OKLAHOMA PANHANDLE STATE UNIVERSITY     ,OK,73939-0000,Public       ,58,45,103,857,407,1264
00317600,CARL ALBERT STATE COLLEGE               ,OK,74953-5208,Public       ,63,197,260,1283,1781,3064
00317800,SEMINOLE STATE COLLEGE                  ,OK,74818-0351,Public       ,65,107,172,1002,1157,2159
00317900,SOUTHEASTERN OKLAHOMA STATE UNIV        ,OK,74701-0609,Public       ,136,221,357,2413,2446,4859
00318000,SOUTHWESTERN CHRISTIAN UNIVERSITY       ,OK,73008-2335,Private      ,26,36,62,469,557,1026
00318100,SOUTHWESTERN OKLAHOMA STATE UNIV        ,OK,73096-3098,Public       ,145,189,334,3456,2246,5702
00318101,SOUTHWESTERN OK STATE UNIV AT SAYRE     ,OK,73662-0000,Public       ,3,24,27,160,200,360
00318300,ST GREGORY'S UNIVERSITY                 ,OK,74804-2499,Private      ,14,59,73,510,440,950
00318308,SAINT GREGORY'S UNIVERSITY - IPD TULSA  ,OK,74135-2499,Private      ,5,18,23,44,144,188
00318400,UNIVERSITY OF OKLAHOMA                  ,OK,73019-4078,Public       ,875,864,1739,19294,10162,29456
00318401,UNIVERSITY OF OKLAHOMA-HLTH SCI CTR     ,OK,73190-0000,Public       ,39,129,168,774,3209,3983
00318500,UNIVERSITY OF TULSA                     ,OK,74104-3189,Private      ,165,157,322,3868,1963,5831
00398500,ORAL ROBERTS UNIVERSITY                 ,OK,74171-0001,Private      ,96,185,281,3169,2074,5243
00531100,TULSA COUNTY AREA VOC TECH SCHOOL       ,OK,74145-0000,Public       ,47,225,272,727,1723,2450
00531200,RED RIVER TECHNOLOGY CENTER             ,OK,73533-2700,Public       ,5,30,35,40,182,222
00533900,METRO TECHNOLOGY CENTERS SCH DIST22     ,OK,73111-0000,Public       ,19,140,159,219,1066,1285
00533903,METRO TECHNOLOGY CENTERS SCH DIST22     ,OK,73129-0000,Public       ,13,105,118,155,733,888
00694200,MID-AMERICA CHRISTIAN UNIVERSITY        ,OK,73170-4504,Private      ,37,369,406,615,3084,3699
00767800,SPARTAN COLLEGE OF AERONAUTICS AND TECHN,OK,74115-5800,Proprietary  ,53,100,153,914,840,1754
00791100,VIRGILS BEAUTY COLLEGE                  ,OK,74401-6802,Proprietary  ,3,11,14,12,66,78
00834300,AUTRY TECHNOLOGY CENTER                 ,OK,73703-2598,Public       ,2,29,31,87,242,329
00861900,TRI COUNTY TECHNOLOGY CENTER            ,OK,74006-6029,Public       ,0,0,0,19,65,84
00918500,ROSE STATE COLLEGE                      ,OK,73110-2799,Public       ,200,599,799,3024,5168,8192
00920400,KIAMICHI TECHNOLOGY CENTER              ,OK,74578-0548,Public       ,24,112,136,265,816,1081
00961800,TULSA WELDING SCHOOL                    ,OK,74104-0000,Proprietary  ,342,605,947,2145,2864,5009
00964700,"OKLAHOMA STATE UNIV, OKLA CITY          ",OK,73107-6159,Public       ,226,684,910,3002,6218,9220
00970800,EVES COLLEGE OF HAIRSTYLING             ,OK,73501-0000,Proprietary  ,1,23,24,16,153,169
00976300,TULSA COMMUNITY COLLEGE                 ,OK,74135-6198,Public       ,532,1314,1846,8565,12013,20578
00996300,CADDO KIOWA VOC TECH CENTER             ,OK,73038-0000,Public       ,2,35,37,78,255,333
00996400,CENTRAL OKLAHOMA AREA VOC TECH SCH      ,OK,74030-9613,Public       ,8,31,39,99,267,366
00996500,CANADIAN VALLEY TECHNOLOGY CENTER       ,OK,73036-9117,Public       ,13,47,60,87,346,433
00996800,GORDON COOPER TECHNOLOGY CENTER         ,OK,74804-9913,Public       ,10,47,57,126,419,545
01005300,INDIAN CAPITAL TECHNOLGY CENTER #4      ,OK,74403-9907,Public       ,16,97,113,230,649,879
01026600,HILLSDALE FREE WILL BAPTIST COLLEGE     ,OK,73153-0000,Private      ,11,21,32,258,143,401
01034200,SOUTHERN OKLAHOMA TECHNOLOGY CENTER     ,OK,73401-2100,Public       ,4,41,45,84,298,382
01039100,OKLAHOMA CITY COMMUNITY COLLEGE         ,OK,73159-4444,Public       ,413,1060,1473,5724,9410,15134
01050304,WTI TULSA CAMPUS                        ,OK,74112-3140,Proprietary  ,6,63,69,40,291,331
01071700,GREAT PLAINS TECHNOLOGY CENTER SCHOOL DI,OK,73505-8399,Public       ,13,66,79,192,582,774
01076200,WESTERN OK AREA VOC TECH SCH DIST12     ,OK,73624-1469,Public       ,1,28,29,46,139,185
01120600,PIONEER TECHNOLOGY CENTER               ,OK,74601-1106,Public       ,1,24,25,32,184,216
01128200,OKLAHOMA STATE UNV CLG OSTEOPTHC MD     ,OK,74107-0000,Public       ,6,39,45,149,755,904
01153700,MID-AMERICA TECHNOLOGY CENTER           ,OK,73095-0210,Public       ,2,17,19,46,118,164
01227200,MOORE-NORMAN TECHNOLOGY CENTER          ,OK,73069-8399,Public       ,20,113,133,262,911,1173
02052700,NORTHEAST TECHNOLOGY CENTER             ,OK,74361-0487,Public       ,11,58,69,154,494,648
02060800,MERIDIAN TECHNOLOGY CENTER              ,OK,74074-0000,Public       ,10,48,58,140,293,433
02126500,ENID BEAUTY COLLEGE                     ,OK,73701-0000,Proprietary  ,3,7,10,22,50,72
02184400,SAND SPRINGS BEAUTY COLLEGE             ,OK,74063-0000,Proprietary  ,1,14,15,25,93,118
02197300,HOLLYWOOD COSMETOLOGY CENTER            ,OK,73189-0000,Proprietary  ,1,24,25,23,88,111
02222700,FRANCIS TUTTLE TECHNOLOGY CENTER        ,OK,73142-0000,Public       ,37,216,253,356,1541,1897
02238500,CENTRAL STATE BEAUTY ACADEMY            ,OK,73162-6007,Proprietary  ,17,82,99,91,354,445
02250900,E OK COUNTY AREA VO-TECH                ,OK,73020-0000,Public       ,7,14,21,53,95,148
02256200,"BROKEN ARROW BEAUTY COLLEGE, INC        ",OK,74012-0000,Proprietary  ,9,30,39,69,207,276
02282100,HIGH PLAINS AREA VOC-TECH               ,OK,73801-0000,Public       ,4,27,31,26,112,138
02306800,PLATT COLLEGE                           ,OK,74145-0000,Proprietary  ,37,223,260,240,1401,1641
02306811,PLATT COLLEGE - LAWTON                  ,OK,73501-3808,Proprietary  ,6,80,86,81,486,567
02510300,BEAUTY TECHNICAL COLLEGE                ,OK,74465-0000,Proprietary  ,2,16,18,12,57,69
02531200,WOODWARD BEAUTY COLLEGE                 ,OK,73801-0000,Proprietary  ,2,7,9,8,49,57
02556500,YUKON BEAUTY COLLEGE                    ,OK,73099-4108,Proprietary  ,0,13,13,6,45,51
02560200,PHILLIPS THEOLOGICAL SEMINARY -         ,OK,74116-5612,Private      ,1,17,18,2,117,119
02581100,CLAREMORE BEAUTY COLLEGE                ,OK,74017-7034,Proprietary  ,1,7,8,16,40,56
02581200,CC'S COSMETOLOGY COLLEGE                ,OK,74129-0000,Proprietary  ,2,34,36,48,182,230
02591101,CAREER POINT INSTITUTE                  ,OK,74146-0000,Proprietary  ,14,54,68,76,356,432
02596501,ATI-CAREER TRAINING CENTER - OKLAHOMA CI,OK,73107-2442,Proprietary  ,2,26,28,13,108,121
02596502,ATI- CAREER TRAINING CENTER - OKLAHOMA C,OK,76101-2740,Proprietary  ,2,30,32,26,139,165
02597400,PONTOTOC TECHNOLOGY CENTER SCHOOL       ,OK,74820-8621,Public       ,6,17,23,80,172,252
02599706,VATTEROTT COLLEGE - TULSA               ,OK,74146-2205,Proprietary  ,6,58,64,59,444,503
02600000,NORTHWEST TECHNOLOG CTR SCH DIST 10     ,OK,73717-9600,Public       ,2,8,10,18,52,70
02600500,WES WATKINS TECHNOLOGY CENTER           ,OK,74883-9660,Public       ,1,12,13,24,110,134
02609205,VATTEROTT COLLEGE - OKLAHOMA CITY       ,OK,73127-2103,Proprietary  ,6,129,135,69,764,833
03008700,SOUTHWEST TECHNOLOGY CENTER             ,OK,73521-1527,Public       ,4,27,31,51,173,224
03024700,STILLWATER BEAUTY ACADEMY               ,OK,74075-3467,Proprietary  ,4,4,8,16,50,66
03030700,OKLAHOMA SCHOOL OF PHOTOGRAPHY          ,OK,73160-3320,Proprietary  ,1,14,15,32,97,129
03030800,AMERICAN BROADCASTING SCHOOL            ,OK,73115-3334,Proprietary  ,3,43,46,37,246,283
03051100,CHISHOLM TRAIL TECHNOLOGY CENTER        ,OK,73764-6335,Public       ,2,5,7,12,64,76
03078500,TECH INST OF COSMETOLOGY ARTS & SCI     ,OK,74120-3610,Proprietary  ,3,21,24,34,91,125
03103800,SOUTHERN SCHOOL OF BEAUTY               ,OK,74701-5008,Proprietary  ,2,7,9,18,43,61
03109800,PONCA CITY BEAUTY COLLEGE               ,OK,74601-4201,Proprietary  ,2,8,10,12,56,68
03109801,BARTLESVILLE BEAUTY COLLEGE             ,OK,74003-2835,Proprietary  ,3,4,7,10,36,46
03115100,HERITAGE COLLEGE                        ,OK,73119-0000,Proprietary  ,38,177,215,209,1005,1214
03124901,IMAGINE -  PAUL MITCHELL PARTNER SCHOOL ,OK,73072-4831,Proprietary  ,13,34,47,95,210,305
03126200,GREEN COUNTRY AREA VOC TECH SCHOOL      ,OK,74447-1217,Public       ,4,25,29,64,166,230
03198400,MID-DEL AREA VOCATIONAL & TECH SCH      ,OK,73110-4825,Public       ,2,27,29,56,187,243
03329400,PRYOR BEAUTY COLLEGE                    ,OK,74361-0000,Proprietary  ,0,2,2,9,27,36
03329401,PRYOR BEAUTY COLLEGE - GROVE BEAUTY COLL,OK,74345-0009,Proprietary  ,0,4,4,0,19,19
03329402,PRYOR BEAUTY COLLEGE - NORTH EAST OKLAHO,OK,74338-0000,Proprietary  ,0,0,0,0,1,1
03367400,COMMUNITY CARE COLLEGE                  ,OK,74145-6420,Proprietary  ,91,340,431,534,1988,2522
03453400,SHAWNEE BEAUTY COLLEGE                  ,OK,74801-7014,Proprietary  ,1,7,8,6,42,48
03676300,FAMILY OF FAITH COLLEGE                 ,OK,74802-1805,Private      ,0,2,2,7,28,35
03831300,INSTITUTE OF HAIR DESIGN                ,OK,74804-0000,Proprietary  ,2,5,7,7,29,36
03928300,CENTRAL STATE MASSAGE ACADEMY           ,OK,73162-6007,Proprietary  ,0,13,13,15,92,107
04051324,ART INSTITUTE OF PHOENIX (THE) - BROWN M,OK,74146-5234,Proprietary  ,3,28,31,60,281,341
04060300,AMERICAN INSTITUTE OF MEDICAL TECHNOLOGY,OK,74146-5201,Proprietary  ,11,39,50,109,295,404
04133600,CUTTER'S EDGE SCHOOL OF COSMETOLOGY     ,OK,74023-2905,Proprietary  ,0,3,3,4,18,22
04144400,ACADEMY OF HAIR DESIGN (THE)            ,OK,73120-6808,Proprietary  ,7,49,56,49,198,247
04184300,PAUL MITCHELL THE SCHOOL ARDMORE        ,OK,73401-3912,Proprietary  ,6,16,22,17,63,80
04213600,RIVER VALLEY COSMETOLOGY INSTITUTE      ,OK,74953-5260,Proprietary  ,1,12,13,15,71,86
04224700,JB'S HAIR DESIGN AND BARBER COLLEGE     ,OK,73139-1602,Proprietary  ,4,33,37,32,168,200
04224900,COLLEGE OF THE MUSCOGEE NATION          ,OK,74447-0917,Public       ,17,24,41,132,195,327
04225100,COMANCHE NATION COLLEGE                 ,OK,73501-7434,Public       ,0,9,9,23,111,134
04240500,PAUL MITCHELL THE SCHOOL TULSA          ,OK,74134-1410,Proprietary  ,19,37,56,105,227,332
00163700,BETHANY THEOLOGICAL SEMINARY            ,IN,47374-0000,Private      ,0,3,3,2,47,49
00178400,ANCILLA COLLEGE-FINANCIAL AID OFFC      ,IN,46513-0001,Private      ,14,22,36,552,395,947
00178500,ANDERSON UNIVERSITY                     ,IN,46012-3495,Private      ,28,69,97,2575,1129,3704
00178600,BALL STATE UNIVERSITY                   ,IN,47306-0880,Public       ,372,581,953,24055,9098,33153
00178700,BETHEL COLLEGE INC                      ,IN,46545-5591,Private      ,24,73,97,1792,1378,3170
00178800,BUTLER UNIVERSITY                       ,IN,46208-3487,Private      ,186,132,318,8221,2287,10508
00178900,CHRISTIAN THEOLOGICAL SEMINARY          ,IN,46208-0000,Private      ,1,11,12,15,270,285
00179200,DEPAUW UNIVERSITY                       ,IN,46135-0037,Private      ,54,9,63,3333,177,3510
00179300,EARLHAM COLLEGE                         ,IN,47374-4095,Private      ,33,11,44,1621,170,1791
00179301,EARLHAM SCHOOL OF RELIGION              ,IN,47374-0000,Private      ,0,3,3,14,57,71
00179500,UNIVERSITY OF EVANSVILLE                ,IN,47722-0002,Private      ,44,62,106,3394,846,4240
00179800,FRANKLIN COLLEGE OF INDIANA             ,IN,46131-2623,Private      ,32,20,52,1976,359,2335
00179900,GOSHEN COLLEGE                          ,IN,46526-4794,Private      ,18,26,44,904,556,1460
00180000,GRACE COLLEGE & THEO SEMINARY           ,IN,46590-1224,Private      ,29,78,107,2266,788,3054
00180100,HANOVER COLLEGE                         ,IN,47243-0108,Private      ,36,7,43,2220,133,2353
00180300,HUNTINGTON UNIVERSITY                   ,IN,46750-1299,Private      ,12,51,63,1297,597,1894
00180400,UNIVERSITY OF INDIANAPOLIS              ,IN,46227-3697,Private      ,124,239,363,6894,4971,11865
00180500,INDIANA INSTITUTE OF TECHNOLOGY         ,IN,46803-1297,Private      ,110,915,1025,2950,9184,12134
00180700,INDIANA STATE UNIVERSITY                ,IN,47809-2501,Public       ,249,512,761,15117,7935,23052
00180800,UNIVERSITY OF SOUTHERN INDIANA          ,IN,47712-3596,Public       ,150,225,375,8593,3688,12281
00180900,INDIANA UNIVERSITY-BLOOMINGTON          ,IN,47405-7000,Public       ,658,508,1166,35379,11433,46812
00181100,INDIANA UNIV-EAST                       ,IN,47374-1289,Public       ,28,171,199,2093,3009,5102
00181300,INDIANA UNIV-PURDUE UNIV INDPLS         ,IN,46202-2896,Public       ,403,1028,1431,24718,22806,47524
00181301,INDIANA UNIVERSITY - PURDUE UNIVERSITY I,IN,47203-1769,Public       ,44,108,152,2134,1953,4087
00181400,INDIANA UNIV KOKOMO                     ,IN,46902-3557,Public       ,34,166,200,2845,2592,5437
00181500,INDIANA UNIV-NORTHWEST                  ,IN,46408-1197,Public       ,95,333,428,4272,5035,9307
00181600,INDIANA UNIVERSITY - SOUTH BEND         ,IN,46615-0000,Public       ,103,268,371,5252,5064,10316
00181700,INDIANA UNIVERSITY-SOUTHEAST            ,IN,47150-6405,Public       ,103,270,373,4406,3927,8333
00182000,MANCHESTER UNIVERSITY                   ,IN,46962-1276,Private      ,27,17,44,2667,570,3237
00182100,MARIAN UNIVERSITY                       ,IN,46222-1997,Private      ,65,210,275,2557,3424,5981
00182200,INDIANA WESLEYAN UNIVERSITY             ,IN,46953-4974,Private      ,119,1566,1685,4434,16752,21186
00182300,ASSOCIATED MENNONITE BIBLICAL SEM       ,IN,46517-1999,Private      ,0,3,3,4,76,80
00182400,OAKLAND CITY UNIVERSITY                 ,IN,47660-1099,Private      ,11,49,60,488,647,1135
00182500,PURDUE UNIVERSITY                       ,IN,47907-2050,Public       ,706,453,1159,35894,7912,43806
00182600,PURDUE UNIV NORTH CENTRAL CAMPUS        ,IN,46391-9542,Public       ,53,108,161,3434,2234,5668
00182700,PURDUE UNIV CALUMET                     ,IN,46323-2094,Public       ,115,424,539,5994,6387,12381
00182800,INDIANA UNIV-PURDUE UNIV FORT WAYNE     ,IN,46805-1499,Public       ,159,317,476,9841,6816,16657
00183000,ROSE HULMAN INSTITUTE OF TECHNOLOGY     ,IN,47803-3999,Private      ,76,13,89,3389,221,3610
00183200,UNIVERSITY OF SAINT FRANCIS             ,IN,46808-3994,Private      ,30,123,153,2342,2147,4489
00183300,ST JOSEPH'S COLLEGE                     ,IN,47978-0000,Private      ,17,15,32,1494,219,1713
00183400,CALUMET COLLEGE OF SAINT JOSEPH         ,IN,46394-2195,Private      ,27,71,98,583,773,1356
00183500,SAINT MARY-OF-THE-WOODS COLLEGE         ,IN,47876-0067,Private      ,15,69,84,440,1043,1483
00183600,ST MARY'S COLLEGE                       ,IN,46556-5007,Private      ,28,4,32,1939,198,2137
00183800,TAYLOR UNIVERSITY                       ,IN,46989-1001,Private      ,46,13,59,2517,258,2775
00183900,TRINE UNIVERSITY                        ,IN,46703-1764,Private      ,40,69,109,3030,1199,4229
00184000,UNIVERSITY OF NOTRE DAME                ,IN,46556-5602,Private      ,365,185,550,14058,3159,17217
00184200,VALPARAISO UNIVERSITY                   ,IN,46383-6493,Private      ,115,89,204,5813,1979,7792
00184300,VINCENNES UNIVERSITY                    ,IN,47591-1523,Public       ,160,428,588,7559,4789,12348
00184400,WABASH COLLEGE                          ,IN,47933-0352,Private      ,21,8,29,1308,82,1390
00457900,INTERNATIONAL BUSINESS COLLEGE          ,IN,46804-0000,Proprietary  ,14,27,41,634,391,1025
00457901,INTERNATIONAL BUSINESS COLLEGE          ,IN,46256-0000,Proprietary  ,17,34,51,640,501,1141
00625700,SAINT ELIZABETH SCHOOL OF NURSING       ,IN,47904-2198,Private      ,4,24,28,163,364,527
00638510,CHAMBERLAIN COLLEGE OF NURSING - INDIANA,IN,46240-2158,Proprietary  ,15,165,180,209,1864,2073
00726300,HOLY CROSS COLLEGE                      ,IN,46556-0308,Private      ,7,6,13,738,131,869
00727600,SAINT MEINRAD SCHOOL OF THEOLOGY        ,IN,47577-1002,Private      ,0,5,5,1,97,98
00732900,ITT TECHNICAL INSTITUTE                 ,IN,46268-1119,Proprietary  ,403,2617,3020,3259,17591,20850
00732933,ITT TECHNICAL INSTITUTE                 ,IN,46635-1512,Proprietary  ,15,55,70,295,811,1106
00732962,ITT TECHNICAL INSTITUTE                 ,IN,47630-7430,Proprietary  ,77,480,557,599,3431,4030
00732968,ITT TECHNICAL INSTITUTE                 ,IN,46410-0000,Proprietary  ,12,72,84,224,811,1035
00732993,ITT TECHNICAL INSTITUTE                 ,IN,46825-2393,Proprietary  ,81,315,396,838,2721,3559
00736200,MEDTECH COLLEGE                         ,IN,46250-3970,Proprietary  ,16,112,128,277,1522,1799
00736202,MEDTECH COLLEGE - GREENWOOD             ,IN,46143-6478,Proprietary  ,5,37,42,101,575,676
00736204,MEDTECH COLLEGE - FORT WAYNE            ,IN,46804-2209,Proprietary  ,12,79,91,191,956,1147
00793800,LINCOLN COLLEGE OF TECHNOLOGY           ,IN,46202-0000,Proprietary  ,205,149,354,1717,1124,2841
00951500,J MICHAEL HARROLD BEAUTY ACADEMY        ,IN,47807-3390,Proprietary  ,2,20,22,48,138,186
00961200,"APEX SCHOOL OF BEAUTY CULTURE, INC      ",IN,46016-0000,Proprietary  ,0,7,7,23,63,86
00961300,MERRILLVILLE BEAUTY COLLEGE             ,IN,46410-3401,Proprietary  ,1,13,14,40,178,218
00967300,RUDAE'S SCHOOL OF BEAUTY CULTURE        ,IN,46825-5444,Proprietary  ,11,28,39,148,238,386
00991700,IVY TECH COMMUNITY COLLEGE OF INDIANA   ,IN,46208-1763,Public       ,1740,6779,8519,42018,80570,122588
01015100,VINCENNES BEAUTY COLLEGE                ,IN,47591-1297,Proprietary  ,2,7,9,92,91,183
01040900,TRICOCI U OF BEAUTY CULTURE-LAFAYETTE   ,IN,47901-1149,Proprietary  ,9,30,39,79,210,289
01048900,NATIONAL COLLEGE                        ,IN,46250-1930,Proprietary  ,5,45,50,57,416,473
01048910,NATIONAL COLLEGE - SOUTH BEND           ,IN,46617-3123,Proprietary  ,2,24,26,61,351,412
01048911,NATIONAL COLLEGE - FORT WAYNE           ,IN,46826-4905,Proprietary  ,2,16,18,45,217,262
01061800,MID-AMERICA CLG FUNERAL SERVICE         ,IN,47130-9990,Private      ,1,7,8,60,123,183
01150500,CREATIVE HAIR STYLING ACADEMY           ,IN,46322-1554,Proprietary  ,14,34,48,133,212,345
02084800,RAVENSCROFT BEAUTY COLLEGE              ,IN,46815-0000,Proprietary  ,17,42,59,121,264,385
02087600,CONCORDIA THEOLOGICAL SEMINARY          ,IN,46825-0000,Private      ,0,6,6,11,223,234
02100402,EVEREST INSTITUTE - EVEREST COLLEGE     ,IN,46410-7064,Proprietary  ,1,13,14,71,280,351
02140800,MARTIN UNIVERSITY                       ,IN,46218-0000,Private      ,8,84,92,154,1138,1292
02158400,HARRISON COLLEGE                        ,IN,46204-2611,Proprietary  ,40,282,322,640,3113,3753
02158401,HARRISON COLLEGE - COLUMBUS             ,IN,47203-1843,Proprietary  ,15,56,71,158,642,800
02158402,HARRISON COLLEGE - LAFAYETTE            ,IN,47905-4859,Proprietary  ,14,74,88,183,663,846
02158405,HARRISON COLLEGE - TERRE HAUTE          ,IN,47802-0000,Proprietary  ,5,77,82,121,696,817
02158407,HARRISON COLLEGE - ANDERSON             ,IN,46013-0000,Proprietary  ,8,61,69,159,647,806
02158409,HARRISON COLLEGE - EVANSVILLE           ,IN,47715-3901,Proprietary  ,6,67,73,182,603,785
02158410,HARRISON COLLEGE - EAST                 ,IN,46239-8903,Proprietary  ,19,111,130,247,1240,1487
02158412,HARRISON COLLEGE - FORT WAYNE           ,IN,46825-0000,Proprietary  ,11,49,60,151,670,821
02158413,HARRISON COLLEGE - NORTHWEST            ,IN,46278-0000,Proprietary  ,8,38,46,242,470,712
02158415,HARRISON COLLEGE - MUNCIE               ,IN,47303-0000,Proprietary  ,2,12,14,86,211,297
02158416,HARRISON COLLEGE - ELKHART              ,IN,46516-0000,Proprietary  ,2,28,30,71,342,413
02158800,DON ROBERTS BEAUTY SCHOOLS              ,IN,46383-0000,Proprietary  ,4,13,17,39,76,115
02164300,DON ROBERTS SCHOOL OF HAIR DESIGN       ,IN,46375-9999,Proprietary  ,1,10,11,28,86,114
02180108,ROSS MEDICAL EDUCATION CENTER -         ,IN,46530-4479,Proprietary  ,2,23,25,62,214,276
02201800,KAPLAN COLLEGE                          ,IN,46324-3347,Proprietary  ,19,115,134,239,879,1118
02201806,KAPLAN COLLEGE - SOUTHEAST INDIANAPOLIS ,IN,46227-1493,Proprietary  ,47,253,300,439,2010,2449
02241700,PJ'S COLLEGE OF COSMETOLOGY             ,IN,47129-0000,Proprietary  ,7,17,24,74,170,244
02245505,FORTIS COLLEGE - INDIANAPOLIS CAMPUS    ,IN,46268-0000,Proprietary  ,8,60,68,102,680,782
02304800,PJ'S COLLEGE OF COSMETOLOGY             ,IN,47374-0000,Proprietary  ,4,18,22,52,99,151
02308900,MASTER'S OF COSMETOLOGY COLLEGE         ,IN,46809-0000,Proprietary  ,3,13,16,101,147,248
02339600,ROGER'S ACADEMY OF HAIR DESIGN          ,IN,47712-0000,Proprietary  ,6,25,31,83,156,239
02351300,KNOX BEAUTY COLLEGE                     ,IN,46534-0000,Proprietary  ,0,2,2,12,30,42
02490500,HAIR FASHIONS BY KAYE BEAUTY CLG        ,IN,46250-0000,Proprietary  ,6,39,45,89,337,426
02490800,HAIR FASHIONS BY KAYE BEAUTY CLG        ,IN,46060-0000,Proprietary  ,1,9,10,32,68,100
02607000,HAIR ARTS ACADEMY                       ,IN,47404-2419,Proprietary  ,6,20,26,69,131,200
02615800,COLLEGE OF COURT REPORTING              ,IN,46342-5969,Proprietary  ,5,20,25,37,267,304
03176300,AVIATION INSTITUTE OF MAINTENANCE       ,IN,46241-1445,Proprietary  ,11,44,55,146,386,532
03456700,CROSSROADS BIBLE COLLEGE                ,IN,46219-4912,Private      ,2,25,27,63,428,491
03538300,ALEXANDRIA SCH OF SCIENTIFIC THERAP     ,IN,46001-0287,Proprietary  ,2,3,5,21,72,93
04038700,IDEAL BEAUTY ACADEMY                    ,IN,47130-4215,Proprietary  ,2,4,6,17,59,76
04051304,ART INSTITUTE OF PHOENIX (THE) - ART  IN,IN,46268-1170,Proprietary  ,39,97,136,1031,1034,2065
04051311,ART INSTITUTE OF PHOENIX (THE) - BROWN M,IN,46410-5608,Proprietary  ,15,58,73,134,634,768
04051312,ART INSTITUTE OF PHOENIX (THE) - BROWN M,IN,46360-7362,Proprietary  ,4,12,16,45,118,163
04051318,ART INSTITUTE OF PHOENIX (THE) - BROWN M,IN,46204-1017,Proprietary  ,15,115,130,255,1334,1589
04051321,ART INSTITUTE OF PHOENIX (THE) - BROWN M,IN,46635-1176,Proprietary  ,15,50,65,151,570,721
04051322,ART INSTITUTE OF PHOENIX (THE) - BROWN M,IN,46805-0000,Proprietary  ,15,40,55,167,619,786
04100300,SUCCESS SCHOOLS                         ,IN,46410-5310,Proprietary  ,7,38,45,80,235,315
04121000,TECHSKILLS - INDIANAPOLIS               ,IN,46240-4302,Proprietary  ,11,138,149,110,631,741
04130900,TRICOCI UNIVERSITY OF BEAUTY CULTURE    ,IN,46256-3317,Proprietary  ,10,37,47,112,305,417
04155900,AVEDA FREDRIC'S INSTITUTE               ,IN,46250-4746,Proprietary  ,16,30,46,199,290,489
04166700,REM SPA INC                             ,IN,46013-3136,Proprietary  ,10,18,28,69,160,229
04171700,AVANT GARD THE SCHOOL                   ,IN,46214-6500,Proprietary  ,2,12,14,26,84,110
04172700,SALON PROFESSIONAL ACADEMY (THE)        ,IN,47715-7822,Proprietary  ,11,17,28,122,153,275
04184000,PAUL MITCHELL THE SCHOOL INDIANAPOLIS   ,IN,46227-6252,Proprietary  ,7,34,41,172,317,489
04186600,SALON PROFESSIONAL ACADEMY (THE)        ,IN,46901-6248,Proprietary  ,4,18,22,72,149,221
04205500,LIL LOU'S BARBER COLLEGE                ,IN,46409-2645,Proprietary  ,5,40,45,44,200,244
04230300,EXCEL ACADEMIES OF COSMETOLOGY - MERRILL,IN,46410-5540,Proprietary  ,5,11,16,76,104,180
00190100,ALLEN COUNTY COMMUNITY COLLEGE          ,KS,66749-1607,Public       ,74,141,215,1108,1288,2396
00190200,COWLEY COUNTY COMMUNITY COLLEGE & AREA V,KS,67005-2662,Public       ,75,247,322,1524,2029,3553
00190300,BAKER UNIVERSITY                        ,KS,66006-0065,Private      ,44,265,309,1341,1878,3219
00190400,BETHANY COLLEGE                         ,KS,67456-1897,Private      ,31,12,43,929,144,1073
00190500,BETHEL COLLEGE                          ,KS,67117-8061,Private      ,23,16,39,747,168,915
00190600,BUTLER COUNTY COMMUNITY COLLEGE         ,KS,67042-3280,Public       ,262,561,823,4331,4945,9276
00190700,CENTRAL BAPTIST THEOLOGY SEMINARY       ,KS,66226-3513,Private      ,0,9,9,0,53,53
00190800,CENTRAL CHRISTIAN COLLEGE OF KANSAS     ,KS,67460-5799,Private      ,16,257,273,388,1147,1535
00190900,CLOUD COUNTY COMMUNITY COLLEGE          ,KS,66901-1002,Public       ,29,116,145,744,927,1671
00191000,COFFEYVILLE COMMUNITY COLLEGE           ,KS,67337-5064,Public       ,40,65,105,979,533,1512
00191100,COLBY COMMUNITY COLLEGE                 ,KS,67701-4099,Public       ,22,51,73,577,537,1114
00191300,DODGE CITY COMMUNITY COLLEGE            ,KS,67801-2399,Public       ,41,84,125,894,693,1587
00191400,DONNELLY COLLEGE                        ,KS,66102-4298,Private      ,11,51,62,290,486,776
00191500,FORT HAYS STATE UNIVERSITY              ,KS,67601-4099,Public       ,156,582,738,4588,6997,11585
00191600,FORT SCOTT COMMUNITY COLLEGE            ,KS,66701-3199,Public       ,65,102,167,1121,834,1955
00191700,BARCLAY COLLEGE                         ,KS,67059-0288,Private      ,8,20,28,167,167,334
00191800,FRIENDS UNIVERSITY                      ,KS,67213-3397,Private      ,38,174,212,1313,1949,3262
00191900,GARDEN CITY COMMUNITY COLLEGE           ,KS,67846-6398,Public       ,80,76,156,1243,680,1923
00192000,HESSTON COLLEGE                         ,KS,67062-2093,Private      ,6,6,12,393,170,563
00192100,HIGHLAND COMMUNITY COLLEGE              ,KS,66035-4062,Public       ,58,156,214,1259,1308,2567
00192300,HUTCHINSON COMMUNITY COLLEGE            ,KS,67501-5894,Public       ,115,316,431,2237,2552,4789
00192400,INDEPENDENCE COMMUNITY COLLEGE          ,KS,67301-0708,Public       ,25,60,85,629,398,1027
00192500,KANSAS CITY KANSAS COMMUNITY CLG        ,KS,66112-9978,Public       ,132,459,591,2101,4359,6460
00192600,PITTSBURG STATE UNIVERSITY              ,KS,66762-7500,Public       ,151,159,310,5502,2593,8095
00192700,EMPORIA STATE UNIVERSITY                ,KS,66801-5415,Public       ,99,184,283,3637,2730,6367
00192800,KANSAS STATE UNIVERSITY                 ,KS,66506-1104,Public       ,467,452,919,16737,6673,23410
00192900,KANSAS WESLEYAN UNIVERSITY              ,KS,67401-6196,Private      ,32,25,57,1019,307,1326
00193000,LABETTE COMMUNITY COLLEGE               ,KS,67357-4299,Public       ,22,72,94,594,792,1386
00193100,MANHATTAN CHRISTIAN COLLEGE             ,KS,66502-4081,Private      ,13,10,23,341,116,457
00193300,MCPHERSON COLLEGE                       ,KS,67460-3899,Private      ,24,17,41,886,182,1068
00193600,NEOSHO COUNTY COMMUNITY COLLEGE         ,KS,66720-2699,Public       ,26,113,139,748,1059,1807
00193700,OTTAWA UNIVERSITY                       ,KS,66067-3399,Private      ,39,248,287,1092,2389,3481
00193800,PRATT COMMUNITY COLLEGE                 ,KS,67124-8432,Public       ,17,55,72,574,571,1145
00193900,NEWMAN UNIVERSITY                       ,KS,67213-2084,Private      ,39,117,156,1189,1491,2680
00194000,SOUTHWESTERN COLLEGE                    ,KS,67156-2499,Private      ,11,122,133,709,1240,1949
00194300,UNIVERSITY OF ST MARY                   ,KS,66048-5023,Private      ,33,64,97,859,877,1736
00194500,STERLING COLLEGE                        ,KS,67579-1533,Private      ,22,13,35,969,166,1135
00194600,TABOR COLLEGE                           ,KS,67063-1799,Private      ,23,24,47,815,284,1099
00194800,UNIVERSITY OF KANSAS                    ,KS,66045-7535,Public       ,510,527,1037,18309,9795,28104
00194900,WASHBURN UNIVERSITY                     ,KS,66621-1110,Public       ,146,271,417,3718,3773,7491
00194901,WASHBURN INSTITUTE OF TECHNOLOGY        ,KS,66604-2199,Public       ,19,127,146,387,963,1350
00195000,WICHITA STATE UNIVERSITY                ,KS,67208-0000,Public       ,289,604,893,8898,8009,16907
00460800,BARTON COUNTY COMMUNITY COLLEGE         ,KS,67530-9283,Public       ,57,345,402,974,2317,3291
00526400,FLINT HILLS TECHNICAL COLLEGE           ,KS,66801-5999,Public       ,18,38,56,294,388,682
00526500,NORTH CENTRAL KANSAS TECH COLG          ,KS,67420-0000,Public       ,15,28,43,393,299,692
00526700,NORTHWEST KANSAS TECHNICAL SCHOOL       ,KS,67735-3441,Public       ,10,7,17,351,100,451
00549800,WICHITA AREA TECHNICAL COLLEGE          ,KS,67211-2099,Public       ,92,399,491,878,2817,3695
00549900,SALINA AREA TECHNICAL COLLEGE           ,KS,67401-8195,Public       ,10,24,34,169,288,457
00550000,MANHATTAN AREA TECHNICAL COLLEGE        ,KS,66503-2499,Public       ,23,66,89,391,667,1058
00675500,BROWN MACKIE COLLEGE (THE)              ,KS,67401-7307,Proprietary  ,55,340,395,507,2408,2915
00703200,MID AMERICA NAZARENE UNIVERSITY         ,KS,66062-1899,Private      ,32,125,157,1123,1328,2451
00822800,SEWARD CO COMM CO/AREA TECHNICAL SCHOOL ,KS,67905-0000,Public       ,26,66,92,552,458,1010
00824400,JOHNSON COUNTY COMMUNITY COLLEGE        ,KS,66210-1299,Public       ,335,798,1133,5888,6909,12797
00833200,MARINELLO SCHOOL OF BEAUTY              ,KS,66502-6082,Proprietary  ,3,20,23,36,103,139
00833201,MARINELLO SCHOOL OF BEAUTY - LAWRENCE   ,KS,66046-2743,Proprietary  ,0,0,0,18,35,53
00869423,RASMUSSEN COLLEGE - OVERLAND PARK       ,KS,66210-2786,Proprietary  ,2,26,28,32,284,316
00869424,RASMUSSEN COLLEGE - TOPEKA              ,KS,66606-2339,Proprietary  ,4,49,53,59,418,477
01025600,BENEDICTINE COLLEGE                     ,KS,66002-1499,Private      ,55,16,71,2506,185,2691
01043800,HASKELL INDIAN NATIONS UNIVERSITY       ,KS,66046-4800,Public       ,54,60,114,948,660,1608
01050300,WICHITA TECHNICAL INSTITUTE             ,KS,67213-1927,Proprietary  ,19,142,161,192,896,1088
01050302,WICHITA TECHNICAL INSTITUTE - WTI TOPEKA,KS,66609-1217,Proprietary  ,4,66,70,50,311,361
01050305,WICHITA TECHNICAL INSTITUTE - EAST CAMPU,KS,67208-4243,Proprietary  ,9,46,55,73,332,405
02090700,CLEVELAND CHIROPRACTIC COLLEGE          ,KS,66210-1613,Private      ,1,23,24,50,529,579
02134800,OLD TOWN BARBER AND BEAUTY COLLEGE      ,KS,67211-0000,Proprietary  ,3,18,21,38,119,157
02168900,KANSAS CITY COLLEGE & BIBLE SCHOOL      ,KS,66204-1975,Private      ,11,12,23,20,58,78
02257700,HAYS ACADEMY OF HAIR DESIGN             ,KS,67601-3685,Proprietary  ,1,10,11,46,56,102
02257702,HAYS ACADEMY OF HAIR DESIGN -           ,KS,67401-0000,Proprietary  ,6,3,9,48,54,102
02340700,LABARON HAIRDRESSING ACADEMY            ,KS,66204-0000,Proprietary  ,1,7,8,8,48,56
02590900,WRIGHT CAREER COLLEGE                   ,KS,66212-0000,Private      ,53,321,374,294,2600,2894
02599709,VATTEROTT COLLEGE - WICHITA             ,KS,67226-1304,Proprietary  ,13,75,88,70,455,525
02603100,CRAVE BEAUTY ACADEMY                    ,KS,67203-5428,Proprietary  ,9,22,31,106,216,322
02606300,PAUL MITCHELL THE SCHOOL WICHITA        ,KS,67226-2803,Proprietary  ,9,23,32,129,176,305
02611005,HERITAGE COLLEGE - WICHITA              ,KS,67210-1879,Proprietary  ,31,137,168,164,624,788
02613000,PINNACLE CAREER INSTITUTE               ,KS,66046-2703,Proprietary  ,6,31,37,53,246,299
03066200,BRYAN COLLEGE                           ,KS,66604-2496,Proprietary  ,3,38,41,32,245,277
03450300,MARINELLO SCHOOL OF BEAUTY              ,KS,66611-1101,Proprietary  ,4,19,23,50,131,181
03450301,MARINELLO SCHOOL OF BEAUTY - WICHITA    ,KS,67207-5148,Proprietary  ,4,11,15,43,110,153
03450302,MARINELLO SCHOOL OF BEAUTY - OVERLAND PA,KS,66212-5451,Proprietary  ,3,29,32,61,204,265
03529300,SIDNEY'S HAIRDRESSING COLLEGE           ,KS,67501-7094,Proprietary  ,0,5,5,16,26,42
04132900,Z HAIR ACADEMY                          ,KS,66046-4040,Proprietary  ,7,13,20,66,76,142
04162700,ERIC FISHER ACADEMY                     ,KS,67212-3376,Proprietary  ,22,31,53,180,221,401
04179600,ENTOURAGE INSTITUTE OF BEAUTY AND ESTHET,KS,66215-3803,Proprietary  ,2,13,15,27,119,146
04205300,MITSU SATO HAIR ACADEMY                 ,KS,66212-1457,Proprietary  ,0,7,7,15,42,57
04209300,PAUL MITCHELL THE SCHOOL - OVERLAND PARK,KS,66212-4050,Proprietary  ,12,38,50,131,197,328
00203300,UNIVERSITY OF MAINE-PRESQUE ISLE        ,ME,04769-2888,Public       ,19,33,52,1095,497,1592
00203600,BATES COLLEGE                           ,ME,04240-6028,Private      ,100,14,114,3222,130,3352
00203800,BOWDOIN COLLEGE                         ,ME,04011-8451,Private      ,92,8,100,3983,121,4104
00203900,COLBY COLLEGE                           ,ME,04901-8841,Private      ,93,14,107,3670,106,3776
00204000,UNIVERSITY OF MAINE-FARMINGTON          ,ME,04938-1990,Public       ,39,28,67,2587,482,3069
00204100,UNIVERSITY OF MAINE-FORT KENT           ,ME,04743-1292,Public       ,11,42,53,719,643,1362
00204300,HUSSON UNIVERSITY                       ,ME,04401-2999,Private      ,58,90,148,3295,1556,4851
00204307,HUSSON UNIVERSITY - NEW ENGLAND SCHOOL O,ME,04401-0000,Private      ,0,1,1,165,78,243
00204400,MAINE MARITIME ACADEMY                  ,ME,04420-0001,Public       ,26,9,35,1203,202,1405
00205000,UNIVERSITY OF NEW ENGLAND               ,ME,04005-9599,Private      ,133,301,434,4946,5476,10422
00205100,SAINT JOSEPH'S COLLEGE                  ,ME,04084-5236,Private      ,28,102,130,1759,1366,3125
00205200,THOMAS COLLEGE                          ,ME,04901-5097,Private      ,33,13,46,1293,305,1598
00205300,UNIVERSITY OF MAINE                     ,ME,04469-0001,Public       ,270,165,435,14004,2932,16936
00205400,UNIVERSITY OF SOUTHERN MAINE            ,ME,04104-0000,Public       ,141,310,451,5703,5089,10792
00205500,UNIVERSITY OF MAINE-MACHIAS             ,ME,04654-1397,Public       ,8,36,44,593,393,986
00458615,KAPLAN UNIVERSITY - PORTLAND            ,ME,04106-2415,Proprietary  ,9,86,95,95,863,958
00458616,KAPLAN UNIVERSITY - LEWISTON            ,ME,04240-0000,Proprietary  ,3,83,86,93,924,1017
00458617,KAPLAN UNIVERSITY - AUGUSTA             ,ME,04330-8038,Proprietary  ,10,108,118,135,1047,1182
00520400,BEAL COLLEGE                            ,ME,04401-6896,Proprietary  ,16,59,75,211,637,848
00527600,CENTRAL MAINE COMMUNITY COLLEGE         ,ME,04210-6498,Public       ,45,146,191,1607,1983,3590
00527700,EASTERN MAINE COMMUNITY COLLEGE         ,ME,04401-4280,Public       ,67,161,228,1720,1799,3519
00552500,SOUTHERN MAINE COMMUNITY  COLLEGE       ,ME,04106-1698,Public       ,133,362,495,3779,3944,7723
00576000,NORTHERN MAINE COMMUNITY COLLEGE        ,ME,04769-2016,Public       ,13,48,61,478,505,983
00630500,CENTRAL MAINE MEDICAL CENTER COLLEGE OF ,ME,04243-9986,Private      ,0,14,14,121,287,408
00676000,UNIVERSITY OF MAINE-AUGUSTA             ,ME,04330-9410,Public       ,66,385,451,1532,4877,6409
00685800,UNITY COLLEGE                           ,ME,04988-9502,Private      ,31,18,49,1116,135,1251
00903800,MR BERNARD'S SCH HAIR FASHION INC       ,ME,04243-1163,Proprietary  ,0,0,0,1,3,4
00923100,WASHINGTON COUNTY COMMUNITY COLLEGE     ,ME,04619-9704,Public       ,11,38,49,287,274,561
00945900,EMPIRE BEAUTY SCHOOL                    ,ME,04101-3348,Proprietary  ,76,183,259,561,1414,1975
00982600,KENNEBEC VALLEY  COMMUNITY  COLLEGE     ,ME,04937-1367,Public       ,35,134,169,962,1777,2739
01138500,COLLEGE OF THE ATLANTIC                 ,ME,04609-1105,Private      ,18,2,20,597,85,682
01167300,MAINE COLLEGE OF ART                    ,ME,04101-3987,Private      ,31,11,42,791,221,1012
02104400,SPA TECH INSTITUTE                      ,ME,04093-0000,Proprietary  ,26,64,90,160,399,559
02361300,LANDING SCHOOL OF BOATBUILDING & DESIGN ,ME,04046-1490,Private      ,0,3,3,37,38,75
03122900,YORK COUNTY COMMUNITY COLLEGE           ,ME,04090-0529,Public       ,27,89,116,733,979,1712
03429300,SEACOAST CAREER SCHOOLS                 ,ME,04073-0000,Proprietary  ,22,53,75,86,323,409
03612300,BIRTHWISE MIDWIFERY SCHOOL              ,ME,04009-1110,Proprietary  ,0,10,10,14,91,105
04177400,CAPILO SCHOOL OF HAIR DESIGN            ,ME,04330-0000,Proprietary  ,9,21,30,86,143,229
04185100,NORTHEAST TECHNICAL INSTITUTE           ,ME,04074-0000,Proprietary  ,22,126,148,115,571,686
04188800,INSTITUTE FOR DOCTORAL STUDIES IN THE VI,ME,04102-0000,Private      ,0,12,12,2,68,70
04214100,COSMOTECH SCHOOL OF COSMETOLOGY         ,ME,04092-2878,Proprietary  ,6,11,17,30,56,86
00209300,ST JOHN'S COLLEGE                       ,NM,87505-4599,Private      ,11,24,35,326,194,520
00264900,SANTA FE UNIVERSITY OF ART AND DESIGN   ,NM,87505-7634,Proprietary  ,56,34,90,1458,394,1852
00265000,UNIVERSITY OF THE SOUTHWEST             ,NM,88240-9129,Private      ,14,88,102,361,929,1290
00265100,EASTERN NEW MEXICO UNIV PORTALES        ,NM,88130-6000,Public       ,114,266,380,3275,2932,6207
00265101,EASTERN NEW MEXICO UNIV-ROSWELL CAM     ,NM,88202-0000,Public       ,51,168,219,972,1400,2372
00265300,NEW MEXICO HIGHLANDS UNIVERSITY         ,NM,87701-4436,Public       ,51,143,194,1912,2623,4535
00265400,NEW MEXICO INST OF MINING & TECH        ,NM,87801-4796,Public       ,45,21,66,1460,489,1949
00265500,NEW MEXICO JUNIOR COLLEGE               ,NM,88240-9123,Public       ,56,111,167,866,950,1816
00265600,NEW MEXICO MILITARY INSTITUTE           ,NM,88201-5173,Public       ,22,6,28,448,50,498
00265700,NEW MEXICO STATE UNIVERSITY             ,NM,88003-8001,Public       ,359,468,827,11362,7631,18993
00265701,NEW MEXICO STATE UNIV-ALAMOGORDO        ,NM,88311-0000,Public       ,23,124,147,462,1052,1514
00265702,NEW MEXICO STATE UNIV.-DONA ANA CLG     ,NM,88003-0000,Public       ,165,379,544,3265,4174,7439
00265703,NEW MEXICO STATE UNIV-CARLSBAD          ,NM,88220-0000,Public       ,23,58,81,324,546,870
00265704,NEW MEXICO STATE UNIV-GRANTS            ,NM,87020-0000,Public       ,12,47,59,202,456,658
00266000,SAN JUAN COLLEGE                        ,NM,87402-4699,Public       ,172,687,859,2100,4928,7028
00266300,THE UNIVERSITY OF NEW MEXICO            ,NM,87131-0001,Public       ,660,1140,1800,19256,18128,37384
00266400,WESTERN NEW MEXICO UNIVERSITY           ,NM,88061-5417,Public       ,52,217,269,1411,2432,3843
00405701,NATIONAL AMERICAN UNIVERSITY            ,NM,87110-0000,Proprietary  ,5,54,59,70,562,632
00474200,CENTRAL NEW MEXICO COMMUNITY COLLEGE    ,NM,87106-4096,Public       ,468,1582,2050,8797,14497,23294
00474300,CLOVIS COMMUNITY COLLEGE                ,NM,88101-8381,Public       ,63,246,309,744,1694,2438
00996200,LUNA COMMUNITY COLLEGE                  ,NM,87701-0000,Public       ,17,31,48,428,487,915
01063200,DEWOLFF CLG HAIRSTYLING/COSMETOLOGY     ,NM,87112-4113,Proprietary  ,3,26,29,51,147,198
01300500,OLYMPIAN UNIVERSITY OF COSMETOLOGY      ,NM,88310-5051,Proprietary  ,45,134,179,384,1147,1531
02083900,NORTHERN NEW MEXICO COLLEGE             ,NM,87530-0000,Public       ,35,70,105,476,674,1150
02146400,INSTITUTE OF AMERICAN INDIAN ARTS       ,NM,87508-0000,Public       ,13,23,36,197,338,535
02218808,BROOKLINE COLLEGE - ALBUQUERQUE         ,NM,87105-1649,Proprietary  ,15,126,141,190,703,893
02278100,SANTA FE COMMUNITY COLLEGE              ,NM,87507-0000,Public       ,64,254,318,1084,2338,3422
02293203,ATI CAREER TRAINING CENTER - ALBUQUERQUE,NM,87109-2016,Proprietary  ,4,35,39,50,184,234
02357600,NAVAJO TECHNICAL UNIVERSITY             ,NM,87313-0849,Public       ,54,131,185,572,1275,1847
02511000,SOUTHWESTERN INDIAN POLYTECH INST       ,NM,87184-0000,Public       ,33,58,91,307,443,750
02572003,COMPUTER CAREER CENTER - LAS CRUCES CAMP,NM,88011-8220,Proprietary  ,14,99,113,193,568,761
02622000,SOUTHWEST ACUPUNCTURE COLLEGE           ,NM,87505-0000,Proprietary  ,1,34,35,6,204,210
03076100,SOUTHWESTERN COLLEGE                    ,NM,87507-0000,Private      ,1,22,23,18,280,298
03206300,MESALANDS COMMUNITY COLLEGE             ,NM,88401-3352,Public       ,4,29,33,132,197,329
03430300,UNIVERSAL THERAPEUTIC MASSAGE INSTITUTE ,NM,87107-4403,Proprietary  ,3,27,30,46,198,244
03678300,PIMA MEDICAL INSTITUTE                  ,NM,87110-0000,Proprietary  ,25,98,123,354,750,1104
03944300,MASSAGE THERAPY TRAINING INSTITUTE      ,NM,88007-0000,Proprietary  ,7,22,29,58,132,190
04162400,TONI AND GUY HAIRDRESSING  ACADEMY      ,NM,87110-4404,Proprietary  ,13,35,48,139,248,387
04174500,AVEDA INSTITUTE OF NEW MEXICO (THE)     ,NM,87110-3640,Proprietary  ,16,36,52,168,305,473
04178500,VOGUE COLLEGE OF COSMETOLOGY            ,NM,87505-7636,Proprietary  ,4,12,16,61,120,181
00223400,ADRIAN COLLEGE                          ,MI,49221-2575,Private      ,52,39,91,3028,401,3429
00223500,ALBION COLLEGE                          ,MI,49224-1831,Private      ,78,17,95,2509,175,2684
00223600,ALMA COLLEGE                            ,MI,48801-1599,Private      ,57,12,69,2484,162,2646
00223700,ALPENA COMMUNITY COLLEGE                ,MI,49707-1495,Public       ,29,85,114,972,851,1823
00223800,ANDREWS UNIVERSITY                      ,MI,49104-0750,Private      ,38,71,109,1721,1264,2985
00223900,AQUINAS COLLEGE                         ,MI,49506-1799,Private      ,53,61,114,2680,653,3333
00224000,BAY DE NOC COMMUNITY COLLEGE            ,MI,49829-2524,Public       ,41,141,182,1022,1185,2207
00224100,CALVIN COLLEGE                          ,MI,49546-4388,Private      ,85,46,131,4744,624,5368
00224200,CALVIN THEOLOGICAL SEMINARY             ,MI,49546-4387,Private      ,0,8,8,14,163,177
00224300,CENTRAL MICHIGAN UNIVERSITY             ,MI,48859-0001,Public       ,514,813,1327,23543,10704,34247
00224600,CLEARY UNIVERSITY                       ,MI,48105-0000,Private      ,10,60,70,325,543,868
00224800,CRANBROOK ACADEMY OF ART                ,MI,48303-0000,Private      ,2,3,5,39,245,284
00224900,DAVENPORT UNIVERSITY                    ,MI,49503-0000,Private      ,146,789,935,4223,9673,13896
00225100,DELTA COLLEGE                           ,MI,48710-0001,Public       ,311,825,1136,5847,6891,12738
00225400,MICHIGAN STATE UNIVERSITY COLLEGE OF LAW,MI,48824-1300,Private      ,16,42,58,323,1768,2091
00225900,EASTERN MICHIGAN UNIVERSITY             ,MI,48197-2214,Public       ,487,919,1406,19504,13267,32771
00226000,FERRIS STATE UNIVERSITY                 ,MI,49307-2251,Public       ,326,493,819,15250,7679,22929
00226100,CHARLES STEWART MOTT COMMUNITY CLG      ,MI,48503-2089,Public       ,398,985,1383,5727,8439,14166
00226200,KETTERING UNIVERSITY                    ,MI,48504-4898,Private      ,89,67,156,2668,563,3231
00226300,GLEN OAKS COMMUNITY COLLEGE             ,MI,49032-9784,Public       ,36,82,118,616,674,1290
00226400,GOGEBIC COMMUNITY COLLEGE               ,MI,49938-1365,Public       ,22,54,76,645,481,1126
00226500,GRACE BIBLE COLLEGE                     ,MI,49509-1998,Private      ,15,184,199,536,1031,1567
00226600,CORNERSTONE UNIVERSITY                  ,MI,49525-5897,Private      ,53,168,221,2272,1770,4042
00226700,GRAND RAPIDS COMMUNITY COLLEGE          ,MI,49503-3295,Public       ,520,1149,1669,10781,9722,20503
00226800,GRAND VALLEY STATE UNIVERSITY           ,MI,49401-9403,Public       ,489,503,992,27221,8501,35722
00226900,GREAT LAKES CHRISTIAN COLLEGE           ,MI,48917-1299,Private      ,7,14,21,188,160,348
00227000,HENRY FORD COMMUNITY COLLEGE            ,MI,48128-1495,Public       ,673,1556,2229,10487,13715,24202
00227300,HOPE COLLEGE                            ,MI,49423-3607,Private      ,74,16,90,4863,215,5078
00227400,JACKSON COMMUNITY COLLEGE               ,MI,49201-8399,Public       ,193,419,612,3885,4155,8040
00227500,KALAMAZOO COLLEGE                       ,MI,49006-3295,Private      ,66,35,101,2320,309,2629
00227600,KELLOGG COMMUNITY COLLEGE               ,MI,49017-3397,Public       ,137,499,636,2637,4546,7183
00227700,LAKE MICHIGAN COLLEGE                   ,MI,49022-1899,Public       ,94,269,363,2122,2587,4709
00227800,LANSING COMMUNITY COLLEGE               ,MI,48933-1293,Public       ,468,1053,1521,9288,9566,18854
00227900,LAWRENCE TECHNOLOGICAL UNIVERSITY       ,MI,48075-1058,Private      ,74,124,198,2409,1260,3669
00228200,MADONNA UNIVERSITY                      ,MI,48150-1173,Private      ,63,191,254,1848,2853,4701
00228400,MARYGROVE COLLEGE                       ,MI,48221-2599,Private      ,48,217,265,1263,2599,3862
00228800,ROCHESTER COLLEGE                       ,MI,48307-2764,Private      ,27,79,106,938,837,1775
00229000,MICHIGAN STATE UNIVERSITY               ,MI,48824-1113,Public       ,1020,820,1840,41562,14359,55921
00229200,MICHIGAN TECHNOLOGICAL UNIV             ,MI,49931-1295,Public       ,118,45,163,6728,931,7659
00229300,LAKE SUPERIOR STATE UNIVERSITY          ,MI,49783-1691,Public       ,34,65,99,2565,882,3447
00229400,MONROE COUNTY COMMUNITY CLG             ,MI,48161-9746,Public       ,120,238,358,1708,1958,3666
00229500,MONTCALM COMMUNITY COLLEGE              ,MI,48885-9723,Public       ,54,147,201,963,1324,2287
00229700,MUSKEGON COMMUNITY COLLEGE              ,MI,49442-1432,Public       ,140,381,521,3131,2942,6073
00229900,NORTH CENTRAL MICHIGAN COLLEGE          ,MI,49770-8740,Public       ,52,132,184,1199,1260,2459
00230100,NORTHERN MICHIGAN UNIVERSITY            ,MI,49855-5316,Public       ,187,182,369,7838,2457,10295
00230200,NORTHWESTERN MICHIGAN COLLEGE           ,MI,49686-3061,Public       ,109,235,344,2600,2499,5099
00230301,OAKLAND COMMUNITY COLLEGE - ORCHARD RIDG,MI,48334-4579,Public       ,193,482,675,3616,5163,8779
00230302,OAKLAND COMMUNITY COLLEGE - ROYAL OAK CA,MI,48067-3898,Public       ,275,839,1114,4730,7420,12150
00230303,OAKLAND COMMUNITY COLLEGE - SOUTHFIELD C,MI,48075-4793,Public       ,207,840,1047,3600,8086,11686
00230304,OAKLAND COMMUNITY COLLEGE - AUBURN HILLS,MI,48323-2845,Public       ,281,649,930,5150,5957,11107
00230305,OAKLAND COMMUNITY COLLEGE - HIGHLAND LAK,MI,48327-4187,Public       ,139,362,501,2589,3526,6115
00230700,OAKLAND UNIVERSITY                      ,MI,48309-4401,Public       ,517,675,1192,18058,10069,28127
00230800,OLIVET COLLEGE                          ,MI,49076-9902,Private      ,29,16,45,1648,236,1884
00231000,ST. CLAIR COUNTY COMMUNITY COLLEGE      ,MI,48061-0000,Public       ,107,243,350,2029,2055,4084
00231100,KUYPER COLLEGE                          ,MI,49525-9749,Private      ,5,17,22,348,166,514
00231300,SACRED HEART MAJOR SEMINARY             ,MI,48206-1799,Private      ,3,21,24,38,198,236
00231400,SAGINAW VALLEY STATE UNIV               ,MI,48710-0001,Public       ,245,280,525,10270,4025,14295
00231500,SCHOOLCRAFT COLLEGE                     ,MI,48152-2696,Public       ,406,1048,1454,7235,9570,16805
00231600,SIENA HEIGHTS UNIVERSITY                ,MI,49221-1796,Private      ,38,176,214,1894,2344,4238
00231700,SOUTHWESTERN MICHIGAN COLLEGE           ,MI,49047-9793,Public       ,77,141,218,2245,1537,3782
00231800,SPRING ARBOR UNIVERSITY                 ,MI,49283-9984,Private      ,38,279,317,1976,3026,5002
00232200,FINLANDIA UNIVERSITY                    ,MI,49930-1882,Private      ,24,12,36,783,252,1035
00232300,UNIVERSITY OF DETROIT MERCY             ,MI,48221-3038,Private      ,128,262,390,3761,3620,7381
00232303,UNIV OF DETROIT MERCY - LAW SCHOOL      ,MI,48226-0000,Private      ,7,34,41,65,611,676
00232330,UNIV OF DETROIT MERCY - DENTAL SCHOOL   ,MI,48208-2576,Private      ,7,30,37,206,694,900
00232500,UNIVERSITY OF MICHIGAN - ANN ARBOR      ,MI,48109-1316,Public       ,1119,626,1745,38157,12040,50197
00232501,UNIVERSITY OF MICHIGAN-MEDICAL SCH      ,MI,48109-0000,Public       ,21,26,47,336,1018,1354
00232503,UNIVERSITY OF MICHIGAN LAW SCHOOL       ,MI,48109-0000,Public       ,5,38,43,81,2137,2218
00232600,UNIVERSITY OF MICHIGAN-DEARBORN         ,MI,48128-2406,Public       ,237,433,670,7777,5793,13570
00232700,UNIVERSITY OF MICHIGAN-FLINT            ,MI,48502-1950,Public       ,197,463,660,5620,6789,12409
00232800,WASHTENAW COMMUNITY COLLEGE             ,MI,48106-0000,Public       ,344,847,1191,5372,7472,12844
00232900,WAYNE STATE UNIVERSITY                  ,MI,48202-0000,Public       ,645,1442,2087,19584,20541,40125
00232901,WAYNE STATE UNIV SCH OF MEDICINE        ,MI,48201-3359,Public       ,57,79,136,811,2026,2837
00232902,WAYNE STATE UNIVERSITY - LAW SCHOOL     ,MI,48202-3424,Public       ,12,66,78,187,1010,1197
00233000,WESTERN MICHIGAN UNIVERSITY             ,MI,49008-3899,Public       ,515,619,1134,22319,10267,32586
00233100,WESTERN THEOLOGICAL SEMINARY            ,MI,49423-0000,Private      ,0,8,8,3,176,179
00384256,CONCORDIA UNIVERSITY - WISCONSIN - ANN A,MI,48105-2750,Private      ,23,47,70,1059,391,1450
00407100,WALSH COLLEGE OF ACCT & BUS ADMN        ,MI,48007-7006,Private      ,18,219,237,383,2214,2597
00407200,NORTHWOOD UNIVERSITY                    ,MI,48640-2398,Private      ,58,206,264,2317,2100,4417
00467300,BAKER COLLEGE - FLINT                   ,MI,48507-5508,Private      ,147,487,634,2442,5523,7965
00467301,BAKER COLLEGE OF CADILLAC               ,MI,49601-0000,Private      ,29,136,165,591,1418,2009
00467302,BAKER COLLEGE OF CLINTON TOWNSHIP       ,MI,48035-0000,Private      ,90,343,433,1374,3637,5011
00467303,BAKER COLLEGE OF MUSKEGON               ,MI,49442-0000,Private      ,89,276,365,1978,2823,4801
00467304,BAKER COLLEGE OF OWOSSO                 ,MI,48867-0000,Private      ,64,142,206,1320,1653,2973
00467305,BAKER COLLEGE OF AUBURN HILLS           ,MI,48326-0000,Private      ,68,230,298,1005,2717,3722
00467306,BAKER COLLEGE OF PORT HURON             ,MI,48060-0000,Private      ,19,74,93,396,650,1046
00467309,BAKER COLLEGE OF JACKSON                ,MI,49202-0000,Private      ,42,197,239,834,2124,2958
00467311,BAKER COLLEGE-CASS CITY                 ,MI,48726-0000,Private      ,8,25,33,135,247,382
00467313,BAKER COLLEGE - GRADUATE ON-LINE        ,MI,48507-0000,Private      ,52,487,539,448,4931,5379
00467317,BAKER COLLEGE-ALLEN PARK                ,MI,48101-0000,Private      ,77,392,469,1230,4034,5264
00467330,BAKER COLLEGE - CULINARY INSTITUTE OF MI,MI,49440-1246,Private      ,18,31,49,498,256,754
00467343,BAKER COLLEGE - CULINARY INSTITUTE OF MI,MI,48060-0000,Private      ,4,19,23,189,128,317
00467348,BAKER COLLEGE - AUTO DIESEL INSTITUTE OF,MI,48867-0000,Private      ,28,29,57,414,204,618
00469200,DORSEY SCHOOL OF BUSINESS               ,MI,48195-2334,Proprietary  ,17,46,63,90,302,392
00469201,DORSEY SCHOOL OF BUSINESS               ,MI,48184-0000,Proprietary  ,19,46,65,79,323,402
00469202,DORSEY SCHOOL OF BUSINESS               ,MI,48071-0000,Proprietary  ,20,112,132,162,586,748
00469204,DORSEY SCHOOL OF BUSINESS               ,MI,48066-0000,Proprietary  ,37,136,173,250,772,1022
00469205,DORSEY BUSINESS SCHOOL - FARMINGTON HILL,MI,48334-3385,Proprietary  ,10,28,38,56,203,259
00469206,DORSEY BUSINESS SCHOOL - ROSEVILLE CULIN,MI,48066-4555,Proprietary  ,21,59,80,131,405,536
00469207,DORSEY BUSINESS SCHOOL - WATERFORD/PONTI,MI,48341-1037,Proprietary  ,13,66,79,107,394,501
00469208,DORSEY BUSINESS SCHOOL - SAGINAW CAMPUS ,MI,48603-5201,Proprietary  ,13,94,107,104,511,615
00469209,DORSEY SCHOOL OF BUSINESS - LANSING     ,MI,48911-5744,Proprietary  ,12,49,61,76,325,401
00469210,DORSEY SCHOOL OF BUSINESS - DEARBORN    ,MI,48228-3858,Proprietary  ,41,164,205,271,840,1111
00676800,MID MICHIGAN COMMUNITY COLLEGE          ,MI,48625-9447,Public       ,113,303,416,2373,2429,4802
00677100,COLLEGE FOR CREATIVE STUDIES            ,MI,48202-4034,Private      ,64,93,157,1977,956,2933
00694900,KALAMAZOO VALLEY COMMUNITY COLLEGE      ,MI,49003-4070,Public       ,304,717,1021,5420,5985,11405
00717100,KIRTLAND COMMUNITY COLLEGE              ,MI,48653-0000,Public       ,46,180,226,836,1473,2309
00732991,ITT TECHNICAL INSTITUTE                 ,MI,49519-1851,Proprietary  ,51,303,354,459,2338,2797
00761700,CARNEGIE INSTITUTE                      ,MI,48083-1159,Proprietary  ,14,29,43,77,335,412
00795000,WEST SHORE COMMUNITY COLLEGE            ,MI,49454-0000,Public       ,25,99,124,618,758,1376
00817800,EMPIRE BEAUTY SCHOOL                    ,MI,49525-2440,Proprietary  ,64,241,305,673,1542,2215
00890600,MACOMB COMMUNITY COLLEGE                ,MI,48088-3896,Public       ,897,1790,2687,13330,14683,28013
00894600,PORT HURON COSMETOLOGY COLLEGE          ,MI,48329-1618,Proprietary  ,5,6,11,25,52,77
00923000,WAYNE COUNTY COMMUNITY CLG-DISTRICT     ,MI,48226-3010,Public       ,590,3179,3769,7689,22379,30068
00982800,EVEREST INSTITUTE                       ,MI,48033-4400,Private      ,26,170,196,190,1064,1254
00982801,EVEREST INSTITUTE- DEARBORN             ,MI,48124-1927,Private      ,18,107,125,179,720,899
00982803,EVEREST INSTITUTE - DETROIT             ,MI,48207-4291,Private      ,29,125,154,237,836,1073
01047000,KALAMAZOO BEAUTY ACADEMY                ,MI,49002-5220,Proprietary  ,2,3,5,28,63,91
01082700,DAVID PRESSLEY PROF SCH OF COSMTLGY     ,MI,48067-3219,Proprietary  ,15,39,54,142,292,434
01109800,FLINT INSTITUTE OF BARBERING            ,MI,48504-4395,Proprietary  ,3,26,29,47,172,219
01229100,WRIGHT BEAUTY ACADEMY                   ,MI,49015-2696,Proprietary  ,3,21,24,38,109,147
01262700,THOMAS M. COOLEY LAW SCHOOL             ,MI,48901-1586,Private      ,0,96,96,19,1919,1938
01321800,M J MURPHY BTY CLG MT PLEASANT          ,MI,48858-2502,Proprietary  ,4,14,18,47,78,125
02060300,MICHIGAN INSTITUTE OF AERONAUTICS       ,MI,48188-2533,Proprietary  ,64,102,166,460,537,997
02099700,ROSS MEDICAL EDUCATION CENTER           ,MI,48532-0000,Proprietary  ,74,248,322,447,1337,1784
02099701,ROSS MEDICAL EDUCATION CENTER-SAGINAW   ,MI,48603-5227,Proprietary  ,4,21,25,49,165,214
02099702,ROSS MEDICAL EDUCATION CENTER-PORT HURON,MI,48060-1958,Proprietary  ,0,9,9,38,55,93
02099703,ROSS MEDICAL EDUCATION CENTER-ROOSEVELT ,MI,49441-4156,Proprietary  ,0,5,5,7,40,47
02100400,EVEREST INSTITUTE                       ,MI,49525-2301,Proprietary  ,0,14,14,48,192,240
02100401,EVEREST INSTITUTE - KALAMAZOO           ,MI,49009-3307,Proprietary  ,1,4,5,32,121,153
02125600,MICHIGAN COLLEGE OF BEAUTY              ,MI,48083-0000,Proprietary  ,14,60,74,153,315,468
02158600,MR BELA'S SCHOOL OF COSMETOLOGY         ,MI,48091-9101,Proprietary  ,10,27,37,45,130,175
02160303,INTERNATIONAL ACADEMY OF DESIGN AND TECH,MI,48083-2160,Proprietary  ,4,20,24,78,169,247
02180100,ROSS MEDICAL EDUCATION CENTER           ,MI,48092-0000,Proprietary  ,47,193,240,268,890,1158
02180105,ROSS MEDICAL EDUCATION CENTER-REDFORD   ,MI,48239-1260,Proprietary  ,0,19,19,17,114,131
02198900,MICHIGAN SCHOOL OF PROFESSIONAL PSYCHOLO,MI,48334-4512,Private      ,1,9,10,19,232,251
02209200,TAYLORTOWN SCHOOL OF BEAUTY             ,MI,48180-0000,Proprietary  ,23,54,77,108,271,379
02237800,SPECS HOWARD SCHOOL OF MEDIA ARTS       ,MI,48075-0000,Proprietary  ,66,107,173,598,763,1361
02285700,BAYSHIRE BEAUTY ACADEMY                 ,MI,48708-5614,Proprietary  ,5,28,33,54,152,206
02324500,MICHIGAN COLLEGE OF BEAUTY              ,MI,48161-3901,Proprietary  ,8,20,28,84,141,225
02339700,ROSS MEDICAL EDUCATION CENTER           ,MI,48116-0000,Proprietary  ,57,219,276,281,1134,1415
02339701,ROSS MEDICAL EDUCATION CENTER-ANN ARBOR ,MI,48108-1411,Proprietary  ,2,17,19,39,123,162
02339703,ROSS MEDICAL EDUCATION CENTER - DAVISON ,MI,48423-1751,Proprietary  ,0,7,7,23,58,81
02361500,MICHIGAN BARBER COLLEGE                 ,MI,48204-2244,Private      ,17,78,95,102,452,554
02363800,YESHIVA GEDOLAH OF GREATER DETROIT      ,MI,48237-0000,Private      ,14,0,14,29,3,32
02491000,WEST MI COLG OF BARBERING & BEAUTY      ,MI,49008-0000,Proprietary  ,4,25,29,42,134,176
02531806,PAUL MITCHELL THE SCHOOL -MICHIGAN      ,MI,48313-0000,Proprietary  ,31,47,78,229,335,564
02533600,ROSS MEDICAL EDUCATION CENTER           ,MI,48917-2108,Proprietary  ,58,182,240,286,845,1131
02533601,ROSS MEDICAL EDUCATION CENTER - GRAND RA,MI,49546-2430,Proprietary  ,5,35,40,72,229,301
02588200,DOUGLAS J AVEDA INSTITUTE               ,MI,48823-4351,Proprietary  ,86,118,204,716,710,1426
02588201,DOUGLAS J AVEDA INSTITUTE - ANN ARBOR   ,MI,48104-2211,Proprietary  ,0,0,0,105,105,210
02595700,HILLSDALE BEAUTY COLLEGE                ,MI,49242-0000,Proprietary  ,5,4,9,60,43,103
02618400,MICHIGAN CAREER & TECHNICAL INST        ,MI,49080-9254,Public       ,55,12,67,353,121,474
03005700,DETROIT BUSINESS INST. DOWNRIVER        ,MI,48193-6761,Proprietary  ,2,28,30,26,199,225
03066600,BAY MILLS COMMUNITY COLLEGE             ,MI,49715-9750,Public       ,7,51,58,204,444,648
03075200,TWIN CITY BEAUTY COLLEGE                ,MI,49085-3305,Proprietary  ,12,21,33,97,155,252
03075201,TWIN CITY BEAUTY COLLEGE - TRAVERSE CITY,MI,49686-5119,Proprietary  ,2,9,11,28,52,80
03090000,SHARP'S ACADEMY OF HAIRSTYLING          ,MI,48439-1838,Proprietary  ,4,2,6,30,44,74
03109700,HOUGHTON LAKE INST OF COSMETOLOGY       ,MI,48629-0669,Proprietary  ,3,12,15,25,61,86
03110300,THE SCHOOL OF CREATIVE HAIR DESIGN      ,MI,49036-1139,Proprietary  ,5,16,21,33,72,105
03124000,NORTHWESTERN TECHNOLOGICAL INST         ,MI,48075-2412,Proprietary  ,18,102,120,96,423,519
03284300,MICHIGAN JEWISH INSTITUTE               ,MI,48237-0000,Private      ,242,397,639,1382,1852,3234
03490300,PAUL MITCHELL THE SCHOOL ESCANABA       ,MI,49829-0000,Proprietary  ,3,7,10,45,51,96
03588300,IRENE'S MYOMASSOLOGY INSTITUTE          ,MI,48033-2404,Proprietary  ,6,44,50,58,288,346
03704300,BLUE WATER COLLEGE OF COSMETOLOGY       ,MI,48040-2093,Proprietary  ,3,6,9,15,33,48
03772300,SAGINAW CHIPPEWA TRIBAL COLLEGE         ,MI,48858-0000,Public       ,4,19,23,45,117,162
03815300,IN SESSION-ARTS OF COSMETOLOGY BEAU     ,MI,48609-0000,Proprietary  ,2,22,24,45,138,183
03907300,PAUL MITCHELL THE SCHOOL GREAT LAKES    ,MI,48060-0000,Proprietary  ,9,15,24,85,87,172
03915300,CAREER QUEST LEARNING CENTER            ,MI,48910-4732,Proprietary  ,12,116,128,113,680,793
03915301,CAREER QUEST LEARNING CENTER - JACKSON  ,MI,49201-2475,Proprietary  ,8,55,63,84,400,484
03915302,CAREER QUEST LEARNING CENTER - KALAMAZOO,MI,49002-1711,Proprietary  ,0,0,0,6,26,32
03968300,LAKEWOOD SCHOOL OF THERAPEUTIC MASSAGE  ,MI,48060-0000,Proprietary  ,0,6,6,16,58,74
03976500,ANN ARBOR INSTITUTE OF MASSAGE THERAPY  ,MI,48103-0000,Proprietary  ,2,10,12,45,105,150
04002400,ECUMENICAL THEOLOGICAL SEMINARY         ,MI,48201-3035,Private      ,1,15,16,9,132,141
04006300,NUVO COLLEGE OF COSMETOLOGY             ,MI,49441-3822,Proprietary  ,5,12,17,36,78,114
04014300,P&A SCHOLARS BEAUTY SCHOOL              ,MI,48204-0000,Proprietary  ,15,79,94,188,602,790
04055300,CREATIVE HAIR SCHOOL OF COSMETOLOGY     ,MI,48504-1234,Proprietary  ,5,16,21,5,16,21
04094300,ROBERT B. MILLER COLLEGE (THE)          ,MI,49017-3306,Private      ,1,26,27,102,392,494
04121100,GALLERY COLLEGE OF BEAUTY (THE)         ,MI,48036-3591,Proprietary  ,6,19,25,39,151,190
04136300,FOCUS:  HOPE INFORMATION TECHNOLOGIES CE,MI,48238-2949,Private      ,12,61,73,122,426,548
04138400,SCHOOL OF DESIGNING ARTS                ,MI,49015-2853,Proprietary  ,4,24,28,62,121,183
04140900,INTERNATIONAL COSMETOLOGY ACADEMY       ,MI,49508-1308,Proprietary  ,2,22,24,53,106,159
04141100,FRENCH ACADEMY OF COSMETOLOGY           ,MI,49456-3207,Proprietary  ,4,10,14,33,61,94
04158400,L'ESPRIT ACADEMY                        ,MI,48150-0000,Proprietary  ,10,27,37,106,147,253
04159300,MARKETTI ACADEMY OF COSMETOLOGY         ,MI,48329-3506,Proprietary  ,5,9,14,62,73,135
04163300,COMPASS COLLEGE OF CINEMATIC ARTS       ,MI,49503-4227,Private      ,6,11,17,170,92,262
04164700,KEWEENAW BAY OJIBWA COMMUNITY COLLEGE   ,MI,49908-0000,Public       ,5,10,15,21,64,85
04183300,ABCOTT INSTITUTE                        ,MI,48075-5227,Proprietary  ,6,33,39,42,193,235
04184700,PROTEGE ACADEMY                         ,MI,48823-8660,Proprietary  ,8,13,21,61,135,196
04207000,SCHOOL OF MISSIONARY AVIATION TECHNOLOGY,MI,48846-7412,Private      ,0,1,1,17,31,48
04211200,BRIGHTON INSTITUTE OF COSMETOLOGY       ,MI,48116-8360,Proprietary  ,0,2,2,27,40,67
04222300,MANTHANO CHRISTIAN COLLEGE              ,MI,48185-1919,Private      ,0,8,8,5,53,58
04230200,EXCEL ACADEMIES OF COSMETOLOGY          ,MI,48085-1300,Proprietary  ,2,8,10,38,50,88
04230400,EXCEL ACADEMIES OF COSMETOLOGY          ,MI,48912-4686,Proprietary  ,6,20,26,40,84,124
04230500,EXCEL ACADEMIES OF COSMETOLOGY          ,MI,49512-1781,Proprietary  ,5,10,15,50,40,90
04231800,PRINCESS BEAUTY SCHOOL                  ,MI,48127-2999,Proprietary  ,5,22,27,63,127,190
00233200,ANOKA-RAMSEY CC-CAMBRIDGE/COONRAPID     ,MN,55433-3499,Public       ,225,516,741,3770,4252,8022
00233400,AUGSBURG COLLEGE                        ,MN,55454-1351,Private      ,66,190,256,3150,2317,5467
00233500,RIVERLAND COMMUNITY COLLEGE             ,MN,55912-1473,Public       ,42,188,230,918,1479,2397
00233600,BEMIDJI STATE UNIVERSITY                ,MN,56601-2699,Public       ,96,194,290,3767,2275,6042
00233700,BETHANY LUTHERAN COLLEGE INC            ,MN,56001-6163,Private      ,9,11,20,600,77,677
00233900,CENTRAL LAKES COLG-BRAINERD/STAPLES     ,MN,56401-3900,Public       ,67,205,272,1173,1643,2816
00234000,CARLETON COLLEGE                        ,MN,55057-4001,Private      ,59,8,67,3464,93,3557
00234100,COLLEGE OF ST BENEDICT                  ,MN,56374-2099,Private      ,33,5,38,2172,73,2245
00234200,ST. CATHERINE UNIVERSITY                ,MN,55105-1789,Private      ,53,226,279,2778,3320,6098
00234300,COLLEGE OF ST SCHOLASTICA               ,MN,55811-4199,Private      ,70,251,321,2505,2642,5147
00234500,UNIVERSITY OF ST THOMAS                 ,MN,55105-1096,Private      ,115,275,390,6639,3326,9965
00234600,CONCORDIA COLLEGE-MOORHEAD              ,MN,56562-0001,Private      ,41,18,59,2486,206,2692
00234700,"CONCORDIA UNIVERSITY, ST PAUL, MN       ",MN,55104-5494,Private      ,73,467,540,1848,3917,5765
00235000,VERMILION COMMUNITY COLLEGE             ,MN,55731-1996,Public       ,17,14,31,445,145,590
00235300,GUSTAVUS ADOLPHUS COLLEGE               ,MN,56082-1498,Private      ,79,10,89,3291,114,3405
00235400,HAMLINE UNIVERSITY                      ,MN,55104-1284,Private      ,101,212,313,3667,2337,6004
00235500,HIBBING COMMUNITY COLLEGE               ,MN,55746-3300,Public       ,27,98,125,559,945,1504
00235600,ITASCA COMMUNITY COLLEGE                ,MN,55744-3397,Public       ,21,63,84,733,561,1294
00235700,LUTHER SEMINARY                         ,MN,55108-0000,Private      ,1,12,13,5,311,316
00235800,MACALESTER COLLEGE                      ,MN,55105-1899,Private      ,67,21,88,3612,173,3785
00236000,"MINNESOTA STATE UNIVERSITY, MANKATO     ",MN,56002-0000,Public       ,266,367,633,12019,4295,16314
00236100,MARTIN LUTHER COLLEGE                   ,MN,56073-3965,Private      ,10,7,17,697,65,762
00236200,MINNEAPOLIS COMM AND TECH COLLEGE       ,MN,55403-1779,Public       ,297,1107,1404,3902,8821,12723
00236500,MINNEAPOLIS COLLEGE OF ART & DESIGN     ,MN,55404-4343,Private      ,50,49,99,991,536,1527
00236600,CROSSROADS COLLEGE                      ,MN,55902-2382,Private      ,3,7,10,91,74,165
00236700,MINNESOTA STATE UNIVERSITY MOORHEAD     ,MN,56563-0001,Public       ,114,228,342,4314,2360,6674
00236900,NORTH CENTRAL UNIVERSITY                ,MN,55404-1391,Private      ,28,42,70,1161,461,1622
00237000,NORTH HENNEPIN COMMUNITY COLLEGE        ,MN,55445-2299,Public       ,188,570,758,3090,5414,8504
00237100,UNIVERSITY OF NORTHWESTERN- ST PAUL     ,MN,55113-1598,Private      ,54,106,160,2195,845,3040
00237300,ROCHESTER COMMUNITY/TECH COLLEGE        ,MN,55904-4999,Public       ,173,405,578,2630,3382,6012
00237500,SOUTHWEST MINNESOTA STATE UNIVERSITY    ,MN,56258-1598,Public       ,31,77,108,2037,1075,3112
00237700,ST CLOUD STATE UNIVERSITY               ,MN,56301-4498,Public       ,226,396,622,9512,4972,14484
00237900,SAINT JOHNS UNIVERSITY                  ,MN,56321-2000,Private      ,30,3,33,1912,97,2009
00238000,SAINT MARY'S UNIVERSITY                 ,MN,55987-1399,Private      ,28,439,467,1657,3677,5334
00238200,ST OLAF COLLEGE                         ,MN,55057-1098,Private      ,83,10,93,4116,150,4266
00238300,CROWN COLLEGE                           ,MN,55375-9001,Private      ,24,67,91,803,683,1486
00238500,NORTHLAND COMMUNITY & TECHNICAL CLG     ,MN,56701-2598,Public       ,78,163,241,1282,1618,2900
00238600,UNITED THEOLGCL SEMINRY TWIN CITIES     ,MN,55112-0000,Private      ,0,10,10,2,93,95
00238800,"UNIVERSITY OF MINNESOTA, DULUTH         ",MN,55812-2496,Public       ,199,117,316,9893,2186,12079
00238900,"UNIVERSITY OF MINNESOTA, MORRIS         ",MN,56267-2113,Public       ,39,27,66,2296,310,2606
00239100,WILLIAM MITCHELL COLLEGE OF LAW         ,MN,55105-0000,Private      ,1,32,33,4,980,984
00239300,MINNESOTA STATE COLLEGE-SE TECH         ,MN,55987-0409,Public       ,60,135,195,733,1245,1978
00239400,WINONA STATE UNIVERSITY                 ,MN,55987-5838,Public       ,141,124,265,7280,1778,9058
00396900,UNIVERSITY OF MINNESOTA-TWIN CITIES     ,MN,55455-0422,Public       ,800,830,1630,34707,15587,50294
00400900,MESABI RANGE CMNTY & TECH COLLEGE       ,MN,55792-0000,Public       ,19,101,120,489,607,1096
00405708,NATIONAL AMERICAN UNIVERSITY            ,MN,55113-0000,Proprietary  ,3,43,46,25,305,330
00405715,NATIONAL AMERICAN UNIVERSITY - BLOOMINGT,MN,55425-5550,Proprietary  ,7,39,46,37,384,421
00406900,UNIVERSITY OF MINNESOTA-CROOKSTON       ,MN,56716-5001,Public       ,25,104,129,1034,1076,2110
00438600,VETERAN'S MEDICAL CTR- SCH RAD TECH     ,MN,55417-2399,Public       ,1,3,4,8,20,28
00464100,DUNWOODY COLLEGE OF TECHNOLOGY          ,MN,55403-1192,Private      ,55,190,245,744,1227,1971
00464200,GLOBE UNIVERSITY                        ,MN,55125-5408,Proprietary  ,58,264,322,767,2260,3027
00464500,MINNEAPOLIS BUSINESS COLLEGE            ,MN,55113-4036,Proprietary  ,6,19,25,227,179,406
00464600,MINNESOTA SCHOOL OF BUSINESS            ,MN,55423-0000,Proprietary  ,51,210,261,602,1855,2457
00525200,RIDGEWATER COLLEGE                      ,MN,56201-2098,Public       ,96,200,296,1845,1729,3574
00526300,MINNESOTA WEST CMNTY & TECH COLG        ,MN,56241-1096,Public       ,38,142,180,773,1264,2037
00553300,"SAINT PAUL COLLEGE, COMMUNITY/TECHNICAL ",MN,55102-1800,Public       ,258,839,1097,3513,6740,10253
00553400,SAINT CLOUD TECHNICAL COLLEGE AND COMMUN,MN,56303-1240,Public       ,163,348,511,2938,2742,5680
00553500,PINE TECHNICAL COLLEGE                  ,MN,55063-2198,Public       ,16,88,104,247,705,952
00553700,SOUTH CENTRAL COLLEGE                   ,MN,56003-0000,Public       ,78,221,299,1563,1849,3412
00554100,MINNESOTA STATE COMMUNITY AND TECHNICAL ,MN,56573-1405,Public       ,112,346,458,2160,3060,5220
00554400,ALEXANDRIA TECHNICAL COLLEGE            ,MN,56308-3799,Public       ,39,99,138,1166,838,2004
00575700,LAKE SUPERIOR COLLEGE                   ,MN,55811-3399,Public       ,114,327,441,1904,2629,4533
00575900,NORTHWEST TECHNICAL COLLEGE - BEMIDJI   ,MN,56601-4907,Public       ,21,94,115,321,809,1130
00677500,RAINY RIVER COMMUNITY COLLEGE           ,MN,56649-2187,Public       ,11,12,23,167,123,290
00735000,ANOKA-HENNEPIN TECHNICAL COLLEGE        ,MN,55303-1590,Public       ,70,302,372,953,2268,3221
00735100,BROWN COLLEGE                           ,MN,55120-1004,Proprietary  ,2,21,23,74,342,416
00795400,NORMANDALE COMMUNITY COLLEGE            ,MN,55431-4399,Public       ,323,604,927,4774,5197,9971
00869400,RASMUSSEN COLLEGE - ST. CLOUD           ,MN,56301-3713,Proprietary  ,23,109,132,231,1262,1493
00869401,RASMUSSEN COLLEGE - BROOKLYN PARK       ,MN,55445-1512,Proprietary  ,21,122,143,148,1086,1234
00869406,RASMUSSEN COLLEGE - EAGAN               ,MN,55122-1346,Proprietary  ,18,114,132,157,996,1153
00869407,RASMUSSEN COLLEGE - BLOOMINGTON         ,MN,55435-5444,Proprietary  ,26,143,169,220,1445,1665
00869409,RASMUSSEN COLLEGE - MANKATO             ,MN,56001-8658,Proprietary  ,17,101,118,232,871,1103
00869412,RASMUSSEN COLLEGE - LAKE ELMO           ,MN,55042-8624,Proprietary  ,17,95,112,124,736,860
00869416,RASMUSSEN COLLEGE - MOORHEAD            ,MN,56560-4513,Proprietary  ,13,83,96,155,633,788
00869417,RASMUSSEN COLLEGE - BLAINE              ,MN,55014-0000,Proprietary  ,22,97,119,178,1144,1322
00905800,BETHEL UNIVERSITY                       ,MN,55112-6999,Private      ,46,200,246,2969,2138,5107
00960000,COSMETOLOGY CAREERS UNLTD-DULUTH        ,MN,55802-2031,Proprietary  ,3,10,13,17,49,66
00974000,INVER HILLS COMMUNITY COLLEGE           ,MN,55076-3224,Public       ,157,388,545,2330,3448,5778
00983100,MODEL COLLEGE OF HAIR DESIGN            ,MN,56301-4280,Proprietary  ,13,18,31,69,88,157
00989200,"DULUTH BUSINESS UNIV, INC.              ",MN,55807-0000,Proprietary  ,3,29,32,81,270,351
00999200,OAK HILLS CHRISTIAN COLLEGE             ,MN,56601-0000,Private      ,7,5,12,125,76,201
01024800,ART INSTITUTES INTL MINNESOTA           ,MN,55402-3137,Proprietary  ,64,83,147,774,692,1466
01037400,METROPOLITAN STATE UNIVERSITY           ,MN,55106-5000,Public       ,108,775,883,2465,9295,11760
01040200,DAKOTA COUNTY TECHNICAL COLLEGE         ,MN,55068-2999,Public       ,94,246,340,1180,1895,3075
01049000,REGENCY BEAUTY INSTITUTE                ,MN,55428-0000,Proprietary  ,353,837,1190,2800,5312,8112
01049100,HENNEPIN TECHNICAL COLLEGE              ,MN,55445-2399,Public       ,153,645,798,1838,5365,7203
01054600,CENTURY COLLEGE                         ,MN,55110-1894,Public       ,296,701,997,4589,6571,11160
01173200,"MAYO CLINIC, COLLEGE OF MEDICINE        ",MN,55905-0000,Private      ,5,20,25,66,425,491
01173201,MAYO SCHOOL OF HEALTH-RELATED SCIEN     ,MN,55905-0000,Private      ,5,17,22,84,218,302
01173206,MAYO GRAD SCHOOL                        ,MN,55901-0000,Private      ,1,2,3,4,42,46
01173207,MAYO MEDICAL SCHOOL                     ,MN,55901-0000,Private      ,3,10,13,26,167,193
01232800,NORTHWESTERN HEALTH SCIENCES UNIV       ,MN,55431-1599,Private      ,8,69,77,82,877,959
02050300,ACADEMY COLLEGE                         ,MN,55420-1554,Proprietary  ,6,21,27,52,174,226
02097300,HASTINGS BEAUTY SCHOOL                  ,MN,55033-1205,Proprietary  ,8,6,14,19,40,59
02123200,AVEDA INSTITUTE                         ,MN,55414-0000,Proprietary  ,41,66,107,393,433,826
02159800,COSMETOLOGY CAREERS UNLTD - HIBBING     ,MN,55746-0000,Proprietary  ,2,1,3,14,26,40
02160901,PCI ACADEMY - PCI ACADEMY               ,MN,55446-4928,Proprietary  ,2,20,22,40,100,140
02238100,MINNESOTA SCHOOL OF COSMETOLOGY         ,MN,55125-0000,Proprietary  ,15,26,41,146,245,391
02260500,SUMMIT ACAD OPPORTUNITIES IND CTR       ,MN,55405-0000,Private      ,27,185,212,98,681,779
02504200,WALDEN UNIVERSITY                       ,MN,55401-2511,Proprietary  ,33,8497,8530,285,58100,58385
02514100,AMERICAN INDIAN OPPORTUNITIES CTR       ,MN,55404-0000,Private      ,1,18,19,15,112,127
03001200,MCNALLY SMITH COLLEGE OF MUSIC          ,MN,55101-2220,Proprietary  ,28,21,49,511,240,751
03051900,ALFRED ADLER GRADUATE SCHOOL            ,MN,55305-0000,Private      ,0,26,26,2,322,324
03096400,LEECH LAKE TRIBAL COLLEGE               ,MN,56633-0000,Public       ,3,47,50,65,392,457
03129100,FOND DU LAC TRIBAL & COMMUNITY CLG      ,MN,55720-2984,Public       ,32,129,161,443,819,1262
03267300,CAPELLA UNIVERSITY                      ,MN,55402-3389,Proprietary  ,40,4829,4869,396,53870,54266
03833300,AMERICAN ACADEMY OF ACUPUNCTURE AND ORIE,MN,55113-0000,Proprietary  ,0,9,9,3,59,62
03921400,WHITE EARTH TRIBAL AND COMMUNITY COLLEGE,MN,56557-0478,Private      ,1,15,16,16,102,118
04044300,HAZELDEN GRADUATE SCHOOL OF ADDICTION ST,MN,55012-0000,Private      ,0,32,32,1,211,212
04130200,INST. OF PRODUCTION AND RECORDING       ,MN,55401-1315,Proprietary  ,30,44,74,276,274,550
04148800,CENTERPOINT MASSAGE & SHIATSU THERAPY SC,MN,55414-4525,Proprietary  ,6,39,45,25,129,154
04157600,NOVA ACADEMY OF COSMETOLOGY             ,MN,55906-4103,Proprietary  ,3,14,17,34,66,100
04160500,AVALON SCHOOL OF COSMETOLOGY            ,MN,56187-1930,Proprietary  ,2,7,9,20,41,61
04174400,ROCHESTER SCHOOL OF HAIR DESIGN         ,MN,55901-4310,Proprietary  ,3,7,10,18,38,56
04175600,PARK AVENUE SCHOOL OF COSMETOLOGY       ,MN,56470-3361,Proprietary  ,2,15,17,24,85,109
04227800,BETHANY GLOBAL UNIVERSITY               ,MN,55438-2849,Private      ,19,13,32,168,68,236
00239600,ALCORN STATE UNIVERSITY                 ,MS,39096-7500,Public       ,127,226,353,4493,3562,8055
00239700,BELHAVEN UNIVERSITY                     ,MS,39202-1789,Private      ,119,578,697,2228,5896,8124
00239800,BLUE MOUNTAIN COLLEGE                   ,MS,38610-9370,Private      ,12,29,41,537,339,876
00240100,COAHOMA COMMUNITY COLLEGE               ,MS,38614-9799,Public       ,42,157,199,1692,1877,3569
00240200,COPIAH-LINCOLN COMMUNITY COLLEGE        ,MS,39191-0649,Public       ,91,210,301,2170,1966,4136
00240300,DELTA STATE UNIVERSITY                  ,MS,38733-0000,Public       ,101,249,350,3586,2894,6480
00240400,EAST CENTRAL COMMUNITY COLLEGE          ,MS,39327-0129,Public       ,59,147,206,1987,1586,3573
00240500,EAST MISSISSIPPI COMM COLLEGE           ,MS,39358-0000,Public       ,146,295,441,3482,2728,6210
00240700,HINDS COMMUNITY COLLEGE                 ,MS,39154-9799,Public       ,421,1142,1563,7921,9806,17727
00240800,HOLMES COMMUNITY COLLEGE                ,MS,39079-0000,Public       ,180,576,756,4082,5561,9643
00240900,ITAWAMBA COMMUNITY COLLEGE              ,MS,38843-1099,Public       ,153,323,476,4031,3109,7140
00241000,JACKSON STATE UNIVERSITY                ,MS,39217-0001,Public       ,259,714,973,9930,10357,20287
00241100,JONES COUNTY JUNIOR COLLEGE             ,MS,39437-3999,Public       ,197,319,516,3994,2597,6591
00241300,MERIDIAN COMMUNITY COLLEGE              ,MS,39307-5890,Public       ,80,320,400,2172,2621,4793
00241400,MILLSAPS COLLEGE                        ,MS,39201-0000,Private      ,80,77,157,1710,726,2436
00241500,MISSISSIPPI COLLEGE                     ,MS,39058-0001,Private      ,120,254,374,3257,3361,6618
00241501,MISSISSIPPI COLLEGE - SCHOOL OF LAW     ,MS,39201-1391,Private      ,5,40,45,100,731,831
00241600,MISSISSIPPI DELTA CMTY COLLEGE          ,MS,38761-0000,Public       ,56,173,229,2160,1892,4052
00241700,MISSISSIPPI GULF CST CLG                ,MS,39573-0000,Public       ,343,897,1240,5633,7146,12779
00242200,MISSISSIPPI UNIV FOR WOMEN              ,MS,39701-5818,Public       ,72,203,275,1873,2498,4371
00242300,MISSISSIPPI STATE UNIVERSITY            ,MS,39762-9698,Public       ,654,600,1254,19177,7793,26970
00242400,MISSISSIPPI VALLEY STATE UNIVERSITY     ,MS,38941-1400,Public       ,77,171,248,3203,2723,5926
00242600,NORTHEAST MS CMNTY COLLEGE              ,MS,38829-1731,Public       ,104,189,293,3011,1858,4869
00242700,NORTHWEST MISSISSIPPI COMMUNITY CLG     ,MS,38668-1703,Public       ,217,468,685,6097,5118,11215
00243000,PEARL RIVER COMMUNITY COLLEGE           ,MS,39470-2201,Public       ,187,389,576,3505,3196,6701
00243300,RUST COLLEGE                            ,MS,38635-2328,Private      ,48,49,97,1480,720,2200
00243500,SOUTHEASTERN BAPTIST COLLEGE            ,MS,39440-0000,Private      ,2,5,7,23,77,100
00243600,SOUTHWEST MISSISSIPPI CMNTY CLG         ,MS,39666-8099,Public       ,74,164,238,1559,1412,2971
00243900,TOUGALOO COLLEGE                        ,MS,39174-9799,Private      ,47,47,94,1465,829,2294
00244000,UNIVERSITY OF MISSISSIPPI               ,MS,38677-1848,Public       ,716,473,1189,18153,6820,24973
00244001,UNIVERSITY OF MISSISSIPPI - MED CTR     ,MS,39216-0000,Public       ,30,139,169,781,2707,3488
00244100,UNIVERSITY OF SOUTHERN MISSISSIPPI      ,MS,39406-0001,Public       ,489,706,1195,12522,9794,22316
00244700,WILLIAM CAREY UNIVERSITY                ,MS,39401-5499,Private      ,100,349,449,2210,4485,6695
00489809,MCCANN SCHOOL OF BUSINESS & TECHNOLOGY -,MS,39503-3167,Proprietary  ,2,27,29,31,185,216
01289101,ANTONELLI COLLEGE - JACKSON             ,MS,39232-9514,Proprietary  ,14,237,251,141,1479,1620
01289102,ANTONELLI COLLEGE - HATTIESBURG         ,MS,39401-3056,Proprietary  ,11,86,97,149,711,860
02074900,CHRIS' BEAUTY COLLEGE                   ,MS,39501-0000,Proprietary  ,4,27,31,38,151,189
02160500,NORTH MISSISSIPPI MED CTR MED TECH      ,MS,38801-0000,Private      ,5,33,38,45,147,192
02235900,ACADEMY OF HAIR DESIGN #4               ,MS,39208-0000,Proprietary  ,2,20,22,53,135,188
02244300,ACADEMY OF HAIR DESIGN #1               ,MS,39204-5008,Proprietary  ,10,40,50,95,305,400
02244305,ACADEMY OF HAIR DESIGN #1-ACADEMY OF HAI,MS,38901-5108,Proprietary  ,1,13,14,45,108,153
02249900,DELTA BEAUTY COLLEGE                    ,MS,38701-0000,Proprietary  ,2,11,13,32,93,125
02251600,ACADEMY OF HAIR DESIGN #6               ,MS,39401-7581,Proprietary  ,10,31,41,93,242,335
02251700,FOSTER'S COSMETOLOGY COLLEGE            ,MS,38663-0000,Proprietary  ,1,17,18,9,62,71
02302800,MISSISSIPPI COLLEGE OF BEAUTY CULT      ,MS,39440-0000,Proprietary  ,4,15,19,35,91,126
02320800,MAGNOLIA COLLEGE OF COSMETOLOGY         ,MS,39206-0000,Proprietary  ,5,62,67,100,331,431
02502100,CREATIONS COLLEGE OF COSMETOLOGY        ,MS,38803-0000,Proprietary  ,0,0,0,19,60,79
02516200,WESLEY BIBLICAL SEMINARY                ,MS,39206-0000,Private      ,0,25,25,4,141,145
02586000,J & J HAIR DESIGN COLLEGE               ,MS,39051-3716,Proprietary  ,2,16,18,29,100,129
03010603,VIRGINIA COLLEGE - JACKSON              ,MS,39206-5602,Proprietary  ,14,99,113,144,744,888
03010610,VIRGINIA COLLEGE - BILOXI               ,MS,39532-2124,Proprietary  ,5,67,72,101,464,565
03032400,KC'S SCHOOL OF HAIR DESIGN              ,MS,38863-0000,Proprietary  ,7,12,19,31,96,127
03263300,TRAXLER'S SCHOOL OF HAIR                ,MS,39212-2529,Proprietary  ,3,22,25,18,102,120
03294305,BLUE CLIFF COLLEGE - GULFPORT           ,MS,39503-0000,Proprietary  ,28,149,177,112,505,617
03464300,ACADEMY OF HAIR DESIGN                  ,MS,39562-0000,Proprietary  ,0,0,0,14,44,58
03848300,DAY SPA CAREER COLLEGE                  ,MS,39564-0000,Proprietary  ,3,12,15,21,101,122
03963300,HEALING TOUCH CAREER COLLEGE            ,MS,39402-1300,Proprietary  ,4,42,46,51,306,357
04131300,CORINTH ACADEMY OF COSMETOLOGY          ,MS,38834-4813,Proprietary  ,5,29,34,44,168,212
04140200,"MISSISSIPPI INSTITUTE OF AESTHETICS, NAI",MS,39056-5628,Proprietary  ,3,15,18,40,118,158
00252600,CARROLL COLLEGE                         ,MT,59625-0002,Private      ,48,17,65,2419,249,2668
00252700,UNIVERSITY OF GREAT FALLS               ,MT,59405-4996,Private      ,24,56,80,1042,570,1612
00252800,MILES COMMUNITY COLLEGE                 ,MT,59301-4799,Public       ,11,28,39,256,231,487
00252900,DAWSON COMMUNITY COLLEGE                ,MT,59330-1405,Public       ,5,20,25,196,130,326
00253000,MONTANA STATE UNIVERSITY - BILLINGS     ,MT,59101-0298,Public       ,120,336,456,2666,3071,5737
00253100,MONTANA TECH OF THE UNIV OF MONTANA     ,MT,59701-8997,Public       ,39,110,149,1581,1316,2897
00253200,MONTANA STATE UNIVERSITY - BOZEMAN      ,MT,59717-4160,Public       ,391,350,741,13331,4616,17947
00253300,MONTANA STATE UNIVERSITY-NORTHERN       ,MT,59501-3148,Public       ,43,74,117,838,796,1634
00253400,ROCKY MOUNTAIN COLLEGE                  ,MT,59102-1796,Private      ,28,37,65,1267,469,1736
00253600,UNIVERSITY OF MONTANA (THE)             ,MT,59812-0001,Public       ,236,495,731,8419,6991,15410
00253700,UNIVERSITY OF MONTANA WESTERN (THE)     ,MT,59725-3598,Public       ,42,83,125,1409,612,2021
00677700,FLATHEAD VALLEY COMMUNITY COLLEGE       ,MT,59901-2699,Public       ,58,175,233,889,1405,2294
00757000,HELENA COLLEGE OF TECHNOLOGY            ,MT,59601-3098,Public       ,22,96,118,485,891,1376
00790000,BUTTE ACADEMY OF BEAUTY CULTURE         ,MT,59701-9197,Proprietary  ,4,9,13,33,50,83
00931400,GREAT FALLS COLLEGE MONTANA STATE UNIVER,MT,59405-4907,Public       ,50,175,225,653,1599,2252
02143400,SALISH KOOTENAI COLLEGE                 ,MT,59855-0000,Public       ,20,94,114,350,815,1165
02286600,LITTLE BIG HORN COLLEGE                 ,MT,59022-0000,Public       ,8,15,23,105,137,242
02343000,FT PECK COMMUNITY COLLEGE               ,MT,59255-0000,Public       ,7,23,30,61,169,230
02510600,BLACKFEET COMMUNITY COLLEGE             ,MT,59417-0000,Private      ,11,36,47,154,390,544
02517500,FORT BELKNAP COLLEGE                    ,MT,59526-0000,Public       ,5,7,12,59,116,175
02545200,CHIEF DULL KNIFE COLLEGE                ,MT,59043-0098,Public       ,4,10,14,61,103,164
02610900,STONE CHILD COLLEGE                     ,MT,59521-9796,Public       ,1,10,11,76,159,235
02621300,ACADEMY OF COSMETOLOGY                  ,MT,59715-3544,Proprietary  ,0,11,11,49,54,103
03205300,MODERN BEAUTY SCHOOL                    ,MT,59801-8386,Proprietary  ,4,13,17,42,73,115
03763400,BOLD BEAUTY ACADEMY                     ,MT,59101-0000,Proprietary  ,5,36,41,75,161,236
03778300,HEALTH WORKS INSTITUTE                  ,MT,59715-0000,Proprietary  ,5,7,12,54,116,170
04163700,BITTERROOT SCHOOL OF COSMETOLOGY        ,MT,59840-3118,Proprietary  ,1,11,12,15,40,55
04164100,MONTANA ACADEMY OF SALON                ,MT,59405-0000,Proprietary  ,6,15,21,57,89,146
04187700,CREVIER'S SCHOOL OF COSMETOLOGY         ,MT,59901-4402,Proprietary  ,7,21,28,51,122,173
00253900,CHADRON STATE COLLEGE                   ,NE,69337-2690,Public       ,65,143,208,1854,1336,3190
00254000,COLLEGE OF ST MARY                      ,NE,68106-2606,Private      ,18,87,105,605,1121,1726
00254100,CONCORDIA UNIVERSITY                    ,NE,68434-1594,Private      ,26,189,215,1465,1433,2898
00254200,CREIGHTON UNIVERSITY                    ,NE,68178-0315,Private      ,171,246,417,6445,5204,11649
00254400,DOANE COLLEGE                           ,NE,68333-2421,Private      ,67,121,188,1647,1163,2810
00254700,GRACE UNIVERSITY                        ,NE,68108-3629,Private      ,18,43,61,392,382,774
00254800,HASTINGS COLLEGE                        ,NE,68901-7621,Private      ,47,34,81,1511,285,1796
00255100,UNIVERSITY OF NEBRASKA AT KEARNEY       ,NE,68849-0001,Public       ,142,173,315,4397,2169,6566
00255200,MCCOOK COMMUNITY COLLEGE                ,NE,69001-2631,Public       ,0,0,0,23,17,40
00255300,MIDLAND UNIVERSITY                      ,NE,68025-4254,Private      ,52,21,73,1663,377,2040
00255400,UNIVERSITY OF NEBRASKA-OMAHA            ,NE,68182-0001,Public       ,315,524,839,9730,7174,16904
00255500,NEBRASKA WESLEYAN UNIVERSITY            ,NE,68504-2796,Private      ,85,93,178,1993,863,2856
00255700,MID-PLAINS COMM. COLLEGE-ALL CAMPUSES   ,NE,69101-9420,Public       ,37,94,131,644,795,1439
00255900,PERU STATE COLLEGE                      ,NE,68421-0010,Public       ,24,87,111,1204,1037,2241
00256000,WESTERN NEBRASKA COMMUNITY COLLEGE      ,NE,69361-1815,Public       ,31,92,123,696,771,1467
00256300,UNION COLLEGE                           ,NE,68506-4387,Private      ,18,32,50,879,422,1301
00256500,UNIVERSITY OF NEBRASKA-LINCOLN          ,NE,68588-0419,Public       ,464,321,785,16796,5066,21862
00256596,UNIVERSITY OF NEBRASKA - CURTIS         ,NE,69025-9522,Public       ,11,7,18,287,62,349
00256600,WAYNE STATE COLLEGE                     ,NE,68787-1172,Public       ,73,71,144,3033,909,3942
00256700,YORK COLLEGE                            ,NE,68467-2699,Private      ,8,12,20,402,117,519
00443600,REGNL WST MEDCL CTR SCHL RAD            ,NE,69361-0000,Private      ,1,1,2,17,12,29
00458608,KAPLAN UNIVERSITY - OMAHA               ,NE,68134-1002,Proprietary  ,19,228,247,147,1574,1721
00458609,KAPLAN UNIVERSITY - LINCOLN             ,NE,68508-2668,Proprietary  ,17,129,146,111,1073,1184
00639900,BRYANLGH COLLEGE OF HEALTH SCIENCES     ,NE,68506-1398,Private      ,15,34,49,422,461,883
00640400,NEBR METHODIST CLG OF NURS ALLD HLTH    ,NE,68114-2852,Private      ,28,97,125,487,1079,1566
00689500,UNIVERSITY OF NEBRASKA-MED CTR          ,NE,68198-4265,Public       ,20,95,115,715,2558,3273
00750100,VATTEROTT COLLEGE                       ,NE,68137-1237,Proprietary  ,1,4,5,24,179,203
00849200,ALEGENT HEALTH SCHOOLS                  ,NE,68114-2767,Private      ,10,24,34,74,219,293
00952300,BAHNER COLLEGE OF HAIRSTYLING           ,NE,68025-3297,Proprietary  ,3,3,6,15,33,48
00961700,CAPITOL BEAUTY SCHOOL                   ,NE,68144-0000,Proprietary  ,22,34,56,152,203,355
00974300,BELLEVUE UNIVERSITY                     ,NE,68005-0000,Private      ,64,797,861,817,8103,8920
00986200,CLARKSON COLLEGE                        ,NE,68131-2739,Private      ,25,125,150,528,1359,1887
01151900,JOSEPH'S COLLEGE OF BEAUTY/ALL CAMPUSES ,NE,68510-2226,Proprietary  ,14,52,66,186,289,475
01166700,NORTHEAST COMMUNITY COLLEGE             ,NE,68702-0000,Public       ,64,150,214,1991,1297,3288
01258600,METROPOLITAN COMMUNITY COLLEGE          ,NE,68103-0000,Public       ,336,1232,1568,4979,10260,15239
01297600,NEBRASKA CHRISTIAN COLLEGE              ,NE,68046-4256,Private      ,10,6,16,130,60,190
02079700,COLLEGE OF HAIR DESIGN                  ,NE,68508-0000,Proprietary  ,10,31,41,135,211,346
02099500,CENTRAL COMMUNITY COLLEGE-ALL CAMPUSES  ,NE,68801-7299,Public       ,102,286,388,1924,2326,4250
02508300,SOUTHEAST COMM. COLLEGE-ALL CAMPUSES    ,NE,68520-0000,Public       ,311,583,894,4304,5207,9511
02550800,NEBRASKA INDIAN COMMUNITY COLLEGE       ,NE,68039-0000,Public       ,2,14,16,31,116,147
02610500,XENON INTERNATIONAL ACADEMY II          ,NE,68127-3522,Proprietary  ,18,38,56,199,261,460
03164300,THE CREATIVE CENTER                     ,NE,68164-2911,Proprietary  ,3,9,12,104,82,186
03279300,MYOTHERAPY INSTITUTE                    ,NE,68516-0000,Proprietary  ,6,7,13,32,55,87
03323300,LITTLE PRIEST TRIBAL COLLEGE            ,NE,68071-0000,Private      ,0,5,5,34,110,144
03821400,UNIVERSAL COLLEGE OF HEALING ARTS       ,NE,68112-1810,Proprietary  ,1,19,20,22,123,145
04240800,SUMMIT CHRISTIAN COLLEGE                ,NE,69341-2306,Private      ,7,7,14,7,7,14
00256800,UNIVERSITY OF NEVADA RENO               ,NV,89557-0002,Public       ,661,536,1197,18942,7496,26438
00256900,UNIVERSITY OF NEVADA-LAS VEGAS          ,NV,89154-1001,Public       ,988,1516,2504,22855,19210,42065
00697700,GREAT BASIN COLLEGE                     ,NV,89801-3348,Public       ,49,159,208,764,1360,2124
00732954,ITT TECHNICAL INSTITUTE                 ,NV,89014-6712,Proprietary  ,38,130,168,265,846,1111
00736700,MARINELLO SCHOOLS OF BEAUTY             ,NV,89110-3563,Proprietary  ,24,102,126,186,602,788
00736701,MARINELLO SCHOOLS OF BEAUTY -           ,NV,89014-2244,Proprietary  ,13,34,47,85,204,289
00737100,MARINELLO SCHOOL OF BEAUTY              ,NV,89502-6530,Proprietary  ,19,47,66,151,290,441
00919200,SIERRA NEVADA COLLEGE                   ,NV,89451-0000,Private      ,33,59,92,602,758,1360
01036200,COLLEGE OF SOUTHERN NEVADA              ,NV,89146-1139,Public       ,1297,3151,4448,17098,28426,45524
01036300,WESTERN NEVADA COLLEGE                  ,NV,89703-0000,Public       ,112,364,476,1251,2719,3970
01246110,LINCOLN TECHNICAL INSTITUTE-EUPH INST OF,NV,89117-8803,Proprietary  ,17,65,82,156,374,530
01246111,LINCOLN TECHNICAL INSTITUTE-EUPH INS OFB,NV,89052-4964,Proprietary  ,9,32,41,76,151,227
01323200,ACADEMY OF HAIR DESIGN                  ,NV,89146-1617,Proprietary  ,30,96,126,203,543,746
02107700,TRUCKEE MEADOWS COMMUNITY CLG           ,NV,89512-0000,Public       ,290,807,1097,4528,6793,11321
02237500,EVEREST COLLEGE                         ,NV,89103-0000,Private      ,48,240,288,505,1645,2150
02338512,GLENDALE CAREER COLLEGE - NEVADA CAREER ,NV,89131-3268,Proprietary  ,6,50,56,77,302,379
02616703,SCOTTSDALE CULINARY INSTITUTE - LE CORDO,NV,89144-7047,Proprietary  ,16,52,68,160,375,535
02621500,CAREER COLLEGE OF NORTHERN NEVADA       ,NV,89434-7905,Proprietary  ,25,105,130,268,817,1085
03030603,UTAH CLG OF MASSAGE THERAPY-NSMT        ,NV,89123-0000,Proprietary  ,30,93,123,135,438,573
03031405,INTERNATIONAL ACADEMY OF DESIGN AND TECH,NV,89074-7750,Proprietary  ,13,11,24,118,210,328
03043200,KAPLAN COLLEGE                          ,NV,89102-8618,Proprietary  ,82,340,422,724,2348,3072
03787300,EXPERTISE SCHOOL OF BEAUTY              ,NV,89106-2516,Private      ,12,60,72,85,331,416
03838500,NORTHWEST HEALTH CAREERS                ,NV,89128-0255,Proprietary  ,38,142,180,250,814,1064
03975300,INSTITUTE OF PROFESSIONAL CAREERS       ,NV,89119-7825,Proprietary  ,15,77,92,112,458,570
04051303,ART INSTITUTE OF PHOENIX (THE) - ART INS,NV,89074-7737,Proprietary  ,28,62,90,395,454,849
04065300,ROSEMAN UNIVERSITY OF HEALTH SCIENCES   ,NV,89014-2333,Private      ,15,73,88,168,1862,2030
04114300,NEVADA STATE COLLEGE                    ,NV,89002-9455,Public       ,134,368,502,2553,4309,6862
04142601,TOURO UNIVERSITY - NEVADA               ,NV,89014-8800,Private      ,10,47,57,146,1002,1148
04144800,INTERNATIONAL ACADEMY OF STYLE          ,NV,89509-3450,Proprietary  ,14,28,42,91,168,259
04147600,AVEDA INSTITUTE LAS VEGAS               ,NV,89119-6103,Proprietary  ,26,80,106,205,488,693
04171000,ADVANCED TRAINING INSTITUTE             ,NV,89115-7504,Proprietary  ,32,176,208,250,940,1190
04180500,ADVANCED BEAUTY SCHOOL OF COSMETOLOGY   ,NV,89103-5864,Proprietary  ,0,0,0,80,231,311
04186300,PAUL MITCHELL THE SCHOOL LAS VEGAS      ,NV,89123-8014,Proprietary  ,41,79,120,304,502,806
04190300,AMERICAN INSTITUTE OF MEDICAL SONOGRAPHY,NV,89146-6597,Proprietary  ,0,0,0,92,208,300
04191100,DESTINATION ACADEMY FOR SPA AND SALON PR,NV,89147-8397,Proprietary  ,5,18,23,5,18,23
04203100,PAUL MITCHELL THE SCHOOL RENO           ,NV,89501-3356,Proprietary  ,16,40,56,134,213,347
04226200,HEALTHCARE PREPARATORY INSTITUTE        ,NV,89130-2580,Proprietary  ,20,87,107,160,504,664
00257200,COLBY-SAWYER COLLEGE                    ,NH,03257-4648,Private      ,36,6,42,2208,128,2336
00257300,DARTMOUTH COLLEGE                       ,NH,03755-3529,Private      ,243,61,304,11342,1751,13093
00257500,FRANKLIN PIERCE UNIVERSITY              ,NH,03461-0060,Private      ,66,100,166,3219,1250,4469
00257900,NEW ENGLAND COLLEGE                     ,NH,03242-3293,Private      ,53,237,290,2516,2140,4656
00258000,SOUTHERN NEW HAMPSHIRE UNIVERSITY       ,NH,03106-1045,Private      ,762,8481,9243,10128,73018,83146
00258100,NHTI  - CONCORD'S COMMUNITY COLLEGE     ,NH,03301-7412,Public       ,123,184,307,2715,2049,4764
00258200,MANCHESTER COMMUNITY COLLEGE            ,NH,03102-8518,Public       ,99,195,294,1530,1979,3509
00258300,GREAT BAY COMMUNITY COLLEGE             ,NH,03801-0000,Public       ,56,125,181,1080,1329,2409
00258600,RIVIER UNIVERSITY                       ,NH,03060-5086,Private      ,35,138,173,1344,1208,2552
00258700,SAINT ANSELM COLLEGE                    ,NH,03102-1310,Private      ,72,16,88,3984,182,4166
00258900,UNIVERSITY OF NEW HAMPSHIRE             ,NH,03824-2511,Public       ,417,218,635,22002,3943,25945
00258903,UNIVERSITY OF NEW HAMPSHIRE - SCHOOL OF ,NH,03301-4115,Public       ,0,0,0,0,14,14
00259000,KEENE STATE COLLEGE                     ,NH,03431-0000,Public       ,128,40,168,7037,661,7698
00259100,PLYMOUTH STATE UNIVERSITY               ,NH,03264-1595,Public       ,130,92,222,6875,1415,8290
00301004,ANTIOCH UNIVERSITY                      ,NH,03431-0000,Private      ,2,39,41,13,753,766
00472900,MOUNT WASHINGTON COLLEGE                ,NH,03103-7230,Proprietary  ,10,42,52,189,918,1107
00472901,HESSER COLLEGE - NASHUA CAMPUS          ,NH,03063-1286,Proprietary  ,0,0,0,0,2,2
00473100,DANIEL WEBSTER COLLEGE                  ,NH,03063-1300,Proprietary  ,19,44,63,840,345,1185
00529100,WHITE MOUNTAINS COMMUNITY COLLEGE       ,NH,03570-3799,Public       ,21,41,62,382,536,918
00702500,LEBANON COLLEGE                         ,NH,03766-0000,Private      ,0,0,0,0,1,1
00755500,LAKES REGION COMMUNITY COLLEGE          ,NH,03246-1326,Public       ,28,62,90,637,697,1334
00756000,RIVER VALLEY COMMUNITY COLLEGE          ,NH,03743-9707,Public       ,16,85,101,353,796,1149
00864500,EMPIRE BEAUTY SCHOOL                    ,NH,03220-0000,Proprietary  ,14,20,34,125,178,303
00923600,NASHUA COMMUNITY COLLEGE                ,NH,03063-2052,Public       ,80,105,185,1156,1047,2203
01318900,CONTINENTAL ACADEMIE OF HAIR DESIGN     ,NH,03051-3754,Proprietary  ,2,5,7,48,37,85
02140400,ST JOSEPH SCH OF PRAC NRSG              ,NH,03060-0000,Private      ,6,25,31,59,247,306
02174800,MICHAEL'S SCHOOL OF HAIR DESIGN & ESTHET,NH,03110-0000,Proprietary  ,16,30,46,104,119,223
02179600,EMPIRE BEAUTY SCHOOL                    ,NH,03878-0000,Proprietary  ,9,28,37,78,152,230
02211600,PORTSMOUTH BTY SCH OF HAIR DESIGN       ,NH,03801-4084,Proprietary  ,7,5,12,47,39,86
02223300,NORTHEAST CATHOLIC COLLEGE              ,NH,03278-4012,Private      ,1,1,2,89,14,103
02245400,KEENE BEAUTY ACADEMY                    ,NH,03431-0000,Proprietary  ,3,9,12,45,57,102
02247000,NEW ENGLAND SCHOOL OF HAIR DESIGN       ,NH,03784-0000,Proprietary  ,0,5,5,18,39,57
03043100,THOMAS MORE COLLEGE OF LIBERAL ARTS     ,NH,03054-4818,Private      ,0,1,1,101,13,114
03101300,GRANITE STATE COLLEGE                   ,NH,03301-6400,Public       ,29,230,259,466,2574,3040
03182300,NEW HAMPSHIRE INSTITUTE OF ART          ,NH,03104-4858,Private      ,15,20,35,611,215,826
03437300,UPPER VALLEY TEACHER TRANING PROGRAM    ,NH,03766-1358,Private      ,1,1,2,1,38,39
03729300,NH INSTITUTE FOR THERAPEUTIC ARTS       ,NH,03051-4906,Proprietary  ,2,11,13,11,51,62
04162200,LAIRD INSTITUTE OF SPA THERAPY          ,NH,03102-5263,Proprietary  ,8,14,22,29,64,93
00267000,SUMMIT UNIVERSITY OF PENNSYLVANIA       ,PA,18411-1297,Private      ,17,42,59,540,456,996
00322800,BRYN ATHYN COLLEGE OF THE NEW CHURCH    ,PA,19009-0717,Private      ,11,3,14,336,54,390
00322900,ALBRIGHT COLLEGE                        ,PA,19612-5234,Private      ,92,88,180,4766,1155,5921
00323000,ALLEGHENY COLLEGE                       ,PA,16335-3902,Private      ,45,17,62,3364,152,3516
00323100,COMM CLG OF ALLEGHENY-ALLEGHENY CMP     ,PA,15212-0000,Public       ,173,589,762,2955,5537,8492
00323101,"COMM CLG OF ALLEGHENY, BOYCE CAMPUS     ",PA,15146-0000,Public       ,91,243,334,1443,2330,3773
00323102,"COMM CLG OF ALLEGHENY, NORTH CAMPUS     ",PA,15237-0000,Public       ,113,304,417,1832,2288,4120
00323103,"COMM CLG OF ALLEGHENY, SOUTH CAMPUS     ",PA,15122-0000,Public       ,95,210,305,1647,2029,3676
00323300,ALVERNIA UNIVERSITY                     ,PA,19607-1799,Private      ,50,117,167,2386,1737,4123
00323500,ARCADIA UNIVERSITY                      ,PA,19038-3295,Private      ,153,114,267,6398,1836,8234
00323700,BRYN MAWR COLLEGE                       ,PA,19010-2899,Private      ,39,16,55,1941,494,2435
00323800,BUCKNELL UNIVERSITY                     ,PA,17837-2122,Private      ,175,14,189,6558,222,6780
00323900,BUCKS COUNTY COMMUNITY COLLEGE          ,PA,18940-1320,Public       ,218,385,603,4050,3712,7762
00324000,BUTLER COUNTY COMMUNITY COLLEGE         ,PA,16001-0000,Public       ,81,220,301,1974,1710,3684
00324100,CABRINI COLLEGE                         ,PA,19087-3698,Private      ,43,109,152,2203,782,2985
00324200,CARNEGIE MELLON UNIVERSITY              ,PA,15213-3890,Private      ,391,87,478,13545,1577,15122
00324201,CARNEGIE MELLON UNIV- THE HEINZ COLLEGE ,PA,15213-0000,Private      ,13,26,39,156,583,739
00324202,CARNEGIE MELLON- TEPPER SCHOOL OF BUSINE,PA,15213-0000,Private      ,11,22,33,256,495,751
00324300,CEDAR CREST COLLEGE                     ,PA,18104-6196,Private      ,20,92,112,1145,1357,2502
00324400,CHATHAM UNIVERSITY                      ,PA,15232-2826,Private      ,30,124,154,1088,1739,2827
00324500,CHESTNUT HILL COLLEGE                   ,PA,19118-2693,Private      ,56,156,212,1679,2100,3779
00324700,MISERICORDIA  UNIVERSITY                ,PA,18612-1008,Private      ,40,58,98,2517,1433,3950
00324900,COMMUNITY COLLEGE OF PHILADELPHIA       ,PA,19130-3991,Public       ,788,2533,3321,12786,22773,35559
00325100,CURTIS INSTITUTE OF MUSIC               ,PA,19103-6187,Private      ,12,4,16,286,142,428
00325200,DELAWARE VALLEY UNIVERSITY              ,PA,18901-2697,Private      ,51,47,98,2780,514,3294
00325300,DICKINSON COLLEGE                       ,PA,17013-2896,Private      ,97,12,109,3704,192,3896
00325600,DREXEL UNIVERSITY                       ,PA,19104-2875,Private      ,694,1018,1712,24934,16875,41809
00325800,DUQUESNE UNIVERSITY                     ,PA,15282-0001,Private      ,100,105,205,8293,3598,11891
00325900,EASTERN UNIVERSITY                      ,PA,19087-3696,Private      ,62,172,234,2300,2366,4666
00326200,ELIZABETHTOWN COLLEGE                   ,PA,17022-2298,Private      ,37,58,95,2863,752,3615
00326300,EVANGELICAL SCHOOL OF THEOLOGY          ,PA,17067-0000,Private      ,0,2,2,1,96,97
00326500,FRANKLIN & MARSHALL COLLEGE             ,PA,17604-0000,Private      ,105,17,122,4167,220,4387
00326600,GANNON UNIVERSITY                       ,PA,16541-0001,Private      ,62,67,129,3706,1337,5043
00326700,GENEVA COLLEGE                          ,PA,15010-3599,Private      ,20,63,83,1828,785,2613
00326800,GETTYSBURG COLLEGE                      ,PA,17325-1486,Private      ,111,18,129,4486,213,4699
00326900,GROVE CITY COLLEGE                      ,PA,16127-2104,Private      ,24,6,30,1726,59,1785
00327000,GWYNEDD MERCY UNIVERSITY                ,PA,19437-0901,Private      ,31,135,166,1593,1931,3524
00327200,HARCUM COLLEGE                          ,PA,19010-3476,Private      ,50,163,213,869,1877,2746
00327300,HARRISBURG AREA COMMUNITY COLLEGE       ,PA,17110-2999,Public       ,520,1456,1976,9559,14717,24276
00327400,HAVERFORD COLLEGE                       ,PA,19041-1392,Private      ,56,5,61,2196,74,2270
00327500,HOLY FAMILY UNIVERSITY                  ,PA,19114-2094,Private      ,58,147,205,2026,1798,3824
00327600,IMMACULATA UNIVERSITY                   ,PA,19345-0647,Private      ,19,108,127,1602,1424,3026
00327700,INDIANA UNIVERSITY OF PENNSYLVANIA      ,PA,15705-1097,Public       ,286,224,510,14019,3631,17650
00327900,JUNIATA COLLEGE                         ,PA,16652-2196,Private      ,22,2,24,2430,123,2553
00328000,KEYSTONE COLLEGE                        ,PA,18440-0200,Private      ,35,39,74,1587,580,2167
00328200,KINGS COLLEGE                           ,PA,18711-0801,Private      ,51,42,93,3108,580,3688
00328300,LACKAWANNA COLLEGE                      ,PA,18509-9961,Private      ,93,108,201,1634,1116,2750
00328400,LAFAYETTE COLLEGE                       ,PA,18042-1768,Private      ,127,12,139,4682,164,4846
00328500,LANCASTER BIBLE COLLEGE                 ,PA,17601-5036,Private      ,27,102,129,936,1140,2076
00328600,LANCASTER THEOLOGICAL SEMINARY          ,PA,17603-0000,Private      ,0,5,5,3,121,124
00328700,LASALLE UNIVERSITY                      ,PA,19141-1199,Private      ,179,288,467,6335,4020,10355
00328800,LEBANON VALLEY COLLEGE                  ,PA,17003-1400,Private      ,114,18,132,2982,282,3264
00328900,LEHIGH UNIVERSITY                       ,PA,18015-1588,Private      ,250,66,316,9204,853,10057
00329000,LINCOLN UNIVERSITY                      ,PA,19352-0999,Public       ,93,97,190,3642,1196,4838
00329100,LUTHERAN THEOLOG SEMINARY-GETTYSBRG     ,PA,17325-0000,Private      ,0,1,1,1,77,78
00329200,LUTHERAN THEOLOGICAL SEMINARY           ,PA,19119-0000,Private      ,0,8,8,2,189,191
00329300,LYCOMING COLLEGE                        ,PA,17701-5192,Private      ,21,14,35,1946,167,2113
00329400,MANOR COLLEGE                           ,PA,19046-3399,Private      ,23,41,64,736,606,1342
00329600,MARYWOOD UNIVERSITY                     ,PA,18509-1598,Private      ,50,52,102,2731,1366,4097
00329700,MERCYHURST UNIVERSITY                   ,PA,16546-0001,Private      ,67,113,180,3693,1526,5219
00329800,MESSIAH COLLEGE                         ,PA,17027-0000,Private      ,60,57,117,3368,612,3980
00330000,MOORE COLLEGE OF ART & DESIGN           ,PA,19103-1179,Private      ,28,26,54,715,344,1059
00330100,MORAVIAN COLLEGE                        ,PA,18018-6650,Private      ,45,38,83,2683,502,3185
00330101,MORAVIAN THEOLOGICAL SEMINARY           ,PA,18018-0000,Private      ,0,5,5,10,90,100
00330200,MOUNT ALOYSIUS COLLEGE                  ,PA,16630-1999,Private      ,25,41,66,1365,784,2149
00330300,CARLOW UNIVERSITY                       ,PA,15213-3165,Private      ,28,154,182,1342,2050,3392
00330400,MUHLENBERG COLLEGE                      ,PA,18104-5586,Private      ,82,42,124,3852,408,4260
00330600,UNIVERSITY OF VALLEY FORGE              ,PA,19460-2399,Private      ,32,51,83,800,447,1247
00330900,PEIRCE COLLEGE                          ,PA,19102-4699,Private      ,38,207,245,492,2554,3046
00331100,SALUS UNIVERSITY                        ,PA,19027-1598,Private      ,2,20,22,27,1272,1299
00331300,WIDENER UNIVERSITY                      ,PA,19013-5792,Private      ,96,199,295,5043,2899,7942
00331302,WIDENER UNIV SCH OF LAW- HARRISBURG     ,PA,17106-9381,Private      ,2,10,12,28,442,470
00331500,BLOOMSBURG UNIVERSITY OF PA             ,PA,17815-1301,Public       ,274,127,401,13104,2230,15334
00331600,CALIFORNIA UNIV OF PENNSYLVANIA         ,PA,15419-1394,Public       ,118,386,504,5977,4597,10574
00331700,CHEYNEY UNIVERSITY OF PENNSYLVANIA      ,PA,19319-0200,Public       ,45,45,90,1501,782,2283
00331800,CLARION UNIVERSITY OF PENNSYLVANIA      ,PA,16214-1232,Public       ,74,168,242,4610,2247,6857
00332000,EAST STROUDSBURG UNIVERSITY             ,PA,18301-2999,Public       ,174,137,311,8129,2172,10301
00332100,EDINBORO UNIVERSITY OF PENNSYLVANIA     ,PA,16444-0001,Public       ,101,195,296,5670,2936,8606
00332200,KUTZTOWN UNIVERSITY OF PENNSYLVANIA     ,PA,19530-9339,Public       ,217,117,334,11197,2241,13438
00332300,LOCK HAVEN UNIV OF PENNSYLVANIA         ,PA,17745-2439,Public       ,89,78,167,5166,1347,6513
00332400,MANSFIELD UNIVERSITY                    ,PA,16933-1123,Public       ,51,39,90,2716,692,3408
00332500,MILLERSVILLE UNIVERSITY OF PA           ,PA,17551-1800,Public       ,187,148,335,8593,2548,11141
00332600,SHIPPENSBURG UNIVERSITY                 ,PA,17257-2299,Public       ,150,117,267,8381,1721,10102
00332700,SLIPPERY ROCK UNIVERSITY                ,PA,16057-1326,Public       ,159,184,343,8742,2245,10987
00332800,WEST CHESTER UNIVERSITY                 ,PA,19383-0001,Public       ,347,320,667,17820,5384,23204
00332900,PENNSYLVANIA STATE UNIVERSITY (THE)     ,PA,16802-1503,Public       ,1668,2362,4030,75927,30148,106075
00335000,UNIVERSITY OF THE ARTS (THE)            ,PA,19102-9493,Private      ,96,49,145,2898,672,3570
00335100,CAIRN UNIVERSITY                        ,PA,19047-2942,Private      ,16,30,46,797,396,1193
00335200,PHILADELPHIA CLG OSTEOPATHIC MED        ,PA,19131-0000,Private      ,2,34,36,50,3444,3494
00335300,UNIVERSITY OF THE SCIENCES IN PHILADELPH,PA,19104-4495,Private      ,76,48,124,3109,1632,4741
00335400,PHILADELPHIA UNIVERSITY                 ,PA,19144-5497,Private      ,102,235,337,4228,2694,6922
00335600,PITTSBURGH THEOLOGICAL SEMINARY         ,PA,15206-0000,Private      ,0,8,8,6,178,184
00335700,POINT PARK UNIVERSITY                   ,PA,15222-1912,Private      ,78,206,284,3876,2425,6301
00335800,REFORMED PRESBYTERIAN THEOL SEMINAR     ,PA,15208-0000,Private      ,0,7,7,1,25,26
00335900,ROBERT MORRIS UNIVERSITY                ,PA,15108-1189,Private      ,110,137,247,5353,1996,7349
00336000,ROSEMONT COLLEGE                        ,PA,19010-1699,Private      ,22,59,81,724,609,1333
00336200,SETON HILL UNIVERSITY                   ,PA,15601-1599,Private      ,42,47,89,2138,865,3003
00336400,ST. CHARLES BORROMEO SEMINARY           ,PA,19096-0000,Private      ,4,1,5,30,25,55
00336600,SAINT FRANCIS UNIVERSITY                ,PA,15940-0600,Private      ,35,50,85,2233,805,3038
00336700,SAINT JOSEPH'S UNIVERSITY               ,PA,19131-1395,Private      ,177,405,582,7842,3621,11463
00336800,ST VINCENT COLLEGE                      ,PA,15650-2690,Private      ,27,13,40,2109,277,2386
00336900,SUSQUEHANNA UNIVERSITY                  ,PA,17870-1001,Private      ,73,12,85,3907,136,4043
00337000,SWARTHMORE COLLEGE                      ,PA,19081-1397,Private      ,84,9,93,4199,129,4328
00337100,TEMPLE UNIVERSITY                       ,PA,19122-6003,Private      ,1045,1065,2110,37624,19687,57311
00337500,THEOLOGICAL SEMINARY REFORMED EPISCOPAL ,PA,19422-1257,Private      ,0,0,0,0,2,2
00337600,THIEL COLLEGE                           ,PA,16125-2181,Private      ,24,4,28,1560,118,1678
00337800,UNIVERSITY OF PENNSYLVANIA              ,PA,19104-6216,Private      ,727,517,1244,23682,11955,35637
00337900,UNIVERSITY OF PITTSBURGH                ,PA,15260-0000,Public       ,623,481,1104,32399,9635,42034
00337906,UNIVERSITY OF PITTSBURGH - SCHOOL OF MED,PA,15261-0001,Public       ,19,10,29,210,932,1142
00337907,UNIVERSITY OF PITTSBURGH - SCHOOL OF DEN,PA,15261-2523,Public       ,3,4,7,103,367,470
00338400,UNIVERSITY OF SCRANTON                  ,PA,18510-4622,Private      ,159,149,308,8098,1500,9598
00338500,URSINUS COLLEGE                         ,PA,19426-1000,Private      ,44,6,50,2709,98,2807
00338600,VALLEY FORGE MILITARY COLLEGE           ,PA,19087-3695,Private      ,13,8,21,528,84,612
00338800,VILLANOVA UNIVERSITY                    ,PA,19085-1699,Private      ,304,294,598,12789,3076,15865
00338801,VILLANOVA UNIV SCH OF LAW               ,PA,19085-0000,Private      ,4,19,23,36,971,1007
00338900,WASHINGTON & JEFFERSON COLLEGE          ,PA,15301-4801,Private      ,59,9,68,2725,120,2845
00339100,WAYNESBURG UNIVERSITY                   ,PA,15370-1222,Private      ,28,44,72,1947,588,2535
00339200,WESTMINSTER COLLEGE                     ,PA,16172-0002,Private      ,32,13,45,1840,174,2014
00339300,WESTMINSTER THEOLOGICAL SEMINARY        ,PA,19038-0000,Private      ,0,11,11,7,280,287
00339400,WILKES UNIVERSITY                       ,PA,18766-0998,Private      ,65,339,404,3611,2031,5642
00339500,PENNSYLVANIA COLLEGE OF TECHNOLOGY      ,PA,17701-5779,Public       ,140,191,331,4925,2224,7149
00339600,WILSON COLLEGE                          ,PA,17201-1285,Private      ,15,28,43,619,498,1117
00339900,YORK COLLEGE OF PENNSYLVANIA            ,PA,17405-7199,Private      ,115,86,201,7075,1190,8265
00398600,DESALES UNIVERSITY                      ,PA,18034-9568,Private      ,57,101,158,2844,1519,4363
00398700,LA ROCHE COLLEGE                        ,PA,15237-5898,Private      ,22,42,64,1221,551,1772
00398800,NEUMANN UNIVERSITY                      ,PA,19014-1298,Private      ,44,111,155,2815,1513,4328
00405800,GRATZ COLLEGE                           ,PA,19027-3097,Private      ,1,8,9,3,87,90
00445200,MONTGOMERY COUNTY COMMUNITY COLLEGE     ,PA,19422-6300,Public       ,218,536,754,5268,5763,11031
00488900,CAMBRIA-ROWE BUSINESS COLLEGE           ,PA,15902-2494,Proprietary  ,2,8,10,73,106,179
00488901,CAMBRIA ROWE BUSINESS COLLEGE - INDIANA ,PA,15701-2804,Proprietary  ,3,9,12,65,101,166
00488902,CAMBRIA ROWE BUSINESS COLLEGE - SCHOOL O,PA,15904-1945,Proprietary  ,1,4,5,13,28,41
00489000,CENTRAL PENN COLLEGE                    ,PA,17093-0309,Proprietary  ,33,145,178,962,1661,2623
00489300,DU BOIS BUSINESS COLLEGE                ,PA,15801-2401,Proprietary  ,5,13,18,116,185,301
00489800,MCCANN SCHOOL OF BUSINESS & TECHNOL     ,PA,17901-1335,Proprietary  ,134,574,708,1124,4269,5393
00489807,MCCANN SCHOOL OF BUSINESS & TECHNOLOGY -,PA,17013-3180,Proprietary  ,3,11,14,55,159,214
00489900,MERCY HOSP SCH OF NURSING               ,PA,15219-5166,Private      ,8,24,32,124,186,310
00490200,PENN COMMERCIAL BUSINESS/TECHNICAL SCHOO,PA,15301-2871,Proprietary  ,17,46,63,219,391,610
00491000,KAPLAN CAREER INSTITUTE                 ,PA,17111-3571,Proprietary  ,19,95,114,173,613,786
00491001,THOMPSON INSTITUTE-PHILADEPHIA CAMPUS   ,PA,19104-3386,Proprietary  ,39,135,174,255,752,1007
00500701,WEST VIRGINIA CAREER INSTITUTE          ,PA,15456-0000,Proprietary  ,7,28,35,56,105,161
00531000,PITTSBURGH INST OF AERONAUTICS          ,PA,15236-0000,Private      ,15,52,67,365,299,664
00533000,FAYETTE CNTY AREA VOC TECH PRC NRSG     ,PA,15401-0000,Public       ,0,13,13,37,107,144
00533500,CENTRAL PENN INST OF SCI & TECH PNP     ,PA,16823-0000,Public       ,11,47,58,99,243,342
00536500,YORK CO AREA VOC-TECH SCH-PRAC NSG      ,PA,17402-0000,Public       ,12,43,55,106,340,446
00653400,CITIZENS SCHOOL OF NURSING              ,PA,15068-6591,Private      ,4,10,14,104,182,286
00653700,CONEMAUGH VLY MEM HOSP SCH NRSNG        ,PA,15905-4398,Proprietary  ,1,8,9,94,96,190
00655100,ST MARGARET SCHL OF NURSING             ,PA,15238-3205,Private      ,5,10,15,78,165,243
00656000,OHIO VALLEY HOSP SCH OF NURSING         ,PA,15136-1694,Private      ,1,5,6,45,57,102
00656500,READING HOSPITAL SCHOOL OF HEALTH SCIENC,PA,19611-1744,Private      ,14,24,38,235,455,690
00657400,"ST LUKE'S HOSPITAL OF BETHLEHEM, PA     ",PA,18015-1065,Private      ,2,10,12,103,252,355
00657700,UPMC SHADYSIDE SCHOOL OF NURSING        ,PA,15232-1381,Private      ,19,43,62,240,354,594
00657800,SHARON REGIONAL HEALTH SYSTEM SCHOOL OF ,PA,16146-3395,Proprietary  ,0,2,2,35,58,93
00658200,WASHINGTON HOSP SCH OF NURSING          ,PA,15301-3398,Private      ,3,9,12,50,86,136
00658202,WASHINGTON HOSP SCH OF RAD TECH         ,PA,15301-3398,Private      ,2,2,4,10,20,30
00658300,WESTERN PENN HOSP-SCH OF NURSING        ,PA,15224-1790,Private      ,6,19,25,144,205,349
00680700,COMMUNITY COLLEGE OF BEAVER COUNTY      ,PA,15061-2588,Public       ,52,188,240,1137,1418,2555
00681000,LEHIGH CARBON COMMUNITY COLLEGE         ,PA,18078-2598,Public       ,220,440,660,3512,3885,7397
00681100,LUZERNE COUNTY COMMUNITY COLLEGE        ,PA,18634-3899,Public       ,132,313,445,2912,3557,6469
00708700,ABINGTON MEM HOSP SCHL OF NURSING       ,PA,19090-1284,Private      ,1,1,2,124,322,446
00709100,EVEREST INSTITUTE                       ,PA,15222-1320,Private      ,2,19,21,85,399,484
00711000,DELAWARE COUNTY COMMUNITY COLLEGE       ,PA,19063-1094,Public       ,359,979,1338,6157,8437,14594
00719100,NORTHAMPTON COMMUNITY COLLEGE           ,PA,18020-7599,Public       ,352,624,976,6515,6241,12756
00730305,LINCOLN TECHNICAL INSTITUTE - PHILADELPH,PA,19136-1530,Proprietary  ,25,73,98,273,490,763
00732955,ITT TECHNICAL INSTITUTE                 ,PA,19406-1212,Proprietary  ,11,97,108,187,630,817
00743000,ANTONELLI INST OF ART & PHOTOGRAPHY     ,PA,19038-8242,Proprietary  ,12,5,17,246,40,286
00743600,KAPLAN CAREER INSTITUTE - ICM CAMPUS    ,PA,15222-1977,Proprietary  ,17,122,139,189,837,1026
00743700,PITTSBURGH TECHNICAL INSTITUTE          ,PA,15071-3205,Proprietary  ,94,105,199,2294,1338,3632
00746900,"HUSSIAN SCHOOL OF ART, INC.             ",PA,19106-0000,Proprietary  ,3,1,4,108,41,149
00747000,"ART INSTITUTE OF PITTSBURGH, THE        ",PA,15219-1328,Proprietary  ,353,1937,2290,2865,10995,13860
00752900,"CHESTER COUNTY INTERMEDIATE UNIT, PNP   ",PA,19335-3043,Public       ,2,20,22,44,159,203
00777900,LANSDALE SCHOOL OF BUSINESS             ,PA,19454-4114,Proprietary  ,8,28,36,60,344,404
00778000,NEW CASTLE SCHOOL OF TRADES             ,PA,16143-0000,Proprietary  ,37,98,135,328,643,971
00778100,CHI INSTITUTE/RETS CAMPUS               ,PA,19008-3516,Proprietary  ,29,50,79,121,321,442
00783900,TRIANGLE TECH                           ,PA,15214-3897,Proprietary  ,16,56,72,183,309,492
00791200,THADDEUS STEVENS CLG OF TECHNOLOGY      ,PA,17602-0000,Public       ,40,43,83,1266,590,1856
00791600,FRANKLIN CNTY CAREER & TECH CTR-PNP     ,PA,17201-0000,Public       ,3,16,19,42,111,153
00793807,LINCOLN TECHNICAL INSITUTE - ALLENTOWN  ,PA,18104-3212,Proprietary  ,20,67,87,283,609,892
00820000,JAMESON MEMORIAL HOSP SCH NURSING       ,PA,16105-2595,Private      ,0,4,4,35,76,111
00835000,ART INSTITUTE OF PHILADELPHIA           ,PA,19103-5198,Proprietary  ,180,244,424,2118,2092,4210
00844100,ANTHEM INSTITUTE                        ,PA,19064-1243,Proprietary  ,0,2,2,5,24,29
00856800,VET TECH INSTITUTE                      ,PA,15222-3400,Proprietary  ,20,27,47,378,235,613
00865300,JEFFERSON CO DUBOIS VOC TECH-PR NSG     ,PA,15851-0000,Public       ,0,1,1,13,21,34
00895500,SALON PROFESSIONAL ACADEMY (THE)        ,PA,16602-0000,Proprietary  ,3,9,12,26,46,72
00915705,WYOTECH - BLAIRSVILLE                   ,PA,15717-8060,Private      ,42,55,97,461,431,892
00918600,DEAN INSTITUTE OF TECHNOLOGY            ,PA,15226-1197,Proprietary  ,1,19,20,44,118,162
00944900,PENNCO TECH                             ,PA,19007-0000,Proprietary  ,33,89,122,217,407,624
00966400,EMPIRE BEAUTY SCHOOL                    ,PA,18052-5730,Proprietary  ,62,197,259,603,1410,2013
00972100,BRADFORD SCHOOL                         ,PA,15219-2602,Proprietary  ,8,12,20,550,190,740
00972300,ARIA HEALTH SCHOOL OF NURSING           ,PA,19053-6939,Private      ,9,17,26,153,328,481
00986300,PENNSYLVANIA COLLEGE OF HEALTH SCIENCES ,PA,17602-4955,Private      ,42,106,148,691,1155,1846
01000600,GREATER JOHNSTOWN AREA VOC TECH SCH     ,PA,15904-0000,Public       ,3,29,32,67,223,290
01005500,CRAWFORD CNTY AREA VO-TECH PRAC NUR     ,PA,16335-0000,Public       ,1,2,3,14,34,48
01017600,WESTMORELAND COUNTY COMMUNITY CLG       ,PA,15697-1895,Public       ,135,351,486,2947,3157,6104
01038800,READING AREA COMMUNITY COLLEGE          ,PA,19603-1706,Public       ,128,363,491,2189,3497,5686
01054200,EMPIRE BEAUTY SCHOOL                    ,PA,18701-0000,Proprietary  ,81,241,322,657,1532,2189
01081400,PITTSBURGH INST MORTUARY SCIENCE        ,PA,15206-3706,Private      ,9,35,44,113,308,421
01086000,GREATER ALTOONA CAREER/TECH CENTER      ,PA,16602-0000,Public       ,4,20,24,95,216,311
01096300,GREENE COUNTY VOC-TECH SCHOOL           ,PA,15370-0000,Public       ,5,14,19,14,44,58
01099800,PENNSYLVANIA INSTITUTE OF TECH          ,PA,19063-4098,Private      ,42,144,186,355,978,1333
01162100,AUTOMOTIVE TRAINING CENTER              ,PA,19341-1310,Proprietary  ,82,56,138,832,391,1223
01162200,WELDER TRAINING & TESTING INST          ,PA,18109-3253,Proprietary  ,3,15,18,34,104,138
01171500,SCHUYLKILL HEALTH SCHOOL OF NURSING     ,PA,17901-3692,Private      ,1,2,3,59,69,128
01191900,BEAVER FALLS BEAUTY ACADEMY             ,PA,15010-4208,Proprietary  ,6,7,13,28,43,71
01205000,ROSEDALE TECHNICAL INSTITUTE            ,PA,15205-9791,Private      ,27,46,73,337,386,723
01239300,THOMAS JEFF UNIV-CLG ALLIED HEALTH      ,PA,19107-0000,Private      ,9,56,65,294,1545,1839
01239301,THOMAS JEFFERSON UNIVERSITY - JEFFERSON ,PA,19107-5001,Private      ,17,80,97,413,2475,2888
01239303,THOMAS JEFFERSON UNIVERSITY - COLLEGE OF,PA,19107-6731,Private      ,8,54,62,238,814,1052
01246104,LINCOLN TECHNICAL INSTITUTE             ,PA,19104-0202,Proprietary  ,26,87,113,298,694,992
01246105,LINCOLN TECHNICAL INSTITUTE             ,PA,19116-4202,Proprietary  ,28,78,106,220,570,790
01252300,TALMUDICAL YESHIVA OF PHILA             ,PA,19131-1296,Private      ,23,0,23,47,2,49
01260600,EMPIRE BEAUTY SCHOOL                    ,PA,17901-3859,Proprietary  ,58,166,224,526,1230,1756
01292900,SOUTH HILLS BEAUTY ACADEMY              ,PA,15216-2335,Proprietary  ,7,34,41,69,178,247
01313400,YESHIVATH BETH MOSHE                    ,PA,18505-2196,Private      ,18,2,20,41,5,46
01321400,ROXBOROUGH MEM HOSP SCH OF NURSING      ,PA,19128-0000,Proprietary  ,4,23,27,103,379,482
01326300,SOUTH HILLS SCHOOL OF BUSINESS & TECHNOL,PA,16801-4516,Proprietary  ,12,23,35,430,430,860
02061000,VENUS BEAUTY ACADEMY                    ,PA,19079-0000,Proprietary  ,8,8,16,40,65,105
02068300,DOUGLAS SCHOOL OF BUSINESS              ,PA,15062-0000,Proprietary  ,16,21,37,239,241,480
02090200,TRIANGLE TECH                           ,PA,16502-0000,Proprietary  ,7,13,20,58,56,114
02092500,LAUREL TECHNICAL INSTITUTE              ,PA,16146-0000,Proprietary  ,6,19,25,170,264,434
02092502,BUSINESS INSTITUTE OF PENNSYLVANIA      ,PA,16335-0000,Proprietary  ,1,4,5,16,23,39
02104003,HARRIS SCHOOL OF BUSINESS - UPPER DARBY ,PA,19082-2528,Proprietary  ,1,9,10,12,64,76
02107300,PENNSYLVANIA ACADEMY OF FINE ARTS       ,PA,19102-1424,Private      ,15,16,31,309,301,610
02112200,GREAT LAKES INSTITUTE OF TECHNOLOGY     ,PA,16509-0000,Proprietary  ,22,51,73,284,410,694
02114200,JOHNSON COLLEGE                         ,PA,18508-0000,Private      ,17,26,43,466,296,762
02118000,LEVITTOWN BEAUTY ACADEMY LLC            ,PA,19054-1713,Proprietary  ,5,6,11,22,41,63
02119300,PA ACAD OF COSMETOLOGY ARTS & SCI       ,PA,15904-0000,Proprietary  ,8,15,23,53,81,134
02120800,"YORKTOWNE BUSINESS INSTITUTE, INC.      ",PA,17404-0000,Proprietary  ,0,0,0,55,88,143
02127400,YORK TECHNICAL INSTITUTE                ,PA,17402-0000,Proprietary  ,57,127,184,1007,1224,2231
02129000,TRIANGLE TECH                           ,PA,15601-0000,Proprietary  ,42,45,87,243,261,504
02129001,TRIANGLE TECH - BUSINESS CAREERS INSTITU,PA,15601-3304,Proprietary  ,0,2,2,13,13,26
02144000,TONI & GUY  HAIRDRESSING ACADEMY        ,PA,18109-1629,Proprietary  ,8,21,29,49,129,178
02151500,CENTRAL SUSQUEHANNA LPN CENTER          ,PA,17837-8818,Public       ,3,17,20,63,143,206
02158300,JUNIATA-MIFFLIN CO AREA VOC TECH        ,PA,17044-0000,Public       ,0,3,3,15,45,60
02161400,NORTHEASTERN HOSP SCH OF NRSG           ,PA,19134-0000,Private      ,4,18,22,41,171,212
02169600,CLEARFIELD CTY CAREER AND TECH CNTR     ,PA,16830-0000,Public       ,2,4,6,51,95,146
02174400,TRIANGLE TECH                           ,PA,15801-0000,Proprietary  ,39,18,57,290,183,473
02178900,ACADEMY OF HAIR DESIGN                  ,PA,18202-1465,Proprietary  ,13,59,72,105,285,390
02183000,ORLEANS TECHNICAL INSTITUTE             ,PA,19111-0000,Private      ,19,88,107,148,409,557
02192800,WALNUT HILL COLLEGE                     ,PA,19104-0000,Proprietary  ,36,46,82,518,398,916
02202300,PITTSBURGH CAREER INSTITUTE             ,PA,15219-1907,Proprietary  ,11,37,48,127,347,474
02203900,ERIE INSTITUTE OF TECHNOLOGY            ,PA,16565-1002,Proprietary  ,11,41,52,170,280,450
02206200,TONI & GUY HAIRDRESSING ACADEMY         ,PA,19002-4527,Proprietary  ,21,36,57,140,194,334
02206300,STROUDSBURG SCHOOL OF COSMETOLOGY       ,PA,18360-0000,Proprietary  ,9,9,18,54,62,116
02212700,LANCASTER SCHOOL OF COSMETOLOGY         ,PA,17602-0000,Proprietary  ,8,32,40,63,154,217
02234200,ACADEMY OF MEDICAL ARTS & BUSINESS      ,PA,17112-0000,Proprietary  ,13,30,43,181,293,474
02251200,SCHUYLKILL COUNTY AREA VOC TECH SCH     ,PA,17931-0000,Public       ,0,17,17,19,69,88
02251202,SCHUYLKILL COUNTY AREA VOC TECH SCH     ,PA,17931-0000,Public       ,0,5,5,2,20,22
02253900,BERKS TECHNICAL INSTITUTE               ,PA,19610-1168,Proprietary  ,54,265,319,828,1925,2753
02269900,PENNSYLVANIA COLLEGE OF ART & DESIGN    ,PA,17603-3528,Private      ,13,11,24,425,114,539
02270500,BUCKS COUNTY SCHOOL OF BEAUTY CULT      ,PA,19053-0000,Proprietary  ,4,7,11,31,48,79
02273400,RECONSTRUCTIONIST RABBINICAL COLLEG     ,PA,19095-0000,Private      ,0,0,0,0,36,36
02276600,HANOVER PUBLIC SCH DIST PRAC NURSG      ,PA,17331-0000,Public       ,0,0,0,0,1,1
02282500,LENAPE SCHOOL OF PRACTICAL NURSING      ,PA,16226-0000,Public       ,10,23,33,66,198,264
02289500,PACE INSTITUTE                          ,PA,19601-0000,Proprietary  ,0,0,0,2,0,2
02289600,CONSOLIDATED SCHOOL OF BUSINESS         ,PA,17404-0000,Proprietary  ,8,16,24,74,162,236
02289700,ACADEMY OF CREATIVE HAIR DESIGN         ,PA,18702-0000,Proprietary  ,9,40,49,90,216,306
02289800,CHI INSTITUTE - FRANKLIN MILLS          ,PA,19154-0000,Proprietary  ,25,97,122,276,661,937
02290400,"ALTOONA BEAUTY SCHOOL, INC              ",PA,16602-0000,Proprietary  ,4,12,16,31,51,82
02292700,LANSDALE SCHOOL OF COSMETOLOGY          ,PA,19446-0000,Proprietary  ,3,10,13,17,31,48
02299300,TRINITY EPISCOPAL SCHOOL MINISTRY       ,PA,15003-0000,Private      ,0,9,9,1,89,90
02301300,PRISM CAREER INSTITUTE                  ,PA,19082-2448,Proprietary  ,2,16,18,45,169,214
02306200,VENANGO COUNTY AREA VOC TECH SCHOOL     ,PA,16301-0000,Public       ,1,4,5,36,59,95
02310800,LANCASTER COUNTY CAREER & TECH CTR      ,PA,17584-0000,Public       ,14,70,84,190,548,738
02323000,BIBLICAL THEOLOGICAL SEMINARY           ,PA,19440-2421,Private      ,0,7,7,1,99,100
02330300,LEBANON CO CAREER & TECHNOLOGY CTR      ,PA,17042-0000,Public       ,4,20,24,76,231,307
02330600,PENNSYLVANIA GUNSMITH SCHOOL            ,PA,15202-0000,Proprietary  ,4,8,12,57,91,148
02350100,WESTERN AREA CAREER & TECHNOLOGY CT     ,PA,15317-0000,Public       ,2,5,7,25,77,102
02350200,INDIANA COUNTY TECH CTR SCH PR NSG      ,PA,15701-1465,Public       ,1,11,12,49,130,179
02353100,NORTHERN TIER CAREER CENTER             ,PA,18848-0000,Public       ,0,2,2,21,55,76
02362300,MERCER COUNTY AREA VOC TECH SCHOOL      ,PA,16137-0000,Public       ,1,6,7,13,46,59
02492600,EASTERN CTR ARTS AND TECH PR NSG        ,PA,19090-0000,Public       ,3,17,20,29,136,165
02495500,ALL-STATE CAREER SCHOOL                 ,PA,19029-0000,Proprietary  ,38,208,246,182,906,1088
02529800,WILKES BARRE AREA CAREER AND TECHNICAL C,PA,18705-0000,Public       ,6,16,22,84,211,295
02536600,COMMONWEALTH TECH INSTIT @ HIRAM G      ,PA,15905-0000,Public       ,35,10,45,187,77,264
02544300,BUTLER BEAUTY SCHOOL                    ,PA,16001-0000,Proprietary  ,3,18,21,35,85,120
02546200,LAUREL BUSINESS INSTITUTE               ,PA,15401-0877,Proprietary  ,11,25,36,165,199,364
02550000,CLARION CO AREA VOC-TECH PRAC NRSG      ,PA,16254-4637,Public       ,2,10,12,30,72,102
02554500,HAZLETON AREA CAREER CENTER PRACTICAL NU,PA,18201-0000,Public       ,1,3,4,36,68,104
02557800,ART INSTITUTE OF YORK (THE) - PENNSYLVAN,PA,17402-9012,Proprietary  ,6,13,19,359,173,532
02574800,PENNSYLVANIA INSTITUTE OF TAXIDERMY     ,PA,15931-0000,Proprietary  ,0,3,3,7,18,25
02609500,CAREER TRAINING ACADEMY                 ,PA,15068-6308,Proprietary  ,22,43,65,96,256,352
02609501,CAREER TRAINING ACADEMY                 ,PA,15146-0000,Proprietary  ,0,5,5,21,38,59
02616100,JEAN MADELINE ED CTR FOR COSM           ,PA,19147-1542,Proprietary  ,29,42,71,215,323,538
02617507,EVEREST COLLEGE - EVEREST INSTITUTE - BE,PA,19020-2062,Private      ,0,4,4,13,54,67
03010800,FORTIS INSTITUTE                        ,PA,16506-1013,Proprietary  ,70,257,327,549,1659,2208
03011500,FORTIS INSTITUTE                        ,PA,18702-0000,Proprietary  ,6,36,42,66,184,250
03011600,FORTIS INSTITUTE                        ,PA,18509-2903,Proprietary  ,19,45,64,180,453,633
03029900,CONSOLIDATED SCHOOL OF BUSINESS         ,PA,17603-2389,Proprietary  ,8,10,18,91,114,205
03067000,ANTONELLI MEDICAL & PROF INST           ,PA,19464-9244,Proprietary  ,5,32,37,51,178,229
03072600,DCI CAREER INSTITUTE                    ,PA,15061-2307,Proprietary  ,3,11,14,27,76,103
03081900,YTI CAREER INSTITUTE - ALTOONA          ,PA,16602-4457,Proprietary  ,12,35,47,218,378,596
03090800,LAKE ERIE COLL OF OSTEOPATHIC MED       ,PA,16509-0000,Private      ,3,40,43,68,4371,4439
03098600,CAREER TECH CTR OF LACKAWANNA CNTY      ,PA,18508-0000,Public       ,3,16,19,59,157,216
03101400,FORBES ROAD CAREER & TECHNOLOGY CTR     ,PA,15146-1550,Public       ,0,4,4,22,31,53
03101500,BIDWELL TRAINING CENTER                 ,PA,15233-2233,Private      ,5,18,23,33,113,146
03103300,JNA INSTITUTE OF CULINARY ARTS          ,PA,19146-3119,Proprietary  ,10,30,40,87,188,275
03109100,METROPOLITAN CAREER CENTER              ,PA,19144-0000,Private      ,3,15,18,21,116,137
03110700,AVIATION INSTITUTE OF MAINTENANCE       ,PA,19114-1017,Proprietary  ,29,84,113,198,477,675
03120400,REGIONAL CAREER & TECHNICAL CENTER      ,PA,16509-4699,Public       ,1,10,11,12,25,37
03128400,DELAWARE COUNTY TECHNICAL SCHOOL        ,PA,19008-1928,Public       ,3,14,17,42,157,199
03180400,PENNSYLVANIA HIGHLANDS COMMUNITY COLLEGE,PA,15904-2927,Public       ,35,82,117,971,816,1787
03236400,L T INTERNATIONAL BEAUTY SCHOOL         ,PA,19130-2235,Proprietary  ,8,25,33,40,117,157
03353300,ACADEMY OF VOCAL ARTS                   ,PA,19103-6685,Private      ,7,6,13,51,89,140
03380301,STAR CAREER ACADEMY - STAR PHILADELPHIA ,PA,19114-2204,Proprietary  ,50,216,266,361,1230,1591
03380304,STAR CAREER ACADEMY - STAR NORRISTOWN   ,PA,19403-2422,Proprietary  ,9,36,45,71,234,305
03493302,ALL-STATE CAREER - WEST MIFFLIN CAMPUS  ,PA,15122-0000,Proprietary  ,2,17,19,16,69,85
03535300,HUNTINGDON COUNTY CAREER AND TECHNO     ,PA,17060-0905,Public       ,0,1,1,17,27,44
03561400,SUSQUEHANNA COUNTY CAREER & TECHNOL     ,PA,18816-0100,Public       ,1,2,3,30,52,82
03766300,PENNSYLVANIA SCHOOL OF MUSCLE THERAPY   ,PA,19406-3101,Proprietary  ,13,58,71,59,231,290
03781300,PRINCETON INFORMATION TECHNOLOGY CENTER ,PA,19038-4535,Proprietary  ,4,57,61,24,277,301
03923300,PRECISION MANUFACTURING INSTITUTE       ,PA,16335-8380,Private      ,1,11,12,26,63,89
03948300,HARRISBURG UNIVERSITY OF SCIENCE AND TEC,PA,17101-2116,Private      ,21,27,48,524,266,790
03949300,WON INSTITUTE OF GRADUATE STUDIES       ,PA,19038-4535,Private      ,0,2,2,1,58,59
03950500,NORTHWEST REGIONAL TECHNOLOGY INSTITUTE ,PA,16508-2820,Proprietary  ,1,24,25,18,82,100
03952300,NATIONAL MASSAGE THERAPY INSTITUTE      ,PA,19116-3965,Proprietary  ,0,0,0,18,52,70
04024300,EDUCATION AND TECHNOLOGY INSTITUTE      ,PA,15601-9214,Private      ,0,2,2,10,20,30
04041300,BERKS CAREER & TECHNOLOGY CENTER        ,PA,19533-9112,Public       ,2,17,19,32,73,105
04118000,BYZANTINE CATHOLIC SEMINARY OF SAINTS CY,PA,15214-2229,Private      ,0,3,3,1,11,12
04124600,PROFESSIONAL ACADEMY OF COSMETOLOGY     ,PA,19401-0000,Proprietary  ,0,3,3,2,12,14
04127500,CDE CAREER INSTITUTE                    ,PA,18372-9034,Proprietary  ,4,17,21,42,114,156
04145800,PULSE BEAUTY ACADEMY A PAUL MITCHELL PAR,PA,19335-0000,Proprietary  ,3,21,24,54,76,130
04149800,SOMERSET COUNTY TECHNOLOGY CENTER       ,PA,15501-1444,Public       ,2,11,13,31,95,126
04151700,BELLA CAPELLI ACADEMY                   ,PA,15146-2388,Proprietary  ,6,6,12,75,56,131
04151701,BELLA CAPELLI ACADEMY -                 ,PA,15205-2388,Proprietary  ,10,28,38,97,126,223
04155100,INSTITUTE OF MEDICAL CAREERS            ,PA,15235-3718,Proprietary  ,1,45,46,46,214,260
04158000,METRO BEAUTY ACADEMY                    ,PA,18106-9693,Proprietary  ,6,21,27,98,152,250
04164900,BARONE BEAUTY ACADEMY                   ,PA,17701-5316,Proprietary  ,1,7,8,17,39,56
04167200,COMMONWEALTH MEDICAL COLLEGE (THE)      ,PA,18509-3240,Private      ,0,10,10,12,757,769
04175900,LEWISTOWN HOSPITAL SCHOOL OF NURSING    ,PA,17044-1167,Private      ,1,4,5,16,46,62
04215500,CHAMP'S BARBER SCHOOL                   ,PA,17603-3809,Proprietary  ,1,20,21,10,52,62
04221300,PHILADELPHIA TECHNICIAN TRAINING        ,PA,19138-1324,Private      ,17,94,111,83,439,522
04224600,BARBER SCHOOL OF PITTSBURGH             ,PA,15220-5537,Proprietary  ,6,36,42,36,131,167
04226300,DIVINE CROWN ACADEMY OF COSMETOLOGY     ,PA,17104-2103,Proprietary  ,3,11,14,26,71,97
04232000,STUDIO INCAMMINATI                      ,PA,19107-1105,Private      ,0,1,1,3,11,14
04236800,FOUNTAIN OF YOUTH ACADEMY OF COSMETOLOGY,PA,16046-2430,Proprietary  ,0,1,1,4,7,11
00267813,BRYANT & STRATTON COLLEGE - MIL DOWNTOWN,WI,53203-2608,Proprietary  ,39,257,296,635,2312,2947
00383200,ALVERNO COLLEGE                         ,WI,53234-3922,Private      ,44,168,212,1400,2195,3595
00383500,BELOIT COLLEGE                          ,WI,53511-5595,Private      ,57,7,64,2377,146,2523
00383700,CARDINAL STRITCH UNIVERSITY             ,WI,53217-9884,Private      ,48,279,327,1260,2778,4038
00383800,CARROLL UNIVERSITY                      ,WI,53186-5593,Private      ,62,51,113,3951,927,4878
00383900,CARTHAGE COLLEGE                        ,WI,53141-0000,Private      ,116,69,185,5243,811,6054
00384000,WESTERN TECHNICAL COLLEGE               ,WI,54601-0908,Public       ,112,243,355,2038,2229,4267
00384200,CONCORDIA UNIVERSITY WISCONSIN          ,WI,53097-2402,Private      ,55,417,472,3530,4678,8208
00384800,EDGEWOOD COLLEGE                        ,WI,53711-1958,Private      ,34,91,125,1791,1177,2968
00385000,SILVER LAKE COLLEGE                     ,WI,54220-9319,Private      ,9,19,28,230,303,533
00385400,LAKELAND COLLEGE                        ,WI,53082-0000,Private      ,26,192,218,1217,1926,3143
00385600,LAWRENCE UNIVERSITY                     ,WI,54912-0599,Private      ,43,4,47,2440,119,2559
00386100,MARIAN UNIVERSITY                       ,WI,54935-4699,Private      ,20,75,95,1531,942,2473
00386300,MARQUETTE UNIVERSITY                    ,WI,53201-1881,Private      ,227,150,377,15751,3744,19495
00386600,MILWAUKEE AREA TECH COLLEGE             ,WI,53233-1443,Public       ,505,1776,2281,6579,15242,21821
00386800,MILWAUKEE SCHOOL OF ENGINEERING         ,WI,53202-3109,Private      ,61,54,115,3114,885,3999
00386900,MOUNT MARY UNIVERSITY                   ,WI,53222-4597,Private      ,16,91,107,945,1210,2155
00387400,NASHOTAH HOUSE                          ,WI,53058-0000,Private      ,0,2,2,0,42,42
00387500,NORTHLAND COLLEGE                       ,WI,54806-3999,Private      ,25,9,34,776,122,898
00388400,RIPON COLLEGE                           ,WI,54971-0248,Private      ,14,6,20,1384,84,1468
00389200,ST. NORBERT COLLEGE                     ,WI,54115-2099,Private      ,33,10,43,3124,138,3262
00389500,UNIVERSITY OF WISCONSIN-MADISON         ,WI,53715-1382,Public       ,555,319,874,26560,8968,35528
00389600,UNIVERSITY OF WISCONSIN-MILWAUKEE       ,WI,53201-3165,Public       ,438,850,1288,18134,12667,30801
00389700,UNIVERSITY OF WISCONSIN COLLEGES        ,WI,53708-8680,Public       ,127,204,331,4355,2288,6643
00389701,UNIVERSITY OF WISCONSIN-BARABOO         ,WI,53913-1098,Public       ,9,19,28,408,196,604
00389702,UNIVERSITY OF WISCONSIN-BARRON          ,WI,54868-2497,Public       ,14,28,42,396,215,611
00389703,UNIVERSITY OF WISCONSIN-FOND DU LAC     ,WI,54935-2998,Public       ,24,28,52,485,242,727
00389704,UNIVERSITY OF WISCONSIN-FOX VALLEY      ,WI,54952-1297,Public       ,40,38,78,1111,440,1551
00389705,UNIVERSITY OF WISCONSIN-MANITOWOC       ,WI,54220-6699,Public       ,19,9,28,322,142,464
00389706,UNIVERSITY OF WISCONSIN-MARATHON        ,WI,54401-5396,Public       ,13,24,37,667,289,956
00389707,UNIVERSITY OF WISCONSIN-MARINETTE       ,WI,54143-4299,Public       ,4,13,17,298,137,435
00389708,UNIVERSITY OF WISCONSIN-MARSHFIELD      ,WI,54449-3310,Public       ,6,19,25,309,169,478
00389709,UNIVERSITY OF WISCONSIN-RICHLAND        ,WI,53581-1399,Public       ,8,10,18,253,117,370
00389710,UNIVERSITY OF WISCONSIN COLLEGES - ROCK ,WI,53546-5699,Public       ,39,49,88,783,544,1327
00389711,UNIVERSITY OF WISCONSIN-SHEBOYGAN       ,WI,53081-4789,Public       ,19,29,48,486,300,786
00389712,UNIVERSITY OF WISCONSIN-WASHINGTON      ,WI,53095-3699,Public       ,20,30,50,596,248,844
00389713,UNIVERSITY OF WISCONSIN-WAUKESHA        ,WI,53188-2799,Public       ,64,60,124,1749,669,2418
00389900,UNIVERSITY OF WISCONSIN-GREEN BAY       ,WI,54311-7001,Public       ,79,193,272,4369,2683,7052
00391100,VITERBO UNIVERSITY                      ,WI,54601-4777,Private      ,30,105,135,1705,1230,2935
00391500,UNIVERSITY OF WISCONSIN-STOUT           ,WI,54751-0790,Public       ,122,164,286,6518,2230,8748
00391700,UNIVERSITY OF WISCONSIN-EAU CLAIRE      ,WI,54702-4004,Public       ,203,133,336,9296,1836,11132
00391900,UNIVERSITY OF WISCONSIN-LA CROSSE       ,WI,54601-3742,Public       ,180,101,281,9274,1688,10962
00392000,UNIVERSITY OF WISCONSIN-OSHKOSH         ,WI,54901-8604,Public       ,189,204,393,8943,3174,12117
00392100,UNIVERSITY OF WISCONSIN-PLATTEVILLE     ,WI,53818-3099,Public       ,135,168,303,7528,1740,9268
00392300,UNIVERSITY OF WISCONSIN-RIVER FALLS     ,WI,54022-5013,Public       ,104,103,207,4717,1387,6104
00392400,UNIVERSITY OF WISCONSIN-STEVENS POINT   ,WI,54481-3897,Public       ,154,120,274,8309,1982,10291
00392500,UNIVERSITY OF WISCONSIN-SUPERIOR        ,WI,54880-2898,Public       ,50,108,158,1564,1367,2931
00392600,UNIVERSITY OF WISCONSIN-WHITEWATER      ,WI,53190-1792,Public       ,239,173,412,10618,2736,13354
00400700,MADISON AREA TECHNICAL COLLEGE          ,WI,53704-2599,Public       ,320,804,1124,5016,7413,12429
00501500,UNIVERSITY OF WISCONSIN-PARKSIDE        ,WI,53141-2000,Public       ,102,149,251,3840,2290,6130
00529400,WAUKESHA COUNTY TECHNICAL COLLEGE       ,WI,53072-4696,Public       ,103,330,433,1573,3136,4709
00530100,NORTHEAST WISCONSIN TECHNICAL COLLEGE   ,WI,54307-9042,Public       ,161,483,644,3138,4822,7960
00530400,CHIPPEWA VALLEY TECHNICAL COLLEGE       ,WI,54701-6162,Public       ,164,401,565,2304,3096,5400
00538000,MID-STATE TECHNICAL COLLEGE             ,WI,54494-5512,Public       ,78,229,307,905,1836,2741
00538400,NICOLET AREA TECHNICAL COLLEGE          ,WI,54501-0000,Public       ,16,85,101,447,661,1108
00538700,NORTHCENTRAL TECHNICAL COLLEGE          ,WI,54401-1899,Public       ,96,322,418,1506,2805,4311
00538900,GATEWAY TECHNICAL COLLEGE               ,WI,53144-1690,Public       ,186,599,785,2493,6101,8594
00539000,BLACKHAWK TECHNICAL COLLEGE             ,WI,53547-5009,Public       ,78,271,349,1001,2336,3337
00663900,BELLIN COLLEGE                          ,WI,54305-0000,Private      ,5,23,28,304,227,531
00732934,ITT TECHNICAL INSTITUTE                 ,WI,53220-4612,Proprietary  ,50,289,339,230,1370,1600
00766900,SOUTHWEST WISCONSIN TECH COLLEGE        ,WI,53809-0000,Public       ,20,79,99,734,867,1601
00821700,PAUL MITCHELL THE SCHOOL GREEN BAY      ,WI,54324-0257,Proprietary  ,8,16,24,80,108,188
00869405,RASMUSSEN COLLEGE - WAUSAU              ,WI,54401-7804,Proprietary  ,9,69,78,85,552,637
00869414,RASMUSSEN COLLEGE - GREEN BAY           ,WI,54303-2349,Proprietary  ,11,91,102,132,695,827
00869419,RASMUSSEN COLLEGE - APPLETON            ,WI,54915-7305,Proprietary  ,11,61,72,71,528,599
00919400,LAKESHORE TECHNICAL COLLEGE             ,WI,53015-1412,Public       ,43,160,203,674,1426,2100
00925600,MORAINE PARK TECHNICAL COLLEGE          ,WI,54936-0000,Public       ,78,247,325,1011,2314,3325
00941900,STATE CLG OF BEAUTY CULT-WAUSAU         ,WI,54403-4667,Proprietary  ,6,12,18,33,46,79
00962100,HERZING UNIVERSITY                      ,WI,53718-4236,Proprietary  ,117,1414,1531,1090,11366,12456
00974400,FOX VALLEY TECHNICAL COLLEGE            ,WI,54913-0000,Public       ,209,559,768,3002,4878,7880
01091300,MADISON MEDIA INSTITUTE                 ,WI,53718-6787,Proprietary  ,30,69,99,467,439,906
01148400,ADVANCED INSTITUTE OF HAIR DESIGN       ,WI,53225-0000,Proprietary  ,29,35,64,184,187,371
01182400,WISCONSIN INDIANHEAD TECH CLG WITC      ,WI,54871-9300,Public       ,68,251,319,1028,1945,2973
02077100,MILWAUKEE INST OF ART & DESIGN          ,WI,53202-0000,Private      ,28,37,65,969,326,1295
02078000,SACRED HEART SCHOOL OF THEOLOGY         ,WI,53130-0000,Private      ,0,0,0,0,3,3
02136600,WISCONSIN LUTHERAN COLLEGE              ,WI,53226-0000,Private      ,21,52,73,1217,410,1627
02271300,WI SCH OF PROFESSIONAL PSYCHOLOGY       ,WI,53225-0000,Private      ,1,11,12,26,159,185
02317200,MARANATHA BAPTIST UNIVERSITY            ,WI,53094-7638,Private      ,34,21,55,770,181,951
02453500,MEDICAL COLLEGE OF WISCONSIN            ,WI,53226-0000,Private      ,8,31,39,102,1145,1247
02494300,GILL-TECH ACADEMY OF HAIR DESIGN        ,WI,54911-0000,Proprietary  ,1,9,10,21,48,69
02532200,LAC COURTE OREILLES OJIBWA CMTY CLG     ,WI,54843-0000,Public       ,1,61,62,48,380,428
03061200,MIDWEST COLLEGE OF ORIENTAL MEDICINE    ,WI,53403-9747,Proprietary  ,8,36,44,26,225,251
03125100,COLLEGE OF MENOMINEE NATION             ,WI,54135-0000,Private      ,4,55,59,81,347,428
03125102,COLLEGE OF  THE MENOMINEE NATION - GREEN,WI,54304-4964,Private      ,0,18,18,33,170,203
03220300,"SALON PROFESSIONAL ACADEMY, THE         ",WI,54701-7633,Proprietary  ,4,6,10,33,60,93
03309300,MONTESSORI INSTITUTE OF MILWAUKEE       ,WI,53207-0000,Private      ,1,2,3,10,36,46
03808300,INSTITUTE OF BEAUTY AND WELLNESS (AIM)  ,WI,53202-5715,Proprietary  ,29,60,89,206,301,507
03822300,PAUL MITCHELL THE SCH-MONROE AND MADISON,WI,53566-0000,Proprietary  ,12,4,16,46,50,96
03872500,NORTHLAND INTERNATIONAL UNIVERSITY      ,WI,54119-9285,Private      ,0,1,1,44,10,54
03925300,BLUE SKY SCHOOL OF PROFESSIONAL MASSAGE ,WI,53024-9699,Private      ,0,1,1,2,6,8
03925301,BLUE SKY SCHOOL OF PROFESSIONAL MASSAGE ,WI,54115-7407,Private      ,0,4,4,4,13,17
03925303,BLUE SKY SCHOOL OF PROFESSIONAL MASSAGE ,WI,53713-2366,Private      ,2,7,9,11,37,48
04117400,MILWAUKEE CAREER COLLEGE                ,WI,53222-4305,Proprietary  ,31,64,95,271,451,722
04118600,ACADEMY OF COSMETOLOGY                  ,WI,53548-3307,Proprietary  ,8,10,18,49,75,124
04124800,VISIONS IN HAIR DESIGN INSTITUTE OF COSM,WI,53210-1120,Proprietary  ,0,0,0,0,1,1
04132600,WISCONSIN ACADEMY (THE)                 ,WI,54157-1726,Proprietary  ,7,2,9,37,35,72
04137900,BRENSTEN EDUCATION                      ,WI,53186-0000,Proprietary  ,0,3,3,24,247,271
04138200,SALON PROFESSIONAL ACADEMY (THE)        ,WI,54914-3921,Proprietary  ,8,14,22,52,71,123
04157700,SALON PROFESSIONAL ACADEMY (THE)        ,WI,54650-8699,Proprietary  ,7,11,18,53,76,129
04159400,COLUMBIA COLLEGE OF NURSING             ,WI,53211-2952,Private      ,10,29,39,216,272,488
04165300,ACADEMY WAUKESHA (THE)                  ,WI,53072-5524,Proprietary  ,4,13,17,82,114,196
04179200,ADVANCED COLLEGE OF COSMETOLOGY         ,WI,53963-0000,Proprietary  ,1,3,4,28,22,50
04182100,FIRST CLASS COSMETOLOGY SCHOOL          ,WI,52511-0000,Proprietary  ,9,22,31,45,94,139
04183600,SALON PROFESSIONAL ACADEMY OF KENOSHA (T,WI,53142-4950,Proprietary  ,1,20,21,55,115,170
04193800,SHEPHERDS COLLEGE                       ,WI,53182-1527,Private      ,0,0,0,26,22,48
04202800,PANACHE ACADEMY OF BEAUTY               ,WI,53913-2596,Proprietary  ,3,6,9,23,57,80
04219300,EAST-WEST HEALING ARTS INSTITUTE        ,WI,53719-1133,Proprietary  ,3,11,14,24,89,113
04231400,BELLA ACADEMY OF COSMETOLOGY            ,WI,54901-4738,Proprietary  ,1,7,8,19,37,56
04237400,WRIGHT GRADUATE UNIVERSITY FOR THE REALI,WI,53121-2556,Private      ,2,15,17,16,47,63
00290500,NORTH CAROLINA A&T STATE UNIV           ,NC,27411-0001,Public       ,543,561,1104,15920,7008,22928
00290600,APPALACHIAN STATE UNIVERSITY            ,NC,28608-2059,Public       ,591,299,890,18016,5121,23137
00290700,UNIVERSITY OF NC AT ASHEVILLE           ,NC,28804-3299,Public       ,189,165,354,4762,1904,6666
00290800,BARTON COLLEGE                          ,NC,27893-3104,Private      ,42,81,123,1540,831,2371
00291000,BELMONT ABBEY COLLEGE                   ,NC,28012-1802,Private      ,42,80,122,1551,945,2496
00291100,BENNETT COLLEGE                         ,NC,27401-3239,Private      ,25,41,66,979,426,1405
00291200,BREVARD COLLEGE                         ,NC,28712-3306,Private      ,48,30,78,1332,221,1553
00291300,CAMPBELL UNIVERSITY                     ,NC,27506-0036,Private      ,173,333,506,5569,4847,10416
00291400,CATAWBA COLLEGE                         ,NC,28144-2488,Private      ,75,55,130,2003,650,2653
00291500,CENTRAL PIEDMONT COMMUNITY COLLEGE      ,NC,28204-2297,Public       ,859,2111,2970,11274,17241,28515
00291600,CHOWAN UNIVERSITY                       ,NC,27855-1850,Private      ,57,28,85,2449,482,2931
00291700,COLLEGE OF THE ALBEMARLE                ,NC,27909-2327,Public       ,67,212,279,906,1561,2467
00291800,DAVIDSON COLLEGE                        ,NC,28035-7157,Private      ,119,31,150,3672,276,3948
00291900,DAVIDSON COUNTY COMMUNITY COLLEGE       ,NC,27293-0000,Public       ,160,454,614,1854,4218,6072
00292000,DUKE UNIVERSITY                         ,NC,27708-0397,Private      ,544,156,700,17943,2816,20759
00292001,DUKE UNIVERSITY - MEDICAL SCHOOL        ,NC,27710-3067,Private      ,33,39,72,268,999,1267
00292002,DUKE UNIVERSITY - LAW SCHOOL            ,NC,27708-0363,Private      ,9,34,43,80,1883,1963
00292003,DUKE UNIVERSITY - GRADUATE SCHOOL       ,NC,27708-0061,Private      ,16,54,70,224,710,934
00292004,DUKE UNIVERSITY - FUQUA SCHOOL OF BUSINE,NC,27708-0128,Private      ,17,39,56,195,960,1155
00292005,DUKE UNIVERSITY - SCHOOL OF ENVIRONMENT ,NC,27708-0330,Private      ,5,13,18,52,339,391
00292006,DUKE UNIVERSITY - DIVINITY SCHOOL       ,NC,27708-0969,Private      ,46,36,82,837,840,1677
00292007,DUKE UNIVERSITY - SCHOOL OF NURSING     ,NC,27710-3322,Private      ,18,78,96,207,1548,1755
00292010,DUKE UNIVERSITY - SCHOOL OF PUBLIC POLIC,NC,27708-0239,Private      ,2,13,15,35,225,260
00292300,EAST CAROLINA UNIVERSITY                ,NC,27858-1818,Public       ,833,930,1763,25924,13055,38979
00292600,ELIZABETH CITY STATE UNIVERSITY         ,NC,27909-7806,Public       ,65,91,156,2299,1158,3457
00292700,ELON UNIVERSITY                         ,NC,27244-2010,Private      ,236,109,345,7569,1294,8863
00292800,FAYETTEVILLE STATE UNIVERSITY           ,NC,28301-4298,Public       ,204,663,867,5415,7724,13139
00292900,GARDNER-WEBB UNIVERSITY                 ,NC,28017-0000,Private      ,79,332,411,2855,3558,6413
00293000,GREENSBORO COLLEGE                      ,NC,27401-1875,Private      ,72,103,175,1760,1123,2883
00293100,GUILFORD COLLEGE                        ,NC,27410-4171,Private      ,110,216,326,2731,2345,5076
00293300,HIGH POINT UNIVERSITY                   ,NC,27262-4221,Private      ,229,77,306,7292,799,8091
00293400,ISOTHERMAL COMMUNITY COLLEGE            ,NC,28160-0804,Public       ,65,181,246,916,1275,2191
00293500,LAUREL UNIVERSITY                       ,NC,27265-3197,Private      ,3,22,25,95,206,301
00293600,JOHNSON C SMITH UNIVERSITY              ,NC,28216-5398,Private      ,107,144,251,2678,1767,4445
00293700,KING'S COLLEGE-CHARLOTTE                ,NC,28204-2435,Proprietary  ,28,77,105,686,631,1317
00293900,LEES MCRAE COLLEGE                      ,NC,28604-0000,Private      ,36,29,65,1204,545,1749
00294000,LENOIR COMMUNITY COLLEGE                ,NC,28502-0188,Public       ,49,303,352,1045,2444,3489
00294100,LENOIR-RHYNE UNIVERSITY                 ,NC,28603-0000,Private      ,172,150,322,3136,1337,4473
00294200,LIVINGSTONE COLLEGE                     ,NC,28144-5298,Private      ,67,43,110,2117,709,2826
00294300,LOUISBURG COLLEGE                       ,NC,27549-2398,Private      ,37,20,57,1218,246,1464
00294400,MARS HILL COLLEGE                       ,NC,28754-0000,Private      ,67,34,101,2239,509,2748
00294500,MEREDITH COLLEGE                        ,NC,27607-5298,Private      ,68,92,160,2234,1053,3287
00294600,METHODIST UNIVERSITY                    ,NC,28311-1420,Private      ,87,187,274,3142,2016,5158
00294700,MITCHELL COMMUNITY COLLEGE              ,NC,28677-5264,Public       ,96,240,336,1230,1957,3187
00294800,MONTREAT COLLEGE                        ,NC,28757-1267,Private      ,14,54,68,624,697,1321
00294900,UNIVERSITY OF MOUNT OLIVE               ,NC,28365-1299,Private      ,70,399,469,1558,3891,5449
00295000,NORTH CAROLINA CENTRAL UNIVERSITY       ,NC,27707-3198,Public       ,351,470,821,10466,7625,18091
00295100,NORTH CAROLINA WESLEYAN COLLEGE         ,NC,27804-8699,Private      ,50,162,212,1632,2023,3655
00295300,WILLIAM PEACE UNIVERSITY                ,NC,27604-1194,Private      ,52,62,114,1493,785,2278
00295400,UNIV OF NORTH CAROLINA AT PEMBROKE      ,NC,28372-1510,Public       ,237,307,544,7371,4441,11812
00295500,PFEIFFER UNIVERSITY                     ,NC,28109-0000,Private      ,35,80,115,1024,1227,2251
00295600,PIEDMONT INTERNATIONAL UNIVERSITY       ,NC,27101-5025,Private      ,9,42,51,181,428,609
00295700,QUEENS UNIVERSITY OF CHARLOTTE          ,NC,28274-0001,Private      ,92,229,321,2394,2207,4601
00295800,ROCKINGHAM COMMUNITY COLLEGE            ,NC,27375-0000,Public       ,44,137,181,818,1324,2142
00296000,SALEM COLLEGE                           ,NC,27108-0000,Private      ,27,76,103,1031,804,1835
00296100,SANDHILLS COMMUNITY COLLEGE             ,NC,28374-8283,Public       ,127,350,477,1707,2962,4669
00296200,SHAW UNIVERSITY                         ,NC,27601-2393,Private      ,111,174,285,2645,1919,4564
00296300,SOUTHEASTERN BAPTIST THEOL SEMINARY     ,NC,27588-0000,Private      ,4,24,28,154,268,422
00296400,SOUTHEASTERN COMMUNITY COLLEGE          ,NC,28472-5422,Public       ,27,155,182,691,1109,1800
00296800,ST AUGUSTINES COLLEGE                   ,NC,27610-2298,Private      ,65,87,152,1530,752,2282
00297000,SURRY COMMUNITY COLLEGE                 ,NC,27017-0304,Public       ,69,197,266,1329,1651,2980
00297200,NORTH CAROLINA STATE UNIV-RALEIGH       ,NC,27695-7001,Public       ,866,774,1640,28878,10995,39873
00297300,GASTON COLLEGE                          ,NC,28034-1499,Public       ,182,583,765,2405,4355,6760
00297400,UNIVERSITY OF N C-CHAPEL HILL           ,NC,27514-0000,Public       ,1000,752,1752,27773,12980,40753
00297500,UNIVERSITY OF NC AT CHARLOTTE           ,NC,28223-0001,Public       ,856,968,1824,27587,14143,41730
00297600,UNIVERSITY OF N C - GREENSBORO          ,NC,27412-0001,Public       ,575,726,1301,17903,11000,28903
00297800,WAKE FOREST UNIV - UNDERGRADUATE        ,NC,27109-7246,Private      ,289,53,342,8249,517,8766
00297801,WAKE FOREST UNIV - SCH OF MEDICINE      ,NC,27157-1090,Private      ,11,34,45,125,1258,1383
00297803,WAKE FOREST GRAD SCHOOLS OF BUSINESS    ,NC,27109-7659,Private      ,9,45,54,73,707,780
00297805,WAKE FOREST UNIV - SCH OF LAW           ,NC,27109-7206,Private      ,4,23,27,40,1156,1196
00297806,WAKE FOREST UNIV - GRAD A&S/DIVINITY    ,NC,27109-7246,Private      ,4,56,60,46,792,838
00297900,WARREN WILSON COLLEGE                   ,NC,28815-0000,Private      ,44,34,78,1186,388,1574
00298000,WAYNE COMMUNITY COLLEGE                 ,NC,27533-0000,Public       ,110,385,495,1413,2896,4309
00298100,WESTERN CAROLINA UNIVERSITY             ,NC,28723-9731,Public       ,381,337,718,10865,4398,15263
00298200,WESTERN PIEDMONT COMMUNITY COLLEGE      ,NC,28655-4504,Public       ,67,176,243,1078,1487,2565
00298300,WILKES COMMUNITY COLLEGE                ,NC,28697-2100,Public       ,76,182,258,1133,1368,2501
00298400,UNIVERSITY OF N C-WILMINGTON            ,NC,28403-3297,Public       ,583,506,1089,15709,6628,22337
00298500,WINGATE UNIVERSITY                      ,NC,28174-0159,Private      ,242,92,334,4910,1547,6457
00298600,WINSTON-SALEM STATE UNIVERSITY          ,NC,27102-0000,Public       ,235,432,667,7711,4944,12655
00398100,UNC SCHOOL OF THE ARTS                  ,NC,27127-2188,Public       ,72,46,118,1593,519,2112
00403300,ASHEVILLE BUNCOMBE TECH CMTY CLG        ,NC,28801-4897,Public       ,222,604,826,2569,4892,7461
00406200,PITT COMMUNITY COLLEGE                  ,NC,28590-0000,Public       ,300,816,1116,4551,7725,12276
00483500,CALDWELL COMMUNITY CLG & TECH INST      ,NC,28638-2626,Public       ,91,247,338,1447,2113,3560
00483800,GUILFORD TECHNICAL COMMUNITY CLG        ,NC,27282-0309,Public       ,454,1205,1659,6181,12087,18268
00484400,WAKE TECHNICAL COMMUNITY COLLEGE        ,NC,27603-5696,Public       ,759,1901,2660,10535,18074,28609
00484500,WILSON COMMUNITY COLLEGE                ,NC,27893-3310,Public       ,56,240,296,697,2011,2708
00499201,MILLER-MOTTE TECHNICAL COLLEGE - MILLER-,NC,27511-9209,Proprietary  ,21,105,126,102,620,722
00499202,MILLER-MOTTE TECHNICAL COLLEGE - MILLER-,NC,27604-6072,Proprietary  ,55,206,261,340,1352,1692
00499203,MILLER-MOTTE TECHNICAL COLLEGE - FAYETTE,NC,28311-7651,Proprietary  ,35,290,325,279,1945,2224
00499205,MILLER-MOTTE TECHNICAL COLLEGE - MILLER-,NC,28540-5901,Proprietary  ,30,184,214,152,1137,1289
00531600,COASTAL CAROLINA COMMUNITY COLLEGE      ,NC,28546-6816,Public       ,132,675,807,1659,5073,6732
00531700,FORSYTH TECHNICAL COMMUNITY COLLEGE     ,NC,27103-5197,Public       ,314,879,1193,4017,8018,12035
00531800,CATAWBA VALLEY COMMUNITY COLLEGE        ,NC,28602-8302,Public       ,169,361,530,2493,3265,5758
00532000,CAPE FEAR COMMUNITY COLLEGE             ,NC,28401-3910,Public       ,371,768,1139,4560,6278,10838
00544700,RANDOLPH COMMUNITY COLLEGE              ,NC,27204-1009,Public       ,84,253,337,1249,2075,3324
00544800,DURHAM TECHNICAL CMNTY COLLEGE          ,NC,27703-5023,Public       ,157,642,799,2223,5815,8038
00544900,CENTRAL CAROLINA COMMUNITY COLLEGE      ,NC,27330-9000,Public       ,137,446,583,1809,3983,5792
00546300,ALAMANCE COMMUNITY COLLEGE              ,NC,27253-0000,Public       ,131,404,535,1865,3484,5349
00546400,RICHMOND COMMUNITY COLLEGE              ,NC,28345-4522,Public       ,77,204,281,888,1940,2828
00575400,ROWAN-CABARRUS COMMUNITY COLLEGE        ,NC,28146-8357,Public       ,151,476,627,2337,4664,7001
00647700,CABARRUS COLLEGE OF HEALTH SCIENCES     ,NC,28025-0000,Private      ,22,86,108,384,814,1198
00647800,MERCY HOSP SCH OF NURSING               ,NC,28207-0000,Public       ,13,48,61,139,480,619
00648300,WATTS SCHOOL OF NURSING                 ,NC,27704-0000,Private      ,7,31,38,93,327,420
00679900,CRAVEN COMMUNITY COLLEGE                ,NC,28562-0000,Public       ,86,418,504,1038,3279,4317
00703100,PAMLICO COMMUNITY COLLEGE               ,NC,28529-0000,Public       ,7,38,45,75,356,431
00764000,FAYETTEVILLE TECHNICAL CMTY COLLEGE     ,NC,28303-0236,Public       ,335,1772,2107,3987,14275,18262
00768700,JAMES SPRUNT COMMUNITY COLLEGE          ,NC,28349-0398,Public       ,35,95,130,439,985,1424
00781400,BROOKSTONE COLLEGE OF BUSINESS          ,NC,28262-1294,Proprietary  ,0,0,0,77,331,408
00781401,BROOKSTONE COLLEGE OF BUSINESS          ,NC,27409-0000,Proprietary  ,0,0,0,36,198,234
00789200,SAMPSON COMMUNITY COLLEGE               ,NC,28328-0000,Public       ,39,99,138,602,1100,1702
00798500,SOUTH PIEDMONT COMMUNITY COLLEGE        ,NC,28135-9703,Public       ,55,189,244,821,1622,2443
00798600,HALIFAX COMMUNITY COLLEGE               ,NC,27890-0089,Public       ,20,134,154,524,988,1512
00798700,BLADEN COMMUNITY COLLEGE                ,NC,28332-0266,Public       ,49,141,190,561,1287,1848
00798800,MARTIN COMMUNITY COLLEGE                ,NC,27892-8307,Public       ,21,66,87,242,599,841
00808100,CARTERET COMMUNITY COLLEGE              ,NC,28557-2989,Public       ,59,177,236,629,1404,2033
00808200,CLEVELAND COMMUNITY COLLEGE             ,NC,28150-0000,Public       ,76,266,342,916,2158,3074
00808300,HAYWOOD COMMUNITY COLLEGE               ,NC,28721-0000,Public       ,45,132,177,532,1286,1818
00808500,MCDOWELL TECHNICAL COMMUNITY CLG        ,NC,28752-8728,Public       ,17,107,124,323,737,1060
00808700,MONTGOMERY COMMUNITY COLLEGE            ,NC,27371-0787,Public       ,19,84,103,310,666,976
00846600,SOUTHWESTERN COMMUNITY COLLEGE          ,NC,28779-8581,Public       ,52,172,224,858,1521,2379
00855700,NASH COMMUNITY COLLEGE                  ,NC,27804-0488,Public       ,101,371,472,1458,3239,4697
00855800,BEAUFORT COUNTY COMMUNITY COLLEGE       ,NC,27889-7889,Public       ,47,150,197,633,1552,2185
00861200,ROBESON COMMUNITY COLLEGE               ,NC,28359-2151,Public       ,90,278,368,1160,2484,3644
00861300,ROANOKE-CHOWAN COMMUNITY COLLEGE        ,NC,27910-9522,Public       ,8,60,68,282,661,943
00885500,EDGECOMBE COMMUNITY COLLEGE             ,NC,27886-9399,Public       ,65,319,384,823,3202,4025
00933600,JOHNSTON COMMUNITY COLLEGE              ,NC,27577-0000,Public       ,117,324,441,1656,2969,4625
00943000,TRI-COUNTY COMMUNITY COLLEGE            ,NC,28906-7919,Public       ,22,77,99,307,681,988
00964600,PIEDMONT COMMUNITY COLLEGE              ,NC,27573-1197,Public       ,38,133,171,474,970,1444
00968400,BLUE RIDGE COMMUNITY COLLEGE            ,NC,28731-9624,Public       ,54,183,237,743,1440,2183
00974701,GORDON-CONWELL THEO SEM - CHARLOTTE     ,NC,28273-0000,Private      ,2,17,19,9,227,236
00990300,VANCE-GRANVILLE CMTY COLLEGE            ,NC,27536-0917,Public       ,98,304,402,1131,2568,3699
01019804,ECPI UNIVERSITY - GREENSBORO            ,NC,27409-9048,Proprietary  ,16,95,111,224,880,1104
01019805,ECPI UNIVERSITY - CHARLOTTE             ,NC,28208-5886,Proprietary  ,43,249,292,363,1776,2139
01019810,ECPI UNIVERSITY - RALEIGH               ,NC,27613-7387,Proprietary  ,43,211,254,353,1451,1804
01019812,ECPI UNIVERSITY - CONCORD               ,NC,28262-0000,Proprietary  ,14,57,71,124,509,633
01026400,SOUTH COLLEGE                           ,NC,28803-3152,Proprietary  ,14,125,139,164,776,940
01119400,STANLY COMMUNITY COLLEGE                ,NC,28001-7458,Public       ,70,246,316,825,2208,3033
01119700,MAYLAND COMMUNITY COLLEGE               ,NC,28777-2777,Public       ,27,67,94,386,473,859
01179900,PAUL MITCHELL THE SCHOOL FAYETTEVILLE   ,NC,28303-5364,Proprietary  ,19,78,97,125,477,602
01192600,LEON'S BEAUTY SCHOOL                    ,NC,27403-2812,Proprietary  ,9,44,53,143,310,453
01303918,SOUTH UNIVERSITY - THE ART INSTITUTE OF ,NC,28217-4536,Proprietary  ,137,169,306,1254,1151,2405
02056500,MITCHELL'S HAIR STYLING ACADEMY         ,NC,27893-0000,Proprietary  ,2,8,10,30,82,112
02056501,MITCHELL'S HAIR STYLING ACADEMY - MITCHE,NC,27606-3326,Proprietary  ,6,36,42,63,208,271
02158414,HARRISON COLLEGE - THE CHEF'S ACADEMY - ,NC,27560-0000,Proprietary  ,9,33,42,134,273,407
02170700,BRUNSWICK COMMUNITY COLLEGE             ,NC,28422-0000,Public       ,65,159,224,685,1068,1753
02205000,COLLEGE OF WILMINGTON                   ,NC,28403-0000,Proprietary  ,30,88,118,291,626,917
02210400,FAYETTEVILLE BEAUTY COLLEGE             ,NC,28303-0000,Proprietary  ,3,27,30,69,368,437
02227800,MITCHELL'S HAIR STYLING ACADEMY         ,NC,27534-0000,Proprietary  ,2,14,16,25,84,109
02280900,MID-ATLANTIC CHRISTIAN UNIVERSITY       ,NC,27909-0000,Private      ,7,22,29,207,160,367
02326203,KAPLAN CAREER INSTITUTE - KAPLAN COLLEGE,NC,28212-6830,Proprietary  ,29,218,247,232,1431,1663
02560600,PINNACLE INSTITUTE OF COSMETOLOGY       ,NC,28115-8020,Proprietary  ,9,15,24,38,91,129
02614201,MILLER-MOTTE BUSINESS COLLEGE           ,NC,28403-0000,Proprietary  ,51,604,655,447,4776,5223
02614205,MILLER - MOTTE TECHNICAL COLLEGE - MILLE,NC,27834-5052,Proprietary  ,19,128,147,182,929,1111
03009500,WINSTON-SALEM BARBER SCHOOL             ,NC,27107-0000,Proprietary  ,10,34,44,66,147,213
03064400,REGENCY BEAUTY INSTITUTE                ,NC,27127-0000,Proprietary  ,12,48,60,99,281,380
03089300,HERITAGE BIBLE COLLEGE                  ,NC,28335-0000,Private      ,0,4,4,21,78,99
03104200,CAROLINAS COLLEGE OF HEALTH SCIENCE     ,NC,28232-2861,Public       ,41,143,184,503,1340,1843
03109000,LIVING ARTS COLLEGE                     ,NC,27614-7076,Proprietary  ,52,78,130,420,573,993
03361300,MEDICAL ARTS MASSAGE SCHOOL             ,NC,27616-6453,Proprietary  ,4,49,53,55,355,410
03513400,APEX SCHOOL OF THEOLOGY                 ,NC,27703-8024,Private      ,2,122,124,28,1390,1418
03555300,SOUTHEASTERN INSTITUTE                  ,NC,28217-0000,Proprietary  ,26,110,136,117,588,705
03570300,CAROLINA CHRISTIAN COLLEGE              ,NC,27105-3241,Private      ,3,22,25,30,139,169
03663300,HOOD THEOLOGICAL SEMINARY               ,NC,28144-5768,Private      ,0,16,16,5,182,187
03748500,DURHAM BEAUTY ACADEMY                   ,NC,27707-3569,Proprietary  ,5,31,36,55,194,249
03777300,PAUL MITCHELL THE SCHOOL GASTONIA       ,NC,28054-0460,Proprietary  ,41,71,112,244,424,668
03827300,CHARLOTTE CHRISTIAN COLLEGE AND THEOLOGI,NC,28205-1648,Private      ,1,33,34,31,279,310
04073300,JUNG TAO SCHOOL OF CLASSICAL CHINESE MED,NC,28679-9657,Private      ,0,4,4,0,55,55
04101300,CAROLINA SCHOOL OF BROADCASTING         ,NC,28214-8085,Proprietary  ,8,44,52,112,308,420
04115700,REGINA'S COLLEGE OF BEAUTY              ,NC,28110-2831,Proprietary  ,6,26,32,48,179,227
04120300,HEALTH AND STYLE INSTITUTE              ,NC,27265-3114,Proprietary  ,16,78,94,121,412,533
04129400,CENTER FOR MASSAGE & NATURAL HEALTH     ,NC,28787-8331,Proprietary  ,7,15,22,22,87,109
04140700,AVEDA INSTITUTE CHAPEL HILL             ,NC,27516-2559,Proprietary  ,25,45,70,200,302,502
04143500,CHARLOTTE SCHOOL OF LAW                 ,NC,28208-2816,Proprietary  ,9,78,87,92,1920,2012
04146400,DAOIST TRADITIONS COLLEGE OF CHINESE MED,NC,28801-1060,Proprietary  ,0,6,6,9,112,121
04149300,PARK WEST BARBER SCHOOL                 ,NC,27701-4022,Proprietary  ,19,136,155,171,862,1033
04154200,CAROLINA COLLEGE OF BIBLICAL STUDIES    ,NC,29303-5157,Private      ,2,41,43,26,292,318
04172800,BODY THERAPY INSTITUTE                  ,NC,27344-6728,Proprietary  ,2,12,14,20,71,91
04173000,SHEPHERDS THEOLOGICAL SEMINARY          ,NC,27518-9316,Private      ,1,2,3,4,27,31
04173700,GRACE COLLEGE OF DIVINITY               ,NC,28314-2343,Private      ,5,19,24,44,169,213
04178100,CAROLINA COLLEGE OF HAIR DESIGN         ,NC,28802-1232,Proprietary  ,3,11,14,32,117,149
04204700,PAUL MITCHELL THE SCHOOL RALEIGH        ,NC,27612-7358,Proprietary  ,20,43,63,142,243,385
04206500,MYCOMPUTERCAREER.COM                    ,NC,27606-3365,Proprietary  ,10,206,216,80,852,932
04214600,GRACE COLLEGE OF BARBERING              ,NC,28513-7178,Private      ,3,6,9,13,37,50
04219100,ALEXANDER PAUL INSTITUTE OF HAIR DESIGN ,NC,27858-3344,Proprietary  ,8,18,26,47,77,124
04227600,SHERRILL'S UNIVERSITY OF BARBER & COSMET,NC,27610-2431,Proprietary  ,6,43,49,51,234,285
04228400,BEYOND MEASURE BARBERING INSTITUTE      ,NC,27302-2323,Proprietary  ,2,7,9,13,70,83
00298800,BISMARCK STATE COLLEGE                  ,ND,58501-1299,Public       ,77,161,238,1736,1409,3145
00298900,DICKINSON STATE UNIVERSITY              ,ND,58601-4896,Public       ,25,53,78,794,521,1315
00299000,UNIVERSITY OF JAMESTOWN                 ,ND,58405-3401,Private      ,45,15,60,1030,223,1253
00299100,LAKE REGION STATE COLLEGE               ,ND,58301-1598,Public       ,22,50,72,400,443,843
00299200,UNIVERSITY OF MARY                      ,ND,58504-9652,Private      ,38,140,178,1730,1288,3018
00299300,MAYVILLE STATE UNIVERSITY               ,ND,58257-1299,Public       ,20,37,57,708,369,1077
00299400,MINOT STATE UNIVERSITY                  ,ND,58707-0001,Public       ,48,123,171,1463,1374,2837
00299500,DAKOTA COLLEGE AT BOTTINEAU             ,ND,58318-1159,Public       ,12,19,31,338,223,561
00299600,NORTH DAKOTA STATE CLG OF SCIENCE       ,ND,58076-0002,Public       ,57,73,130,1694,709,2403
00299700,NORTH DAKOTA STATE UNIV - FARGO         ,ND,58102-0000,Public       ,242,220,462,10291,3145,13436
00299702,NORTH DAKOTA STATE UNIV NURSING         ,ND,58501-4425,Public       ,0,0,0,3,4,7
00300500,UNIVERSITY OF NORTH DAKOTA              ,ND,58202-8193,Public       ,211,408,619,8376,5585,13961
00300700,WILLISTON STATE COLLEGE                 ,ND,58802-1326,Public       ,19,51,70,318,440,758
00300800,VALLEY CITY STATE UNIVERSITY            ,ND,58072-0000,Public       ,19,34,53,781,377,1158
00775600,JOSEF'S SCHOOL OF HAIR DESIGN INC       ,ND,58102-4977,Proprietary  ,4,12,16,57,78,135
00869408,RASMUSSEN COLLEGE - FARGO               ,ND,58103-7196,Proprietary  ,14,75,89,114,569,683
00869415,RASMUSSEN COLLEGE - BISMARCK            ,ND,58503-0000,Proprietary  ,2,12,14,34,184,218
01040600,JOSEF'S SCHOOL OF HAIR DESIGN           ,ND,58201-6394,Proprietary  ,7,12,19,45,101,146
01205900,TRINITY BIBLE COLLEGE                   ,ND,58436-7150,Private      ,0,6,6,215,84,299
01229500,JZ TREND ACADEMY PAUL MITCHELL PARTNER S,ND,58501-0000,Proprietary  ,2,11,13,27,44,71
02188200,SITTING BULL COLLEGE                    ,ND,58538-9701,Public       ,8,24,32,88,319,407
02236500,LITTLE HOOP COMMUNITY COLLEGE           ,ND,58335-0000,Public       ,5,15,20,37,175,212
02242900,UNITED TRIBES TECHNICAL COLLEGE         ,ND,58504-0000,Private      ,13,68,81,211,639,850
02298200,HEADQUARTERS ACADEMY OF HAIR DESIGN     ,ND,58701-0000,Proprietary  ,3,9,12,19,73,92
02301100,TURTLE MTN CMNTY COLG-FIN AID OFC       ,ND,58316-0000,Private      ,15,44,59,237,444,681
02553700,FORT BERTHOLD COMMUNITY COLLEGE         ,ND,58763-0000,Public       ,4,11,15,72,190,262
03087200,MOLER BARBER CLG OF HAIRSTYLING         ,ND,58103-0000,Proprietary  ,0,5,5,4,26,30
04031300,SALON PROFESSIONAL ACADEMY (THE)        ,ND,58103-3337,Proprietary  ,6,9,15,78,73,151
04139400,HAIR ACADEMY (THE)                      ,ND,58501-4929,Proprietary  ,7,6,13,51,38,89
04223500,LYNNES WELDING TRAINING                 ,ND,58102-4018,Proprietary  ,6,15,21,31,66,97
00301005,ANTIOCH UNIV/SEATTLE                    ,WA,98121-0000,Private      ,5,68,73,92,1180,1272
00376900,BELLEVUE COLLEGE                        ,WA,98007-6484,Public       ,315,785,1100,5436,7606,13042
00377000,BIG BEND COMMUNITY COLLEGE              ,WA,98837-3299,Public       ,83,218,301,1234,1780,3014
00377100,CENTRAL WASHINGTON UNIVERSITY           ,WA,98926-7495,Public       ,537,412,949,13436,6814,20250
00377200,CENTRALIA COLLEGE                       ,WA,98531-4099,Public       ,82,246,328,1303,2205,3508
00377300,CLARK COLLEGE                           ,WA,98663-3598,Public       ,360,848,1208,5232,8261,13493
00377400,COLUMBIA BASIN COLLEGE                  ,WA,99301-3379,Public       ,194,508,702,3542,4693,8235
00377500,EASTERN WASHINGTON UNIVERSITY           ,WA,99004-2447,Public       ,432,387,819,14001,7784,21785
00377600,EVERETT COMMUNITY COLLEGE               ,WA,98201-1352,Public       ,232,839,1071,3949,7104,11053
00377700,HERITAGE UNIVERSITY                     ,WA,98948-9562,Private      ,18,72,90,790,1483,2273
00377800,GONZAGA UNIVERSITY                      ,WA,99258-0083,Private      ,262,293,555,8314,3797,12111
00377900,GRAYS HARBOR COLLEGE                    ,WA,98520-7599,Public       ,57,193,250,872,1725,2597
00378000,GREEN RIVER COMMUNITY COLLEGE           ,WA,98092-3622,Public       ,241,662,903,3588,5542,9130
00378100,HIGHLINE COMMUNITY COLLEGE              ,WA,98198-9800,Public       ,244,686,930,3817,6388,10205
00378200,LOWER COLUMBIA COLLEGE                  ,WA,98632-0310,Public       ,116,375,491,1307,3228,4535
00378300,NORTHWEST UNIVERSITY                    ,WA,98083-0000,Private      ,81,166,247,1646,1496,3142
00378400,OLYMPIC COLLEGE                         ,WA,98337-1600,Public       ,171,667,838,2229,5811,8040
00378500,PACIFIC LUTHERAN UNIVERSITY             ,WA,98447-0003,Private      ,166,156,322,4996,2510,7506
00378600,PENINSULA COLLEGE                       ,WA,98362-6660,Public       ,43,223,266,708,1821,2529
00378700,SEATTLE CENTRAL COMMUNITY COLLEGE       ,WA,98122-2413,Public       ,244,843,1087,3579,7627,11206
00378703,SEATTLE VOCATIONAL INSTITUTE            ,WA,98144-0000,Public       ,17,100,117,150,703,853
00378800,SEATTLE PACIFIC UNIVERSITY              ,WA,98119-1997,Private      ,223,180,403,8033,3144,11177
00379000,SEATTLE UNIVERSITY                      ,WA,98122-1090,Private      ,369,373,742,10378,6759,17137
00379100,SHORELINE COMMUNITY COLLEGE             ,WA,98133-5696,Public       ,198,532,730,2900,5023,7923
00379200,SKAGIT VALLEY COLLEGE                   ,WA,98273-5899,Public       ,134,444,578,1958,3639,5597
00379300,SPOKANE COMMUNITY COLLEGE               ,WA,99207-5399,Public       ,230,1031,1261,4366,9547,13913
00379400,ST MARTIN'S UNIVERSITY                  ,WA,98503-7500,Private      ,66,114,180,1528,1415,2943
00379600,TACOMA COMMUNITY COLLEGE                ,WA,98466-6100,Public       ,267,1013,1280,4492,10398,14890
00379700,UNIVERSITY OF PUGET SOUND               ,WA,98416-1039,Private      ,171,148,319,5701,1933,7634
00379800,UNIVERSITY OF WASHINGTON                ,WA,98195-1122,Public       ,1605,1681,3286,44152,30630,74782
00379900,WALLA WALLA UNIVERSITY                  ,WA,99324-1198,Private      ,49,27,76,1957,746,2703
00380000,WASHINGTON STATE UNIVERSITY             ,WA,99164-1035,Public       ,1042,898,1940,31454,15094,46548
00380100,WENATCHEE VALLEY COLLEGE                ,WA,98801-1799,Public       ,76,306,382,1845,2420,4265
00380200,WESTERN WASHINGTON UNIVERSITY           ,WA,98225-5946,Public       ,640,355,995,19263,5680,24943
00380300,WHITMAN COLLEGE                         ,WA,99362-2067,Private      ,75,18,93,2947,175,3122
00380400,WHITWORTH UNIVERSITY                    ,WA,99251-0001,Private      ,128,120,248,4555,1633,6188
00380500,YAKIMA VALLEY COMMUNITY COLLEGE         ,WA,98907-2520,Public       ,149,398,547,3051,4679,7730
00499900,BELLINGHAM TECHNICAL COLLEGE            ,WA,98225-0000,Public       ,90,379,469,1328,3088,4416
00500000,PIERCE COLLEGE                          ,WA,98498-1919,Public       ,272,1006,1278,3821,8704,12525
00500100,EDMONDS COMMUNITY COLLEGE               ,WA,98036-5999,Public       ,205,536,741,2810,4975,7785
00500600,WALLA WALLA COMMUNITY COLLEGE           ,WA,99362-9267,Public       ,88,262,350,1986,2603,4589
00530600,BATES TECHNICAL COLLEGE                 ,WA,98405-0000,Public       ,125,573,698,1208,4086,5294
00537200,SOUTH PUGET SOUND COMMUNITY COLLEGE     ,WA,98512-6292,Public       ,197,679,876,2416,5147,7563
00537300,LAKE WASHINGTON TECHNICAL COLLEGE       ,WA,98034-8505,Public       ,78,247,325,923,2497,3420
00575200,CLOVER PARK TECHNICAL COLLEGE           ,WA,98499-0000,Public       ,149,734,883,1664,6018,7682
00815500,EVERGREEN STATE COLLEGE (THE)           ,WA,98505-0002,Public       ,164,323,487,4110,4521,8631
00907901,EVEREST COLLEGE                         ,WA,98684-6950,Private      ,15,68,83,200,502,702
00938700,PERRY TECHNICAL INSTITUTE               ,WA,98903-1239,Private      ,58,114,172,907,1142,2049
00954400,SPOKANE FALLS COMMUNITY COLLEGE         ,WA,99224-5204,Public       ,210,697,907,4691,6836,11527
00970400,NORTH SEATTLE COMMUNITY COLLEGE         ,WA,98103-3599,Public       ,159,658,817,2075,5743,7818
00970600,SOUTH SEATTLE COMMUNITY COLLEGE         ,WA,98106-1499,Public       ,148,586,734,2559,4849,7408
00973900,GLEN DOW ACAD OF HAIR DESIGN            ,WA,99201-0209,Proprietary  ,7,42,49,122,280,402
01036400,WHATCOM COMMUNITY COLLEGE               ,WA,98226-8003,Public       ,166,419,585,2388,3387,5775
01043400,RENTON TECHNICAL COLLEGE                ,WA,98056-0000,Public       ,88,379,467,1288,3471,4759
01148100,DIVERS INSTITUTE OF TECHNOLOGY          ,WA,98107-0000,Proprietary  ,34,137,171,227,697,924
01231500,CORNISH COLLEGE OF THE ARTS             ,WA,98121-4604,Private      ,63,43,106,1507,553,2060
01249600,TONI & GUY HAIRDRESSING ACADEMY         ,WA,98133-5615,Proprietary  ,8,14,22,54,88,142
01302200,CITY UNIVERSITY OF SEATTLE              ,WA,98121-1851,Private      ,47,297,344,371,2366,2737
01309400,BELLINGHAM BEAUTY SCHOOL                ,WA,98226-5515,Proprietary  ,0,0,0,15,11,26
02105300,EVERGREEN BEAUTY AND BARBER COLLEGE     ,WA,98007-3722,Proprietary  ,12,27,39,88,207,295
02106700,TRINITY LUTHERAN COLLEGE                ,WA,98201-3569,Private      ,10,7,17,370,143,513
02180000,NORTHWEST INDIAN COLLEGE                ,WA,98226-9278,Public       ,16,107,123,186,933,1119
02184200,PAROBA COLLEGE OF COSMETOLOGY           ,WA,98208-0000,Proprietary  ,12,41,53,67,222,289
02202200,STYLEMASTERS COLLEGE OF HAIR DESIGN     ,WA,98632-0000,Proprietary  ,2,26,28,32,159,191
02203300,GENE JUAREZ BEAUTY SCHOOLS              ,WA,98043-5427,Proprietary  ,26,53,79,308,445,753
02222900,INTERNATIONAL AIR & HOSPITALITY ACADEMY ,WA,98661-4835,Proprietary  ,54,130,184,345,727,1072
02236800,PROFESSIONAL BEAUTY SCHOOL              ,WA,98902-0000,Proprietary  ,7,14,21,57,135,192
02242500,BASTYR UNIVERSITY                       ,WA,98028-0000,Private      ,11,63,74,250,1855,2105
02291300,ART INSTITUTE OF SEATTLE                ,WA,98121-1622,Proprietary  ,206,248,454,1924,1958,3882
02300100,EVEREST COLLEGE                         ,WA,98367-1835,Private      ,11,58,69,111,407,518
02300103,EVEREST COLLEGE - EVERETT               ,WA,98208-2610,Private      ,30,113,143,197,705,902
02300104,EVEREST COLLEGE - TACOMA                ,WA,98402-3004,Private      ,48,193,241,408,1377,1785
02326500,INTERFACE COLLEGE                       ,WA,99201-4326,Proprietary  ,3,28,31,50,204,254
02331400,NORTHWEST HAIR ACADEMY                  ,WA,98273-0000,Proprietary  ,0,11,11,30,95,125
02331402,NORTHWEST HAIR ACADEMY - EVERETT        ,WA,98204-0000,Proprietary  ,0,0,0,24,54,78
02331404,NORTHWEST HAIR ACADEMY - YAKIMA         ,WA,98901-2305,Proprietary  ,2,8,10,48,110,158
02504900,ACADEMY OF HAIR DESIGN (THE)            ,WA,98801-0000,Proprietary  ,5,11,16,36,96,132
02541900,BJ'S BEAUTY AND BARBER COLLEGE          ,WA,98409-0000,Proprietary  ,9,62,71,75,351,426
02602100,NORTHWEST COLLEGE OF ART & DESIGN       ,WA,98370-8625,Proprietary  ,8,9,17,205,82,287
02606200,EVEREST COLLEGE                         ,WA,98055-2990,Private      ,10,83,93,205,609,814
02617500,EVEREST COLLEGE                         ,WA,98133-9018,Private      ,18,55,73,197,452,649
03031406,INTERNATIONAL ACADEMY OF DESIGN & TECH  ,WA,98188-3319,Proprietary  ,17,26,43,195,362,557
03065000,LUCAS MARC ACADEMY                      ,WA,99352-9700,Proprietary  ,8,34,42,79,201,280
03071800,ITT TECHNICAL INSTITUTE                 ,WA,99216-1589,Proprietary  ,8,156,164,313,1263,1576
03071805,ITT TECHNICAL INSTITUTE - SEATTLE       ,WA,98168-3346,Proprietary  ,67,336,403,526,2150,2676
03099000,CORTIVA INSTITUTE - SEATTLE             ,WA,98109-5474,Proprietary  ,15,82,97,109,402,511
03110800,BAKKE GRADUATE UNIVERSITY               ,WA,98104-1222,Private      ,2,10,12,18,73,91
03139500,MONTESSORI SCHOOLS OF WASHINGTON        ,WA,98203-6600,Private      ,0,5,5,6,35,41
03280300,SEATTLE INST OF ORIENTAL MEDICINE       ,WA,98115-0000,Proprietary  ,5,10,15,46,144,190
03283300,NORTHWEST HVAC/R ASSOCIATION & TRAINING ,WA,99207-2125,Private      ,2,19,21,34,139,173
03466400,SEATTLE SCHOOL OF THEOLOGY AND PSYCHOLOG,WA,98121-1177,Private      ,6,43,49,92,497,589
03483500,CASCADIA COMMUNITY COLLEGE              ,WA,98011-9510,Public       ,119,164,283,1558,1540,3098
03490400,EMIL FRIES PIANO HOSPITAL & TRAININ     ,WA,98661-4323,Private      ,0,6,6,4,26,30
03670301,TONI&GUY HAIRDRESSING ACADEMY -         ,WA,98225-4526,Proprietary  ,10,28,38,81,144,225
03689400,FAITH EVANGELICAL COLLEGE & SEMINARY    ,WA,98407-2607,Private      ,0,13,13,26,379,405
03724300,DIGIPEN INSTITUTE OF TECHNOLOGY         ,WA,98052-5170,Proprietary  ,59,29,88,1324,521,1845
03917300,EVERGREEN BEAUTY AND BARBER COLLEGE     ,WA,98208-3759,Proprietary  ,33,86,119,177,476,653
03932500,TOTAL COSMETOLOGY TRAINING CENTER       ,WA,99217-6231,Proprietary  ,4,24,28,53,192,245
04120000,SUNNYSIDE BEAUTY ACADEMY                ,WA,98944-8711,Proprietary  ,2,0,2,12,30,42
04127200,VICTORIA'S ACADEMY OF COSMETOLOGY       ,WA,99336-3826,Proprietary  ,14,40,54,75,214,289
04130500,PACIFIC NORTHWEST UNIV OF HEALTH SCIENCE,WA,98901-1471,Private      ,6,23,29,53,690,743
04130800,CASCADE BEAUTY COLLEGE                  ,WA,98002-5504,Proprietary  ,5,17,22,43,115,158
04132800,INLAND MASSAGE INSTITUTE                ,WA,99218-5016,Proprietary  ,5,34,39,46,165,211
04149400,GARY MANUEL AVEDA INSTITUTE             ,WA,98122-3807,Proprietary  ,15,67,82,190,396,586
04155000,NORTHWEST SCHOOL OF WOODEN BOAT BUILDING,WA,98339-8706,Private      ,1,7,8,14,99,113
04161200,PINCHOT UNIVERSITY                      ,WA,98104-2617,Private      ,2,4,6,16,114,130
04170100,SUMMIT SALON ACADEMY                    ,WA,98409-7360,Proprietary  ,10,41,51,119,335,454
04172900,ACADEMY OF COSMETOLOGY                  ,WA,99354-2651,Proprietary  ,0,0,0,39,55,94
04188900,NORTHWEST INSTITUTE OF LITERARY ARTS    ,WA,98249-0000,Private      ,2,7,9,7,41,48
04191900,PAUL MITCHELL THE SCHOOL SPOKANE        ,WA,99037-5041,Proprietary  ,14,37,51,166,283,449
04223600,ACADEMY OF INTERACTIVE ENTERTAINMENT    ,WA,98109-4623,Private      ,18,19,37,293,243,536
04231000,STUDIO BEAUTY SCHOOL                    ,WA,99205-3357,Proprietary  ,3,17,20,57,131,188
04250400,FOSBRE ACADEMY OF HAIR DESIGN           ,WA,98501-1018,Proprietary  ,11,18,29,11,18,29
00340100,BROWN UNIVERSITY                        ,RI,02912-9127,Private      ,441,67,508,18942,967,19909
00340101,BROWN UNIVERSITY - GRADUATE SCHOOL      ,RI,02912-1827,Private      ,4,175,179,66,1486,1552
00340102,BROWN MEDICAL SCHOOL                    ,RI,02912-0000,Private      ,5,9,14,64,603,667
00340200,BRYANT UNIVERSITY                       ,RI,02917-1284,Private      ,155,56,211,6007,583,6590
00340400,JOHNSON & WALES UNIVERSITY              ,RI,02903-3703,Private      ,462,328,790,19263,5023,24286
00340600,PROVIDENCE COLLEGE                      ,RI,02918-0001,Private      ,231,80,311,8370,992,9362
00340700,RHODE ISLAND COLLEGE                    ,RI,02908-1991,Public       ,153,311,464,8429,4993,13422
00340800,COMMUNITY COLLEGE OF RI - WARWICK       ,RI,02906-0000,Public       ,471,1125,1596,9058,11568,20626
00340900,RHODE ISLAND SCHOOL OF DESIGN           ,RI,02903-2784,Private      ,136,65,201,2879,1045,3924
00341000,ROGER WILLIAMS UNIVERSITY               ,RI,02809-2921,Private      ,234,86,320,8977,1664,10641
00341100,SALVE REGINA UNIVERSITY                 ,RI,02840-4192,Private      ,109,48,157,4307,674,4981
00341400,UNIVERSITY OF RHODE ISLAND              ,RI,02881-0000,Public       ,596,310,906,24203,4476,28679
00659100,ST. JOSEPH HOSP SCH OF NURSING          ,RI,02904-5199,Private      ,3,16,19,69,307,376
00784500,NEW ENGLAND INSTITUTE OF TECHNOLOGY     ,RI,02886-0000,Private      ,135,299,434,2638,2984,5622
01246116,LINCOLN TECHNICAL INSTITUTE - LINCOLN   ,RI,02865-4211,Proprietary  ,20,132,152,340,858,1198
02531802,PAUL MITCHELL THE SCHOOL-CRANSTON       ,RI,02920-0000,Proprietary  ,11,25,36,122,150,272
02584400,NEW ENGLAND TRACTOR TRAILER TRAINING SCH,RI,02860-1752,Proprietary  ,40,409,449,152,1303,1455
03080000,NEWPORT SCHOOL OF HAIRDRESSING          ,RI,02860-4038,Proprietary  ,1,5,6,7,42,49
03732300,INTERNATIONAL YACHT RESTORATION SCH     ,RI,02840-6720,Private      ,3,4,7,44,55,99
04141200,TONI & GUY HAIRDRESSING ACADEMY         ,RI,02920-0000,Proprietary  ,13,23,36,117,126,243
04246000,MKG BEAUTY & BUSINESS                   ,RI,02920-4358,Proprietary  ,5,11,16,37,59,96
00294102,LENOIR-RHYNE UNIVERSITY - LUTHERAN THEOL,SC,29203-5863,Private      ,4,7,11,22,83,105
00341700,ALLEN UNIVERSITY                        ,SC,29204-1085,Private      ,33,54,87,1042,627,1669
00341800,ANDERSON UNIVERSITY                     ,SC,29621-4035,Private      ,94,151,245,3612,1501,5113
00341900,CHARLESTON SOUTHERN UNIVERSITY          ,SC,29406-2160,Private      ,176,232,408,4944,2697,7641
00342000,BENEDICT COLLEGE                        ,SC,29204-1086,Private      ,127,129,256,3567,1783,5350
00342100,BOB JONES UNIVERSITY                    ,SC,29614-1000,Proprietary  ,56,45,101,2645,417,3062
00342200,SOUTHERN WESLEYAN UNIVERSITY            ,SC,29630-1020,Private      ,20,126,146,996,1604,2600
00342300,THE CITADEL                             ,SC,29409-0002,Public       ,133,112,245,3115,1278,4393
00342400,CLAFLIN UNIVERSITY                      ,SC,29115-4498,Private      ,78,88,166,2869,1214,4083
00342500,CLEMSON UNIVERSITY                      ,SC,29634-0001,Public       ,610,350,960,22679,4411,27090
00342600,UNIV OF SC AT SUMTER                    ,SC,29150-2498,Public       ,35,67,102,888,782,1670
00342700,COKER COLLEGE                           ,SC,29550-3797,Private      ,50,82,132,1267,974,2241
00342800,COLLEGE OF CHARLESTON                   ,SC,29424-0100,Public       ,421,245,666,12678,3302,15980
00342900,COLUMBIA INTERNATIONAL UNIVERSITY       ,SC,29203-1599,Private      ,21,71,92,652,670,1322
00343000,COLUMBIA COLLEGE                        ,SC,29203-5998,Private      ,51,265,316,1228,2248,3476
00343100,CONVERSE COLLEGE                        ,SC,29302-1931,Private      ,39,49,88,1231,646,1877
00343200,ERSKINE COLLEGE                         ,SC,29639-0000,Private      ,21,7,28,843,63,906
00343201,ERSKINE THEOLOGICAL SEMINARY            ,SC,29639-0000,Private      ,0,9,9,7,97,104
00343400,FURMAN UNIVERSITY                       ,SC,29613-5253,Private      ,136,53,189,3885,523,4408
00343500,LANDER UNIVERSITY                       ,SC,29649-2099,Public       ,110,72,182,3740,870,4610
00343600,LIMESTONE COLLEGE                       ,SC,29340-3799,Private      ,85,239,324,2316,3062,5378
00343800,MEDICAL UNIV OF SOUTH CAROLINA - FA     ,SC,29425-1760,Public       ,35,129,164,432,3608,4040
00343900,MORRIS COLLEGE                          ,SC,29150-3599,Private      ,28,52,80,1082,591,1673
00344000,NEWBERRY COLLEGE                        ,SC,29108-2197,Private      ,51,23,74,1851,345,2196
00344100,NORTH GREENVILLE COLLEGE                ,SC,29688-1892,Private      ,53,43,96,2754,745,3499
00344500,PRESBYTERIAN COLLEGE                    ,SC,29325-2503,Private      ,51,13,64,1738,431,2169
00344600,SOUTH CAROLINA STATE UNIVERSITY         ,SC,29117-4427,Public       ,122,166,288,4059,2063,6122
00344700,SPARTANBURG METHODIST COLLEGE           ,SC,29301-5899,Private      ,37,27,64,1393,269,1662
00344800,UNIVERSITY OF SOUTH CAROLINA            ,SC,29208-3999,Public       ,760,773,1533,31819,13281,45100
00344900,UNIVERSITY OF SOUTH CAROLINA AIKEN      ,SC,29801-6399,Public       ,113,143,256,3713,1801,5514
00345000,UNIV OF SC AT BEAUFORT                  ,SC,29902-0000,Public       ,91,127,218,2454,1346,3800
00345100,COASTAL CAROLINA UNIVERSITY             ,SC,29528-0000,Public       ,403,279,682,15423,3320,18743
00345300,UNIV OF SC AT LANCASTER                 ,SC,29721-0889,Public       ,39,65,104,1105,754,1859
00345400,UNIV OF SC SYSTEM SALKEHATCHIE          ,SC,29810-0617,Public       ,29,43,72,696,573,1269
00345500,VOORHEES COLLEGE                        ,SC,29042-0000,Private      ,24,31,55,744,309,1053
00345600,WINTHROP UNIVERSITY                     ,SC,29733-0001,Public       ,177,152,329,6875,2314,9189
00345700,WOFFORD COLLEGE                         ,SC,29303-3663,Private      ,76,19,95,2777,233,3010
00399000,FLORENCE-DARLINGTON TECH COLLEGE        ,SC,29501-0548,Public       ,219,639,858,3202,6055,9257
00399100,GREENVILLE TECHNICAL COLLEGE            ,SC,29607-2439,Public       ,459,1120,1579,7661,10638,18299
00399200,PIEDMONT TECHNICAL COLLEGE              ,SC,29648-1467,Public       ,153,507,660,2499,4951,7450
00399300,MIDLANDS TECHNICAL COLLEGE              ,SC,29202-0000,Public       ,462,1074,1536,7566,11019,18585
00399400,SPARTANBURG COMMUNITY COLLEGE           ,SC,29305-0000,Public       ,208,448,656,3356,4199,7555
00399500,CENTRAL CAROLINA TECHNICAL COLLEGE      ,SC,29150-2499,Public       ,104,393,497,1872,3912,5784
00399600,YORK TECHNICAL COLLEGE                  ,SC,29730-3395,Public       ,178,556,734,3114,4679,7793
00492000,TRIDENT TECHNICAL COLLEGE               ,SC,29423-8067,Public       ,520,1382,1902,6982,13853,20835
00492300,CLINTON JR COLLEGE                      ,SC,29730-5152,Private      ,5,16,21,160,198,358
00492400,FORREST COLLEGE                         ,SC,29624-2405,Proprietary  ,2,32,34,38,240,278
00492500,HORRY-GEORGETOWN TECH COLLEGE           ,SC,29526-9521,Public       ,277,676,953,4083,6387,10470
00492600,TRI-COUNTY TECHNICAL COLLEGE            ,SC,29670-9133,Public       ,195,414,609,4427,3447,7874
00492700,UNIV OF SC AT UNION                     ,SC,29379-0729,Public       ,12,25,37,257,291,548
00499204,MILLER-MOTTE TECHNICAL COLLEGE - CONWAY ,SC,29526-9508,Proprietary  ,40,214,254,289,1247,1536
00536300,DENMARK TECHNICAL COLLEGE               ,SC,29042-0000,Public       ,30,77,107,519,1493,2012
00681500,ORANGEBURG-CALHOUN TECHNICAL COLG       ,SC,29118-8299,Public       ,72,278,350,1670,2624,4294
00695100,UNIVERSITY OF SOUTH CAROLINA UPSTATE    ,SC,29303-9972,Public       ,152,232,384,6310,3370,9680
00760200,NORTHEASTERN TECHNICAL COLLEGE          ,SC,29520-7015,Public       ,27,115,142,630,1066,1696
00922600,FRANCIS MARION UNIVERSITY               ,SC,29501-0000,Public       ,145,176,321,4630,2075,6705
00932200,WILLIAMSBURG TECHNICAL COLLEGE          ,SC,29556-4197,Public       ,13,64,77,260,581,841
00991000,TECHNICAL COLLEGE OF THE LOWCOUNTRY     ,SC,29902-5441,Public       ,80,318,398,1101,2828,3929
00991100,UNIV OF SC-REGIONAL CAMPUSES ADMIN      ,SC,29208-0001,Public       ,8,29,37,220,302,522
01005600,AIKEN TECHNICAL COLLEGE                 ,SC,29802-0696,Public       ,118,387,505,1689,3191,4880
01019806,ECPI UNIVERSITY - GREENVILLE            ,SC,29615-4232,Proprietary  ,17,119,136,127,817,944
01019809,ECPI UNIVERSITY - CHARLESTON            ,SC,29420-4264,Proprietary  ,16,120,136,110,756,866
01019811,ECPI UNIVERSITY - COLUMBIA              ,SC,29210-6467,Proprietary  ,5,69,74,61,510,571
01179901,PAUL MITCHELL THE SCHOOL COLUMBIA       ,SC,29201-3126,Proprietary  ,12,53,65,163,313,476
01179902,PAUL MITCHELL THE SCHOOL CHARLESTON     ,SC,29418-6993,Proprietary  ,13,40,53,134,236,370
01179903,PAUL MITCHELL THE SCHOOL FAYETTEVILLE - ,SC,29607-0000,Proprietary  ,12,40,52,102,195,297
01209200,KENNETH SHULER SCHOOL OF COSMETOLOGY    ,SC,29732-2169,Proprietary  ,16,50,66,156,419,575
01303907,SOUTH UNIVERSITY                        ,SC,29203-6400,Proprietary  ,42,398,440,426,2699,3125
02063700,SHERMAN CLG STRAIGHT CHIROPRACTIC       ,SC,29316-0000,Private      ,0,19,19,17,503,520
02338600,CHARZANNE BEAUTY COLLEGE                ,SC,29649-0000,Proprietary  ,2,11,13,20,73,93
02341100,KENNETH SHULER SCHOOL OF COSMETOLOGY & N,SC,29210-0000,Proprietary  ,32,105,137,256,730,986
02356600,CHARLESTON COSMETOLOGY INSTITUTE        ,SC,29420-0000,Proprietary  ,9,29,38,65,156,221
02552400,ACADEMY OF HAIR TECHNOLOGY              ,SC,29615-2363,Proprietary  ,5,22,27,51,159,210
02567600,SUMTER BEAUTY COLLEGE                   ,SC,29150-0000,Proprietary  ,8,18,26,34,103,137
02614202,MILLER - MOTTE TECHNICAL COLLEGE - NORTH,SC,29406-9239,Proprietary  ,47,174,221,224,1174,1398
03010614,VIRGINIA COLLEGE - GOLF ACADEMY OF AMERI,SC,29579-0000,Proprietary  ,9,16,25,91,139,230
03010617,VIRGINIA COLLEGE - GREENVILLE           ,SC,29607-7200,Proprietary  ,14,88,102,132,674,806
03010620,VIRGINIA COLLEGE - CHARLESTON           ,SC,29406-4999,Proprietary  ,14,82,96,126,562,688
03010621,VIRGINIA COLLEGE - COLUMBIA             ,SC,29223-7527,Proprietary  ,17,93,110,150,777,927
03052300,KENNETH SHULER SCH COSM & HAIR DESG     ,SC,29841-2013,Proprietary  ,11,68,79,161,439,600
03293300,STRAND COLLEGE OF HAIR DESIGN           ,SC,29572-4310,Proprietary  ,5,14,19,33,103,136
03304300,CENTURA COLLEGE                         ,SC,29406-9235,Proprietary  ,18,94,112,99,570,669
03555400,SOUTHEASTERN INSTITUTE                  ,SC,29406-0000,Proprietary  ,10,44,54,71,268,339
03709301,EDWARD VIA VIRGINIA COLLEGE OF OSTEOPATH,SC,29303-3639,Private      ,0,10,10,13,708,721
03746300,LEGRAND INSTITUTE OF COSMETOLOGY        ,SC,29020-0000,Proprietary  ,7,2,9,23,29,52
03746400,SOUTHEASTERN INSTITUTE                  ,SC,29210-0000,Proprietary  ,7,44,51,72,346,418
03768400,STYLETRENDS BARBER AND HAIRSTYLING ACADE,SC,29730-4511,Proprietary  ,4,6,10,13,53,66
04083300,MARION COUNTY TECHNICAL EDUCATION CENTER,SC,29571-0000,Public       ,3,9,12,33,152,185
04096300,CHARLESTON SCHOOL OF LAW                ,SC,29402-0535,Proprietary  ,5,30,35,35,771,806
04158100,AIKEN SCHOOL OF COSMETOLOGY             ,SC,29801-4554,Proprietary  ,6,14,20,51,113,164
04166900,COSMETIC ARTS INSTITUTE                 ,SC,29488-4216,Proprietary  ,4,9,13,31,49,80
04172600,SALON 496 BARBER ACADEMY                ,SC,29607-2548,Proprietary  ,2,9,11,26,83,109
04192600,PALMETTO BEAUTY SCHOOL                  ,SC,29307-1424,Proprietary  ,9,12,21,40,85,125
04202900,JOLEI'S HAIR INSTITUTE                  ,SC,29114-9337,Proprietary  ,0,0,0,0,9,9
04222000,ARCLABS                                 ,SC,29673-6729,Proprietary  ,9,30,39,9,30,39
04228600,TOP OF THE LINE BARBER COLLEGE          ,SC,29407-2228,Proprietary  ,0,1,1,0,1,1
04239000,B-UNIQUE BEAUTY AND BARBER ACADEMY      ,SC,29607-2314,Proprietary  ,2,24,26,3,27,30
04243500,BARBER TECH ACADEMY                     ,SC,29115-6069,Proprietary  ,6,12,18,11,30,41
04244100,CONSTRUCTION TRAINING CENTER            ,SC,29015-9083,Proprietary  ,2,27,29,3,28,31
00345800,AUGUSTANA UNIVERSITY                    ,SD,57197-0001,Private      ,38,35,73,1533,314,1847
00345900,BLACK HILLS STATE UNIVERSITY            ,SD,57799-9670,Public       ,84,108,192,2143,1557,3700
00346100,DAKOTA WESLEYAN UNIVERSITY              ,SD,57301-4398,Private      ,11,26,37,733,333,1066
00346300,DAKOTA STATE UNIVERSITY                 ,SD,57042-1799,Public       ,38,93,131,1368,1021,2389
00346500,MOUNT MARTY COLLEGE                     ,SD,57078-3724,Private      ,8,19,27,487,342,829
00346600,NORTHERN STATE UNIVERSITY               ,SD,57401-7198,Public       ,26,79,105,1472,741,2213
00346700,PRESENTATION COLLEGE                    ,SD,57401-1299,Private      ,12,61,73,507,562,1069
00346900,UNIVERSITY OF SIOUX FALLS               ,SD,57105-1699,Private      ,39,49,88,1363,576,1939
00347000,SOUTH DAKOTA SCH OF MINES & TECH        ,SD,57701-3995,Public       ,42,46,88,2116,685,2801
00347100,SOUTH DAKOTA STATE UNIVERSITY           ,SD,57007-2298,Public       ,169,185,354,8237,2861,11098
00347400,UNIVERSITY OF SOUTH DAKOTA              ,SD,57069-2390,Public       ,135,243,378,5451,3987,9438
00405600,SIOUX FALLS SEMINARY                    ,SD,57105-2729,Private      ,1,4,5,4,81,85
00405700,NATIONAL AMERICAN UNIVERSITY            ,SD,57701-3692,Proprietary  ,100,1201,1301,584,10048,10632
00405707,NATIONAL AMERICAN UNIVERSITY - SIOUX FAL,SD,57108-4293,Proprietary  ,10,69,79,60,653,713
00492900,MCKENNAN HOSP-RADOLOGICAL TECH          ,SD,57101-0000,Private      ,1,5,6,14,28,42
00530900,LAKE AREA TECHNICAL INSTITUTE           ,SD,57201-0730,Public       ,49,58,107,1302,621,1923
00598700,AVERA SACRED HEART HOSPITAL SCHOOL OF RA,SD,57078-3899,Private      ,1,0,1,14,9,23
00776400,SOUTHEAST TECHNICAL INST                ,SD,57107-0000,Public       ,62,177,239,1290,1421,2711
00828400,MITCHELL TECHNICAL INSTITUTE            ,SD,57301-9931,Public       ,21,31,52,785,384,1169
01013800,STEWART SCHOOL                          ,SD,57104-0000,Proprietary  ,10,15,25,96,95,191
01014804,COLORADO TECHNICAL UNIVERSITY           ,SD,57108-2272,Proprietary  ,1,24,25,33,155,188
01017000,WESTERN DAKOTA TECHNICAL INSTITUTE      ,SD,57701-4018,Public       ,26,129,155,433,927,1360
01147700,SANFORD MEDICAL CENTER                  ,SD,57117-5039,Private      ,1,7,8,20,38,58
01465900,OGLALA LAKOTA COLLEGE                   ,SD,57752-0490,Public       ,11,100,111,286,1367,1653
02137100,BLACK HILLS BEAUTY COLLEGE              ,SD,57701-0000,Proprietary  ,8,19,27,90,119,209
02143700,SINTE GLESKA UNIVERSITY                 ,SD,57570-0000,Public       ,6,29,35,104,480,584
02144600,KILIAN COMMUNITY COLLEGE                ,SD,57103-7020,Private      ,5,32,37,83,245,328
02277300,SISSETON WAHPETON COLLEGE               ,SD,57262-0000,Public       ,0,5,5,29,111,140
02297800,HEADLINES ACADEMY                       ,SD,57701-2733,Proprietary  ,7,17,24,60,120,180
00347700,AQUINAS COLLEGE                         ,TN,37205-2086,Private      ,7,41,48,325,557,882
00347800,AUSTIN PEAY STATE UNIVERSITY            ,TN,37044-0002,Public       ,316,691,1007,9402,8255,17657
00347900,BELMONT UNIVERSITY                      ,TN,37212-3757,Private      ,294,216,510,8707,3602,12309
00348000,BETHEL UNIVERSITY                       ,TN,38201-1705,Private      ,63,631,694,2198,6963,9161
00348100,CARSON - NEWMAN UNIVERSITY              ,TN,37760-2204,Private      ,138,148,286,4003,1402,5405
00348200,CHRISTIAN BROTHERS UNIVERSITY           ,TN,38104-5581,Private      ,80,154,234,2728,1968,4696
00348300,COLUMBIA STATE COMMUNITY COLLEGE        ,TN,38401-5653,Public       ,147,333,480,4644,3368,8012
00348500,CUMBERLAND UNIVERSITY                   ,TN,37087-3554,Private      ,55,104,159,1661,1214,2875
00348600,LIPSCOMB UNIVERSITY                     ,TN,37204-3951,Private      ,105,185,290,4242,2826,7068
00348700,EAST TENNESSEE STATE UNIV - MAIN CAMPUS ,TN,37614-2857,Public       ,408,546,954,13412,8154,21566
00348701,EAST TENNESSEE STATE UNIV - MEDICINE    ,TN,37614-1708,Public       ,22,31,53,372,685,1057
00348709,EAST TENNESSEE STATE UNIV - PHARMACY    ,TN,37614-1704,Public       ,10,14,24,153,456,609
00349000,FISK UNIVERSITY                         ,TN,37208-3045,Private      ,99,75,174,2086,817,2903
00349200,FREED-HARDEMAN UNIVERSITY               ,TN,38340-2399,Private      ,34,71,105,1726,995,2721
00349400,HIWASSEE COLLEGE                        ,TN,37354-4001,Private      ,16,17,33,508,210,718
00349500,JOHNSON UNIVERSITY                      ,TN,37998-9775,Private      ,29,80,109,1208,793,2001
00349600,KING UNIVERSITY                         ,TN,37620-2699,Private      ,48,267,315,1531,3154,4685
00349900,LANE COLLEGE                            ,TN,38301-4598,Private      ,62,68,130,2104,1076,3180
00350000,LEE UNIVERSITY                          ,TN,37320-0000,Private      ,102,132,234,4445,1929,6374
00350100,LEMOYNE-OWEN COLLEGE                    ,TN,38126-6510,Private      ,65,183,248,1902,2393,4295
00350200,LINCOLN MEMORIAL UNIVERSITY             ,TN,37752-7920,Private      ,50,124,174,2049,3981,6030
00350400,MARTIN METHODIST COLLEGE                ,TN,38478-2799,Private      ,33,22,55,1145,463,1608
00350500,MARYVILLE COLLEGE                       ,TN,37804-5907,Private      ,73,32,105,2010,403,2413
00350600,MEHARRY MEDICAL COLLEGE                 ,TN,37208-0000,Private      ,7,49,56,141,1340,1481
00350700,MEMPHIS COLLEGE OF ART                  ,TN,38104-2764,Private      ,26,43,69,955,515,1470
00350900,UNIVERSITY OF MEMPHIS (THE)             ,TN,38152-4611,Public       ,581,1142,1723,19322,17241,36563
00351000,MIDDLE TENNESSEE STATE UNIV             ,TN,37130-0000,Public       ,703,1016,1719,23726,13234,36960
00351100,MILLIGAN COLLEGE                        ,TN,37682-4001,Private      ,24,53,77,1166,644,1810
00351105,MILLIGAN COLLEGE - JOHNSON CITY         ,TN,37601-9483,Private      ,0,0,0,4,33,37
00351700,SOUTHERN COLLEGE OF OPTOMETRY           ,TN,38104-2222,Private      ,6,15,21,64,668,732
00351800,SOUTHERN ADVENTIST UNIVERSITY           ,TN,37315-0370,Private      ,53,69,122,2741,1123,3864
00351900,RHODES COLLEGE                          ,TN,38112-1690,Private      ,107,66,173,3471,687,4158
00352200,TENNESSEE STATE UNIVERSITY              ,TN,37209-1561,Public       ,350,649,999,12261,9197,21458
00352300,TENNESSEE TECHNOLOGICAL UNIV            ,TN,38505-0001,Public       ,274,248,522,11312,3645,14957
00352400,TENNESSEE TEMPLE UNIVERSITY             ,TN,37404-3587,Private      ,3,26,29,260,331,591
00352500,TENNESSEE WESLEYAN COLLEGE              ,TN,37371-0040,Private      ,40,39,79,1297,625,1922
00352600,TREVECCA NAZARENE UNIVERSITY            ,TN,37210-2877,Private      ,50,294,344,1975,2301,4276
00352700,TUSCULUM COLLEGE                        ,TN,37743-0001,Private      ,91,102,193,2023,1491,3514
00352800,UNION UNIVERSITY                        ,TN,38305-3697,Private      ,77,204,281,2669,3028,5697
00352900,UNIVERSITY OF TENNESSEE-CHATTANOOGA     ,TN,37403-2598,Public       ,508,422,930,15599,5512,21111
00353000,UNIVERSITY OF TENNESSEE-KNOXVILLE       ,TN,37996-0150,Public       ,901,569,1470,31098,10452,41550
00353006,UNIVERSITY OF TENNESSEE-HEALTH SCI CTR  ,TN,38103-0000,Public       ,27,177,204,737,4088,4825
00353100,UNIVERSITY OF TENNESSEE-MARTIN          ,TN,38238-0002,Public       ,176,244,420,7505,3554,11059
00353400,UNIVERSITY OF THE SOUTH                 ,TN,37383-1000,Private      ,68,14,82,2780,147,2927
00353500,VANDERBILT UNIVERSITY                   ,TN,37240-0001,Private      ,673,243,916,20574,7096,27670
00353501,VANDERBILT UNIV MED CTR ALLIEDHEAL      ,TN,37232-5510,Private      ,26,40,66,274,621,895
00353600,BRYAN COLLEGE                           ,TN,37321-7000,Private      ,37,66,103,1092,792,1884
00399800,CHATTANOOGA STATE COMMUNITY COLLEGE     ,TN,37406-1097,Public       ,365,943,1308,7768,9387,17155
00399900,CLEVELAND STATE COMMUNITY COLLEGE       ,TN,37312-2858,Public       ,85,286,371,2725,2692,5417
00402500,TENNESSEE COLLEGE OF APPLIED TECHNOLOGY ,TN,37919-2327,Public       ,54,239,293,1314,2390,3704
00402600,TENNESSEE COLLEGE OF APPLIED TECHNOLOGY ,TN,38555-4142,Public       ,19,72,91,406,566,972
00461700,NATIONAL COLLEGE                        ,TN,37211-6605,Proprietary  ,15,161,176,202,1283,1485
00493400,DAYMAR INSTITUTE                        ,TN,37217-1056,Proprietary  ,12,80,92,107,566,673
00493401,DAYMAR INSTITUTE - CLARKSVILLE          ,TN,37040-6718,Proprietary  ,22,182,204,249,1267,1516
00493404,DAYMAR COLLEGE - MURFREESBORO           ,TN,37128-5508,Proprietary  ,13,70,83,146,519,665
00493700,JACKSON STATE COMMUNITY COLLEGE         ,TN,38301-3797,Public       ,144,355,499,4093,3792,7885
00493800,SOUTH COLLEGE                           ,TN,37909-3323,Proprietary  ,45,265,310,807,2563,3370
00494700,WEST TENNESSEE BUSINESS COLLEGE         ,TN,38301-3256,Proprietary  ,11,66,77,144,550,694
00528000,TENNESSEE COLLEGE OF APPLIED TECHNOLOGY ,TN,38019-0249,Public       ,15,31,46,233,438,671
00528100,TENNESSEE COLLEGE OF APPLIED TECHNOLOGY ,TN,37643-6054,Public       ,26,129,155,541,977,1518
00528200,TENNESSEE COLLEGE OF APPLIED TECHNOLOGY-,TN,37074-2032,Public       ,22,62,84,379,405,784
00528300,TENNESSEE COLLEGE OF APPLIED TECHNOLOGY ,TN,38059-1198,Public       ,10,82,92,279,587,866
00530700,TENNESSEE COLLEGE OF APPLIED TECHNOLOGY-,TN,37110-1322,Public       ,18,50,68,332,421,753
00535100,TENNESSEE COLLEGE OF APPLIED TECHNOLOGY ,TN,37813-2094,Public       ,37,106,143,710,1133,1843
00535200,TENNESSEE COLLEGE OF APPLIED TECHNOLOGY-,TN,38201-1620,Public       ,6,24,30,199,284,483
00535300,TENNESSEE COLLEGE OF APPLIED TECHNOLOGY-,TN,38570-1291,Public       ,25,52,77,461,454,915
00535400,TENNESSEE COLLEGE OF APPLIED TECHNOLOGY-,TN,38301-9609,Public       ,37,132,169,636,1240,1876
00535600,TENNESSEE COLLEGE OF APPLIED TECHNOLOGY ,TN,38462-2201,Public       ,17,48,65,372,436,808
00535700,TENNESSEE COLLEGE OF APPLIED TECHNOLOGY ,TN,38327-3402,Public       ,7,39,46,211,394,605
00535800,TENNESSEE COLLEGE OF APPLIED TECHNOLOGY ,TN,37371-0848,Public       ,8,39,47,424,437,861
00535900,TENNESSEE COLLEGE OF APPLIED TECHNOLOGY ,TN,37209-4515,Public       ,63,246,309,1044,2283,3327
00536000,TENNESSEE COLLEGE OF APPLIED TECHNOLOGY-,TN,38105-3604,Public       ,59,291,350,1431,2957,4388
00537800,NORTHEAST STATE COMMUNITY COLLEGE       ,TN,37617-0246,Public       ,162,414,576,4365,4275,8640
00537900,TENNESSEE COLLEGE OF APPLIED TECHNOLOGY-,TN,37160-3697,Public       ,17,74,91,567,727,1294
00683500,DYERSBURG STATE COMMUNITY COLLEGE       ,TN,38024-0000,Public       ,59,242,301,2156,2417,4573
00683600,MOTLOW STATE COMMUNITY COLLEGE          ,TN,37388-7972,Public       ,194,395,589,5252,3295,8547
00732941,ITT TECHNICAL INSTITUTE                 ,TN,37932-3343,Proprietary  ,99,453,552,936,3349,4285
00732958,ITT TECHNICAL INSTITUTE                 ,TN,37214-3717,Proprietary  ,57,349,406,677,2315,2992
00743900,FOUNTAINHEAD COLLEGE OF TECHNOLOGY      ,TN,37918-0000,Proprietary  ,12,64,76,206,514,720
00778200,TENNESSEE COLLEGE OF APPLIED TECHNOLOGY ,TN,37055-2556,Public       ,34,84,118,634,961,1595
00778300,MIDDLE TENNESSEE SCH OF ANESTHESIA      ,TN,37116-0000,Private      ,2,7,9,28,188,216
00793803,NASHVILLE AUTO DIESEL COLLEGE - NASHVILL,TN,37206-3210,Proprietary  ,317,103,420,2159,800,2959
00814500,NASHVILLE STATE TECH CMNTY COLLEGE      ,TN,37209-0000,Public       ,336,973,1309,7373,10288,17661
00865500,GENESIS CAREER COLLEGE                  ,TN,38501-1959,Proprietary  ,14,67,81,150,387,537
00885900,JOHN A GUPTON COLLEGE                   ,TN,37203-2934,Private      ,4,19,23,116,193,309
00886300,WALTERS STATE COMMUNITY COLLEGE         ,TN,37813-6899,Public       ,187,421,608,5327,3971,9298
00946400,TENNESSEE COLLEGE OF APPLIED TECHNOLOGY-,TN,38478-4541,Public       ,11,38,49,294,372,666
00956700,TENNESSEE SCHOOL OF BEAUTY              ,TN,37921-3303,Proprietary  ,19,62,81,223,421,644
00971000,TENNESSEE COLLEGE OF APPLIED TECHNOLOGY ,TN,37756-4149,Public       ,7,31,38,146,239,385
00991200,VOLUNTEER STATE COMMUNITY COLLEGE       ,TN,37066-3188,Public       ,241,484,725,6273,4819,11092
00991400,ROANE STATE COMMUNITY COLLEGE           ,TN,37748-8664,Public       ,168,430,598,5021,4636,9657
01021700,INTERNATIONAL ACADEMY OF DESIGN & TECH  ,TN,37212-0000,Proprietary  ,5,6,11,107,145,252
01032600,TENNESSEE COLLEGE OF APPLIED TECHNOLOGY ,TN,37748-5849,Public       ,27,44,71,341,419,760
01043900,SOUTHWEST TENNESSEE COMMUNITY COLLG     ,TN,38104-3322,Public       ,352,1234,1586,10239,13257,23496
01046000,AMERICAN BAPTIST THEOLOGICAL SEMINA     ,TN,37207-4994,Private      ,6,27,33,67,254,321
01052900,MEMPHIS THEOLOGICAL SEMINARY            ,TN,38104-0000,Private      ,1,21,22,34,351,385
01070000,TENNESSEE COLLEGE OF APPLIED TECHNOLOGY-,TN,37757-2461,Public       ,10,39,49,238,335,573
01155300,WM R MOORE COLLEGE OF TECHNOLOGY        ,TN,38104-0000,Private      ,13,55,68,216,425,641
01216400,TENNESSEE COLLEGE OF APPLIED TECHNOLOGY ,TN,38063-7359,Public       ,6,37,43,107,285,392
01269300,PELLISSIPPI STATE COMMUNITY COLLEGE     ,TN,37933-0990,Public       ,330,710,1040,8688,6581,15269
02069303,VATTEROTT COLLEGE -                     ,TN,38016-5877,Proprietary  ,7,72,79,149,600,749
02092800,TENNESSEE COLLEGE OF APPLIED TECHNOLOGY ,TN,38075-0489,Public       ,6,18,24,211,318,529
02103500,TENNESSEE COLLEGE OF APPLIED TECHNOLOGY ,TN,37129-3311,Public       ,39,130,169,813,1173,1986
02106400,O'MORE COLLEGE OF DESIGN                ,TN,37064-0000,Private      ,6,12,18,182,103,285
02125300,NASHVILLE CLG OF MEDICAL CAREERS        ,TN,37115-0000,Proprietary  ,8,35,43,52,215,267
02153100,JON NAVE UNIVERSITY OF COSMETOLOGY      ,TN,37013-3347,Proprietary  ,15,23,38,110,232,342
02157100,CONCORDE CAREER COLLEGE                 ,TN,38137-0000,Proprietary  ,86,428,514,886,3124,4010
02188300,PENTECOSTAL THEOLOGICAL SEMINARY        ,TN,37320-0000,Private      ,1,20,21,9,317,326
02204200,"CHATTANOOGA COLLEGE - MEDICAL, DENTAL AN",TN,37411-0000,Proprietary  ,33,115,148,292,902,1194
02237900,TENNESSEE COLLEGE OF APPLIED TECHNOLOGY-,TN,38242-5023,Public       ,12,58,70,243,541,784
02255000,KNOXVILLE INSTITUTE OF HAIR DESIGN      ,TN,37917-0000,Proprietary  ,5,25,30,79,213,292
02257400,ARNOLD'S BEAUTY SCHOOL                  ,TN,38358-0000,Proprietary  ,3,16,19,57,101,158
02275500,REUBEN-ALLEN COLLEGE                    ,TN,37922-0000,Proprietary  ,18,45,63,119,296,415
02278700,MR WAYNES SCH OF UNISEX HAIR DESIGN     ,TN,38501-0000,Proprietary  ,6,7,13,49,59,108
02293900,VOLUNTEER BEAUTY ACADEMY-NASHVILLE      ,TN,37115-2112,Proprietary  ,2,11,13,19,66,85
02294000,VOLUNTEER BEAUTY ACADEMY-DYERSBURG      ,TN,38024-1622,Proprietary  ,1,8,9,32,75,107
02326200,KAPLAN CAREER INSTITUTE                 ,TN,37212-5318,Proprietary  ,23,194,217,229,1253,1482
02326300,MEDVANCE INSTITUTE                      ,TN,38501-4305,Proprietary  ,11,69,80,95,342,437
02335900,VOLUNTEER BEAUTY ACADEMY-NASHVILLE      ,TN,37209-3033,Proprietary  ,4,22,26,74,160,234
02539800,QUEEN CITY COLLEGE                      ,TN,37042-0000,Proprietary  ,3,51,54,72,353,425
02540000,TENNESSEE ACADEMY OF COSMETOLOGY        ,TN,38133-0000,Proprietary  ,12,55,67,189,427,616
02578200,NOSSI COLLEGE OF ART                    ,TN,37115-5138,Proprietary  ,24,32,56,424,326,750
02595000,FAYETTEVILLE BEAUTY SCHOOL              ,TN,37334-2909,Proprietary  ,2,9,11,33,69,102
02599710,VATTEROTT COLLEGE - MEMPHIS             ,TN,38132-1714,Proprietary  ,31,169,200,420,1638,2058
02609204,VATTEROTT COLLEGE - VATTEROTT CAREER COL,TN,38133-4727,Proprietary  ,23,115,138,326,968,1294
02614200,MILLER MOTTE BUSINESS COLLEGE           ,TN,37040-6023,Proprietary  ,22,124,146,222,941,1163
02614203,MILLER - MOTTE TECHNICAL COLLEGE - CHATT,TN,37421-7220,Proprietary  ,25,161,186,262,990,1252
02614204,MILLER - MOTTE TECHNICAL COLLEGE - MADIS,TN,37072-1870,Proprietary  ,21,74,95,140,537,677
03001800,FREE WILL BAPTIST BIBLE COLLEGE         ,TN,37205-2498,Private      ,7,11,18,264,128,392
03008800,FRANKLIN ACADEMY                        ,TN,37312-3939,Private      ,3,14,17,32,110,142
03010606,VIRGINIA COLLEGE - SCH OF BUSNSS & HLTH ,TN,37411-5600,Proprietary  ,24,122,146,222,1036,1258
03024900,TENNESSEE ACADEMY OF COSMETOLOGY        ,TN,38125-3442,Proprietary  ,12,60,72,238,453,691
03026517,REMINGTON COLLEGE - MEMPHIS             ,TN,38132-2107,Private      ,19,122,141,409,1100,1509
03061100,GENESIS CAREER COLLEGE OF LEBANON       ,TN,37087-2718,Proprietary  ,12,44,56,88,220,308
03079100,NORTH CENTRAL INSTITUTE                 ,TN,37042-3116,Proprietary  ,4,25,29,64,205,269
03088800,"WATKINS COLLEGE OF ART, DESIGN & FILM   ",TN,37228-1306,Private      ,23,26,49,571,281,852
03126900,STYLES & PROFILES BEAUTY COLLEGE        ,TN,38375-2109,Proprietary  ,0,5,5,12,30,42
03253300,PAUL MITCHELL THE SCHOOL MEMPHIS        ,TN,38133-4067,Proprietary  ,11,25,36,135,216,351
03355400,RICHMONT GRADUATE UNIVERSITY            ,TN,37404-0000,Private      ,1,29,30,12,259,271
03440300,BAPTIST MEMORIAL COLLEGE OF HEALTH      ,TN,38104-3104,Private      ,51,156,207,1192,2307,3499
03480303,FORTIS INSTITUTE - NASHVILLE            ,TN,37211-1536,Proprietary  ,22,97,119,133,653,786
03513500,WILLIAMSON CHRISTIAN COLLEGE            ,TN,37067-8237,Private      ,4,4,8,46,55,101
03647300,NEW CONCEPTS SCHOOL OF COSMETOLOGY      ,TN,37311-7373,Proprietary  ,1,14,15,25,73,98
03683300,INTERNATIONAL BARBER & STYLE COLLEGE    ,TN,37209-2205,Proprietary  ,4,20,24,51,151,202
03701300,MEMPHIS INSTITUTE OF BARBERING          ,TN,38107-4334,Proprietary  ,13,70,83,192,432,624
03774400,SHEAR ACADEMY                           ,TN,38555-4177,Proprietary  ,0,4,4,20,55,75
03830300,SAE INSTITUTE OF TECHNOLOGY             ,TN,37203-4310,Proprietary  ,30,69,99,294,462,756
03840300,OXFORD GRADUATE SCHOOL                  ,TN,37321-6736,Private      ,0,6,6,7,38,45
03841300,CAREER BEAUTY COLLEGE                   ,TN,38464-3634,Proprietary  ,1,7,8,17,60,77
03920300,INSTITUTE OF HAIR DESIGN                ,TN,38310-1801,Proprietary  ,0,3,3,25,40,65
03930300,BUCHANAN BEAUTY COLLEGE                 ,TN,37160-2741,Proprietary  ,3,9,12,40,85,125
03982300,VISIBLE SCHOOL - MUSIC AND WORSHIPS ARTS,TN,38104-5814,Private      ,5,9,14,152,135,287
04035300,TENNESSEE CAREER INSTITUTE              ,TN,38401-6335,Proprietary  ,8,31,39,118,212,330
04124100,ELITE COLLEGE OF COSMETOLOGY            ,TN,38351-1431,Proprietary  ,3,11,14,30,74,104
04142000,AUSTIN'S BEAUTY COLLEGE                 ,TN,37040-3107,Proprietary  ,3,32,35,23,110,133
04157200,LOVE BEAUTY SCHOOL                      ,TN,37355-2950,Proprietary  ,6,14,20,34,57,91
04165000,MERIDIAN INSTITUTE OF SURGICAL ASSISTING,TN,37080-0758,Proprietary  ,0,66,66,11,449,460
04174600,NASHVILLE BARBER AND STYLE ACADEMY      ,TN,37208-2826,Proprietary  ,6,24,30,60,174,234
04203600,FRANKLIN HAIR ACADEMY SCHOOL OF COSMETOL,TN,37064-2126,Proprietary  ,6,13,19,7,23,30
04210200,MID-SOUTH CHRISTIAN COLLEGE             ,TN,38118-3151,Private      ,4,24,28,76,189,265
04213800,SALON PROFESSIONAL ACADEMY (THE)        ,TN,37214-2163,Proprietary  ,5,18,23,87,131,218
04215200,VIBE BARBER COLLEGE                     ,TN,38107-2538,Proprietary  ,8,20,28,66,175,241
04223900,MIND BODY INSTITUTE                     ,TN,37214-1012,Proprietary  ,0,21,21,24,145,169
04236400,SANDRA ACADEMY OF SALON SERVICES        ,TN,37825-7239,Proprietary  ,0,11,11,13,67,80
04238600,GOULD'S ACADEMY                         ,TN,38119-5317,Proprietary  ,11,26,37,127,238,365
04240700,IMAGE MAKER BEAUTY INSTITUTE            ,TN,37075-4488,Proprietary  ,5,8,13,9,12,21
04244800,HUNTINGTON COLLEGE OF HEALTH SCIENCES   ,TN,37918-8230,Proprietary  ,0,3,3,0,3,3
00353700,ABILENE CHRISTIAN UNIVERSITY            ,TX,79699-3701,Private      ,221,195,416,6518,1764,8282
00353900,ALVIN COMMUNITY COLLEGE                 ,TX,77511-4807,Public       ,114,392,506,1536,2812,4348
00354000,AMARILLO COLLEGE                        ,TX,79109-2446,Public       ,255,868,1123,3775,6280,10055
00354100,ANGELO STATE UNIVERSITY                 ,TX,76909-5069,Public       ,251,306,557,6386,3404,9790
00354300,AUSTIN COLLEGE                          ,TX,75090-4440,Private      ,76,32,108,2251,302,2553
00354400,AUSTIN PRESBYTERIAN THEOLOGICAL SEM     ,TX,78705-5797,Private      ,0,7,7,2,146,148
00354500,BAYLOR UNIVERSITY                       ,TX,76798-7048,Private      ,1191,429,1620,26455,5209,31664
00354600,COASTAL BEND COLLEGE                    ,TX,78102-2197,Public       ,136,290,426,1816,2156,3972
00354900,BLINN COLLEGE                           ,TX,77833-4098,Public       ,761,625,1386,15160,5630,20790
00355300,CISCO JUNIOR COLLEGE                    ,TX,76437-9803,Public       ,134,291,425,1958,2412,4370
00355400,CLARENDON COLLEGE                       ,TX,79226-0000,Public       ,36,99,135,530,686,1216
00355600,COMMONWEALTH INST OF FUNERAL SVC        ,TX,77090-5918,Private      ,4,77,81,81,507,588
00355700,CONCORDIA UNIVERSITY TEXAS              ,TX,78726-4141,Private      ,59,400,459,1745,2918,4663
00355800,NORTH CENTRAL TEXAS COLLEGE             ,TX,76240-4699,Public       ,288,577,865,3929,5205,9134
00356000,DALLAS BAPTIST UNIVERSITY               ,TX,75211-9299,Private      ,190,392,582,3674,4009,7683
00356100,CEDAR VALLEY COLLEGE                    ,TX,75134-0000,Public       ,133,514,647,2319,4653,6972
00356200,DALLAS THEOLOGICAL SEM                  ,TX,75204-0000,Private      ,4,97,101,37,910,947
00356300,DEL MAR COLLEGE                         ,TX,78404-3897,Public       ,434,1084,1518,5395,7977,13372
00356400,EAST TEXAS BAPTIST UNIVERSITY           ,TX,75670-1423,Private      ,57,40,97,1761,521,2282
00356500,TEXAS A&M UNIVERSITY - COMMERCE         ,TX,75429-3011,Public       ,305,667,972,7659,8679,16338
00356600,EPISCOPAL THEOLOGICAL SEMINARY OF THE SO,TX,78705-3128,Private      ,0,1,1,2,63,65
00356800,FRANK PHILLIPS COLLEGE                  ,TX,79008-0000,Public       ,32,75,107,415,573,988
00357000,GRAYSON COUNTY COLLEGE                  ,TX,75020-8299,Public       ,128,410,538,1731,3261,4992
00357100,HARDIN-SIMMONS UNIVERSITY               ,TX,79698-6050,Private      ,80,71,151,1997,991,2988
00357200,TRINITY VALLEY COMMUNITY COLLEGE        ,TX,75751-2734,Public       ,150,484,634,2486,4085,6571
00357300,HILL COLLEGE                            ,TX,76645-2711,Public       ,50,138,188,1074,1294,2368
00357301,HILL COLLEGE                            ,TX,76031-0000,Public       ,67,258,325,1044,1893,2937
00357400,HOWARD COUNTY JUNIOR COLLEGE DISTRICT   ,TX,79720-0213,Public       ,96,281,377,1326,2187,3513
00357500,HOWARD PAYNE UNIVERSITY                 ,TX,76801-2715,Private      ,48,40,88,1537,442,1979
00357600,HOUSTON BAPTIST UNIVERSITY              ,TX,77074-3298,Private      ,289,379,668,5932,3770,9702
00357700,HUSTON - TILLOTSON UNIVERSITY           ,TX,78702-2795,Private      ,41,123,164,1217,1247,2464
00357800,UNIVERSITY OF THE INCARNATE WORD        ,TX,78209-6398,Private      ,280,640,920,7082,7327,14409
00357900,JACKSONVILLE COLLEGE                    ,TX,75766-4759,Private      ,7,24,31,273,232,505
00358000,KILGORE COLLEGE                         ,TX,75662-3299,Public       ,189,523,712,2967,4062,7029
00358100,LAMAR UNIVERSITY-BEAUMONT               ,TX,77710-0042,Public       ,366,1337,1703,8896,11607,20503
00358200,LAREDO COMMUNITY COLLEGE                ,TX,78040-4395,Public       ,394,398,792,6187,3388,9575
00358300,LEE COLLEGE                             ,TX,77520-4796,Public       ,176,492,668,2112,3923,6035
00358400,LETOURNEAU UNIVERSITY                   ,TX,75607-0000,Private      ,43,222,265,1600,2246,3846
00358600,LUBBOCK CHRISTIAN UNIVERSITY            ,TX,79407-2099,Private      ,99,169,268,1674,1545,3219
00358800,UNIVERSITY OF MARY HARDIN-BAYLOR        ,TX,76513-2599,Private      ,242,119,361,5692,1849,7541
00359000,MCLENNAN COMMUNITY COLLEGE              ,TX,76708-1498,Public       ,253,741,994,4537,6683,11220
00359100,MCMURRY UNIVERSITY                      ,TX,79697-0001,Private      ,62,65,127,1454,668,2122
00359200,MIDWESTERN STATE UNIVERSITY             ,TX,76308-2099,Public       ,204,289,493,5394,3176,8570
00359300,NAVARRO COLLEGE                         ,TX,75110-4818,Public       ,323,612,935,4878,5784,10662
00359400,UNIVERSITY OF NORTH TEXAS               ,TX,76203-5017,Public       ,1369,1446,2815,34784,18850,53634
00359500,OBLATE SCHOOL OF THEOLOGY               ,TX,78216-0000,Private      ,0,16,16,12,63,75
00359600,ODESSA COLLEGE                          ,TX,79764-7127,Public       ,147,403,550,1658,2908,4566
00359800,OUR LADY OF THE LAKE UNIVERSITY         ,TX,78207-4689,Private      ,103,349,452,4065,4221,8286
00359900,UNIVERSITY OF TEXAS - PAN AMERICAN      ,TX,78541-2999,Public       ,454,842,1296,22863,13472,36335
00360000,PANOLA COLLEGE                          ,TX,75633-2397,Public       ,76,284,360,1121,2129,3250
00360100,PARIS JR COLLEGE                        ,TX,75460-6298,Public       ,98,280,378,2041,2789,4830
00360200,PAUL QUINN COLLEGE                      ,TX,75241-4398,Private      ,17,98,115,692,759,1451
00360300,RANGER COLLEGE                          ,TX,76470-3298,Public       ,45,104,149,761,790,1551
00360305,RANGER COLLEGE-STEPHENVILE BEAUTY COLLEG,TX,76401-5136,Public       ,13,17,30,156,141,297
00360400,RICE UNIVERSITY                         ,TX,77251-1892,Private      ,505,264,769,11777,3108,14885
00360600,SAM HOUSTON STATE UNIVERSITY            ,TX,77340-0000,Public       ,941,939,1880,23402,11064,34466
00360700,ALAMO CMTY CLG DISTRICT PROGRAM         ,TX,78207-0000,Public       ,0,0,0,1396,1878,3274
00360800,ST PHILLIPS COLLEGE                     ,TX,78203-2098,Public       ,355,1222,1577,5838,10221,16059
00360900,SAN JACINTO CLG-CENTRAL-NORTH-SOUTH     ,TX,77501-0000,Public       ,801,1946,2747,11321,15771,27092
00361000,SCHREINER UNIVERSITY                    ,TX,78028-5697,Private      ,45,66,111,1496,555,2051
00361100,SOUTH PLAINS COLLEGE                    ,TX,79336-6504,Public       ,337,635,972,5239,5457,10696
00361200,UNIV OF HOUSTON-DOWNTOWN                ,TX,77002-1001,Public       ,653,1681,2334,13175,19906,33081
00361300,SOUTHERN METHODIST UNIVERSITY           ,TX,75275-0181,Private      ,384,397,781,8655,5291,13946
00361400,SOUTHWEST TEXAS JR COLLEGE              ,TX,78801-6221,Public       ,173,350,523,2659,2675,5334
00361500,TEXAS STATE UNIVERSITY--SAN MARCOS      ,TX,78666-4602,Public       ,1758,1032,2790,41770,15620,57390
00361600,SOUTHWESTERN ASSEMBLIES OF GOD UNIV     ,TX,75165-2397,Private      ,58,128,186,1697,1252,2949
00361800,SOUTHWESTERN CHRISTIAN COLLEGE          ,TX,75160-3400,Private      ,2,17,19,162,147,309
00361900,SOUTHWESTERN ADVENTIST UNIVERSITY       ,TX,76059-1922,Private      ,16,32,48,828,399,1227
00362000,SOUTHWESTERN UNIVERSITY                 ,TX,78626-6111,Private      ,100,40,140,2598,372,2970
00362100,ST EDWARDS UNIVERSITY                   ,TX,78704-0000,Private      ,241,215,456,6294,2443,8737
00362300,ST MARY'S UNIV OF SAN ANTONIO           ,TX,78228-8500,Private      ,151,205,356,4961,3267,8228
00362400,STEPHEN F AUSTIN STATE UNIVERSITY       ,TX,75962-0001,Public       ,618,424,1042,15485,5320,20805
00362500,SUL ROSS STATE UNIVERSITY               ,TX,79832-0113,Public       ,61,163,224,2036,1969,4005
00362600,TARRANT COUNTY COLLEGE                  ,TX,76102-6599,Public       ,1281,3746,5027,20666,32653,53319
00362700,TEMPLE COLLEGE                          ,TX,76504-7435,Public       ,176,522,698,2388,5039,7427
00362800,TEXARKANA COLLEGE                       ,TX,75599-0001,Public       ,92,427,519,1372,3270,4642
00363000,PRAIRIE VIEW A&M UNIVERSITY             ,TX,77446-2967,Public       ,396,442,838,11788,6283,18071
00363100,TARLETON STATE UNIVERSITY               ,TX,76402-0000,Public       ,443,489,932,10900,6388,17288
00363200,TEXAS A&M UNIVERSITY                    ,TX,77843-1246,Public       ,2291,916,3207,53283,15333,68616
00363208,TEXAS A&M UNIVERSITY - BRYAN            ,TX,77807-3260,Public       ,0,0,0,45,49,94
00363400,TEXAS STATE TECHNICAL CLG AT WACO       ,TX,76705-1695,Public       ,432,977,1409,4217,5255,9472
00363410,TEXAS STATE TECHNICAL COLLEGE - HARLINGE,TX,78550-3697,Public       ,0,0,0,3999,3151,7150
00363412,TEXAS STATE TECHNICAL COLLEGE - SWEETWAT,TX,79556-4108,Public       ,0,0,0,510,960,1470
00363416,TEXAS STATE TECHNICAL COLLEGE - MARSHALL,TX,75672-7404,Public       ,0,0,0,468,493,961
00363500,TEXAS CHIROPRACTIC COLLEGE              ,TX,77505-1699,Private      ,2,19,21,15,349,364
00363600,TEXAS CHRISTIAN UNIVERSITY              ,TX,76129-0001,Private      ,723,404,1127,14304,4409,18713
00363700,JARVIS CHRISTIAN COLLEGE                ,TX,75765-1470,Private      ,29,32,61,800,460,1260
00363800,TEXAS COLLEGE                           ,TX,75702-4500,Private      ,51,126,177,1102,1018,2120
00363900,TEXAS A&M UNIVERSITY-KINGSVILLE         ,TX,78363-8203,Public       ,396,512,908,11322,7922,19244
00363901,TEXAS A&M UNIVERSITY - SAN ANTONIO      ,TX,78224-3134,Public       ,6,2,8,6,2,8
00364100,TEXAS LUTHERAN UNIVERSITY               ,TX,78155-5999,Private      ,72,21,93,2111,393,2504
00364200,TEXAS SOUTHERN UNIVERSITY               ,TX,77004-4598,Public       ,459,969,1428,11741,12978,24719
00364400,TEXAS TECH UNIVERSITY                   ,TX,79409-2011,Public       ,1449,933,2382,31678,12483,44161
00364500,TEXAS WESLEYAN UNIVERSITY               ,TX,76105-1536,Private      ,115,249,364,2267,3117,5384
00364600,TEXAS WOMAN'S UNIVERSITY                ,TX,76204-5587,Public       ,330,922,1252,10183,13169,23352
00364700,TRINITY UNIVERSITY                      ,TX,78212-7200,Private      ,167,96,263,3797,1016,4813
00364800,TYLER JUNIOR COLLEGE                    ,TX,75701-3436,Public       ,485,897,1382,8603,7394,15997
00365100,UNIVERSITY OF DALLAS                    ,TX,75062-4799,Private      ,101,150,251,2668,1510,4178
00365200,UNIVERSITY OF HOUSTON                   ,TX,77204-2010,Public       ,1599,2128,3727,36797,28473,65270
00365400,UNIVERSITY OF ST THOMAS                 ,TX,77006-4626,Private      ,83,304,387,1922,2762,4684
00365600,UNIVERSITY OF TEXAS-ARLINGTON           ,TX,76019-0000,Public       ,930,2806,3736,24986,32943,57929
00365800,UNIVERSITY OF TEXAS-AUSTIN              ,TX,78713-7758,Public       ,2145,1195,3340,49963,19390,69353
00365900,UT HEALTH CENTER-SAN ANTONIO            ,TX,78229-3900,Public       ,82,232,314,1426,4350,5776
00366100,UNIVERSITY OF TEXAS-EL PASO             ,TX,79968-0629,Public       ,551,1102,1653,18939,15001,33940
00366200,VICTORIA COLLEGE                        ,TX,77901-4494,Public       ,133,365,498,1776,2807,4583
00366300,WAYLAND BAPTIST UNIVERSITY              ,TX,79072-6998,Private      ,59,438,497,1391,3972,5363
00366400,WEATHERFORD COLLEGE                     ,TX,76086-5699,Public       ,164,446,610,2441,3607,6048
00366500,WEST TEXAS A&M UNIVERSITY               ,TX,79016-0000,Public       ,258,465,723,6905,4846,11751
00366800,WHARTON COUNTY JR COLLEGE               ,TX,77488-3298,Public       ,231,365,596,3737,3116,6853
00366900,WILEY COLLEGE                           ,TX,75670-5199,Private      ,25,80,105,944,869,1813
00400300,CENTRAL TEXAS COLLEGE                   ,TX,76540-4199,Public       ,277,3021,3298,3226,19667,22893
00407221,NORTHWOOD UNIVERSITY                    ,TX,75104-0000,Private      ,7,52,59,99,523,622
00445300,EL CENTRO COLLEGE                       ,TX,75202-3604,Public       ,315,1448,1763,5226,11937,17163
00450303,EVEREST COLLEGE - FORT WORTH SOUTH      ,TX,76115-1407,Private      ,34,179,213,278,1124,1402
00494900,BAYLOR COLLEGE OF MEDICINE              ,TX,77030-0000,Private      ,108,139,247,1003,2161,3164
00495100,UNIV OF TEXAS HEALTH SCIENCE CENTER     ,TX,77225-0000,Public       ,71,310,381,1243,4699,5942
00495200,UNIV OF TEXAS MEDICAL BRANCH            ,TX,77550-0000,Public       ,51,146,197,974,3086,4060
00497200,GALVESTON COLLEGE                       ,TX,77550-7447,Public       ,64,232,296,1071,1832,2903
00497700,SOUTH TEXAS COLLEGE OF LAW              ,TX,77002-0000,Private      ,15,74,89,126,1828,1954
00660600,BAPTIST HS SCHOOL OF HEALTH PROFESSIONS ,TX,78229-3234,Proprietary  ,17,151,168,306,1500,1806
00661200,COVENANT SCH OF NSG & ALLIED HEALTH     ,TX,79410-0000,Private      ,15,43,58,193,480,673
00666100,ANGELINA COLLEGE                        ,TX,75902-0000,Public       ,173,503,676,2440,3571,6011
00694100,DALLAS CHRISTIAN COLLEGE                ,TX,75234-7229,Private      ,35,89,124,401,582,983
00709600,COLLEGE OF THE MAINLAND                 ,TX,77591-2499,Public       ,131,477,608,1333,3222,4555
00728700,BRAZOSPORT COLLEGE                      ,TX,77566-3199,Public       ,172,311,483,1567,2065,3632
00732907,ITT TECHNICAL INSTITUTE                 ,TX,77063-3751,Proprietary  ,45,221,266,409,1308,1717
00732913,ITT TECHNICAL INSTITUTE                 ,TX,76011-3919,Proprietary  ,69,317,386,429,1744,2173
00732975,ITT TECHNICAL INSTITUTE                 ,TX,78249-3303,Proprietary  ,30,154,184,362,1120,1482
00793804,LINCOLN COLLEGE OF TECHNOLOGY - GRAND PR,TX,75052-7605,Proprietary  ,162,127,289,846,743,1589
00849800,MIMS CLASSIC BEAUTY COLLEGE             ,TX,78216-0000,Proprietary  ,1,13,14,35,89,124
00850300,MOUNTAIN VIEW COLLEGE                   ,TX,75211-6599,Public       ,264,683,947,4488,6408,10896
00850400,RICHLAND COLLEGE                        ,TX,75243-2199,Public       ,339,1074,1413,6250,9446,15696
00851000,EASTFIELD COLLEGE                       ,TX,75150-2099,Public       ,270,882,1152,5099,8044,13143
00907905,EVEREST COLLEGE                         ,TX,75206-5209,Private      ,45,229,274,341,1434,1775
00908200,INTERNATIONAL BUSINESS COLLEGE          ,TX,79903-0000,Proprietary  ,18,84,102,145,383,528
00916300,SAN ANTONIO COLLEGE                     ,TX,78212-4299,Public       ,908,2228,3136,13148,18989,32137
00946600,KAPLAN COLLEGE                          ,TX,78216-1899,Proprietary  ,33,215,248,315,1298,1613
00946607,KAPLAN COLLEGE - MCALLEN                ,TX,78503-1622,Proprietary  ,50,103,153,431,670,1101
00946609,KAPLAN COLLEGE - CAREER CENTERS OF TEXAS,TX,78416-9900,Proprietary  ,33,142,175,233,888,1121
00946610,KAPLAN COLLEGE - CAREER CENTERS OF TEXAS,TX,76103-2310,Proprietary  ,32,162,194,220,923,1143
00954900,WESTERN TEXAS COLLEGE                   ,TX,79549-9501,Public       ,21,60,81,621,425,1046
00965100,TEXAS A&M INTERNATIONAL UNIVERSITY      ,TX,78041-1900,Public       ,207,241,448,7032,3444,10476
00974100,UNIVERSITY OF TEXAS AT DALLAS           ,TX,75083-0000,Public       ,643,813,1456,14988,10463,25451
00976800,UNIVERSITY OF NORTH TEXAS HEALTH SCIENCE,TX,76107-2699,Public       ,45,124,169,521,3039,3560
00979700,MIDLAND COLLEGE                         ,TX,79705-6397,Public       ,137,422,559,1694,2818,4512
00982802,EVEREST INSTITUTE- AUSTIN               ,TX,78754-0000,Private      ,25,119,144,203,791,994
00993000,UNIVERSITY OF TEXAS-PERMIAN BASIN       ,TX,79762-0001,Public       ,128,397,525,2610,3647,6257
01001900,UNIV OF TEXAS SOUTHWESTERN MED CTR      ,TX,75390-9096,Public       ,41,113,154,423,2213,2636
01006000,VERNON COLLEGE                          ,TX,76384-4092,Public       ,94,351,445,1307,2639,3946
01011500,UNIVERSITY OF TEXAS-SAN ANTONIO         ,TX,78249-0600,Public       ,1425,1432,2857,36635,18132,54767
01013000,WADE COLLEGE                            ,TX,75207-3199,Proprietary  ,14,37,51,199,346,545
01038700,EL PASO COMMUNITY COLLEGE               ,TX,79998-0000,Public       ,803,1673,2476,16027,15283,31310
01050900,HALLMARK UNIVERSITY                     ,TX,78230-1736,Private      ,63,226,289,291,1108,1399
01062400,LIGHTHOUSE CAREER INSTITUTE             ,TX,75231-5033,Private      ,0,0,0,4,41,45
01063300,HOUSTON COMMUNITY COLLEGE               ,TX,77002-0000,Public       ,1560,5795,7355,24715,53078,77793
01067400,TEXAS TECH U HEALTH SCIENCES CENTER     ,TX,79430-0000,Public       ,132,435,567,1714,5737,7451
01076100,DALLAS INSTITUTE OF FUNERAL SERVICE     ,TX,75227-4314,Private      ,10,54,64,103,398,501
01114500,LONE STAR COLLEGE SYSTEM                ,TX,77073-3499,Public       ,1762,4982,6744,25260,42636,67896
01116100,TEXAS A&M UNIV CORPUS CHRISTI           ,TX,78412-5599,Public       ,560,553,1113,14299,6796,21095
01116300,UNIVERSITY OF TEXAS AT TYLER            ,TX,75799-6699,Public       ,285,643,928,5891,6917,12808
01171100,UNIVERSITY OF HOUSTON-CLEAR LAKE        ,TX,77058-1002,Public       ,194,639,833,3723,8256,11979
01201500,AUSTIN COMMUNITY COLLEGE                ,TX,78752-4390,Public       ,1110,2601,3711,16878,21829,38707
01202000,VICTORIA BEAUTY COLLEGE                 ,TX,77901-6233,Proprietary  ,11,42,53,52,177,229
01226800,BALDWIN BEAUTY SCHOOL #5                ,TX,78704-4785,Proprietary  ,17,61,78,134,354,488
01229700,LAREDO BEAUTY COLLEGE                   ,TX,78040-1051,Proprietary  ,6,26,32,122,221,343
01248200,ATI TECHNICAL TRAINING CENTER           ,TX,75235-4622,Proprietary  ,10,66,76,84,321,405
01248209,ATI CAREER TRAINING CENTER - GARLAND    ,TX,75041-2497,Proprietary  ,4,20,24,19,88,107
01248210,ATI CAREER TRAINING CENTER - WACO       ,TX,76711-1682,Proprietary  ,8,34,42,73,184,257
01248300,COSMETOLOGY CAREER CENTER-A PAUL MITCHEL,TX,75006-2567,Proprietary  ,107,185,292,597,903,1500
01248800,INTERNATIONAL BEAUTY COLLEGE NO 3       ,TX,75040-0000,Proprietary  ,2,17,19,18,85,103
01276400,METROPLEX BEAUTY SCHOOL                 ,TX,75149-0000,Proprietary  ,4,21,25,26,134,160
01293000,CHARLES & SUE'S SCH OF HAIR DESIGN      ,TX,77801-0000,Proprietary  ,13,15,28,75,103,178
01293200,TINT SCHOOL OF MAKEUP & COSMETOLOGY     ,TX,75061-4235,Proprietary  ,22,50,72,94,202,296
01300300,NEILSON BEAUTY COLLEGE                  ,TX,75208-4637,Proprietary  ,7,31,38,39,126,165
01301600,OGLE SCHOOL HAIR SKIN NAILS             ,TX,76013-7400,Proprietary  ,46,155,201,396,862,1258
01303912,SOUTH UNIVERSITY - THE ART INSTITUTE OF ,TX,75231-5993,Proprietary  ,77,141,218,1092,976,2068
01303915,SOUTH UNIVERSITY - AUSTIN               ,TX,78729-8101,Proprietary  ,24,156,180,239,969,1208
01323100,UNIVERSITY OF HOUSTON-VICTORIA          ,TX,77901-5731,Public       ,108,337,445,3180,4081,7261
02058600,CONLEE'S COLLEGE OF COSMETOLOGY         ,TX,78028-0000,Proprietary  ,3,5,8,12,56,68
02077400,NORTH LAKE COLLEGE                      ,TX,75038-0000,Public       ,186,674,860,3361,6231,9592
02081400,ARLINGTON BAPTIST COLLEGE               ,TX,76012-0000,Private      ,16,47,63,268,350,618
02098300,WESTERN TECHNICAL COLLEGE               ,TX,79927-2105,Proprietary  ,100,305,405,992,2058,3050
02100200,BROOKHAVEN COLLEGE                      ,TX,75244-0000,Public       ,208,656,864,3138,6184,9322
02113610,AMERICAN INTERCONTINENTAL UNIV - HOUSTON,TX,77042-4516,Proprietary  ,24,198,222,214,1259,1473
02116008,SANFORD-BROWN COLLEGE - HOUSTON         ,TX,77042-8900,Proprietary  ,21,80,101,280,965,1245
02117100,ART INSTITUTE OF HOUSTON                ,TX,77056-0000,Proprietary  ,454,536,990,4174,4478,8652
02128302,INSTITUTE FOR BUSINESS & TECHNOLOGY - LA,TX,78230-2520,Proprietary  ,7,93,100,126,470,596
02144800,VET TECH INSTITUTE OF HOUSTON           ,TX,77027-9881,Proprietary  ,34,67,101,408,452,860
02176100,PIPO ACADEMY OF HAIR DESIGN             ,TX,79903-0000,Proprietary  ,4,14,18,53,129,182
02218300,SOUTHWEST SCHOOL OF BUSINESS & TECHNICAL,TX,78221-0000,Proprietary  ,12,46,58,87,270,357
02218305,SOUTHWEST SCHOOL OF BUSINESS AND TECHNIC,TX,78501-6053,Proprietary  ,4,15,19,51,104,155
02224600,TRI-STATE BEAUTY SCHOOL #1              ,TX,79915-0000,Proprietary  ,11,46,57,111,307,418
02230500,OGLE SCHOOL HAIR SKIN NAILS             ,TX,76132-3638,Proprietary  ,79,174,253,433,1028,1461
02230600,OGLE SCHOOL HAIR SKIN NAILS             ,TX,76053-4650,Proprietary  ,49,106,155,245,560,805
02239100,CENTRAL TEXAS BEAUTY COLLEGE #2         ,TX,78664-4204,Proprietary  ,10,50,60,118,344,462
02248200,MILAN INSTITUTE OF COSMETOLOGY          ,TX,79103-0000,Proprietary  ,102,274,376,511,1346,1857
02250603,EVEREST COLLEGE - ARLINGTON             ,TX,76011-6630,Private      ,26,151,177,193,905,1098
02254800,TEXAS VOCATIONAL SCHOOLS                ,TX,77901-0000,Proprietary  ,0,0,0,27,112,139
02259400,AMBERTON UNIVERSITY                     ,TX,75041-0000,Private      ,6,66,72,45,434,479
02261300,EVEREST INSTITUTE                       ,TX,78213-3841,Private      ,21,126,147,158,786,944
02261302,EVEREST INSTITUTE - HOUSTON GREENSPOINT ,TX,77060-3249,Private      ,44,200,244,285,1149,1434
02261303,EVEREST INSTITUTE - HOUSTON HOBBY       ,TX,77087-2737,Private      ,30,134,164,209,814,1023
02267100,EXPOSITO SCHOOL OF HAIR DESIGN          ,TX,79109-0000,Proprietary  ,8,14,22,30,85,115
02285900,UNIVERSITY OF COSMETOLOGY ARTS&SCI      ,TX,78504-0000,Proprietary  ,20,82,102,265,553,818
02298501,EVEREST COLLEGE- FORT WORTH             ,TX,76137-2472,Proprietary  ,0,0,0,67,292,359
02305300,PARKER COLLEGE OF CHIROPRACTIC          ,TX,75229-0000,Private      ,22,125,147,126,1452,1578
02306700,FORT WORTH BEAUTY SCHOOL                ,TX,76116-3299,Proprietary  ,8,43,51,92,328,420
02306809,SOUTH TEXAS VOCATIONAL TECHNICAL INSTITU,TX,78501-2400,Proprietary  ,45,57,102,418,507,925
02306810,SOUTH TEXAS VOCATIONAL TECHNICAL INSTITU,TX,78416-1141,Proprietary  ,29,109,138,173,584,757
02312200,TEXAS SCHOOL OF BUSINESS                ,TX,77073-6032,Proprietary  ,52,212,264,338,1178,1516
02312202,TEXAS SCHOOL OF BUSINESS - FRIENDSWOOD C,TX,77546-8938,Proprietary  ,12,59,71,55,264,319
02313901,WESTWOOD COLLEGE - DALLAS               ,TX,75243-0000,Proprietary  ,0,0,0,84,286,370
02315400,NORTHEAST TEXAS COMMUNITY COLLEGE       ,TX,75456-0000,Public       ,83,259,342,1628,2206,3834
02318200,"KD STUDIO, ACTOR'S CONSERVATORY         ",TX,75207-2111,Proprietary  ,16,30,46,189,229,418
02320200,HOUSTON GRADUATE SCHOOL OF THEOLOGY     ,TX,77092-0000,Private      ,5,27,32,18,276,294
02326000,SAN ANTONIO BEAUTY COLLEGE NO 3         ,TX,78217-0000,Proprietary  ,3,29,32,82,185,267
02331200,BAPTIST MISSIONARY ASSN THEOL SEM       ,TX,75766-0000,Private      ,1,11,12,9,97,106
02331300,INTERACTIVE LEARNING SYSTEMS            ,TX,77502-1201,Proprietary  ,4,46,50,30,266,296
02331301,INTERACTIVE LEARNING SYSTEMS            ,TX,77081-0000,Proprietary  ,20,219,239,113,836,949
02331304,INTERACTIVE LEARNING SYSTEMS            ,TX,77060-0000,Proprietary  ,2,43,45,38,224,262
02341300,PALO ALTO COLLEGE                       ,TX,78224-0000,Public       ,385,871,1256,6317,7462,13779
02348500,LAMAR STATE COLLEGE-PORT ARTHUR         ,TX,77640-0000,Public       ,67,242,309,1081,1774,2855
02357700,PAUL MITCHELL THE SCHOOL                ,TX,77043-3412,Proprietary  ,51,162,213,391,870,1261
02358200,LAMAR STATE COLLEGE-ORANGE              ,TX,77630-0000,Public       ,72,277,349,958,1975,2933
02361400,COLLIN COUNTY COMMUNITY COLLEGE         ,TX,75071-0000,Public       ,616,1335,1951,8711,11518,20229
02362000,UNIVERSAL TECHNICAL INSTITUTE           ,TX,77073-0000,Proprietary  ,823,1094,1917,11708,9735,21443
02362800,AUSTIN GRADUATE SCHOOL OF THEOLOGY      ,TX,78752-1333,Private      ,2,17,19,22,109,131
02521200,ARLINGTON CAREER INSTITUTE              ,TX,75050-0000,Proprietary  ,15,77,92,81,430,511
02521800,SEGUIN BEAUTY SCHOOL                    ,TX,78155-0000,Proprietary  ,7,17,24,43,87,130
02527500,HOUSTON TRAINING SCHOOLS                ,TX,77029-0000,Proprietary  ,40,203,243,179,973,1152
02530700,SEBRING CAREER SCHOOLS                  ,TX,77083-1510,Proprietary  ,6,39,45,31,156,187
02548800,SOUTH TEXAS VO-TECH INSTITUTE           ,TX,78596-0000,Proprietary  ,28,48,76,275,310,585
02548802,SOUTH TEXAS VOCATIONAL TECHNICAL INSTITU,TX,78520-8710,Proprietary  ,28,44,72,292,314,606
02555400,UNIV OF TX MD ANDERSON CANCER CTR       ,TX,77030-0000,Public       ,20,46,66,290,709,999
02568100,TEXAS BARBER COLLEGE                    ,TX,77063-3949,Proprietary  ,19,112,131,123,557,680
02568101,TEXAS BARBER COLLEGES & HAIRSTYLING SCHO,TX,75228-3841,Proprietary  ,3,48,51,75,325,400
02568106,TEXAS BARBER COLLEGES & HAIRSTYLING SCHO,TX,77009-0000,Proprietary  ,8,82,90,94,430,524
02568107,TEXAS BARBER COLLEGES & HAIRSTYLING SCHO,TX,77063-3951,Proprietary  ,4,49,53,80,380,460
02568108,TEXAS BARBER COLLEGES & HAIRSTYLING SCHO,TX,75241-1327,Proprietary  ,3,69,72,86,377,463
02568109,TEXAS BARBER COLLEGES & HAIRSTYLING SCHO,TX,77301-4407,Proprietary  ,0,0,0,0,4,4
02569300,LE CORDON BLEU COLLEGE OF CULINARY ARTS ,TX,78758-3647,Proprietary  ,87,335,422,1028,2479,3507
02572000,COMPUTER CAREER CENTER                  ,TX,79925-2021,Proprietary  ,60,319,379,559,1701,2260
02572004,COMPUTER CAREER CENTER - AMARILLO CAMPUS,TX,79101-2404,Proprietary  ,10,91,101,68,448,516
02572005,COMPUTER CAREER CENTER - LUBBOCK CAMPUS ,TX,79414-3517,Proprietary  ,28,104,132,125,576,701
02572008,VISTA COLLEGE - BEAUMONT                ,TX,77701-3717,Proprietary  ,33,157,190,174,910,1084
02572009,VISTA COLLEGE - LONGVIEW                ,TX,75604-1905,Proprietary  ,16,125,141,140,835,975
02572011,VISTA COLLEGE - KILLEEN                 ,TX,76541-7436,Proprietary  ,23,221,244,227,1616,1843
02572012,VISTA COLLEGE - COLLEGE STATION         ,TX,77840-5107,Proprietary  ,45,138,183,302,850,1152
02591100,CAREER POINT COLLEGE                    ,TX,78201-2027,Proprietary  ,71,603,674,407,3257,3664
02591900,KAPLAN COLLEGE                          ,TX,79907-1525,Proprietary  ,36,192,228,397,1108,1505
02591905,KAPLAN COLLEGE - BROWNSVILLE            ,TX,78521-9905,Proprietary  ,26,82,108,223,417,640
02596500,ATI CAREER TRAINING CENTER              ,TX,76180-1599,Proprietary  ,3,16,19,19,105,124
02596503,ATI- CAREER TRAINING CENTER - HOUSTON (#,TX,77029-1978,Proprietary  ,7,40,47,46,247,293
02596600,ATI-CAREER TRAINING CENTER              ,TX,75220-4443,Proprietary  ,7,48,55,33,229,262
02596601,ATI CAREER TRAINING CENTER - RICHARDSON ,TX,75081-1948,Proprietary  ,0,8,8,15,73,88
02596602,ATI CAREER TRAINING CENTER - DALLAS (STE,TX,75247-6103,Proprietary  ,14,64,78,72,400,472
02600200,OCEAN CORPORATION (THE)                 ,TX,77099-3479,Proprietary  ,21,135,156,168,846,1014
02604700,CENTER FOR ADVANCED LEGAL STUDIES       ,TX,77098-0000,Proprietary  ,4,64,68,40,575,615
02606202,EVEREST COLLEGE - EVEREST INSTITUTE - BI,TX,77036-8014,Private      ,60,225,285,359,1358,1717
02615000,SANFORD-BROWN COLLEGE                   ,TX,75247-6931,Proprietary  ,9,55,64,159,687,846
03009400,SW SCH BUS & TECH CAREERS               ,TX,78212-2840,Proprietary  ,3,31,34,39,147,186
03010604,VIRGINIA COLLEGE - VIRGINIA COLLEGE AT A,TX,78723-0000,Proprietary  ,13,68,81,159,636,795
03011800,UNIVERSITY OF COSMETOLOGY ARTS & SCIENCE,TX,78226-1194,Proprietary  ,10,19,29,112,181,293
03019800,PCI HEALTH TRAINING CENTER              ,TX,75247-4720,Proprietary  ,32,106,138,203,647,850
03019801,PCI HEALTH TRAINING CENTER - RICHARDSON ,TX,75081-2321,Proprietary  ,12,33,45,98,219,317
03021500,SW SCH BUS & TECH CAREERS               ,TX,78852-4859,Proprietary  ,14,39,53,189,242,431
03025000,TEXAS COLLEGE OF COSMETOLOGY            ,TX,79605-2001,Proprietary  ,16,45,61,104,311,415
03025001,TEXAS COLLEGE OF COSMETOLOGY - SAN ANGEL,TX,76903-4708,Proprietary  ,7,17,24,47,126,173
03026500,REMINGTON COLLEGE - HOUSTON CAMPUS      ,TX,77082-1849,Private      ,187,860,1047,1790,6409,8199
03026501,REMINGTON COLLEGE - NORTH HOUSTON CAMPUS,TX,77067-1849,Private      ,19,99,118,203,728,931
03026506,REMINGTON COLLEGE - FT. WORTH CAMPUS    ,TX,76112-1280,Private      ,33,165,198,309,1113,1422
03028800,CIRCLE J BEAUTY SCHOOL                  ,TX,77587-3714,Proprietary  ,0,0,0,34,63,97
03030608,UTAH COLLEGE OF MASSAGE THERAPY - TEXAS ,TX,75801-4848,Proprietary  ,17,58,75,93,301,394
03030609,UTAH COLLEGE OF MASSAGE THERAPY - TEXAS ,TX,77040-6307,Proprietary  ,16,73,89,105,374,479
03031408,INTERNATIONAL ACADEMY OF DESIGN & TECHNO,TX,78229-2263,Proprietary  ,12,26,38,132,352,484
03032300,SCHOOL OF AUTOMOTIVE MACHINISTS         ,TX,77055-1803,Proprietary  ,20,49,69,161,354,515
03035200,TINT SCHOOL OF MAKEUP & COSMETOLOGY     ,TX,75229-3734,Proprietary  ,25,72,97,124,365,489
03035300,SOUTHERN CAREERS INSTITUTE              ,TX,78704-5252,Proprietary  ,218,862,1080,953,3360,4313
03035301,SOUTHERN CAREERS INSTITUTE-PHARR        ,TX,78577-2118,Proprietary  ,43,147,190,173,534,707
03035302,SOUTHERN CAREERS INSTITUTE - CORPUS CHRI,TX,78414-2904,Proprietary  ,22,193,215,147,759,906
03035303,SOUTHERN CAREERS INSTITUTE - SAN ANTONIO,TX,78221-4351,Proprietary  ,7,50,57,69,239,308
03035305,SOUTHERN CAREERS INSTITUTE - BROWNSVILLE,TX,78520-8680,Proprietary  ,13,19,32,125,150,275
03035306,SOUTHERN CAREERS INSTITUTE - HARLINGEN  ,TX,78550-7911,Proprietary  ,21,46,67,106,187,293
03035308,SOUTHERN CAREERS INSTITUTE - SAN ANTONIO,TX,78238-4114,Proprietary  ,36,167,203,144,653,797
03061800,STAR COLLEGE OF COSMETOLOGY             ,TX,75702-8214,Proprietary  ,10,33,43,94,258,352
03064600,UNIVERSITY OF TEXAS AT BROWNSVILLE      ,TX,78520-4993,Public       ,239,421,660,6060,5361,11421
03073402,ITT TECHNICAL INSTITUTE                 ,TX,75080-2208,Proprietary  ,0,0,0,0,3,3
03103400,SOUTH TEXAS COLLEGE                     ,TX,78501-6699,Public       ,669,1354,2023,16143,12740,28883
03108700,ROYAL BEAUTY CAREERS                    ,TX,77069-4611,Proprietary  ,0,0,0,50,185,235
03115800,KAPLAN COLLEGE                          ,TX,78238-4203,Proprietary  ,30,177,207,237,1161,1398
03115802,KAPLAN COLLEGE - LAREDO                 ,TX,78041-6181,Proprietary  ,33,70,103,233,360,593
03115803,KAPLAN COLLEGE - BEAUMONT               ,TX,77706-3706,Proprietary  ,25,108,133,125,565,690
03115804,KAPLAN COLLEGE - LUBBOCK                ,TX,79401-2601,Proprietary  ,8,45,53,95,479,574
03128100,COLLEGE OF HEALTH CARE PROFESSIONS (THE),TX,77092-8108,Proprietary  ,147,524,671,984,3527,4511
03144300,NATIONAL BEAUTY COLLEGE                 ,TX,75043-4046,Proprietary  ,1,11,12,17,81,98
03153300,AMER COLL OF ACUPUNCTURE & O.M.         ,TX,77063-4104,Proprietary  ,0,23,23,18,188,206
03156400,AOMA                                    ,TX,78745-1479,Proprietary  ,3,31,34,20,264,284
03159300,ARLINGTON MEDICAL INSTITUTE             ,TX,76006-2317,Proprietary  ,17,69,86,157,455,612
03170300,TEXAS A&M UNIVERSITY-TEXARKANA          ,TX,75503-5518,Public       ,99,200,299,1615,2104,3719
03179500,TEXAS HEALTH AND SCIENCE UNIVERSITY     ,TX,78704-6748,Proprietary  ,29,66,95,350,613,963
03237400,FARIS TECHNICAL INSTITUTE               ,TX,77627-3829,Proprietary  ,0,8,8,1,19,20
03272300,KAPLAN COLLEGE                          ,TX,75234-7288,Proprietary  ,54,230,284,335,1494,1829
03272303,KAPLAN COLLEGE - ARLINGTON              ,TX,76010-8121,Proprietary  ,28,163,191,187,987,1174
03275300,TOUCH OF CLASS SCHOOL OF COSM           ,TX,75402-6314,Proprietary  ,4,20,24,49,157,206
03276300,ACADEMY OF HAIR DESIGN                  ,TX,75901-4900,Proprietary  ,7,42,49,62,236,298
03277300,ACADEMY OF HAIR DESIGN                  ,TX,77701-4650,Proprietary  ,4,26,30,38,166,204
03303300,NORTHWEST EDUCATIONAL CENTER            ,TX,77092-7055,Proprietary  ,9,71,80,56,384,440
03371300,TONI&GUY HAIRDRESSING ACADEMY           ,TX,75006-0000,Proprietary  ,19,36,55,146,224,370
03372300,NORTHWEST VISTA COLLEGE                 ,TX,78251-4217,Public       ,757,1259,2016,10906,10906,21812
03400300,CAREER QUEST                            ,TX,78229-3539,Proprietary  ,10,82,92,80,442,522
03412300,ADVANCED BARBER COLLEGE & HAIR DESI     ,TX,78596-0000,Proprietary  ,20,50,70,115,224,339
03416500,DALLAS NURSING INSTITUTE                ,TX,75243-5502,Private      ,40,227,267,313,1566,1879
03422300,MILAN INSTITUTE                         ,TX,78238-3327,Proprietary  ,132,404,536,729,2035,2764
03422400,COLLEGE OF BIBLICAL STUDIES-HOUSTON     ,TX,77036-3211,Private      ,12,142,154,102,1035,1137
03424400,MEDVANCE INSTITUTE                      ,TX,77057-7386,Proprietary  ,27,131,158,173,717,890
03426300,COLLEGE OF HEALTH CARE PROFESSIONS (THE),TX,78752-3630,Proprietary  ,32,118,150,287,891,1178
03480304,FORTIS COLLEGE - FORTIS INSTITUTE       ,TX,75050-2342,Proprietary  ,18,64,82,80,420,500
03520300,LUBBOCK HAIR ACADEMY                    ,TX,79410-3524,Proprietary  ,10,21,31,55,136,191
03542300,CONCORDE CAREER INSTITUTE               ,TX,76011-4016,Proprietary  ,39,205,244,326,1380,1706
03556400,KUSSAD INSTITUTE OF COURT REPORTING     ,TX,78704-5712,Proprietary  ,0,0,0,7,15,22
03573300,AVIATION INSTITUTE OF MAINTENANCE       ,TX,75062-6303,Proprietary  ,27,161,188,170,636,806
03610300,MJ'S BEAUTY ACADEMY INC                 ,TX,75224-0000,Proprietary  ,10,40,50,74,236,310
03612400,VALLEY GRANDE INSTITUTE FOR ACADEMI     ,TX,78596-0000,Private      ,20,77,97,128,372,500
03627300,LAMAR INSTITUTE OF TECHNOLOGY           ,TX,77705-4142,Public       ,140,399,539,1991,2912,4903
03680300,JAY'S TECHNICAL INSTITUTE               ,TX,77031-3509,Proprietary  ,1,54,55,37,214,251
03682400,DALLAS BARBER & STYLIST COLLEGE         ,TX,75231-0000,Proprietary  ,13,101,114,122,626,748
03714300,TREND BARBER COLLEGE                    ,TX,77071-2104,Proprietary  ,10,82,92,72,407,479
03723300,CULINARY INST ALAIN & MARIE LENOTRE     ,TX,77022-4322,Proprietary  ,53,173,226,317,756,1073
03727600,AUGUSTE ESCOFFIER SCHOOL OF CULINARY ART,TX,78752-0000,Proprietary  ,45,56,101,397,426,823
03733300,BAPTIST UNIVERSITY OF THE AMERICAS      ,TX,78224-1336,Private      ,6,40,46,108,320,428
03922300,SOUTH TEXAS BARBER COLLEGE              ,TX,78415-3463,Proprietary  ,7,23,30,51,130,181
03944400,PROFESSIONAL CAREERS INSTITUTE          ,TX,77036-2252,Proprietary  ,4,32,36,32,167,199
03944401,PROFESSIONAL CAREERS INSTITUTE          ,TX,77090-3914,Proprietary  ,0,0,0,18,61,79
03970300,HANDS ON THERAPY                        ,TX,75149-2294,Proprietary  ,3,38,41,36,170,206
03987300,TEXAS HEALTH SCHOOL                     ,TX,77079-2106,Proprietary  ,24,95,119,274,687,961
04036300,SOUTHEAST TEXAS CAREER INSTITUTE        ,TX,77656-8601,Proprietary  ,6,25,31,29,145,174
04045300,NORTHWEST BEAUTY SCHOOL                 ,TX,77091-1208,Proprietary  ,5,40,45,63,236,299
04045400,MAI-TRIX BEAUTY COLLEGE                 ,TX,77040-0000,Proprietary  ,0,0,0,40,118,158
04082300,PROFESSIONAL CAREER TRAINING INSTITUTE  ,TX,77090-0000,Proprietary  ,11,82,93,50,379,429
04089400,CCI TRAINING CENTER                     ,TX,76011-4857,Proprietary  ,4,62,66,34,310,344
04117900,CHAMPION BEAUTY COLLEGE                 ,TX,77069-4611,Proprietary  ,14,49,63,79,333,412
04121800,CRISWELL COLLEGE                        ,TX,75246-1537,Private      ,13,37,50,113,355,468
04125400,ACADEMY AT AUSTIN (THE)                 ,TX,78660-3287,Proprietary  ,12,47,59,103,197,300
04125500,MANUEL AND THERESA'S SCHOOL OF HAIR DESI,TX,77803-3236,Proprietary  ,10,19,29,43,81,124
04129800,MEDIATECH INSTITUTE DALLAS              ,TX,75039-3105,Proprietary  ,20,55,75,166,302,468
04129801,MEDIATECH INSTITUTE - AUSTIN            ,TX,78704-8933,Proprietary  ,11,21,32,96,183,279
04129802,MEDIATECH INSTITUTE - HOUSTON           ,TX,77042-4712,Proprietary  ,16,45,61,91,273,364
04131700,SOUTHWEST CAREER COLLEGE                ,TX,79925-6230,Proprietary  ,129,313,442,1151,2258,3409
04136500,PCCENTER                                ,TX,75115-4214,Proprietary  ,5,11,16,22,66,88
04138500,CARDIOTECH ULTRASOUND SCHOOL            ,TX,77099-1440,Proprietary  ,10,74,84,100,506,606
04142300,AVEDA INSTITUTE SAN ANTONIO             ,TX,78215-1260,Proprietary  ,37,78,115,285,537,822
04146700,AVIATION INSTITUTE OF MAINTENANCE       ,TX,77061-4004,Proprietary  ,28,78,106,160,448,608
04146800,SOUTH TEXAS TRAINING CENTER             ,TX,78586-7721,Proprietary  ,10,21,31,71,171,242
04152700,ASTRODOME CAREER CENTERS                ,TX,77054-2678,Proprietary  ,5,33,38,34,178,212
04154800,DUVALL'S SCHOOL OF COSMETOLOGY          ,TX,76021-4159,Proprietary  ,2,13,15,35,78,113
04155800,ADVANCED BEAUTY COLLEGE                 ,TX,75061-1918,Proprietary  ,2,15,17,24,90,114
04158500,TEXAS BEAUTY COLLEGE                    ,TX,76117-3201,Proprietary  ,1,10,11,13,54,67
04160700,AVENUE FIVE INSTITUTE                   ,TX,78757-7000,Proprietary  ,18,65,83,147,393,540
04165800,SALON PROFESSIONAL ACADEMY (THE)        ,TX,75067-2348,Proprietary  ,6,21,27,39,100,139
04168700,LAWYER'S ASSISTANT SCHOOL OF DALLAS     ,TX,75201-2829,Proprietary  ,7,77,84,66,417,483
04168800,ABC BEAUTY ACADEMY                      ,TX,75042-8682,Proprietary  ,3,50,53,29,125,154
04169000,SALON & SPA INSTITUTE                   ,TX,78521-1727,Proprietary  ,7,14,21,33,93,126
04169100,DIAMONDS COSMETOLOGY COLLEGE            ,TX,75090-2657,Proprietary  ,3,9,12,19,71,90
04177900,BUCKNER BARBER SCHOOL                   ,TX,75217-1775,Proprietary  ,7,39,46,48,197,245
04178200,VOGUE COLLEGE - SAN ANTONIO             ,TX,78201-5035,Proprietary  ,6,40,46,69,202,271
04178300,VOGUE BEAUTY ACADEMY                    ,TX,78238-4402,Proprietary  ,11,39,50,82,204,286
04178400,VOGUE COLLEGE - MCALLEN                 ,TX,78501-1945,Proprietary  ,23,69,92,134,237,371
04179500,NORTH AMERICAN UNIVERSITY               ,TX,77038-1221,Private      ,14,47,61,302,330,632
04184800,EXCEL LEARNING CENTER                   ,TX,79907-1400,Proprietary  ,39,174,213,158,600,758
04187800,CYBERTEX INSTITUTE OF TECHNOLOGY        ,TX,78752-3825,Proprietary  ,8,86,94,69,435,504
04193000,RGV CAREERS AN INSTITUTE FOR HIGHER LEAR,TX,78577-2106,Proprietary  ,14,57,71,75,384,459
04205200,WADE GORDON HAIRDRESSING ACADEMY        ,TX,79121-0548,Proprietary  ,9,33,42,81,175,256
04206501,MYCOMPUTERCAREER.COM - DALLAS           ,TX,75062-8173,Proprietary  ,3,128,131,28,590,618
04206502,MYCOMPUTERCAREER.COM - HOUSTON          ,TX,77056-6764,Proprietary  ,16,207,223,82,702,784
04213300,SPA PROFESSIONALS ACADEMY (THE)         ,TX,78504-2569,Proprietary  ,11,25,36,44,96,140
04215000,TOTAL TRANSFORMATION INSTITUTE OF COSMET,TX,78666-8115,Proprietary  ,5,10,15,53,66,119
04215400,GRACE SCHOOL OF THEOLOGY                ,TX,77384-4894,Private      ,1,29,30,12,152,164
04219700,GEMINI SCHOOL OF VISUAL ARTS & COMMUNICA,TX,78613-2642,Proprietary  ,2,3,5,22,29,51
04222600,HEATHCARE INSTITUTE (THE)               ,TX,78201-5035,Proprietary  ,14,83,97,125,379,504
04224100,COSMETOLOGY ACADEMY OF TEXARKANA        ,TX,75503-4855,Proprietary  ,9,31,40,66,213,279
04226400,MT TRAINING CENTER                      ,TX,75051-3542,Proprietary  ,3,50,53,19,188,207
04229000,BARBER INSTITUTE OF TEXAS               ,TX,75602-3456,Proprietary  ,4,16,20,13,81,94
04229500,TEXAS A&M UNIVERSITY - CENTRAL TEXAS    ,TX,76549-5901,Public       ,158,514,672,1929,5062,6991
04231200,NEECEE'S COLLEGE OF COSMETOLOGY         ,TX,79605-4735,Proprietary  ,1,22,23,24,107,131
04231300,YAHWEH BEAUTY ACADEMY                   ,TX,76543-4153,Proprietary  ,1,36,37,30,184,214
04231900,ALAMO CITY BARBER COLLEGE               ,TX,78250-3227,Proprietary  ,23,96,119,178,496,674
04232400,EXCEL LEARNING CENTER - SAN ANTONIO     ,TX,78230-4823,Proprietary  ,6,89,95,49,297,346
04232900,PREPARING PEOPLE BARBER STYLING COLLEGE ,TX,75215-2415,Proprietary  ,5,45,50,22,231,253
04235900,BELLA COSMETOLOGY COLLEGE               ,TX,75494-2408,Proprietary  ,8,17,25,30,87,117
04236900,K&G 5 STAR BARBER COLLEGE               ,TX,77591-3689,Proprietary  ,3,12,15,14,69,83
04238200,LAREDO CHI ACADEMY BEAUTY SCHOOL        ,TX,78041-6540,Proprietary  ,8,12,20,78,123,201
04239700,"VOCATIONAL NURSING INSTITUTE, (THE)     ",TX,77065-5399,Private      ,6,82,88,83,574,657
04242100,UNIVERSITY OF NORTH TEXAS AT DALLAS     ,TX,75241-4600,Public       ,262,644,906,4735,6748,11483
04243900,UNIVERSITY OF TEXAS HEALTH SCIENCE CENTE,TX,75708-3154,Public       ,24,87,111,59,210,269
04245800,NATURAL IMAGES BEAUTY COLLEGE           ,TX,77531-3603,Proprietary  ,4,12,16,4,12,16
04248000,"RECORDING CONSERVATORY OF AUSTIN, (THE) ",TX,78730-3004,Proprietary  ,9,16,25,15,25,40
04249300,SALON BOUTIQUE ACADEMY                  ,TX,75001-4399,Proprietary  ,5,21,26,9,40,49
00367000,BRIGHAM YOUNG UNIVERSITY                ,UT,84602-8406,Private      ,1595,1129,2724,16152,13155,29307
00367100,DIXIE STATE COLLEGE OF UTAH             ,UT,84770-3876,Public       ,622,412,1034,6628,4274,10902
00367200,LDS BUSINESS COLLEGE                    ,UT,84101-3500,Private      ,195,162,357,1398,1342,2740
00367400,STEVENS HENAGER COLLEGE                 ,UT,84401-1420,Proprietary  ,370,3279,3649,2191,19214,21405
00367500,UNIVERSITY OF UTAH                      ,UT,84112-9055,Public       ,1184,1239,2423,16439,17109,33548
00367700,UTAH STATE UNIVERSITY                   ,UT,84322-1400,Public       ,1357,1151,2508,15345,13418,28763
00367800,SOUTHERN UTAH UNIVERSITY                ,UT,84720-2470,Public       ,558,370,928,6018,3675,9693
00367900,SNOW COLLEGE                            ,UT,84627-1299,Public       ,358,180,538,3540,1257,4797
00368000,WEBER STATE UNIVERSITY                  ,UT,84408-1136,Public       ,807,1221,2028,8509,12413,20922
00368100,WESTMINSTER COLLEGE                     ,UT,84105-3697,Private      ,157,182,339,2745,1755,4500
00402700,UTAH VALLEY UNIVERSITY                  ,UT,84058-5999,Public       ,1753,1888,3641,13208,17070,30278
00522000,SALT LAKE COMMUNITY COLLEGE             ,UT,84123-0000,Public       ,992,2105,3097,9409,16871,26280
00732953,ITT TECHNICAL INSTITUTE                 ,UT,84123-2500,Proprietary  ,42,238,280,315,1708,2023
00943300,SHERMAN KENDALL'S ACADEMY OF BEAUTY     ,UT,84106-1836,Proprietary  ,4,14,18,30,82,112
01009800,NEUMONT UNIVERSITY                      ,UT,84095-0000,Proprietary  ,24,12,36,844,135,979
01116500,UINTAH BASIN APPLIED TECHNOLOGY CLG     ,UT,84066-0000,Public       ,6,33,39,34,164,198
01116600,BROADVIEW UNIVERSITY                    ,UT,84088-4021,Proprietary  ,43,115,158,297,859,1156
02078800,SHERMAN KENDALL'S ACADEMY OF BEAUTY     ,UT,84047-0000,Proprietary  ,2,15,17,13,40,53
02115400,BRIDGERLAND APPLIED TECHNOLOGY COLLEGE  ,UT,84321-0000,Public       ,54,114,168,458,867,1325
02156600,DAVIS APPLIED TECHNOLOGY COLLEGE        ,UT,84037-0000,Public       ,69,257,326,577,1715,2292
02178500,EAGLE GATE COLLEGE                      ,UT,84123-0000,Proprietary  ,20,170,190,121,995,1116
02270800,AMERITECH COLLEGE                       ,UT,84604-6927,Proprietary  ,2,17,19,89,449,538
02270802,AMERITECH COLLEGE - DRAPER              ,UT,84020-6545,Proprietary  ,2,11,13,80,505,585
02298500,EVEREST COLLEGE                         ,UT,84119-2668,Proprietary  ,0,0,0,41,231,272
02346500,OGDEN-WEBER APPLIED TECHNOLOGY COLG     ,UT,84404-0000,Public       ,101,329,430,681,2039,2720
02360800,PROVO COLLEGE                           ,UT,84601-0000,Proprietary  ,33,107,140,208,659,867
02531800,PAUL MITCHELL THE SCHOOL - PROVO        ,UT,84606-0000,Proprietary  ,23,15,38,123,105,228
02556800,PAUL MITCHELL THE SCHOOL                ,UT,84117-7204,Proprietary  ,39,95,134,198,422,620
02556801,PAUL MITCHELL THE SCHOOL                ,UT,84780-0000,Proprietary  ,0,0,0,42,57,99
02572700,EVANS HAIRSTYLING COLLEGE               ,UT,84770-0000,Proprietary  ,4,6,10,37,37,74
02572800,VISTA COLLEGE                           ,UT,84015-0000,Proprietary  ,7,105,112,37,560,597
02573100,EVANS HAIRSTYLING COLLEGE OF CEDAR CITY ,UT,84720-0000,Proprietary  ,5,5,10,45,39,84
02612200,MARINELLO SCHOOL OF BEAUTY              ,UT,84604-1585,Proprietary  ,7,14,21,42,92,134
03030600,UTAH COLLEGE OF MASSAGE THERAPY         ,UT,84111-1606,Proprietary  ,31,71,102,145,375,520
03030601,UTAH CLG OF MASSAGE THER-PROVO CMPS     ,UT,84042-0000,Proprietary  ,10,23,33,54,119,173
03082100,MYOTHERAPY COLLEGE OF UTAH              ,UT,84115-2522,Proprietary  ,9,25,34,27,101,128
03108200,FRANCOIS D. COLLEGE OF HAIR SKIN & NAILS,UT,84070-2004,Proprietary  ,4,9,13,22,42,64
03110400,HAIRITAGE HAIR ACADEMY                  ,UT,84770-5233,Proprietary  ,4,10,14,40,38,78
03339400,WESTERN GOVERNORS UNIVERSITY            ,UT,84107-2533,Private      ,300,11840,12140,2449,84557,87006
03413300,MOUNTAINLAND APPLIED TECHNOLOGY COLLEGE ,UT,84043-0000,Public       ,30,96,126,286,696,982
03463300,CAREERS UNLIMITED                       ,UT,84058-0000,Proprietary  ,10,22,32,55,164,219
03467308,MARINELLO SCHOOL OF BEAUTY - OGDEN      ,UT,84405-1501,Proprietary  ,5,27,32,47,145,192
03467309,MARINELLO SCHOOL OF BEAUTY - LAYTON     ,UT,84041-3002,Proprietary  ,1,28,29,46,163,209
03617300,HEALING MOUNTAIN MASSAGE SCHOOL         ,UT,84102-4006,Proprietary  ,12,26,38,54,161,215
03829500,SKINWORKS SCHOOL OF ADVANCED SKINCARE   ,UT,84115-0000,Proprietary  ,4,25,29,30,123,153
03838300,NIGHTINGALE COLL. SCH. OF NURSING SCH. O,UT,84403-0000,Proprietary  ,6,83,89,52,537,589
03909300,PAUL MITCHELL THE SCHOOL LOGAN          ,UT,84323-4679,Proprietary  ,10,19,29,95,141,236
03921300,CAMEO COLLEGE OF ESSENTIAL BEAUTY       ,UT,84115-0000,Proprietary  ,12,51,63,91,295,386
04054300,SOUTHWEST APPLIED TECHNOLOGY COLLEGE    ,UT,84720-6608,Public       ,12,29,41,102,230,332
04072300,AVEDA INSTITUTE PROVO                   ,UT,84604-1008,Proprietary  ,12,17,29,97,97,194
04121700,DIXIE APPLIED TECHNOLOGY COLLEGE        ,UT,84770-3025,Public       ,49,59,108,329,424,753
04145500,SKIN SCIENCE INSTITUTE (THE)            ,UT,84115-0000,Proprietary  ,7,35,42,49,161,210
04153000,RENAISSANCE ACADEMIE                    ,UT,84604-0000,Proprietary  ,4,13,17,28,68,96
04161900,MANDALYN ACADEMY                        ,UT,84003-2161,Proprietary  ,9,20,29,29,87,116
04165500,ACAYDIA SCHOOL OF AESTHETICS            ,UT,84601-0000,Proprietary  ,5,12,17,39,75,114
04169900,AMERICAN BEAUTY ACADEMY                 ,UT,84651-0000,Proprietary  ,4,15,19,32,63,95
04173200,TAYLOR ANDREWS ACADEMY OF HAIR DESIGN   ,UT,84088-6577,Proprietary  ,20,37,57,89,183,272
04173201,TAYLOR ANDREWS ACADEMY -  OREM          ,UT,84004-1872,Proprietary  ,11,23,34,102,118,220
04183000,TOP NAILS & HAIR BEAUTY SCHOOL          ,UT,84118-0000,Proprietary  ,1,15,16,21,93,114
04184200,TAYLOR ANDREWS ACADEMY-ST. GEORGE       ,UT,84790-2139,Proprietary  ,6,16,22,83,108,191
04192700,BARBER SCHOOL (THE)                     ,UT,84047-3723,Proprietary  ,17,29,46,36,154,190
04193200,ROCKY MOUNTAIN UNIVERSITY OF HEALTH PROF,UT,84606-7312,Proprietary  ,3,76,79,30,545,575
04210300,MEDSPA ACADEMIES                        ,UT,84095-3519,Proprietary  ,16,23,39,66,151,217
04211500,BEAUTIFUL YOU SCHOOL OF NAIL TECHNOLOGY ,UT,84720-8360,Proprietary  ,2,6,8,20,34,54
04215700,COLE HOLLAND COLLEGE                    ,UT,84102-2959,Proprietary  ,0,0,0,19,54,73
04216800,BONNIE JOSEPH ACADEMY OF COSMETOLOGY & B,UT,84032-2044,Proprietary  ,0,4,4,2,14,16
04218300,MIDWIVES COLLEGE OF UTAH                ,UT,84106-2671,Private      ,4,52,56,36,325,361
00368200,BENNINGTON COLLEGE                      ,VT,05201-6001,Private      ,24,11,35,1011,163,1174
00368300,CASTLETON STATE COLLEGE                 ,VT,05735-0000,Public       ,63,28,91,2913,433,3346
00368400,CHAMPLAIN COLLEGE                       ,VT,05401-3950,Private      ,235,252,487,4495,2041,6536
00368500,COLLEGE OF ST JOSEPH                    ,VT,05701-3899,Private      ,8,8,16,256,171,427
00368600,GODDARD COLLEGE                         ,VT,05667-0000,Private      ,2,59,61,61,691,752
00368700,GREEN MOUNTAIN COLLEGE                  ,VT,05764-1199,Private      ,19,35,54,776,337,1113
00368800,JOHNSON STATE COLLEGE                   ,VT,05656-9898,Public       ,28,57,85,1278,858,2136
00368900,LYNDON STATE COLLEGE                    ,VT,05851-0919,Public       ,37,17,54,1735,312,2047
00369000,MARLBORO COLLEGE                        ,VT,05344-0300,Private      ,10,13,23,303,107,410
00369100,MIDDLEBURY COLLEGE                      ,VT,05753-0000,Private      ,95,39,134,4369,570,4939
00369200,NORWICH UNIVERSITY                      ,VT,05663-1035,Private      ,82,252,334,3135,1718,4853
00369300,SOUTHERN VERMONT COLLEGE                ,VT,05201-6002,Private      ,16,9,25,584,158,742
00369400,ST MICHAELS COLLEGE                     ,VT,05439-0001,Private      ,84,18,102,4139,193,4332
00369600,UNIVERSITY OF VERMONT                   ,VT,05405-0160,Public       ,394,141,535,19934,3077,23011
00369700,VERMONT COLLEGE OF FINE ARTS            ,VT,05602-3128,Private      ,3,54,57,15,411,426
00369800,VERMONT TECHNICAL COLLEGE               ,VT,05061-0000,Public       ,35,48,83,1044,867,1911
00865800,O'BRIENS AVEDA INSTITUTE                ,VT,05403-7747,Proprietary  ,8,11,19,63,105,168
00886000,SIT                                     ,VT,05301-4801,Private      ,7,17,24,194,424,618
01116700,COMMUNITY COLLEGE OF VERMONT            ,VT,05676-0000,Public       ,122,434,556,1610,3747,5357
01193400,VERMONT LAW SCHOOL                      ,VT,05068-0000,Private      ,1,25,26,7,871,878
01218300,BURLINGTON COLLEGE                      ,VT,05401-8477,Private      ,12,13,25,191,153,344
02143500,STERLING COLLEGE                        ,VT,05827-0000,Private      ,5,4,9,148,69,217
02254000,NEW ENGLAND CULINARY INSTITUTE          ,VT,05602-0000,Proprietary  ,18,25,43,301,211,512
02532600,LANDMARK COLLEGE                        ,VT,05346-0000,Private      ,26,8,34,467,135,602
04146900,ADVANCED WELDING INSTITUTE              ,VT,05403-0000,Proprietary  ,7,10,17,59,43,102
00392800,CASPER COLLEGE                          ,WY,82601-4612,Public       ,96,235,331,1371,1551,2922
00392900,EASTERN WYOMING COLLEGE                 ,WY,82240-1603,Public       ,24,58,82,445,332,777
00393000,SHERIDAN COLLEGE                        ,WY,82801-9133,Public       ,63,155,218,1049,1138,2187
00393100,NORTHWEST COLLEGE                       ,WY,82435-1895,Public       ,49,72,121,786,549,1335
00393200,UNIVERSITY OF WYOMING                   ,WY,82071-2000,Public       ,278,315,593,7480,4533,12013
00393300,WESTERN WYOMING COMMUNITY COLLEGE       ,WY,82902-0000,Public       ,54,127,181,939,1014,1953
00728900,CENTRAL WYOMING COLLEGE                 ,WY,82501-0000,Public       ,35,110,145,549,761,1310
00915700,WYOTECH                                 ,WY,82072-9519,Private      ,91,96,187,636,523,1159
00925900,LARAMIE COUNTY COMMUNITY CLG            ,WY,82007-3299,Public       ,123,362,485,1707,2480,4187
02211900,CHEEKS INTERNATIONAL ACDMY              ,WY,82001-0000,Proprietary  ,2,20,22,29,148,177
00393500,UNIV OF GUAM                            ,GU,96923-0000,Public       ,167,191,358,2511,1878,4389
01536100,GUAM COMMUNITY COLLEGE                  ,GU,96921-0000,Public       ,189,219,408,1659,1579,3238
03438300,PACIFIC ISLANDS UNIVERSITY              ,GU,96913-2619,Private      ,10,25,35,79,128,207
00393600,PONTIFICAL CATHOLIC UNIV OF PR          ,PR,00717-0777,Private      ,77,192,269,6226,4865,11091
00393700,UNIVERSITY OF THE SACRED HEART          ,PR,00914-0383,Private      ,60,108,168,3206,2001,5207
00393800,INTER-AMER UNIV PR-CNTRL ADMN           ,PR,00936-0000,Private      ,2,11,13,3174,4785,7959
00393801,INTER-AMER UNIV PR SCHL LAW             ,PR,00936-8351,Private      ,0,0,0,26,340,366
00393803,INTER AMERICAN UNIVERSITY OF PUERTO RICO,PR,00683-0000,Private      ,0,0,0,3669,1580,5249
00393810,INTER-AMER UNIV PR - SCH OF OPTOMETRY   ,PR,00918-0000,Private      ,0,0,0,1,0,1
00393900,INTER AMERICAN UNIVERSITY OF PUERTO RICO,PR,00605-2000,Private      ,46,100,146,3346,1713,5059
00394000,INTER AMERICAN UNIVERSITY OF PUERTO RICO,PR,00919-1293,Private      ,131,435,566,1067,1521,2588
00394100,UNIVERSIDAD DEL ESTE                    ,PR,00984-2010,Private      ,160,491,651,7393,7761,15154
00394200,UNIVERSITY OF PR-CENTRAL ADMINISTRATION ,PR,00936-4984,Public       ,9,17,26,399,197,596
00394300,UNIVERSITY OF PUERTO RICO - HUMACAO UNIV,PR,00791-4300,Public       ,26,20,46,3372,447,3819
00394400,UNIVERSITY OF PUERTO RICO - MAYAGUEZ    ,PR,00680-0000,Public       ,85,80,165,9391,1913,11304
00501900,UNIV ADVENTISTA DE LAS ANTILLAS         ,PR,00681-0118,Private      ,5,23,28,979,545,1524
00502200,BAYAMON CENTRAL UNIVERSITY              ,PR,00960-0000,Private      ,21,79,100,992,991,1983
00502600,INTER AMERICAN UNIVERSITY OF PUERTO RICO,PR,00614-4050,Private      ,47,117,164,3111,2075,5186
00502700,INTER AMERICAN UNIVERSITY OF PUERTO RICO,PR,00794-0517,Private      ,34,45,79,1688,659,2347
00502800,INTER AMERICAN UNIVERSITY OF PUERTO RICO,PR,00957-6257,Private      ,58,90,148,3954,1501,5455
00502900,INTER AMERICAN UNIVERSITY OF PUERTO RICO,PR,00715-1612,Private      ,41,137,178,3685,2377,6062
00710800,UNIVERSITY OF PUERTO RICO - RIO PIEDRAS ,PR,00931-3300,Public       ,138,141,279,9625,3166,12791
00720600,UNIVERSITY OF PUERTO RICO - CAYEY UNIVER,PR,00736-5534,Public       ,20,15,35,3323,350,3673
00722800,UNIVERSITY OF PUERTO RICO - ARECIBO     ,PR,00614-4010,Public       ,22,33,55,3815,545,4360
00890200,COLUMBIA CENTRO UNIVERSITARIO           ,PR,00726-0000,Proprietary  ,77,142,219,1241,1130,2371
00965200,"UNIVERSITY OF PUERTO RICO, PONCE TECH UN",PR,00716-0000,Public       ,17,28,45,3482,447,3929
01056700,COLEGIO TECNOLOGICO DE SAN JUAN         ,PR,00918-2973,Public       ,15,38,53,773,833,1606
01072400,CARLOS ALBIZU UNIVERSITY                ,PR,00902-3711,Private      ,15,47,62,249,1337,1586
01081900,CONSERVATORIO DE MUSICA DE PUERTO RICO  ,PR,00907-3373,Public       ,6,6,12,312,117,429
01092200,UNIVERSITY OF PUERTO RICO - UTUADO      ,PR,00641-2500,Public       ,14,7,21,1474,187,1661
01097500,UNIVERSITY OF PUERTO RICO BAYAMON TECHNI,PR,00959-1911,Public       ,34,20,54,4325,592,4917
01120300,RYDER MEMORIAL HOSP SCH OF NURSING      ,PR,00792-0000,Private      ,0,0,0,13,9,22
01171900,UNIVERSIDAD DEL TURABO                  ,PR,00778-0000,Private      ,176,646,822,8792,10464,19256
01194000,ICPR JUNIOR COLLEGE                     ,PR,00919-0000,Proprietary  ,122,230,352,1229,1509,2738
01194100,AMERICAN UNIVERSITY OF PUERTO RICO      ,PR,00960-2037,Private      ,26,37,63,599,384,983
01194101,AMERICAN UNIVERSITY OF PUERTO RICO      ,PR,00674-0000,Private      ,35,50,85,679,442,1121
01212300,"UNIVERSITY OF PUERTO RICO, AGUADILLA REG",PR,00604-0160,Public       ,18,29,47,2921,464,3385
01252500,CARIBBEAN UNIVERSITY                    ,PR,00960-0493,Private      ,50,95,145,2329,2347,4676
02063100,MBTI BUSINESS TRNG INSTITUTE            ,PR,00907-3917,Proprietary  ,172,485,657,1201,3089,4290
02100000,POLYTECHNIC UNIVERSITY OF PR            ,PR,00917-0000,Private      ,52,175,227,2099,2236,4335
02163300,UNIVERSIDAD CENTRAL DEL CARIBE          ,PR,00960-0000,Private      ,1,14,15,143,442,585
02165100,EDP COLLEGE OF PUERTO RICO              ,PR,00919-0000,Private      ,93,259,352,1146,1840,2986
02166000,CENTER FOR ADVANCED STUDIES OF PUER     ,PR,00902-0000,Private      ,1,45,46,12,239,251
02166400,INSTITUTO DE BANCA Y COMERCIO           ,PR,00925-0000,Proprietary  ,760,1511,2271,7062,10663,17725
02170300,INST EDUC TECNIA OCUP LA REINA          ,PR,00674-0000,Proprietary  ,16,26,42,189,226,415
02189100,CENTRO DE ESTUDIOS MULTIDISCIPLIN       ,PR,00926-0000,Proprietary  ,55,117,172,1295,1503,2798
02189300,EMMA'S BEAUTY ACADEMY                   ,PR,00680-0000,Proprietary  ,10,17,27,242,100,342
02195400,MODERN HAIRSTYLING INSTITUTE            ,PR,00961-0000,Proprietary  ,54,43,97,649,306,955
02195500,MODERN HAIRSTYLING INSTITUTE            ,PR,00612-0000,Proprietary  ,0,2,2,10,10,20
02195800,LICEO E ARTE Y TECNOLGIA                ,PR,00919-0000,Proprietary  ,47,68,115,849,766,1615
02195900,MODERN HAIRSTYLING INSTITUTE            ,PR,00980-0000,Proprietary  ,0,0,0,11,7,18
02234900,ANTILLES SCHOOL OF TECH CAREERS         ,PR,00909-3006,Proprietary  ,33,129,162,288,517,805
02241904,COMMONWEALTH OF PR DEPT OF EDUC - ITPR R,PR,00655-0000,Public       ,10,18,28,467,318,785
02241907,COMMONWEALTH OF PR DEPT OF EDUC - ITPR R,PR,00928-0000,Public       ,13,19,32,538,336,874
02241908,COMMONWEALTH OF PR DEPT OF EDUC - ITPR R,PR,00732-0000,Public       ,4,12,16,418,254,672
02241909,COMMONWEALTH OF PR DEPT OF EDUC - TROQUE,PR,00959-0000,Public       ,1,0,1,74,14,88
02241910,COMMONWEALTH OF PR DEPT OF EDUC - ITPR R,PR,00701-1091,Public       ,6,8,14,605,217,822
02260600,NATIONAL COLLEGE OF BUSINESS & TECH     ,PR,00960-2036,Proprietary  ,284,1033,1317,4045,9752,13797
02260800,HUERTAS COLLEGE                         ,PR,00726-0000,Proprietary  ,43,93,136,816,930,1746
02282700,INTER AMERICAN UNIVERSITY OF PUERTO RICO,PR,00785-4004,Private      ,19,57,76,1240,1051,2291
02282800,INTER AMERICAN UNIVERSITY OF PUERTO RICO,PR,00738-7003,Private      ,36,55,91,1550,937,2487
02297700,AUTOMECA TECHNICAL COLLEGE              ,PR,00957-0000,Proprietary  ,86,107,193,1363,895,2258
02303800,AMERICAN EDUCATIONAL COLLEGE            ,PR,00961-0000,Proprietary  ,93,121,214,466,598,1064
02335500,COLEGIO BIBLICO PENTECOSTAL DE PR       ,PR,00978-0000,Private      ,1,5,6,17,245,262
02340600,HUMACAO COMMUNITY COLLEGE               ,PR,00792-0000,Private      ,13,35,48,295,375,670
02343600,INSTITUTE OF BEAUTY CAREERS             ,PR,00613-0000,Proprietary  ,37,44,81,351,246,597
02460000,UNIVERSITY OF PUERTO RICO - MEDICAL SCIE,PR,00936-0000,Public       ,14,28,42,596,1426,2022
02482400,PONCE SCHOOL OF MEDICINE AND HEALTH SCIE,PR,00716-2347,Proprietary  ,3,11,14,50,867,917
02504500,INSTITUCION CHAVIANO DE MAYAGUEZ        ,PR,00708-0000,Proprietary  ,13,15,28,22,36,58
02505400,ATLANTIC COLLEGE                        ,PR,00970-0000,Private      ,38,31,69,1331,369,1700
02534900,PONCE PARAMEDICAL COLLEGE (POPAC)       ,PR,00731-0000,Proprietary  ,81,110,191,1312,1089,2401
02552300,COLEGIO MAYOR DE TECHNOLOGIA            ,PR,00714-0000,Proprietary  ,16,13,29,209,211,420
02562500,INTERNATIONAL TECHNICAL COLLEGE         ,PR,00918-0000,Proprietary  ,9,26,35,52,115,167
02569400,ESCUELA DE ARTES PLASTICAS              ,PR,00902-1112,Public       ,8,9,17,473,136,609
02570400,EDUCATIONAL TECHNICAL COLLEGE           ,PR,00925-3404,Proprietary  ,55,116,171,454,646,1100
02576100,ESCUELA TECNICA DE ELECTRICIDAD         ,PR,00731-0000,Proprietary  ,14,54,68,199,264,463
02587500,UNIVERSIDAD METROPOLITANA               ,PR,00928-0000,Private      ,158,611,769,7153,8968,16121
02588600,SEMINARIO EVANGELICO DE PUERTO RICO     ,PR,00925-0000,Private      ,0,8,8,2,69,71
02593700,HISPANIC AMERICAN COLLEGE               ,PR,00725-0000,Proprietary  ,20,34,54,194,229,423
03016000,UNIVERSITY OF PUERTO RICO CAROLINA REGIO,PR,00985-0000,Public       ,48,47,95,3546,603,4149
03021900,EDIC COLLEGE                            ,PR,00726-0000,Proprietary  ,72,138,210,1425,1406,2831
03025500,MECH TECH COLLEGE                       ,PR,00725-6118,Proprietary  ,152,140,292,2477,1495,3972
03025900,"LICEO DE ARTE, DISENOS Y COMERCIO       ",PR,00726-0000,Proprietary  ,15,33,48,215,354,569
03029700,"UNIVERSAL TECHNOLOGY CLG OF PR, INC     ",PR,00605-0000,Private      ,11,29,40,449,740,1189
03061900,COLEGIO TECHNOLOGICO Y COMERCIAL        ,PR,00602-0960,Proprietary  ,3,8,11,29,26,55
03068400,STAR BEAUTY ACADEMY                     ,PR,00961-6312,Proprietary  ,10,25,35,40,61,101
03070500,D'MART INSTITUTE                        ,PR,00794-3517,Proprietary  ,53,63,116,555,558,1113
03075600,EMMA'S BEAUTY ACADEMY                   ,PR,00795-0000,Proprietary  ,49,32,81,310,191,501
03085700,PROFESSIONAL TECHNICAL INSTITUTION      ,PR,00960-7061,Proprietary  ,20,30,50,228,296,524
03104400,PROFESSIONAL ELECTRIC SCHOOL            ,PR,00674-1797,Proprietary  ,2,10,12,41,38,79
03106900,ESCUELA DE PERITOS ELECTRICITAS         ,PR,00662-0457,Proprietary  ,2,7,9,44,47,91
03112100,JOHN DEWEY COLLEGE                      ,PR,00915-9538,Private      ,87,238,325,1132,2565,3697
03112101,JOHN DEWEY COLLEGE                      ,PR,00986-0000,Private      ,9,35,44,220,500,720
03112102,JOHN DEWEY COLLEGE-BAYAMON CAMPUS       ,PR,00959-0000,Private      ,4,19,23,88,225,313
03112105,JOHN DEWEY COLLEGE - FAJARDO BRANCH     ,PR,00738-0738,Private      ,16,23,39,139,312,451
03112106,JOHN DEWEY COLLEGE - ARROYO BRANCH      ,PR,00714-0714,Private      ,5,6,11,54,100,154
03112107,JOHN DEWEY COLLEGE - JUANA DIAZ BRANCH  ,PR,00795-0000,Private      ,9,23,32,146,204,350
03112108,JOHN DEWEY COLLEGE - HATILLO CAMPUS     ,PR,00659-0000,Private      ,10,22,32,55,113,168
03112109,JOHN DEWEY COLLEGE - MANATI             ,PR,00674-0000,Private      ,16,45,61,301,463,764
03112110,DEWEY UNIVERSITY - MAYAGUEZ             ,PR,00682-0000,Private      ,14,28,42,70,112,182
03115900,TRINITY COLLEGE OF PUERTO RICO          ,PR,00734-0000,Private      ,12,25,37,128,186,314
03122500,ACADEMIA SERRANT INC.                   ,PR,00717-1568,Proprietary  ,79,83,162,308,290,598
03123100,GLOBELLE TECHNICAL INSTITUTE            ,PR,00693-4218,Proprietary  ,0,0,0,37,49,86
03124200,NOVA COLLEGE DE PUERTO RICO             ,PR,00960-4016,Proprietary  ,13,40,53,132,257,389
03157600,"COLEGIO DE CINEMATOGRAFIA, ARTES Y TELEV",PR,00961-6345,Proprietary  ,45,30,75,683,363,1046
03177300,SAN JUAN BAUTISTA SCH OF MEDICINE       ,PR,00726-0000,Private      ,0,6,6,35,351,386
03336300,CENTURY COLLEGE                         ,PR,00603-0000,Proprietary  ,8,28,36,113,202,315
03414300,MONTECLARO                              ,PR,00745-9612,Private      ,3,2,5,20,17,37
03452300,INSTITUTO PRE-VOCACIONAL E INDUSTRI     ,PR,00613-1800,Private      ,1,2,3,58,158,216
03469300,IVAEM COLLEGE                           ,PR,00725-0000,Proprietary  ,9,4,13,87,79,166
03531300,UNIVERSIDAD PENTECOSTAL MIZPA           ,PR,00928-0966,Private      ,2,11,13,27,297,324
03544300,ATENAS COLLEGE                          ,PR,00674-0000,Private      ,39,38,77,1052,678,1730
03552300,LESTON COLLEGE                          ,PR,00961-6309,Proprietary  ,28,46,74,69,130,199
03608300,CARIBBEAN FORENSIC & TECHNICAL COLL     ,PR,00926-0000,Proprietary  ,1,14,15,32,62,94
03638300,ROSSLYN TRAINING ACADEMY OF COSMETOLOGY ,PR,00602-3225,Proprietary  ,1,6,7,18,34,52
03735400,"CHARLIES GUARD,DETECTIVE BUREAU&ACA     ",PR,00605-0000,Proprietary  ,7,13,20,30,51,81
03751300,ESCUELA HOTELERA DE SAN JUAN            ,PR,00917-0091,Proprietary  ,43,62,105,767,477,1244
03758300,BAYAMON COMMUNITY COLLEGE               ,PR,00960-0000,Proprietary  ,7,81,88,61,312,373
03781400,INDUSTRIAL TECHNICAL COLLEGE            ,PR,00792-0000,Proprietary  ,10,19,29,122,172,294
03785300,J.G. GUAYNABO TECHNICAL COLLEGE         ,PR,00960-0000,Proprietary  ,11,12,23,86,177,263
03800300,COLEGIO TECNICO DE ELECTRICIDAD GALLOSA ,PR,00602-0000,Proprietary  ,0,4,4,12,31,43
03800400,INSTITUTE OF BEAUTY OCCUPATIONS AND TECH,PR,00676-5071,Proprietary  ,23,41,64,91,147,238
03849300,AGUADILLA TECHNICAL COLLEGE             ,PR,00603-0000,Proprietary  ,6,15,21,57,84,141
03965400,MYRANGEL BEAUTY INSTITUTE               ,PR,00754-3917,Proprietary  ,21,55,76,111,163,274
04107300,CARIB TECHNOLOGICAL INSTITUTE           ,PR,00960-0000,Proprietary  ,0,0,0,4,3,7
04117200,INSTITUTO EDUCATIVO PREMIER             ,PR,00731-0000,Proprietary  ,28,31,59,226,281,507
04131600,LIBERTY TECHNICAL COLLEGE               ,PR,00737-1298,Proprietary  ,9,17,26,106,151,257
04164300,GLOBAL INSTITUTE                        ,PR,00725-6485,Proprietary  ,9,17,26,23,38,61
04176000,AMERICAN TECHNICAL INSTITUTE            ,PR,00957-0000,Proprietary  ,6,10,16,34,54,88
04240900,PPG TECHNICAL COLLEGE                   ,PR,00726-3164,Proprietary  ,19,10,29,170,124,294
04250900,INTER AMERICAN UNIVERSITY-SCHOOL OF LAW ,PR,00936-8351,Private      ,0,37,37,0,37,37
04251000,INTER AMERICAN UNIVERSITY-OPTOMETRY     ,PR,00957-6257,Private      ,6,9,15,6,9,15
04254200,INTER AMERICAN UNIVERSITY OF PUERTO RICO,PR,00683-9801,Private      ,49,67,116,49,73,122
00394600,UNIVERSITY OF THE VIRGIN ISLANDS        ,VI,00802-9990,Public       ,54,63,117,1365,779,2144
00394601,UNIV OF THE VIRGIN ISLANDS-ST CROIX     ,VI,00850-0000,Public       ,23,54,77,577,635,1212
00667700,MCGILL UNIVERSITY                       ,CN,00000-0000,Public       ,39,18,57,1486,360,1846
00667900,QUEEN'S UNIVERSITY AT KINGSTON          ,CN,00000-0000,Public       ,4,3,7,104,31,135
00668100,ST FRANCIS XAVIER UNIVERSITY            ,CN,00000-0000,Public       ,1,1,2,25,5,30
00668200,ST THOMAS UNIVERSITY                    ,CN,00000-0000,Public       ,0,0,0,24,9,33
00668300,UNIVERSITY OF GUELPH                    ,CN,00000-0000,Public       ,1,1,2,45,73,118
00668400,UNIVERSITY OF MANITOBA                  ,CN,00000-0000,Public       ,2,4,6,84,32,116
00668500,UNIVERSITY OF NEW BRUNSWICK (THE)       ,CN,00000-0000,Public       ,0,2,2,30,12,42
00668600,UNIVERSITY OF OTTAWA                    ,CN,00000-0000,Public       ,1,2,3,49,55,104
00668800,UNIVERSITY OF TORONTO                   ,CN,00000-0000,Public       ,17,25,42,458,339,797
00668900,UNIVERSITY OF WINDSOR                   ,CN,00000-0000,Public       ,1,3,4,22,35,57
00683700,UNIVERSITE LAVAL                        ,CN,00000-0000,Public       ,0,1,1,10,21,31
00683800,DALHOUSIE UNIVERSITY                    ,CN,00000-0000,Public       ,5,3,8,114,72,186
00685200,BISHOP'S UNIVERSITY                     ,CN,00000-0000,Private      ,0,1,1,50,11,61
00767900,YORK UNIVERSITY                         ,CN,00000-0000,Public       ,4,8,12,85,106,191
00787400,UNIVERSITY AT CALGARY (THE)             ,CN,00000-0000,Public       ,1,6,7,56,71,127
00814800,UNIVERSITY OF WINNIPEG                  ,CN,00000-0000,Public       ,0,1,1,18,14,32
00836300,MOUNT SAINT VINCENT UNIVERSITY          ,CN,00000-0000,Public       ,1,1,2,7,7,14
00836400,SAINT MARY'S UNIVERSITY                 ,CN,00000-0000,Public       ,1,0,1,23,13,36
00836500,CONCORDIA UNIVERSITY - SIR GEORGE W     ,CN,00000-0000,Public       ,6,9,15,328,157,485
00836600,UNIVERSITE DE MONTREAL                  ,CN,00000-0000,Public       ,1,3,4,23,71,94
00836800,CARLETON UNIVERSITY                     ,CN,00000-0000,Public       ,1,4,5,63,42,105
00836900,UNIVERSITY OF BRITISH COLUMBIA          ,CN,00000-0000,Public       ,28,27,55,907,402,1309
00837000,"SAFA, UNIVERSITY OF VICTORIA            ",CN,00000-0000,Public       ,6,8,14,182,88,270
00844400,SIMON FRASER UNIVERSITY                 ,CN,00000-0000,Public       ,9,5,14,142,87,229
00844600,UNIVERSITY OF WESTERN ONTARIO (THE)     ,CN,00000-0000,Public       ,2,4,6,48,63,111
00844900,ACADIA UNIVERSITY                       ,CN,00000-0000,Public       ,2,1,3,26,20,46
00858200,WILFRID LAURIER UNIVERSITY              ,CN,00000-0000,Public       ,1,0,1,16,16,32
00891300,LAKEHEAD UNIVERSITY                     ,CN,00000-0000,Public       ,0,1,1,3,7,10
00936700,UNIVERSITY OF PRINCE EDWARD ISLAND      ,CN,00000-0000,Public       ,1,2,3,18,95,113
00942100,BRANDON UNIVERSITY                      ,CN,00000-0000,Public       ,1,2,3,11,15,26
00948600,TRINITY WESTERN UNIVERSITY              ,CN,00000-0000,Private      ,4,4,8,128,49,177
00950000,MEMORIAL UNIVERSITY OF NEWFOUNDLAND     ,CN,00000-0000,Public       ,1,3,4,24,38,62
00950100,UNIVERSITY OF KING'S COLLEGE            ,CN,00000-0000,Public       ,0,1,1,21,5,26
00950300,MOUNT ALLISON UNIVERSITY                ,CN,00000-0000,Public       ,1,1,2,41,6,47
01022100,SAINT PAUL UNIVERSITY                   ,CN,00000-0000,Public       ,0,1,1,5,8,13
01045800,SHERIDAN COLLEGE OF APPLIED ARTS AN     ,CN,00000-0000,Public       ,2,2,4,60,24,84
01067500,REGENT COLLEGE                          ,CN,00000-0000,Private      ,0,5,5,4,59,63
01072000,RYERSON UNIVERSITY                      ,CN,00000-0000,Public       ,2,7,9,68,58,126
01172200,BRIERCREST BIBLE COLLEGE                ,CN,00000-0000,Private      ,1,0,1,8,3,11
01222800,HUMBER COLLEGE INSTITUTE OF TECHNOLOGY A,CN,00000-0000,Public       ,4,6,10,41,47,88
01227400,PROVIDENCE COLLEGE                      ,CN,00000-0000,Private      ,1,1,2,5,11,16
02102100,KINGSWOOD UNIVERSITY                    ,CN,00000-0000,Private      ,3,2,5,43,12,55
02116600,CANADIAN MEMORIAL CHIROPRACTIC COLL     ,CN,00000-0000,Private      ,0,0,0,0,4,4
02167000,PRAIRIE BIBLE INST                      ,CN,00000-0000,Private      ,0,0,0,17,3,20
02201100,COLUMBIA BIBLE COLLEGE                  ,CN,00000-0000,Private      ,0,0,0,10,12,22
02216400,TYNDALE COLLEGE & SEMINARY              ,CN,00000-0000,Private      ,0,0,0,8,14,22
02219200,UNIVERSITY OF SASKATCHEWAN              ,CN,00000-0000,Public       ,0,2,2,18,24,42
02324900,EMMANUEL BIBLE COLLEGE                  ,CN,00000-0000,Private      ,0,0,0,2,5,7
02338800,EMILY CARR UNIVERSITY OF ART AND DESIGN ,CN,00000-0000,Public       ,7,5,12,75,39,114
02577200,SALVATION ARMY WM & CATHERINE BOOTH     ,CN,00000-0000,Private      ,0,0,0,3,1,4
02593800,CONCORDIA UNIVERSITY COLLEGE            ,CN,00000-0000,Private      ,0,3,3,12,20,32
02611900,THE KING'S UNIVERSITY COLLEGE           ,CN,00000-0000,Private      ,1,1,2,6,10,16
03033800,UNIVERSITY COLLEGE OF CAPE BRETON       ,CN,00000-0000,Public       ,0,0,0,6,1,7
03078300,VANCOUVER SCHOOL OF THEOLOGY            ,CN,00000-0000,Private      ,0,1,1,1,5,6
03273300,CANADIAN COLLEGE OF NATUROPATHIC ME     ,CN,00000-0000,Private      ,0,3,3,7,46,53
03298300,ALBERTA COLLEGE OF ART & DESIGN         ,CN,00000-0000,Public       ,5,5,10,35,28,63
03332500,KWANTLEN UNIVERSITY COLLEGE             ,CN,00000-0000,Public       ,1,0,1,9,17,26
03335400,CANADIAN UNIVERSITY COLLEGE             ,CN,00000-0000,Private      ,0,1,1,34,17,51
03339300,ST. STEPHENS UNIVERSITY                 ,CN,00000-0000,Private      ,0,0,0,2,2,4
03348500,REDEEMER UNIVERSITY COLLEGE             ,CN,00000-0000,Private      ,0,1,1,7,8,15
03420300,HOLLAND COLLEGE                         ,CN,00000-0000,Public       ,0,1,1,11,4,15
03560400,NIAGARA COLLEGE-WELLAND CAMPUS          ,CN,00000-0000,Public       ,0,1,1,13,19,32
03613300,UNIV OF NORTHERN BRITISH COLUMBIA       ,CN,00000-0000,Public       ,0,2,2,12,12,24
03644400,CANADIAN MENNONITE UNIVERSITY           ,CN,00000-0000,Private      ,0,0,0,2,4,6
03846300,PACIFIC LIFE BIBLE COLLEGE              ,CN,00000-0000,Private      ,0,0,0,10,10,20
03847300,CRANDALL UNIVERSITY                     ,CN,00000-0000,Private      ,0,0,0,3,2,5
04075300,QUEST UNIVERSITY CANADA                 ,CN,00000-0000,Private      ,6,2,8,190,18,208
04123100,ATLANTIC SCHOOL OF THEOLOGY             ,CN,00000-0000,Public       ,0,0,0,2,9,11
04156700,AMBROSE UNIVERSITY COLLEGE              ,CN,00000-0000,Private      ,2,2,4,11,19,30
00814700,UNIVERSIDAD AUTONOMA DE GUADALAJARA     ,MX,00000-0000,Private      ,5,205,210,65,1133,1198
01041800,INST TEC Y DE ESTSUPER DE MONTERRE      ,MX,00000-0000,Private      ,7,3,10,71,62,133
01067600,UNIVERSIDAD DE MONTERREY                ,MX,00000-0000,Private      ,4,3,7,33,25,58
01302100,"UNIVERSIDAD DEL NORESTE, A.C.           ",MX,00000-0000,Private      ,1,1,2,8,16,24
02053300,CENTRO DE ESTUDIOS UNIVERSITARIOS D     ,MX,00000-0000,Private      ,4,10,14,23,56,79
03776500,"UNIVERSIDAD DE LA SALLE BAJIO, A.C.     ",MX,00000-0000,Private      ,4,15,19,9,80,89
04183900,CETYS UNIVERSIDAD                       ,MX,00000-0000,Private      ,5,5,10,130,98,228
01001000,AMERICAN SAMOA CMNTY COLLEGE            ,AS,96799-2609,Public       ,33,22,55,961,340,1301
01034300,COLLEGE OF MICRONESIA - FSM             ,FM,96941-0159,Public       ,403,192,595,1914,900,2814
01100900,PALAU COMMUNITY COLLEGE                 ,PW,96940-0009,Public       ,65,24,89,668,259,927
03022400,COLLEGE OF THE MARSHALL ISLANDS         ,MH,96960-1258,Public       ,301,57,358,705,309,1014
03033000,NORTHERN MARIANAS COLLEGE               ,MP,96950-0000,Public       ,54,45,99,857,421,1278
