OPE ID,School,State,Zip Code,School Type,20152016Qtr6_Dependent Students,20152016Qtr6_Independent Students,Quarterly Total,YTD_20152016Qtr6_Dependent Students,YTD_20152016Qtr6_Independent Students,Award Year To Date Total
00100200,ALABAMA AGRCLTL & MECHL UNIV            ,AL,35762-1357,Public       ,79,71,150,6777,3885,10662
00100300,FAULKNER UNIVERSITY                     ,AL,36109-3398,Private      ,31,132,163,2103,4259,6362
00100400,UNIVERSITY OF MONTEVALLO                ,AL,35115-6000,Public       ,12,22,34,2623,1394,4017
00100500,ALABAMA STATE UNIVERSITY                ,AL,36101-0000,Public       ,236,148,384,9635,5576,15211
00100700,CENTRAL ALABAMA COMMUNITY COLLEGE       ,AL,35011-0000,Public       ,33,85,118,1456,1674,3130
00100800,ATHENS STATE UNIVERSITY                 ,AL,35611-1999,Public       ,14,82,96,927,3276,4203
00100900,AUBURN UNIVERSITY                       ,AL,36849-5113,Public       ,118,138,256,20277,7184,27461
00101200,BIRMINGHAM SOUTHERN COLLEGE             ,AL,35254-0002,Private      ,10,14,24,2367,753,3120
00101300,CALHOUN COMMUNITY COLLEGE               ,AL,35609-0000,Public       ,98,243,341,5515,7608,13123
00101500,ENTERPRISE STATE COMMUNITY COLLEGE      ,AL,36331-1300,Public       ,27,69,96,1195,1388,2583
00101600,UNIVERSITY OF NORTH ALABAMA             ,AL,35632-0001,Public       ,75,69,144,5887,3068,8955
00101700,GADSDEN STATE COMMUNITY COLLEGE         ,AL,35903-2269,Public       ,68,174,242,3272,5155,8427
00101800,GEORGE C WALLACE COMMUNITY COLLEGE      ,AL,36303-0943,Public       ,60,124,184,2665,4308,6973
00101900,HUNTINGDON COLLEGE                      ,AL,36106-2148,Private      ,15,18,33,1620,803,2423
00102000,JACKSONVILLE STATE UNIVERSITY           ,AL,36265-1602,Public       ,89,142,231,6997,5211,12208
00102100,JEFFERSON DAVIS COMMUNITY COLLEGE       ,AL,36427-2790,Public       ,23,29,52,701,902,1603
00102200,JEFFERSON STATE COMMUNITY COLLEGE       ,AL,35215-3098,Public       ,62,255,317,5168,8198,13366
00102300,JUDSON COLLEGE                          ,AL,36756-2504,Private      ,7,40,47,333,286,619
00102400,UNIVERSITY OF WEST ALABAMA              ,AL,35470-0000,Public       ,39,232,271,2724,4356,7080
00102600,MARION MILITARY INSTITUTE               ,AL,36756-3214,Public       ,6,1,7,622,89,711
00102800,MILES COLLEGE                           ,AL,35064-2697,Private      ,90,36,126,2889,1356,4245
00102900,UNIVERSITY OF MOBILE                    ,AL,36613-0000,Private      ,15,41,56,1968,2001,3969
00103000,BISHOP STATE COMMUNITY COLLEGE          ,AL,36603-5898,Public       ,40,168,208,2544,4738,7282
00103100,NORTHEAST ALABAMA STATE CMNTY COLG      ,AL,35986-0159,Public       ,57,110,167,1508,1768,3276
00103300,OAKWOOD COLLEGE                         ,AL,35896-0001,Private      ,7,15,22,1876,1105,2981
00103400,ALABAMA SOUTHERN COMMUNITY COLLEGE      ,AL,36460-5698,Public       ,48,39,87,1288,982,2270
00103600,SAMFORD UNIVERSITY                      ,AL,35229-7000,Private      ,13,63,76,4064,3268,7332
00103800,SNEAD STATE COMMUNITY COLLEGE           ,AL,35957-0734,Public       ,33,56,89,1868,1947,3815
00104000,SOUTHERN UNION STATE COMMUNITY CLG      ,AL,36276-0000,Public       ,47,85,132,3771,3364,7135
00104100,SPRING HILL COLLEGE                     ,AL,36608-1791,Private      ,8,15,23,2680,891,3571
00104400,STILLMAN COLLEGE                        ,AL,35403-0000,Private      ,24,16,40,1933,773,2706
00104600,TALLADEGA COLLEGE                       ,AL,35160-2354,Private      ,88,27,115,1389,573,1962
00104700,TROY UNIVERSITY                         ,AL,36082-0001,Public       ,99,505,604,9516,17874,27390
00105000,TUSKEGEE UNIVERSITY                     ,AL,36088-1645,Private      ,45,13,58,5543,1518,7061
00105100,UNIVERSITY OF ALABAMA (THE)             ,AL,35487-0120,Public       ,142,241,383,30698,11494,42192
00105200,UNIVERSITY OF ALABAMA AT BIRMINGHAM     ,AL,35294-1150,Public       ,105,315,420,12026,13614,25640
00105500,UNIVERSITY OF ALABAMA IN HUNTSVILLE     ,AL,35899-0001,Public       ,55,119,174,5855,4599,10454
00105700,UNIVERSITY OF SOUTH ALABAMA             ,AL,36688-0002,Public       ,93,244,337,11660,11112,22772
00105900,LAWSON STATE COMMUNITY COLLEGE          ,AL,35221-1798,Public       ,95,164,259,2669,3901,6570
00105901,LAWSON STATE COMMUNITY COLLEGE - BESSEME,AL,35021-0308,Public       ,34,61,95,933,1557,2490
00106000,FAULKNER STATE COMMUNITY COLLEGE        ,AL,36507-2698,Public       ,84,113,197,3997,3902,7899
00526000,J.F. DRAKE STATE TECH COLLEGE           ,AL,35811-1584,Public       ,26,97,123,780,2033,2813
00569100,SHELTON STATE COMMUNITY CLG             ,AL,35405-4017,Public       ,92,127,219,3879,3881,7760
00569200,REID STATE TECHNICAL COLLEGE            ,AL,36401-0000,Public       ,11,28,39,291,708,999
00569700,NORTHWEST- SHOALS COMMUNITY COLLEGE     ,AL,35661-0000,Public       ,180,129,309,2669,2671,5340
00569900,GEORGE C WALLACE STATE CMTY COLLEGE     ,AL,36703-0000,Public       ,97,111,208,1267,1915,3182
00573300,BEVILL STATE CMTY COLLEGE-WALKER        ,AL,35148-0000,Public       ,88,131,219,2458,3125,5583
00573400,H. COUNCILL TRENHOLM STATE TECH COLLEGE ,AL,36108-0020,Public       ,39,85,124,968,2096,3064
00573401,H. C. TRENHOLM ST TECH COL-PATTERSON CAM,AL,36116-2612,Public       ,23,44,67,590,1210,1800
00787100,GEORGE C WALLACE STATE CMTY CLG         ,AL,35077-2000,Public       ,104,136,240,4093,4069,8162
00831000,AUBURN UNIVERSITY-MONTGOMERY            ,AL,36124-0000,Public       ,68,106,174,5108,4545,9653
00898800,LURLEEN B WALLACE COMMUNITY COLLEGE     ,AL,36420-0418,Public       ,41,66,107,1199,1292,2491
01055400,CONCORDIA COLLEGE                       ,AL,36701-3323,Private      ,18,11,29,876,501,1377
01218200,CHATTAHOOCHEE VALLEY CMTY CLG           ,AL,36869-7917,Public       ,21,70,91,1208,2256,3464
01303906,SOUTH UNIVERSITY - MONTGOMERY           ,AL,36116-1120,Proprietary  ,20,79,99,389,1689,2078
02170600,UNITED STATES SPORTS ACADEMY            ,AL,36526-7055,Private      ,1,16,17,32,706,738
02199700,HERITAGE CHRISTIAN UNIVERSITY           ,AL,35630-0000,Private      ,0,3,3,33,103,136
02270400,SOUTHEASTERN BIBLE COLLEGE              ,AL,35244-2083,Private      ,1,2,3,91,254,345
02285000,PAUL MITCHELL THE SCHOOL HUNTSVILLE     ,AL,35758-0000,Proprietary  ,3,5,8,95,189,284
02296000,PRINCE INSTITUTE OF PROFESSIONAL STUDIES,AL,36117-0000,Proprietary  ,1,0,1,18,113,131
02341000,FORTIS COLLEGE                          ,AL,36609-0000,Proprietary  ,65,146,211,804,2830,3634
02503400,AMRIDGE UNIVERSITY                      ,AL,36124-0000,Private      ,4,59,63,106,1201,1307
03010600,VIRGINIA COLLEGE                        ,AL,35209-5154,Proprietary  ,454,2364,2818,4829,25911,30740
03010602,VIRGINIA COLLEGE - HUNTSVILLE           ,AL,35801-5608,Proprietary  ,2,24,26,232,898,1130
03010607,VIRGINIA COLLEGE - MOBILE               ,AL,36608-1626,Proprietary  ,1,19,20,185,788,973
03010616,VIRGINIA COLLEGE - MONTGOMERY           ,AL,36117-2802,Proprietary  ,7,27,34,269,1007,1276
03026516,REMINGTON COLLEGE - MOBILE              ,AL,36609-5593,Private      ,5,12,17,215,613,828
03032500,ALABAMA STATE CLG BARBER STYLING        ,AL,35215-0000,Proprietary  ,5,9,14,94,195,289
03361400,FORTIS COLLEGE                          ,AL,36535-0000,Proprietary  ,15,46,61,186,785,971
03459300,SOUTHEASTERN SCHOOL OF COSMETOLOGY      ,AL,35228-0000,Private      ,0,8,8,28,152,180
03709302,EDWARD VIA VIRGINIA COLLEGE OF OSTEOPATH,AL,36832-6330,Private      ,0,2,2,2,28,30
03783300,BLUE CLIFF CAREER COLLEGE               ,AL,63306-4749,Proprietary  ,4,18,22,89,344,433
03894300,HUNTSVILLE BIBLE COLLEGE                ,AL,35811-0000,Private      ,0,8,8,28,296,324
04066300,CARDIAC AND VASCULAR INSTITUTE OF ULTRAS,AL,36604-1411,Proprietary  ,1,10,11,64,277,341
04067300,SELMA UNIVERSITY                        ,AL,36701-0000,Private      ,2,10,12,236,505,741
04121500,COLUMBIA SOUTHERN UNIVERSITY            ,AL,36561-3815,Proprietary  ,13,502,515,687,19300,19987
04149200,XCELL ACADEMY-A PAUL MITCHELL PARTNER SC,AL,35216-4990,Proprietary  ,7,13,20,127,235,362
04187200,NEW BEGINNING COLLEGE OF COSMETOLOGY    ,AL,35950-2415,Proprietary  ,7,9,16,58,148,206
04187300,HAIR ACADEMY (THE)                      ,AL,36111-2201,Proprietary  ,2,0,2,47,126,173
04197500,UNIVERSITY ACADEMY OF HAIR DESIGN       ,AL,35476-3100,Proprietary  ,2,1,3,52,88,140
04211000,SALON PROFESSIONAL ACADEMY (THE)        ,AL,35816-1849,Proprietary  ,4,6,10,75,145,220
04217900,NUNATION SCHOOL OF COSMETOLOGY          ,AL,35064-2222,Proprietary  ,0,0,0,8,19,27
04226700,ALABAMA COLLEGE OF OSTEOPATHIC MEDICINE ,AL,36303-2251,Private      ,3,4,7,44,673,717
04229400,MIDFIELD INSTITUTE OF COSMETOLOGY       ,AL,35228-2233,Private      ,0,5,5,0,5,5
00111100,ALLAN HANCOCK COLLEGE                   ,CA,93454-6399,Public       ,26,97,123,5136,6028,11164
00111300,ANTELOPE VALLEY COLLEGE                 ,CA,93536-5426,Public       ,193,360,553,8285,12383,20668
00111600,ART CENTER COLLEGE OF DESIGN            ,CA,91103-1999,Private      ,3,11,14,1948,1508,3456
00111700,AZUSA PACIFIC UNIVERSITY                ,CA,91702-7000,Private      ,30,313,343,10374,10494,20868
00111718,AZUSA PACIFIC UNIVERSITY - UNIVERSITY CO,CA,91773-1741,Private      ,3,31,34,3,48,51
00111800,BAKERSFIELD COLLEGE                     ,CA,93305-1299,Public       ,222,448,670,12842,13608,26450
00111900,BARSTOW COMMUNITY COLLEGE               ,CA,92311-6608,Public       ,39,171,210,1598,4526,6124
00112000,AMER BAPT SEM OF THE WEST-BERKELEY      ,CA,94704-0000,Private      ,0,0,0,9,82,91
00112200,BIOLA UNIVERSITY                        ,CA,90639-0001,Private      ,7,13,20,6134,2373,8507
00112300,BROOKS INSTITUTE                        ,CA,93103-1809,Proprietary  ,2,5,7,343,330,673
00112400,CABRILLO COLLEGE                        ,CA,95003-3194,Public       ,57,94,151,5190,5530,10720
00112500,CALIFORNIA BAPTIST UNIVERSITY           ,CA,92504-3297,Private      ,24,173,197,8201,7557,15758
00112700,CALIFORNIA COLLEGE OF THE ARTS          ,CA,94107-2206,Private      ,4,10,14,2294,1630,3924
00113100,CALIFORNIA INSTITUTE OF TECHNOLOGY      ,CA,91125-0001,Private      ,3,10,13,3945,727,4672
00113200,CALIFORNIA INSTITUTE OF THE ARTS        ,CA,91355-2397,Private      ,4,11,15,2848,1684,4532
00113300,CALIFORNIA LUTHERAN UNIVERSITY          ,CA,91360-2787,Private      ,5,71,76,5232,1946,7178
00113304,CALIFORNIA LUTHERAN UNIVERSITY - PACIFIC,CA,94708-1597,Private      ,0,0,0,5,47,52
00113400,CALIFORNIA MARITIME ACADEMY             ,CA,94590-8181,Public       ,2,1,3,1279,436,1715
00113700,CALIF STATE UNIV-FULLERTON              ,CA,92831-3599,Public       ,75,91,166,55030,25787,80817
00113800,"CALIFORNIA STATE UNIVERSITY, EAST BAY   ",CA,94542-3000,Public       ,35,105,140,19138,14614,33752
00113900,CALIF STATE UNIV-LONG BEACH             ,CA,90840-0006,Public       ,77,138,215,62903,28062,90965
00114000,CALIF STATE UNIV-LOS ANGELES            ,CA,90032-4226,Public       ,95,130,225,41867,25616,67483
00114100,"CALIF STATE UNIV, DOMINGUEZ HILLS       ",CA,90747-0001,Public       ,45,94,139,20492,16934,37426
00114200,CALIF STATE UNIV SAN BERNARDINO         ,CA,92407-2397,Public       ,67,169,236,24101,15683,39784
00114300,CAL POLY STATE UNIVERSITY               ,CA,93407-0001,Public       ,93,31,124,44410,5165,49575
00114400,CALIF STATE POLYTECHNIC UNIV POMONA     ,CA,91768-2500,Public       ,225,73,298,40592,13722,54314
00114600,CALIF STATE UNIV - CHICO                ,CA,95929-0001,Public       ,35,41,76,26576,7925,34501
00114700,CALIF STATE UNIV - FRESNO               ,CA,93740-8026,Public       ,52,115,167,30370,14436,44806
00114900,HUMBOLDT STATE UNIVERSITY               ,CA,95521-8299,Public       ,14,27,41,15065,5228,20293
00115000,CALIF STATE UNIV-SACRAMENTO             ,CA,95819-6044,Public       ,72,129,201,37310,21926,59236
00115100,SAN DIEGO STATE UNIVERSITY              ,CA,92182-1690,Public       ,111,174,285,64480,22957,87437
00115300,CALIF STATE UNIV-NORTHRIDGE             ,CA,91330-8307,Public       ,77,122,199,50218,25439,75657
00115400,SAN FRANCISCO STATE UNIVERSITY          ,CA,94132-1740,Public       ,65,99,164,42049,18921,60970
00115500,SAN JOSE STATE UNIVERSITY               ,CA,95192-0036,Public       ,47,101,148,36564,18332,54896
00115600,SONOMA STATE UNIVERSITY                 ,CA,94928-3609,Public       ,12,14,26,15024,4096,19120
00115700,CALIF STATE UNIV-STANISLAUS             ,CA,95382-0299,Public       ,28,56,84,11580,6973,18553
00116100,CERRITOS COLLEGE                        ,CA,90650-6296,Public       ,160,340,500,17613,15518,33131
00116200,CHABOT COLLEGE                          ,CA,94545-2400,Public       ,65,180,245,6732,7728,14460
00116300,CHAFFEY COLLEGE                         ,CA,91737-9400,Public       ,134,278,412,16206,17133,33339
00116400,CHAPMAN UNIVERSITY                      ,CA,92866-1099,Private      ,6,48,54,12667,4619,17286
00116500,CHURCH DIV SCH OF THE PACIFIC           ,CA,94709-0000,Private      ,0,1,1,2,85,87
00116600,CITRUS COLLEGE                          ,CA,91741-1899,Public       ,139,206,345,10556,8539,19095
00116900,CLAREMONT GRADUATE UNIVERSITY           ,CA,91711-0000,Private      ,3,19,22,36,1802,1838
00117000,CLAREMONT MCKENNA COLLEGE               ,CA,91711-6400,Private      ,1,3,4,3826,233,4059
00117100,HARVEY MUDD COLLEGE                     ,CA,91711-5990,Private      ,0,1,1,2815,104,2919
00117200,PITZER COLLEGE                          ,CA,91711-6101,Private      ,0,0,0,2674,208,2882
00117300,POMONA COLLEGE                          ,CA,91711-6301,Private      ,3,1,4,4805,310,5115
00117400,SCRIPPS COLLEGE                         ,CA,91711-3948,Private      ,0,4,4,2018,150,2168
00117600,WEST HILLS COMMUNITY COLLEGE            ,CA,93210-1399,Public       ,13,52,65,1627,1537,3164
00117700,COGSWELL POLYTECHNICAL COLLEGE          ,CA,94089-0000,Proprietary  ,1,5,6,626,252,878
00117800,COLLEGE OF MARIN                        ,CA,94904-2590,Public       ,17,19,36,1175,1932,3107
00117801,COLG OF MARIN-INDIAN VALLEY CMPS        ,CA,94949-0000,Public       ,4,7,11,353,660,1013
00117900,NOTRE DAME DE NAMUR UNIVERSITY          ,CA,94002-1997,Private      ,0,17,17,1535,1318,2853
00118100,COLLEGE OF SAN MATEO                    ,CA,94402-3784,Public       ,49,75,124,3714,3101,6815
00118200,COLLEGE OF THE DESERT                   ,CA,92260-9305,Public       ,59,183,242,6763,7460,14223
00118300,HOLY NAMES UNIVERSITY                   ,CA,94619-1699,Private      ,2,8,10,938,915,1853
00118500,COLLEGE OF THE REDWOODS                 ,CA,95501-9300,Public       ,9,69,78,2669,4026,6695
00118600,COLLEGE OF THE SEQUOIAS                 ,CA,93277-2234,Public       ,113,166,279,7653,7821,15474
00118700,COLLEGE OF THE SISKIYOUS                ,CA,96094-2899,Public       ,10,42,52,1021,1182,2203
00118701,COLLEGE OF THE SISKIYOUS - YREKA CENTER ,CA,96097-9538,Public       ,4,11,15,143,367,510
00119000,CONTRA COSTA COLLEGE                    ,CA,94806-3195,Public       ,30,96,126,2633,3945,6578
00119100,DIABLO VALLEY COLLEGE                   ,CA,94523-1544,Public       ,70,158,228,7111,7088,14199
00119200,CUESTA COLLEGE                          ,CA,93403-8106,Public       ,50,125,175,4670,4526,9196
00119300,CYPRESS COLLEGE                         ,CA,90630-5897,Public       ,78,185,263,12019,10114,22133
00119600,DOMINICAN UNIVERSITY OF CALIFORNIA      ,CA,94901-2298,Private      ,3,7,10,2589,1213,3802
00119700,EL CAMINO COLLEGE                       ,CA,90506-0002,Public       ,157,301,458,16625,14555,31180
00119701,COMPTON COMMUNITY COLLEGE               ,CA,90221-5393,Public       ,60,181,241,4046,6349,10395
00119900,FOOTHILL COLLEGE                        ,CA,94022-4597,Public       ,43,105,148,4518,5295,9813
00120000,FULLER THEOLOGICAL SEMINARY             ,CA,91182-0000,Private      ,0,22,22,15,2327,2342
00120100,FULLERTON COLLEGE                       ,CA,92832-2095,Public       ,141,212,353,16520,11436,27956
00120200,GAVILAN COLLEGE                         ,CA,95020-9599,Public       ,57,60,117,2291,2394,4685
00120300,GLENDALE COMMUNITY COLLEGE              ,CA,91208-2894,Public       ,140,182,322,10502,10454,20956
00120500,GOLDEN GATE UNIVERSITY                  ,CA,94105-2967,Private      ,3,45,48,261,2760,3021
00120600,GOLDEN WEST COLLEGE                     ,CA,92647-2748,Public       ,41,137,178,9836,8535,18371
00120700,GRADUATE THEOLOGICAL UNION              ,CA,94709-0000,Private      ,0,0,0,1,241,242
00120800,GROSSMONT COLLEGE                       ,CA,92020-1799,Public       ,152,300,452,10758,12790,23548
00120900,HARTNELL COMMUNITY COLLEGE              ,CA,93901-1697,Public       ,120,132,252,4952,4006,8958
00121200,HUMPHREYS COLLEGE                       ,CA,95207-3896,Private      ,3,11,14,305,1058,1363
00121400,IMPERIAL VALLEY COLLEGE                 ,CA,92251-9787,Public       ,219,152,371,5503,4750,10253
00121500,LA SIERRA UNIVERSITY                    ,CA,92515-3332,Private      ,12,21,33,3741,1656,5397
00121600,UNIVERSITY OF LA VERNE                  ,CA,91750-4443,Private      ,9,191,200,6304,7722,14026
00121700,LASSEN COLLEGE                          ,CA,96130-3000,Public       ,7,18,25,575,654,1229
00121800,LOMA LINDA UNIVERSITY                   ,CA,92350-0001,Private      ,6,41,47,1305,5912,7217
00121900,LONG BEACH CITY COLLEGE                 ,CA,90808-1780,Public       ,191,471,662,19502,18279,37781
00122000,MASTER'S COLLEGE & SEMINARY (THE)       ,CA,91321-1200,Private      ,3,6,9,1349,532,1881
00122300,LOS ANGELES CITY COLLEGE                ,CA,90029-3588,Public       ,117,361,478,10936,18741,29677
00122400,LOS ANGELES HARBOR COLLEGE              ,CA,90744-2397,Public       ,56,122,178,4987,6232,11219
00122600,LOS ANGELES PIERCE COLLEGE              ,CA,91371-0001,Public       ,295,316,611,13907,14010,27917
00122700,LOS ANGELES TRADE TECH COLLEGE          ,CA,90015-4181,Public       ,146,470,616,7968,16980,24948
00122800,LOS ANGELES VALLEY COLLEGE              ,CA,91401-4096,Public       ,139,255,394,10032,13267,23299
00122900,SO CA UNIV  HEALTH SCIENCES             ,CA,90604-4051,Private      ,2,18,20,54,819,873
00123000,MARSHALL B. KETCHUM UNIVERSITY          ,CA,92831-1699,Private      ,0,2,2,14,644,658
00123200,AMERICAN RIVER COLLEGE                  ,CA,95841-4286,Public       ,133,468,601,15214,23828,39042
00123300,SACRAMENTO CITY COLLEGE                 ,CA,95822-1386,Public       ,110,357,467,15007,18487,33494
00123600,MENLO COLLEGE                           ,CA,94027-4301,Private      ,0,3,3,1190,202,1392
00123700,MERCED COMMUNITY COLLEGE                ,CA,95348-2898,Public       ,110,181,291,7144,6888,14032
00123800,MILLS COLLEGE                           ,CA,94613-1301,Private      ,1,8,9,1462,1783,3245
00123900,MIRACOSTA COLLEGE                       ,CA,92056-3899,Public       ,91,265,356,6329,9627,15956
00124000,MODESTO JUNIOR COLLEGE                  ,CA,95350-5800,Public       ,112,352,464,11276,13695,24971
00124200,MONTEREY PENINSULA COLLEGE              ,CA,93940-4799,Public       ,51,95,146,3498,3527,7025
00124300,MOUNT ST MARYS COLLEGE                  ,CA,90049-1599,Private      ,7,47,54,3690,2995,6685
00124500,MT. SAN ANTONIO COLLEGE                 ,CA,91789-1399,Public       ,92,265,357,21480,18150,39630
00124600,MT SAN JACINTO COLLEGE                  ,CA,92583-2399,Public       ,126,381,507,10629,14704,25333
00124700,NAPA VALLEY COLLEGE                     ,CA,94558-6236,Public       ,22,56,78,3238,3185,6423
00124900,OCCIDENTAL COLLEGE                      ,CA,90041-3314,Private      ,1,1,2,5001,386,5387
00125000,ORANGE COAST COLLEGE - FIN AID OFF      ,CA,92628-5005,Public       ,96,212,308,14825,12456,27281
00125100,OTIS COLLEGE OF ART AND DESIGN          ,CA,90045-3505,Private      ,0,10,10,1936,868,2804
00125200,HOPE INTERNATIONAL UNIVERSITY           ,CA,92631-0000,Private      ,2,11,13,973,1093,2066
00125300,FRESNO PACIFIC UNIVERSITY               ,CA,93702-4798,Private      ,12,96,108,2563,4766,7329
00125500,PACIFIC OAKS COLLEGE                    ,CA,91103-3606,Private      ,1,26,27,66,1789,1855
00125600,PACIFIC SCHOOL OF RELIGION              ,CA,94709-0000,Private      ,0,0,0,3,172,175
00125800,PACIFIC UNION COLLEGE                   ,CA,94508-9797,Private      ,4,5,9,2023,592,2615
00125900,PALO VERDE COLLEGE                      ,CA,92225-0000,Public       ,0,16,16,307,630,937
00126000,PALOMAR COLLEGE                         ,CA,92069-1486,Public       ,93,316,409,11200,11839,23039
00126100,PASADENA CITY COLLEGE                   ,CA,91106-2003,Public       ,188,386,574,19961,15667,35628
00126200,POINT LOMA NAZARENE UNIVERSITY          ,CA,92106-2899,Private      ,11,120,131,4536,2178,6714
00126600,LANEY COLLEGE                           ,CA,94607-4893,Public       ,76,223,299,4508,9292,13800
00126700,MERRITT COLLEGE                         ,CA,94619-3196,Public       ,37,158,195,2827,5993,8820
00126800,PORTERVILLE COLLEGE                     ,CA,93257-6059,Public       ,31,68,99,2518,2582,5100
00126900,RIO HONDO COLLEGE                       ,CA,90601-1699,Public       ,173,288,461,12855,10256,23111
00127000,RIVERSIDE CITY COLLEGE                  ,CA,92506-1299,Public       ,158,358,516,20808,19791,40599
00127200,SAN BERNARDINO VALLEY COLLEGE           ,CA,92410-2798,Public       ,129,436,565,10785,16010,26795
00127300,SAN DIEGO CITY COLLEGE                  ,CA,92101-4787,Public       ,179,565,744,12465,19285,31750
00127500,SAN DIEGO MESA COLLEGE                  ,CA,92111-4996,Public       ,156,453,609,13660,17360,31020
00127800,SAN FRANCISCO CONSERVATORY OF MUSIC     ,CA,94122-4498,Private      ,0,5,5,310,387,697
00127900,SAN FRANCISCO THEOLOGICAL SEMINARY      ,CA,94960-0000,Private      ,0,0,0,11,72,83
00128000,SAN JOAQUIN DELTA COLLEGE               ,CA,95207-6370,Public       ,246,452,698,11029,13192,24221
00128100,WILLIAM JESSUP UNIVERSITY               ,CA,95765-3707,Private      ,2,25,27,1320,800,2120
00128200,SAN JOSE CITY COLLEGE                   ,CA,95128-2797,Public       ,35,136,171,5277,7167,12444
00128400,SANTA ANA COLLEGE                       ,CA,92706-3398,Public       ,58,171,229,9997,9347,19344
00128500,SANTA BARBARA CITY COLLEGE              ,CA,93109-2394,Public       ,83,206,289,9855,6923,16778
00128600,SANTA MONICA COLLEGE                    ,CA,90405-1644,Public       ,166,279,445,21155,15082,36237
00128700,SANTA ROSA JUNIOR COLLEGE               ,CA,95401-4395,Public       ,52,127,179,6836,7715,14551
00128800,CLAREMONT SCHOOL OF THEOLOGY            ,CA,91711-0000,Private      ,0,1,1,8,315,323
00128900,SHASTA COLLEGE                          ,CA,96049-7692,Public       ,22,157,179,3896,5977,9873
00129000,SIERRA COLLEGE                          ,CA,95677-3397,Public       ,118,293,411,9521,11104,20625
00129100,SIMPSON UNIVERSITY                      ,CA,96003-8606,Private      ,0,25,25,1221,1238,2459
00129200,SOLANO COMMUNITY COLLEGE                ,CA,94534-3197,Public       ,51,193,244,4205,6387,10592
00129300,VANGUARD UNIVERSITY OF SOUTHERN CA      ,CA,92626-6597,Private      ,6,24,30,2315,1282,3597
00129400,SOUTHWESTERN COLLEGE                    ,CA,91910-7299,Public       ,84,194,278,11253,10403,21656
00129500,SOUTHWESTERN LAW SCHOOL                 ,CA,90010-1106,Private      ,1,11,12,66,2084,2150
00129600,DOMINICAN SCH PHILOSOPHY & THEOLOGY     ,CA,94709-0000,Private      ,0,0,0,4,38,42
00129900,ST JOHN'S SEMINARY COLLEGE              ,CA,93010-0000,Private      ,0,0,0,3,8,11
00130200,SAINT MARY'S COLLEGE OF CALIFORNIA      ,CA,94556-2744,Private      ,2,25,27,5171,1715,6886
00130500,STANFORD UNIVERSITY                     ,CA,94305-6106,Private      ,21,39,60,27480,3539,31019
00130501,STANFORD UNIVERSITY - SCHOOL OF MEDICINE,CA,94305-5404,Private      ,2,6,8,281,925,1206
00130502,STANFORD UNIVERSITY - GRADUATE SCHOOL OF,CA,94305-7298,Private      ,0,27,27,97,2485,2582
00130503,STANFORD UNIVERSITY - STANFORD LAW SCHOO,CA,94305-8610,Private      ,2,2,4,200,2129,2329
00130700,FRESNO CITY COLLEGE                     ,CA,93741-0002,Public       ,229,460,689,17779,20045,37824
00130800,REEDLEY COLLEGE                         ,CA,93654-2099,Public       ,78,149,227,8219,6697,14916
00130900,TAFT COLLEGE                            ,CA,93268-2317,Public       ,24,74,98,2101,2207,4308
00131200,"UNIVERSITY OF CALIFORNIA, BERKELEY      ",CA,94720-1520,Public       ,410,166,576,64445,20188,84633
00131300,UNIVERSITY OF CALIFORNIA-DAVIS          ,CA,95616-8558,Public       ,71,68,139,59704,15956,75660
00131400,UNIVERSITY OF CALIFORNIA-IRVINE         ,CA,92697-2825,Public       ,409,164,573,67362,15332,82694
00131500,UNIVERSITY OF CALIFORNIA (UCLA)         ,CA,90095-9000,Public       ,132,207,339,81721,27861,109582
00131502,UNIV OF CALIFORNIA LOS ANG SCH MED      ,CA,90095-0000,Public       ,0,4,4,287,1081,1368
00131503,UNIV OF CALIFORNIA LOS ANG DENTAL       ,CA,90095-0000,Public       ,2,4,6,122,219,341
00131600,UNIVERSITY OF CALIFORNIA-RIVERSIDE      ,CA,92521-0209,Public       ,61,93,154,45146,10924,56070
00131700,UNIVERSITY OF CALIFORNIA-SAN DIEGO      ,CA,92093-0013,Public       ,96,71,167,59800,11880,71680
00131900,UNIVERSITY OF CALIFORNIA-SFRANCISCO     ,CA,94143-0246,Public       ,4,23,27,1705,4583,6288
00132000,UNIVERSITY OF CALIFORNIA-SANTA BARB     ,CA,93106-3180,Public       ,323,67,390,58304,7929,66233
00132100,UNIVERSITY OF CALIFORNIA-SANTA CRUZ     ,CA,95064-0001,Public       ,132,48,180,41898,5988,47886
00132200,UNIVERSITY OF REDLANDS                  ,CA,92373-0999,Private      ,3,101,104,5681,4055,9736
00132500,UNIVERSITY OF SAN FRANCISCO             ,CA,94117-1080,Private      ,13,128,141,13288,8139,21427
00132600,SANTA CLARA UNIVERSITY                  ,CA,95053-4956,Private      ,12,25,37,11155,3194,14349
00132604,JESUIT SCHOOL OF THEOLOGY - BERKELEY    ,CA,94709-1193,Private      ,0,0,0,1,60,61
00132800,UNIVERSITY OF SOUTHERN CALIFORNIA       ,CA,90089-0914,Private      ,39,280,319,45056,30262,75318
00132900,UNIVERSITY OF THE PACIFIC               ,CA,95211-0197,Private      ,10,28,38,9340,3510,12850
00132901,UNIVERSITY OF THE PACIFIC - MCGEORGE SCH,CA,95817-2799,Private      ,0,9,9,177,1211,1388
00132902,UNIVERSITY OF THE PACIFIC - DENTAL SCHOO,CA,94103-2919,Private      ,0,3,3,61,650,711
00133400,VENTURA COLLEGE                         ,CA,93003-3899,Public       ,90,214,304,7083,6537,13620
00133500,VICTOR VALLEY COLLEGE                   ,CA,92395-5849,Public       ,208,408,616,8324,12009,20333
00133800,WEST VALLEY COLLEGE                     ,CA,95070-5697,Public       ,20,52,72,3076,2983,6059
00134100,WESTMONT COLLEGE                        ,CA,93108-1099,Private      ,7,1,8,2602,167,2769
00134200,WHITTIER COLLEGE                        ,CA,90601-0000,Private      ,3,7,10,4255,667,4922
00134201,WHITTIER COLLEGE - COLLEGE OF LAW       ,CA,92626-1501,Private      ,1,6,7,40,1056,1096
00134300,WOODBURY UNIVERSITY                     ,CA,91510-7846,Private      ,4,9,13,1281,878,2159
00134400,YUBA COLLEGE                            ,CA,95901-7699,Public       ,155,136,291,4203,5574,9777
00177212,TRINITY INTERNATIONAL UNIV-CA           ,CA,92705-0000,Private      ,0,3,3,6,313,319
00188100,ASHFORD UNIVERSITY                      ,CA,92123-1406,Proprietary  ,318,7385,7703,2798,97617,100415
00274100,AMERICAN JEWISH UNIVERSITY              ,CA,90077-1599,Private      ,0,1,1,77,151,228
00301002,ANTIOCH UNIV/LOS ANGELES                ,CA,90230-7615,Private      ,0,18,18,59,1169,1228
00301003,ANTIOCH  UNIV/SANTA BARBARA             ,CA,93101-0000,Private      ,4,8,12,683,627,1310
00369110,MIDDLEBURY COLLEGE - MONTEREY INSTITUTE ,CA,93940-2691,Private      ,1,4,5,39,894,933
00394700,UC-HASTINGS COLLEGE OF THE LAW          ,CA,94102-0000,Public       ,0,5,5,38,2555,2593
00394800,SAN FRANCISCO ART INSTITUTE             ,CA,94133-2299,Private      ,5,16,21,1508,1099,2607
00408000,STARR KING SCHOOL FOR THE MINISTRY      ,CA,94709-1299,Private      ,0,0,0,1,88,89
00448000,DE ANZA COLLEGE                         ,CA,95014-5793,Public       ,86,155,241,10610,8184,18794
00448100,OHLONE COLLEGE                          ,CA,94539-5847,Public       ,48,81,129,3969,3627,7596
00448400,JOHN F. KENNEDY UNIVERSITY              ,CA,94523-4817,Private      ,2,19,21,45,1372,1417
00449400,EVEREST COLLEGE                         ,CA,92408-3752,Proprietary  ,0,0,0,246,395,641
00449401,EVEREST COLLEGE - SANTA ANA             ,CA,92701-4559,Proprietary  ,0,0,0,145,245,390
00449402,EVEREST COLLEGE - ONTARIO               ,CA,91761-8525,Proprietary  ,0,0,0,150,450,600
00450200,CITY COLLEGE OF SAN FRANCISCO           ,CA,94112-0000,Public       ,101,341,442,8406,13919,22325
00563800,DOWNEY ADULT SCHOOL                     ,CA,90241-5610,Public       ,2,31,33,330,1005,1335
00565500,HACIENDA LA PUENTE ADULT EDUC CTR       ,CA,91746-0000,Public       ,6,12,18,270,719,989
00616500,LA CNTY CLG OF NURSING & ALLD HLTH      ,CA,90033-1018,Public       ,2,11,13,202,689,891
00672000,COLLEGE OF ALAMEDA                      ,CA,94501-2109,Public       ,55,131,186,2886,4461,7347
00673100,CASA LOMA COLLEGE                       ,CA,91405-4523,Private      ,0,3,3,183,609,792
00697300,CANADA COLLEGE                          ,CA,94061-1099,Public       ,21,47,68,1554,2226,3780
00697500,LINCOLN UNIVERSITY                      ,CA,94612-2801,Private      ,0,2,2,49,177,226
00701200,SAMUEL MERRITT COLLEGE                  ,CA,94609-3108,Private      ,2,47,49,404,2922,3326
00704700,LOS ANGELES SOUTHWEST COLLEGE           ,CA,90047-4810,Public       ,40,241,281,3967,9124,13091
00705000,BELLUS ACADEMY                          ,CA,91950-3616,Proprietary  ,5,22,27,148,275,423
00711500,MOORPARK COLLEGE                        ,CA,93021-1695,Public       ,104,164,268,6824,5269,12093
00713000,NEWBERRY SCHOOLS OF BEAUTY              ,CA,91344-7404,Proprietary  ,3,23,26,85,159,244
00714200,LYLE'S COLLEGE OF BEAUTY                ,CA,93710-3948,Proprietary  ,4,15,19,104,214,318
00716400,BRYAN COLLEGE                           ,CA,90057-0000,Proprietary  ,38,434,472,306,3592,3898
00718700,NORTH ADRIAN'S COLLEGE OF BEAUTY        ,CA,95350-2381,Proprietary  ,9,30,39,127,279,406
00719000,WYOTECH                                 ,CA,94539-7663,Proprietary  ,0,0,0,144,172,316
00720300,SALON SUCCESS ACADEMY                   ,CA,91786-4060,Proprietary  ,10,24,34,115,211,326
00720400,MODERN BEAUTY ACADEMY                   ,CA,93030-7016,Proprietary  ,1,4,5,46,90,136
00720900,REDONDO BEACH BEAUTY COLLEGE            ,CA,90278-3111,Proprietary  ,1,5,6,18,57,75
00723400,HEALD COLLEGE                           ,CA,94105-2206,Proprietary  ,0,0,0,206,519,725
00723404,HEALD COLLEGE - CONCORD                 ,CA,94520-0000,Proprietary  ,0,0,0,351,822,1173
00723405,HEALD COLLEGE - MILPITAS                ,CA,95035-8008,Proprietary  ,0,0,0,321,783,1104
00723406,HEALD COLLEGE - HAYWARD                 ,CA,94545-2352,Proprietary  ,0,0,0,374,694,1068
00723407,HEALD COLLEGE - MODESTO                 ,CA,95368-9095,Proprietary  ,0,0,0,415,571,986
00723408,HEALD COLLEGE - ROSEVILLE               ,CA,95678-5303,Proprietary  ,0,0,0,293,792,1085
00723409,HEALD COLLEGE - SALINAS                 ,CA,93906-5100,Proprietary  ,0,0,0,306,463,769
00723410,HEALD COLLEGE - STOCKTON                ,CA,95210-5667,Proprietary  ,0,0,0,495,901,1396
00723411,HEALD COLLEGE - RANCHO CORDOVA          ,CA,95670-6005,Proprietary  ,0,0,0,208,655,863
00723412,HEALD COLLEGE - FRESNO                  ,CA,93704-1706,Proprietary  ,0,0,0,661,1117,1778
00725300,FEDERICO BEAUTY INSTITUTE               ,CA,95834-1905,Proprietary  ,8,17,25,301,525,826
00729600,COLEMAN COLLEGE                         ,CA,92123-0000,Private      ,1,20,21,194,694,888
00732909,ITT TECHNICAL INSTITUTE                 ,CA,92868-3506,Proprietary  ,20,105,125,585,2363,2948
00732971,ITT TECHNICAL INSTITUTE                 ,CA,95670-6047,Proprietary  ,19,128,147,408,2079,2487
00732976,ITT TECHNICAL INSTITUTE                 ,CA,92408-3519,Proprietary  ,46,202,248,942,3095,4037
00732981,ITT TECHNICAL INSTITUTE                 ,CA,92123-2662,Proprietary  ,33,126,159,718,2844,3562
00732985,ITT TECHNICAL INSTITUTE                 ,CA,91773-2933,Proprietary  ,19,65,84,376,1598,1974
00732989,ITT TECHNICAL INSTITUTE                 ,CA,90502-1356,Proprietary  ,15,99,114,408,1945,2353
00732994,ITT TECHNICAL INSTITUTE                 ,CA,91342-3664,Proprietary  ,19,106,125,473,1764,2237
00746901,HUSSIAN SCHOOL OF ART-RELATIVITY CAMPUS ,CA,90017-2019,Proprietary  ,0,1,1,126,34,160
00747600,MARINELLO SCHOOLS OF BEAUTY             ,CA,90023-2666,Proprietary  ,0,3,3,277,485,762
00747602,MARINELLO SCHOOLS OF BEAUTY - SPA ACADEM,CA,90048-5101,Proprietary  ,0,2,2,106,211,317
00747603,MARINELLO SCHOOLS OF BEAUTY - INGLEWOOD ,CA,90301-2306,Proprietary  ,0,1,1,120,220,340
00747604,MARINELLO SCHOOLS OF BEAUTY - RESEDA    ,CA,91335-4218,Proprietary  ,0,0,0,50,67,117
00747606,MARINELLO SCHOOLS OF BEAUTY - WEST COVIN,CA,91790-2805,Proprietary  ,0,0,0,84,144,228
00747607,MARINELLO SCHOOLS OF BEAUTY - SAN BERNAR,CA,92410-3261,Proprietary  ,0,5,5,189,364,553
00747608,MARINELLO SCHOOLS OF BEAUTY - ONTARIO   ,CA,91762-2113,Proprietary  ,0,2,2,145,291,436
00747609,MARINELLO SCHOOLS OF BEAUTY - WHITTIER  ,CA,90601-4107,Proprietary  ,0,2,2,91,142,233
00747610,MARINELLO SCHOOLS OF BEAUTY - LOMITA    ,CA,90717-1460,Proprietary  ,0,0,0,48,135,183
00747611,MARINELLO SCHOOLS OF BEAUTY - SAN DIEGO ,CA,92126-4217,Proprietary  ,1,2,3,192,386,578
00747612,MARINELLO SCHOOLS OF BEAUTY - EL CAJON  ,CA,92020-2503,Proprietary  ,0,0,0,93,211,304
00747613,MARINELLO SCHOOLS OF BEAUTY - VICTORVILL,CA,92392-5496,Proprietary  ,2,1,3,144,329,473
00747614,MARINELLO SCHOOLS OF BEAUTY - ANAHEIM   ,CA,92801-4622,Proprietary  ,1,0,1,139,191,330
00747615,MARINELLO SCHOOLS OF BEAUTY - SIMI VALLE,CA,93065-2801,Proprietary  ,0,1,1,26,39,65
00753100,ACADEMY OF ART UNIVERSITY               ,CA,94105-3410,Proprietary  ,150,344,494,6584,10599,17183
00753600,COSUMNES RIVER COLLEGE                  ,CA,95823-5799,Public       ,82,245,327,9980,11883,21863
00754802,WESTWOOD COLLEGE OF TECHNOLOGY          ,CA,92801-0000,Proprietary  ,0,2,2,381,471,852
00754803,WESTWOOD COLLEGE OF TECHNOLOGY          ,CA,91786-0000,Proprietary  ,0,1,1,528,668,1196
00760700,CONCORDE CAREER INSTITUTE               ,CA,91606-3134,Proprietary  ,25,39,64,409,788,1197
00770700,COLUMBIA COLLEGE                        ,CA,95370-8580,Public       ,15,38,53,1277,1652,2929
00771300,SKYLINE COLLEGE                         ,CA,94066-1698,Public       ,52,92,144,4031,3841,7872
00793000,CONCORDE CAREER INSTITUTE               ,CA,92108-0000,Proprietary  ,8,32,40,302,1081,1383
00799300,CALIF STATE UNIV BAKERSFIELD            ,CA,93311-1022,Public       ,42,97,139,12602,7983,20585
00807100,CONCORDE CAREER INSTITUTE               ,CA,92840-9201,Proprietary  ,16,42,58,266,848,1114
00807300,BUTTE COMMUNITY COLLEGE                 ,CA,95965-0000,Public       ,36,100,136,7472,8420,15892
00809000,EVEREST COLLEGE                         ,CA,91803-1310,Proprietary  ,0,0,0,90,141,231
00853700,CONCORDE CAREER INSTITUTE               ,CA,92401-0000,Proprietary  ,23,37,60,447,1036,1483
00859600,WEST LOS ANGELES COLLEGE                ,CA,90230-3500,Public       ,73,277,350,5686,9633,15319
00859700,FEATHER RIVER COLLEGE                   ,CA,95971-9124,Public       ,5,17,22,741,530,1271
00884400,CALIFORNIA CHRISTIAN COLLEGE            ,CA,93703-3599,Private      ,1,1,2,84,152,236
00884600,WRIGHT INSTITUTE                        ,CA,94704-0000,Private      ,0,2,2,3,523,526
00890300,COLLEGE OF THE CANYONS                  ,CA,91355-1899,Public       ,113,178,291,9554,7616,17170
00891800,SADDLEBACK COLLEGE                      ,CA,92692-3699,Public       ,89,218,307,6679,8302,14981
00902200,ASSOCIATED TECHNICAL COLLEGE            ,CA,90017-0000,Proprietary  ,16,63,79,170,604,774
00903200,EMPIRE COLLEGE                          ,CA,95403-2122,Proprietary  ,7,32,39,166,578,744
00927200,CRAFTON HILLS COLLEGE                   ,CA,92399-1799,Public       ,49,125,174,4540,4926,9466
00950900,SKILLS & BUSINESS EDUCATION CENTER      ,CA,95824-1529,Public       ,5,31,36,305,984,1289
00974800,CARRINGTON COLLEGE                      ,CA,95826-3203,Proprietary  ,117,279,396,3010,6547,9557
00974801,CARRINGTON COLLEGE  - SAN LEANDRO CAMPUS,CA,94578-3711,Proprietary  ,0,0,0,6,28,34
00974802,CARRINGTON COLLEGE  - PLEASANT HILL CAMP,CA,94523-1984,Proprietary  ,0,0,0,10,29,39
00974803,CARRINGTON COLLEGE  - STOCKTON          ,CA,95207-5509,Proprietary  ,0,0,0,26,38,64
00974804,CARRINGTON COLLEGE  - CITRUS HEIGHTS    ,CA,95621-5577,Proprietary  ,0,0,0,14,16,30
00974807,CARRINGTON COLLEGE  - SAN JOSE          ,CA,95119-1325,Proprietary  ,0,0,0,42,59,101
00998900,SANTA BARBARA BUSINESS COLLEGE          ,CA,93111-0000,Proprietary  ,9,37,46,318,690,1008
01011100,CERRO-COSO COMMUNITY COLLEGE            ,CA,93555-9571,Public       ,23,141,164,957,2709,3666
01014900,PEPPERDINE UNIVERSITY                   ,CA,90263-0000,Private      ,11,100,111,8845,6537,15382
01034000,LOS MEDANOS COLLEGE                     ,CA,94565-5197,Public       ,68,122,190,4094,5163,9257
01036500,CHARLES R DREW UNIV OF MED & SCI        ,CA,90059-0000,Private      ,0,14,14,127,1072,1199
01039500,UNIVERSITY OF SAN DIEGO                 ,CA,92110-2492,Private      ,28,93,121,17748,6767,24515
01039501,UNIVERSITY OF SAN DIEGO - SCHOOL OF LAW ,CA,92110-2492,Private      ,3,13,16,202,2388,2590
01044100,PARDEE RAND GRADUATE SCHOOL             ,CA,90407-2138,Private      ,0,1,1,2,33,35
01047400,MARYMOUNT CALIFORNIA UNIVERSITY         ,CA,90274-6299,Private      ,3,4,7,1086,300,1386
01085400,THOMAS JEFFERSON SCHOOL OF LAW          ,CA,92110-0000,Private      ,1,11,12,28,1285,1313
01110700,EVEREST  COLLEGE                        ,CA,92801-5231,Proprietary  ,0,0,0,187,261,448
01110900,EVEREST COLLEGE                         ,CA,91335-4631,Proprietary  ,0,0,0,88,192,280
01111200,FIDM-FASHION INSTITUTE OF DESIGN        ,CA,90015-1421,Proprietary  ,16,20,36,4594,2067,6661
01111700,ALLIANT INTERNATIONAL UNIVERSITY        ,CA,92131-1799,Proprietary  ,2,43,45,236,2221,2457
01111705,ALLIANT INTERNATIONAL UNIVERSITY - LOS A,CA,91803-1360,Proprietary  ,0,11,11,8,652,660
01111706,ALLIANT INTERNATIONAL UNIVERSITY - SAN F,CA,94133-1221,Proprietary  ,0,5,5,50,710,760
01111707,ALLIANT INTERNATIONAL UNIVERSITY - FRESN,CA,93727-2014,Proprietary  ,0,4,4,60,535,595
01112300,EVEREST COLLEGE                         ,CA,90247-4163,Proprietary  ,0,0,0,75,188,263
01146000,NATIONAL UNIVERSITY                     ,CA,92037-1011,Private      ,35,1218,1253,888,21778,22666
01162600,WESTWOOD COLLEGE - SOUTH BAY            ,CA,90502-1148,Proprietary  ,0,2,2,209,467,676
01164900,LOYOLA MARYMOUNT UNIVERSITY             ,CA,90045-0000,Private      ,21,56,77,13491,3654,17145
01164901,LMU  - LOYOLA LAW SCHOOL                ,CA,90015-0019,Private      ,2,14,16,168,2458,2626
01167200,MENDOCINO COLLEGE                       ,CA,95482-3000,Public       ,14,57,71,1435,2342,3777
01170700,NORTH-WEST COLLEGE                      ,CA,91790-2097,Proprietary  ,22,48,70,377,738,1115
01179200,FRANCISCAN SCHOOL OF THEOLOGY           ,CA,92057-6402,Private      ,0,0,0,0,39,39
01182000,SAN DIEGO MIRAMAR COLLEGE               ,CA,92126-0000,Public       ,115,331,446,6640,10708,17348
01186500,CALIFORNIA HAIR DESIGN ACADEMY          ,CA,92115-0000,Proprietary  ,13,13,26,165,290,455
01186600,LU ROSS ACADEMY                         ,CA,93001-2927,Proprietary  ,10,18,28,197,399,596
01202600,BELLUS ACADEMY                          ,CA,92021-6247,Proprietary  ,5,17,22,117,229,346
01203100,SAN DIEGO CHRISTIAN COLLEGE             ,CA,92019-0000,Private      ,3,15,18,929,843,1772
01215400,CALIFORNIA INSTITUTE OF INTEGRAL STUDIES,CA,94103-2557,Private      ,1,17,18,54,1662,1716
01215403,CALIFORNIA INSTITUTE OF INTEGRAL STUDIES,CA,94107-2813,Private      ,0,10,10,11,167,178
01231600,MANCHESTER BEAUTY COLLEGE               ,CA,93726-5306,Proprietary  ,0,0,0,49,44,93
01231700,TULARE BEAUTY COLLEGE                   ,CA,93274-3432,Proprietary  ,0,0,0,10,9,19
01244600,UNIVERSAL COLLEGE OF BEAUTY             ,CA,90044-0000,Proprietary  ,0,6,6,61,137,198
01245200,EVERGREEN VALLEY COLLEGE                ,CA,95135-1598,Public       ,49,107,156,5525,6167,11692
01255000,LOS ANGELES MISSION COLLEGE             ,CA,91342-3200,Public       ,87,136,223,6180,6732,12912
01265000,MARINELLO SCHOOL OF BEAUTY              ,CA,91502-2828,Proprietary  ,0,3,3,182,351,533
01265001,MARINELLO SCHOOL OF BEAUTY - PALMDALE   ,CA,93550-4686,Proprietary  ,0,2,2,79,128,207
01284200,OXNARD COLLEGE                          ,CA,93030-0000,Public       ,73,178,251,4096,4548,8644
01287200,NORTH-WEST COLLEGE                      ,CA,91768-3199,Proprietary  ,49,103,152,618,1271,1889
01287300,WYOTECH                                 ,CA,90810-3800,Proprietary  ,0,0,0,310,473,783
01287301,WYOTECH - EVEREST  COLLEGE              ,CA,90034-3158,Proprietary  ,0,0,0,86,136,222
01287302,WYOTECH - EVEREST  COLLEGE              ,CA,91746-3412,Proprietary  ,0,0,0,87,147,234
01290700,LAKE TAHOE COMMUNITY COLLEGE            ,CA,96150-4524,Public       ,12,33,45,658,1170,1828
01291200,MTI COLLEGE                             ,CA,95841-0000,Proprietary  ,22,72,94,549,1648,2197
01294200,ROSEMEAD BEAUTY SCHOOL                  ,CA,91770-1639,Proprietary  ,1,12,13,39,305,344
01298400,PROFESSIONAL INSTITUTE OF BEAUTY        ,CA,91731-2613,Proprietary  ,1,5,6,20,106,126
01298500,HAIR CALIFORNIA BEAUTY ACADEMY          ,CA,92867-7127,Proprietary  ,1,2,3,18,75,93
01298900,OCEANSIDE COLLEGE OF BEAUTY             ,CA,92054-5393,Proprietary  ,2,7,9,74,189,263
01301000,LANCASTER BEAUTY SCHOOL                 ,CA,93534-3098,Proprietary  ,6,12,18,106,269,375
01307400,AMERICAN BEAUTY COLLEGE                 ,CA,91790-2906,Proprietary  ,3,6,9,84,122,206
01309500,SALON SUCCESS ACADEMY                   ,CA,92879-0000,Proprietary  ,10,29,39,165,304,469
01310300,CALIFORNIA WESTERN SCHOOL OF LAW        ,CA,92101-0000,Private      ,1,9,10,102,1546,1648
01324000,LYTLE'S REDWOOD EMPIRE BEAUTY CLG       ,CA,95403-0000,Proprietary  ,4,8,12,138,236,374
02054900,MARINELLO SCHOOL OF BEAUTY              ,CA,92630-0000,Proprietary  ,1,0,1,97,207,304
02054902,MARINELLO SCHOOL OF BEAUTY - BAKERSFIELD,CA,93309-5001,Proprietary  ,2,2,4,318,414,732
02054903,MARINELLO SCHOOL OF BEAUTY - VISALIA    ,CA,93277-6228,Proprietary  ,0,3,3,116,143,259
02059800,PARIS BEAUTY COLLEGE                    ,CA,94520-2611,Proprietary  ,0,0,0,43,145,188
02061600,WAYNES COLLEGE OF BEAUTY                ,CA,93906-2830,Proprietary  ,2,4,6,73,121,194
02063500,COASTLINE COMMUNITY COLLEGE             ,CA,92708-0000,Public       ,51,415,466,2727,9467,12194
02064300,SIERRA COLLEGE OF BEAUTY                ,CA,95340-0000,Proprietary  ,2,9,11,82,174,256
02065700,CALIFORNIA BEAUTY COLLEGE               ,CA,95354-0000,Proprietary  ,3,9,12,126,174,300
02070500,CONCORDIA UNIVERSITY                    ,CA,92612-0000,Private      ,7,64,71,3076,3850,6926
02075800,SOUTHERN CA INST OF ARCHITECTURE        ,CA,90013-0000,Private      ,1,4,5,197,412,609
02086400,MARINELLO SCHOOL OF BEAUTY              ,CA,95050-0000,Proprietary  ,0,1,1,63,163,226
02086401,MARINELLO SCHOOL OF BEAUTY - SEASIDE    ,CA,93955-3615,Proprietary  ,0,2,2,84,196,280
02086402,MARINELLO SCHOOL OF BEAUTY - SAN MATEO  ,CA,94401-3801,Proprietary  ,0,1,1,30,74,104
02086403,MARINELLO SCHOOL OF BEAUTY - HAYWARD    ,CA,94541-5111,Proprietary  ,1,0,1,94,207,301
02086404,MARINELLO SCHOOL OF BEAUTY - CASTRO VALL,CA,94546-5506,Proprietary  ,0,0,0,42,75,117
02091200,ELEGANCE INTERNATIONAL                  ,CA,90028-0000,Proprietary  ,16,25,41,286,473,759
02091700,KAPLAN COLLEGE                          ,CA,92123-1509,Proprietary  ,25,95,120,711,2405,3116
02091702,KAPLAN COLLEGE - CHULA VISTA            ,CA,91910-5342,Proprietary  ,13,29,42,272,453,725
02096100,FIELDING GRADUATE UNIVERSITY            ,CA,93105-0000,Private      ,0,25,25,6,1132,1138
02099200,AMERICAN CONSERVATORY THEATER           ,CA,94108-0000,Private      ,0,2,2,75,257,332
02110200,COLUMBIA COLLEGE                        ,CA,91356-0000,Private      ,2,0,2,538,212,750
02110800,CALIFORNIA COLLEGE SAN DIEGO            ,CA,92108-3821,Proprietary  ,45,175,220,2100,3336,5436
02111300,CUYAMACA COLLEGE                        ,CA,92019-0000,Public       ,74,149,223,4950,7585,12535
02119100,MISSION COLLEGE                         ,CA,95054-1897,Public       ,25,67,92,3520,4919,8439
02120600,SAYBROOK GRADUATE SCHOOL                ,CA,94111-1920,Private      ,0,2,2,5,640,645
02120601,SAYBROOK UNIVERSITY -  WESTIN HOTEL     ,CA,94030-3120,Private      ,0,0,0,0,110,110
02120700,SAN JOAQUIN VALLEY COLLEGE              ,CA,93291-0000,Proprietary  ,169,632,801,3074,7234,10308
02125000,CAREER ACADEMY OF BEAUTY                ,CA,92845-0000,Proprietary  ,4,14,18,88,223,311
02128200,"VICTOR VALLEY BEAUTY COLLEGE, INC       ",CA,92392-0000,Proprietary  ,5,16,21,170,296,466
02128300,INSTITUTE FOR BUSINESS & TECHNOLOGY     ,CA,95050-0000,Proprietary  ,9,57,66,199,743,942
02128301,INSTITUTE FOR BUSINESS & TECHNOLOGY - NA,CA,95670-6351,Proprietary  ,8,53,61,80,517,597
02138300,PALO ALTO UNIVERSITY                    ,CA,94304-1337,Private      ,0,7,7,81,1202,1283
02161800,MUSICIANS INSTITUTE                     ,CA,90028-6157,Proprietary  ,8,12,20,965,935,1900
02167800,ESTES INSTITUTE OF COSMETOLOGY          ,CA,93291-0000,Proprietary  ,1,3,4,96,139,235
02178700,CITRUS HEIGHTS BEAUTY COLLEGE           ,CA,95610-1410,Proprietary  ,2,9,11,144,233,377
02179937,WESTERN STATE COLLEGE OF LAW            ,CA,92831-3014,Proprietary  ,0,4,4,27,741,768
02179938,"ART INSTITUTE OF CALIFORNIA, HOLLYWOOD  ",CA,91601-3112,Proprietary  ,8,20,28,1845,1471,3316
02179941,"ART INSTITUTE OF CALIFORNIA, LOS ANGELES",CA,90405-3035,Proprietary  ,6,20,26,2336,1652,3988
02179947,"ART INSTITUTE OF CALIFORNIA, SAN DIEGO  ",CA,92108-4423,Proprietary  ,12,50,62,2299,2481,4780
02185800,MOLER BARBER COLLEGE                    ,CA,94611-0000,Proprietary  ,6,45,51,75,292,367
02188400,SIERRA VALLEY COLLEGE OF COURT REPORTING,CA,93726-0000,Proprietary  ,0,2,2,52,165,217
02208600,MADERA BEAUTY COLLEGE                   ,CA,93637-3519,Proprietary  ,0,0,0,36,24,60
02211000,SALON SUCCESS ACADEMY                   ,CA,92405-0000,Proprietary  ,6,9,15,93,157,250
02220000,COLLEEN O'HARA BEAUTY ACADEMY           ,CA,92701-0000,Proprietary  ,5,6,11,61,70,131
02220200,CALIFORNIA CULINARY ACADEMY             ,CA,94102-3336,Proprietary  ,0,12,12,335,501,836
02221300,MARINELLO SCHOOL OF BEAUTY              ,CA,92553-0000,Proprietary  ,0,1,1,138,245,383
02221303,MARINELLO SCHOOL OF BEAUTY - SAN RAFAEL ,CA,94901-3224,Proprietary  ,0,1,1,36,81,117
02222000,AMERICAN FILM INSTITUTE                 ,CA,90027-0000,Private      ,6,7,13,464,968,1432
02226000,EAST LOS ANGELES COLLEGE                ,CA,91754-0000,Public       ,178,397,575,16543,16405,32948
02228500,LIFE CHIROPRACTIC COLLEGE WEST          ,CA,94545-0000,Private      ,1,6,7,16,654,670
02230900,FREDRICK & CHARLES BEAUTY COLLEGE       ,CA,95501-0000,Proprietary  ,0,4,4,84,148,232
02231900,GEMOLOGICAL INSTITUTE OF AMERICA        ,CA,92008-4698,Private      ,2,11,13,58,412,470
02236400,"THANH LE COLG, SCH OF COSMETOLOGY       ",CA,92840-0000,Proprietary  ,1,15,16,10,73,83
02237200,PHILLIPS GRADUATE INSTITUTE             ,CA,91311-5541,Private      ,0,13,13,10,274,284
02241800,AMERICAN CAREER COLLEGE                 ,CA,90004-0000,Proprietary  ,110,260,370,1974,4483,6457
02242700,BERKELEY CITY COLLEGE                   ,CA,94704-0000,Public       ,53,140,193,4218,5418,9636
02255400,INTERNATIONAL SCHOOL OF COSMETOLOGY     ,CA,90250-0000,Proprietary  ,8,13,21,232,346,578
02258600,AVALON SCHOOL OF COSMETOLOGY            ,CA,94501-4569,Proprietary  ,8,20,28,129,264,393
02262400,YESHIVA OHR ELCHONON CHABAD             ,CA,90046-0000,Private      ,0,0,0,120,2,122
02267600,INSTITUTE OF TRANSPERSONAL PSYCHLGY     ,CA,94303-4624,Proprietary  ,1,4,5,12,286,298
02270600,LIFE PACIFIC COLLEGE                    ,CA,91773-0000,Private      ,1,5,6,506,281,787
02276800,WESTMINSTER SEMINARY CALIFORNIA         ,CA,92027-0000,Private      ,0,0,0,7,141,148
02277400,SOUTH COAST COLLEGE                     ,CA,92868-2616,Proprietary  ,1,10,11,183,449,632
02282300,ALHAMBRA BEAUTY COLLEGE                 ,CA,91802-0000,Proprietary  ,2,13,15,30,123,153
02285100,HILLTOP BEAUTY SCHOOL                   ,CA,94014-0000,Proprietary  ,0,13,13,18,141,159
02298000,DESIGN INSTITUTE OF SAN DIEGO           ,CA,92121-0000,Proprietary  ,0,9,9,183,305,488
02304300,"PLATT COLLEGE, SAN DIEGO                ",CA,92115-0000,Proprietary  ,5,16,21,183,325,508
02306300,KAPLAN COLLEGE                          ,CA,95368-0000,Proprietary  ,22,34,56,283,678,961
02306302,KAPLAN COLLEGE - FRESNO                 ,CA,93612-3802,Proprietary  ,7,21,28,199,447,646
02309500,CLOVIS ADULT EDUC                       ,CA,93611-0000,Public       ,3,16,19,223,561,784
02330500,LAGUNA COLLEGE OF ART AND DESIGN        ,CA,92651-0000,Private      ,2,3,5,854,315,1169
02332800,CENTER FOR EMPLOYMENT TRAINING          ,CA,95110-0000,Private      ,41,132,173,716,2708,3424
02338500,GLENDALE CAREER COLLEGE                 ,CA,91203-1207,Proprietary  ,18,45,63,339,719,1058
02338700,MARINELLO SCHOOL OF BEAUTY              ,CA,94103-1600,Proprietary  ,0,2,2,117,204,321
02338701,MARINELLO SCHOOL OF BEAUTY - CHICO      ,CA,95928-7184,Proprietary  ,0,0,0,113,205,318
02338702,MARINELLO SCHOOL OF BEAUTY - REDDING    ,CA,96001-1023,Proprietary  ,0,2,2,68,215,283
02338703,MARINELLO SCHOOL OF BEAUTY - FRESNO     ,CA,93711-3246,Proprietary  ,1,2,3,180,313,493
02342400,ACADEMY OF RADIO & TV BROADCASTING      ,CA,92647-3809,Proprietary  ,0,3,3,62,176,238
02343400,BELLUS ACADEMY                          ,CA,92064-4633,Proprietary  ,7,35,42,282,596,878
02351900,KAPLAN COLLEGE                          ,CA,95660-5512,Proprietary  ,15,49,64,459,1395,1854
02351901,KAPLAN COLLEGE - BAKERSFIELD            ,CA,93304-0000,Proprietary  ,18,41,59,522,998,1520
02358000,THOMAS AQUINAS COLLEGE                  ,CA,93060-9622,Private      ,0,1,1,388,37,425
02359300,SHASTA BIBLE COLLEGE                    ,CA,96002-0000,Private      ,0,5,5,45,105,150
02482700,WESTERN UNIVERSITY OF HEALTH S          ,CA,91766-1854,Private      ,0,7,7,161,5467,5628
02494800,LOLA BEAUTY COLLEGE                     ,CA,92641-0000,Proprietary  ,3,10,13,32,98,130
02497300,TRINITY COLLEGE                         ,CA,93277-8109,Proprietary  ,13,48,61,259,868,1127
02500000,SAN JOAQUIN COLLEGE OF LAW              ,CA,93612-0000,Private      ,0,1,1,29,295,324
02518400,THE NATIONAL HISPANIC UNIVERSITY        ,CA,95127-0000,Proprietary  ,0,0,0,103,189,292
02519800,AVANCE BEAUTY COLLEGE                   ,CA,92154-0000,Proprietary  ,6,3,9,116,193,309
02520200,CALIFORNIA CAREER SCHOOLS               ,CA,92805-0000,Proprietary  ,2,6,8,57,225,282
02520300,INTERIOR DESIGNERS INSTITUTE            ,CA,92660-0000,Proprietary  ,1,3,4,54,166,220
02520400,ADRIAN'S BEAUTY COLLEGE OF TURLOCK      ,CA,95382-0000,Proprietary  ,7,9,16,100,149,249
02531801,PAUL MITCHELL THE SCHOOL-COSTA MESA     ,CA,92626-3804,Proprietary  ,10,14,24,247,345,592
02531804,PAUL MITCHELL THE SCHOOL - SAN DIEGO    ,CA,92101-0000,Proprietary  ,8,18,26,312,461,773
02537200,PALOMAR INSTITUTE OF COSMETOLOGY        ,CA,92069-0000,Proprietary  ,5,10,15,212,325,537
02539100,KAPLAN COLLEGE                          ,CA,91606-3231,Proprietary  ,37,78,115,453,1133,1586
02539102,KAPLAN COLLEGE -  RIVERSIDE             ,CA,92507-4223,Proprietary  ,10,40,50,385,873,1258
02539500,IRVINE VALLEY COLLEGE                   ,CA,92620-0000,Public       ,90,118,208,7428,5897,13325
02542300,NATIONAL HOLISTIC INSTITUTE             ,CA,94608-0000,Proprietary  ,11,72,83,233,1241,1474
02543400,BROWNSON TECHNICAL SCHOOL               ,CA,92805-0000,Proprietary  ,2,15,17,56,263,319
02545900,HYPNOSIS MOTIVATION INSTITUTE           ,CA,91356-0000,Private      ,0,25,25,6,157,163
02546400,MTI BUSINESS COLLEGE INC                ,CA,95207-0000,Proprietary  ,0,13,13,55,305,360
02549000,KAPLAN COLLEGE                          ,CA,92083-7736,Proprietary  ,31,53,84,418,1121,1539
02549005,KAPLAN COLLEGE -  PALM SPRINGS          ,CA,92262-7011,Proprietary  ,9,28,37,369,595,964
02553500,ASSOCIATED TECHNICAL COLLEGE            ,CA,92101-0000,Proprietary  ,7,48,55,133,456,589
02553600,DIVERSIFIED LANGUAGE INSTITUTE          ,CA,90017-0000,Proprietary  ,5,93,98,80,905,985
02559300,UNITED EDUCATION INSTITUTE              ,CA,90255-2933,Proprietary  ,269,643,912,2031,4827,6858
02559400,INTERCOAST COLLEGES                     ,CA,92868-1656,Proprietary  ,34,206,240,357,2201,2558
02570300,LOS ANGELES ORT TECHNICAL INSTITUTE     ,CA,90048-4904,Private      ,26,126,152,297,1006,1303
02577900,SANTA BARBARA BUSINESS COLLEGE          ,CA,93309-1664,Proprietary  ,25,60,85,493,992,1485
02578000,SANTA BARBARA BUSINESS COLLEGE          ,CA,93454-6943,Proprietary  ,2,9,11,187,374,561
02591600,NORTH-WEST COLLEGE                      ,CA,91101-1744,Proprietary  ,17,24,41,166,351,517
02595600,ASIAN AMERICAN INTERNATIONAL BTY CG     ,CA,92683-4043,Proprietary  ,1,15,16,17,120,137
02596400,SPARTAN COLLEGE OF AERONAUTICS & TECHNOL,CA,90301-2904,Proprietary  ,24,66,90,296,666,962
02597300,SOUTH BAYLO UNIVERSITY                  ,CA,92801-1701,Private      ,0,7,7,9,361,370
02602300,CENTRAL COAST COLLEGE                   ,CA,93901-3301,Proprietary  ,7,19,26,252,403,655
02608900,PINNACLE COLLEGE                        ,CA,91803-8842,Proprietary  ,0,0,0,68,81,149
02608901,PINNACLE COLLEGE - SACRAMENTO           ,CA,95670-6386,Proprietary  ,0,1,1,71,131,202
02609000,EMPERORS COLG OF TRAD ORIENTAL MED      ,CA,90403-5609,Proprietary  ,0,3,3,7,237,244
03010611,VIRGINIA COLLEGE - GOLF ACADEMY OF AMERI,CA,92008-6512,Proprietary  ,0,9,9,34,148,182
03011300,"CALIF STATE UNIV, SAN MARCOS            ",CA,92096-0001,Public       ,73,135,208,18304,9951,28255
03019900,CAPSTONE COLLEGE                        ,CA,91402-0000,Proprietary  ,2,3,5,38,78,116
03025600,DELL'ARTE SCH OF PHYSICAL THEATRE       ,CA,95525-0816,Private      ,0,0,0,4,36,40
03027700,PACIFIC COLLEGE OF ORIENTAL MED         ,CA,92108-4408,Proprietary  ,2,18,20,71,654,725
03029600,POMONA ADULT SCHOOL                     ,CA,91766-0000,Public       ,0,5,5,117,290,407
03031409,INTERNATIONAL ACADEMY OF DESIGN AND TECH,CA,95834-9664,Proprietary  ,1,4,5,121,217,338
03035700,LAS POSITAS COLLEGE                     ,CA,94551-6750,Public       ,32,65,97,3409,2998,6407
03039900,FREMONT COLLEGE                         ,CA,90703-5342,Proprietary  ,10,43,53,361,699,1060
03043900,NEWSCHOOL OF ARCHITECTURE & DESIGN      ,CA,92101-6634,Proprietary  ,1,11,12,308,536,844
03054100,ROYALE COLLEGE OF BEAUTY                ,CA,92590-2525,Proprietary  ,1,8,9,86,161,247
03062300,WESTECH COLLEGE                         ,CA,91764-4988,Proprietary  ,32,79,111,285,754,1039
03062400,MT DIABLO ADULT EDUC LOMA VISTA CTR     ,CA,94518-1122,Public       ,1,7,8,99,284,383
03062700,PLATT COLLEGE                           ,CA,90041-0000,Proprietary  ,27,40,67,592,959,1551
03062701,PLATT COLLEGE                           ,CA,91764-0000,Proprietary  ,10,21,31,393,685,1078
03062702,PLATT COLLEGE - RIVERSIDE               ,CA,92507-0730,Proprietary  ,24,33,57,581,792,1373
03063400,MODERN TECHNOLOGY SCHOOL                ,CA,92708-9821,Proprietary  ,5,9,14,65,176,241
03067400,BALDWIN PARK ADULT SCHOOL               ,CA,91706-4897,Public       ,7,21,28,177,356,533
03067500,INSTITUTE OF TECHNOLOGY                 ,CA,93612-3217,Proprietary  ,34,90,124,585,1728,2313
03069500,SAGE COLLEGE                            ,CA,92557-6720,Proprietary  ,0,6,6,108,706,814
03072300,EVEREST COLLEGE                         ,CA,91761-3222,Proprietary  ,1,6,7,121,326,447
03072700,WESTWOOD COLLEGE - LOS ANGELES          ,CA,90010-1577,Proprietary  ,0,14,14,751,2331,3082
03084700,VENTURA ADULT\CONTINUING EDUCATION      ,CA,93003-7313,Public       ,5,25,30,80,360,440
03094400,MARINELLO SCHOOL OF BEAUTY              ,CA,95841-2909,Proprietary  ,0,3,3,206,415,621
03094401,MARINELLO SCHOOL OF BEAUTY - CONCORD    ,CA,94520-2581,Proprietary  ,0,2,2,92,213,305
03094402,MARINELLO SCHOOL OF BEAUTY- STOCKTON    ,CA,95203-3149,Proprietary  ,0,2,2,134,267,401
03097700,CENTRAL CALIF SCH CONTINUING EDUC       ,CA,93401-6739,Proprietary  ,0,4,4,62,200,262
03098200,YO SAN UNIV TRADITIONAL CHINESE MED     ,CA,90066-1103,Private      ,0,10,10,4,187,191
03108100,SUMMIT COLLEGE                          ,CA,92324-3956,Proprietary  ,27,67,94,460,1222,1682
03109500,DONGGUK  UNIVERSITY LOS ANGELES         ,CA,90020-1765,Private      ,0,3,3,23,130,153
03113300,UEI COLLEGE                             ,CA,93726-5313,Proprietary  ,103,307,410,856,2503,3359
03113600,SOUTHERN CALIFORNIA INST OF TECHNOL     ,CA,92805-3758,Proprietary  ,15,63,78,207,816,1023
03116600,EAST SAN GABRIEL VLY REG OCCUP PROG     ,CA,91790-2105,Public       ,24,34,58,363,496,859
03125300,JOHN WESLEY INTER. BARBER & BTY CLG     ,CA,90813-4321,Proprietary  ,8,12,20,93,254,347
03125800,PREMIERE CAREER COLLEGE                 ,CA,91706-3746,Proprietary  ,13,37,50,120,379,499
03126800,PACIFICA GRADUATE INSTITUTE             ,CA,93013-0000,Proprietary  ,0,16,16,3,963,966
03128700,MT SIERRA COLLEGE                       ,CA,91016-3414,Proprietary  ,1,1,2,268,302,570
03131300,FIVE BRANCHES UNIVERSITY                ,CA,95062-4669,Proprietary  ,1,8,9,17,305,322
03144400,AMERICAN CLG OF HEALTH PROFESSIONS      ,CA,92505-3038,Proprietary  ,14,36,50,280,627,907
03150500,VIRGINIA SEWING MACHINES & SCH CTR      ,CA,90015-3535,Proprietary  ,11,16,27,67,155,222
03162300,FOUR-D SUCCESS ACADEMY                  ,CA,92324-4218,Proprietary  ,0,0,0,105,395,500
03163300,PACIFIC STATES UNIVERSITY               ,CA,90006-0000,Private      ,1,0,1,53,74,127
03195400,EVEREST COLLEGE                         ,CA,90501-2867,Proprietary  ,0,2,2,63,147,210
03210300,LE CORDON BLEU COLLEGE OF CULINARY ARTS ,CA,91101-5221,Proprietary  ,1,14,15,1474,2112,3586
03225300,AMERICAN UNIVERSITY OF HEALTH SCIENCES  ,CA,90755-3612,Proprietary  ,1,8,9,99,421,520
03242300,CAREER NETWORK INSTITUTE                ,CA,92868-4710,Proprietary  ,6,19,25,181,844,1025
03250300,COMMUNITY BASED EDUCATION AND DEVELOPMEN,CA,90010-2722,Private      ,13,35,48,226,567,793
03260300,CALIFORNIA STATE U-MONTEREY BAY         ,CA,93955-8001,Public       ,17,77,94,15553,5184,20737
03266300,BETHESDA UNIVERSITY OF CALIFORNIA       ,CA,92801-4132,Private      ,0,4,4,202,180,382
03278300,CHARTER COLLEGE                         ,CA,91351-5432,Proprietary  ,8,22,30,211,596,807
03288300,ACAD CHINESE CULTURE & HEALTH SCIS      ,CA,94512-0000,Private      ,0,4,4,28,178,206
03299300,PACIFIC COLLEGE                         ,CA,92626-3160,Proprietary  ,9,51,60,134,642,776
03308300,BRISTOL UNIVERSITY                      ,CA,92806-6198,Proprietary  ,0,0,0,177,147,324
03327400,ACUPUNCTURE AND INTEGRATIVE MEDICINE COL,CA,94704-2724,Private      ,0,6,6,34,186,220
03332300,SOUTHERN CA BIBLE CLG & SEMINARY        ,CA,92019-1109,Private      ,0,4,4,12,262,274
03359300,ST. FRANCIS CAREER COLLEGE              ,CA,90262-2659,Proprietary  ,2,24,26,184,346,530
03367300,PROFESSIONAL GOLFERS CAREER COLLEGE     ,CA,92591-6013,Proprietary  ,1,4,5,67,97,164
03395300,INTERNATIONAL CAREER DEVELOPMENT        ,CA,90027-5794,Proprietary  ,3,5,8,734,8379,9113
03399300,NORTHWESTERN TECHNICAL COLLEGE          ,CA,95670-4443,Proprietary  ,0,0,0,14,23,37
03403300,EPIC BIBLE COLLEGE                      ,CA,95841-3546,Private      ,2,10,12,86,456,542
03413400,ENGLISH CENTER  (THE)                   ,CA,94607-3734,Private      ,5,8,13,35,242,277
03427500,UNIVERSITY OF ANTELOPE VALLEY           ,CA,93534-3324,Proprietary  ,18,60,78,683,1197,1880
03440400,MARIAN HEALTH CAREERS CENTER            ,CA,90010-1728,Proprietary  ,3,8,11,88,211,299
03458300,MY LE'S BEAUTY COLLEGE                  ,CA,95824-0000,Proprietary  ,3,10,13,84,242,326
03467300,MARINELLO SCHOOL OF BEAUTY              ,CA,92545-3661,Proprietary  ,0,1,1,82,221,303
03467302,MARINELLO SCHOOL OF BEAUTY - MURRIETA   ,CA,92563-5039,Proprietary  ,0,1,1,112,214,326
03467303,MARINELLO SCHOOL OF BEAUTY - NAPA       ,CA,94559-1237,Proprietary  ,1,2,3,57,117,174
03467304,MARINELLO SCHOOL OF BEAUTY - CITY OF IND,CA,91748-1674,Proprietary  ,0,0,0,43,85,128
03467305,MARINELLO SCHOOL OF BEAUTY - BELL       ,CA,90201-1193,Proprietary  ,0,0,0,61,94,155
03467306,MARINELLO SCHOOL OF BEAUTY - PARAMOUNT  ,CA,90723-5256,Proprietary  ,0,0,0,87,179,266
03467307,MARINELLO SCHOOL OF BEAUTY - HUNTINGTON ,CA,92646-2552,Proprietary  ,0,2,2,62,147,209
03479300,PROFESSIONAL CAREER INSTITUTE           ,CA,90703-2522,Proprietary  ,2,11,13,83,167,250
03516300,KING'S UNIVERSITY (THE)                 ,CA,91405-2233,Private      ,4,9,13,214,635,849
03532400,ADVANCED TRAINING ASSOCIATES            ,CA,92020-1236,Proprietary  ,5,10,15,38,193,231
03542400,COPPER MOUNTAIN COLLEGE                 ,CA,92252-6102,Public       ,17,59,76,838,2242,3080
03577300,COBA ACADEMY                            ,CA,92866-1407,Proprietary  ,1,5,6,30,64,94
03590400,NTMA TRAINING CENTERS OF SOUTHERN C     ,CA,90650-0000,Private      ,9,57,66,152,532,684
03592400,IRELL & MANELLA GRADUATE SCHOOL OF BIOLO,CA,91010-0000,Private      ,0,0,0,4,6,10
03598300,AVALON BEAUTY COLLEGE                   ,CA,93103-3137,Proprietary  ,4,7,11,127,118,245
03614300,DAVID'S ACADEMY OF BEAUTY               ,CA,91780-1089,Proprietary  ,2,9,11,24,91,115
03639300,WEST COAST ULTRASOUND INSTITUTE         ,CA,90211-3312,Proprietary  ,3,12,15,455,1510,1965
03646300,DESIGN'S SCHOOL OF COSMETOLOGY          ,CA,93446-9530,Proprietary  ,2,14,16,104,215,319
03681300,CALIFORNIA HEALING ARTS COLLEGE         ,CA,90025-0000,Proprietary  ,12,24,36,121,375,496
03695300,COMMUNITY ENHANCEMENT SERVICES          ,CA,91502-2750,Private      ,3,27,30,21,195,216
03695700,SANTIAGO CANYON COLLEGE                 ,CA,92869-4512,Public       ,42,51,93,4873,3306,8179
03696300,UNIVERSITY OF THE WEST                  ,CA,91770-3709,Private      ,0,2,2,54,102,156
03698300,WEST COAST UNIVERSITY                   ,CA,91606-3206,Proprietary  ,53,221,274,2269,7536,9805
03736300,ADVANCE BEAUTY COLLEGE                  ,CA,92843-4752,Proprietary  ,8,59,67,95,589,684
03736301,ADVANCE BEAUTY COLLEGE - LAGUNA HILLS   ,CA,92653-1980,Proprietary  ,2,1,3,39,63,102
03740400,ATI COLLEGE                             ,CA,90650-0000,Proprietary  ,1,3,4,48,155,203
03752400,SCHOOL OF URBAN MISSIONS                ,CA,94603-0000,Private      ,0,1,1,246,437,683
03759300,COMPUTER TUTOR BUSINESS & TECH INST     ,CA,95356-0000,Proprietary  ,2,7,9,78,253,331
03786300,ADVANCED COLLEGE                        ,CA,90280-5255,Proprietary  ,4,19,23,73,201,274
03797400,CAREER CARE INSTITUTE                   ,CA,93534-4766,Proprietary  ,16,50,66,286,873,1159
03797401,CAREER CARE INSTITUTE - VENTURA         ,CA,93001-0000,Proprietary  ,0,4,4,67,202,269
03797402,CAREER CARE INSTITUTE - MORENO VALLEY   ,CA,92553-7519,Proprietary  ,0,5,5,63,124,187
03814400,SOKA UNIVERSITY OF AMERICA              ,CA,92656-8081,Private      ,0,0,0,552,77,629
03853300,KECK GRADUATE INSTITUTE OF APPLIED LIFE ,CA,91711-4817,Private      ,0,1,1,18,397,415
03868300,WORLD MISSION UNIVERSITY                ,CA,90020-1789,Private      ,0,0,0,13,107,120
03868400,LOS ANGELES MUSIC ACADEMY               ,CA,91105-2540,Proprietary  ,2,2,4,203,202,405
03871300,FOLSOM LAKE COLLEGE                     ,CA,95630-6798,Public       ,41,110,151,4021,4915,8936
03874300,CAMBRIDGE JUNIOR COLLEGE                ,CA,95993-0000,Proprietary  ,3,17,20,197,512,709
03874400,COMMMUNITY CHRISTIAN COLLEGE            ,CA,92373-4465,Private      ,0,0,0,114,108,222
03889300,STANBRIDGE COLLEGE                      ,CA,92612-0000,Proprietary  ,34,85,119,624,2018,2642
03910400,NATIONAL POLYTECHNIC COLLEGE            ,CA,90040-3066,Proprietary  ,1,2,3,99,147,246
03933300,MUELLER COLLEGE OF HOLISTIC STUDIES     ,CA,92116-2630,Proprietary  ,0,5,5,30,251,281
03935300,CALIFORNIA NURSES EDUCATIONAL INSTITUTE ,CA,92234-7248,Proprietary  ,3,13,16,128,371,499
03962300,AMERICAN INSTITUTE OF MASSAGE THERAPY   ,CA,92705-5463,Proprietary  ,0,5,5,46,134,180
03964400,INTERNATIONAL SCHOOL OF BEAUTY          ,CA,92260-2740,Proprietary  ,13,21,34,142,304,446
03969600,UEI COLLEGE                             ,CA,90247-4201,Proprietary  ,88,274,362,746,2081,2827
03971300,AMERICAN CAREER COLLEGE                 ,CA,91764-4906,Proprietary  ,50,119,169,966,2141,3107
03973300,EX'PRESSION COLLEGE FOR DIGTAL ARTS     ,CA,94608-1021,Proprietary  ,6,22,28,501,436,937
03974500,CALIFORNIA CAREER COLLEGE               ,CA,91303-2006,Proprietary  ,3,1,4,44,163,207
03980300,CALIFORNIA STATE UNIVERSITY CHANNEL ISLA,CA,93012-8599,Public       ,23,24,47,10880,4492,15372
03995300,UNIVERSITY OF EAST-WEST MEDICINE        ,CA,94085-3922,Proprietary  ,0,6,6,11,97,108
03999300,BEAUMONT ADULT SCHOOL                   ,CA,92223-1927,Public       ,1,1,2,35,133,168
04001300,PALACE BEAUTY COLLEGE                   ,CA,90006-4233,Proprietary  ,4,15,19,76,183,259
04003300,BLAKE AUSTIN COLLEGE                    ,CA,95687-3100,Proprietary  ,8,19,27,258,674,932
04004300,THUY PRINCESS BEAUTY COLLEGE            ,CA,91766-0000,Proprietary  ,0,3,3,22,68,90
04005300,UNITED STATES UNIVERSITY                ,CA,91911-1683,Proprietary  ,0,11,11,58,423,481
04014400,PALLADIUM TECHNICAL ACADEMY             ,CA,91731-2429,Proprietary  ,0,3,3,13,54,67
04037300,LOS ANGELES FILM SCHOOL (THE)           ,CA,90028-7300,Proprietary  ,69,183,252,2199,3637,5836
04056300,CAREER COLLEGE OF CALIFORNIA            ,CA,92705-5805,Proprietary  ,0,0,0,99,223,322
04057300,ASHER COLLEGE                           ,CA,95825-4025,Proprietary  ,5,64,69,176,900,1076
04076400,GNOMON SCHOOL OF VISUAL EFFECTS         ,CA,90038-2616,Proprietary  ,0,1,1,166,287,453
04088300,WESTMED COLLEGE                         ,CA,95128-2541,Private      ,0,6,6,130,302,432
04088301,WESTMED COLLEGE - MERCED                ,CA,95340-9165,Private      ,0,5,5,112,309,421
04088302,WESTMED COLLEGE - FRESNO                ,CA,93720-1551,Private      ,2,2,4,50,115,165
04088303,WESTMED COLLEGE - CHULA VISTA           ,CA,91910-5200,Private      ,1,2,3,14,61,75
04092300,COASTLINE BEAUTY COLLEGE                ,CA,92708-3847,Proprietary  ,2,33,35,63,261,324
04092400,MAKE-UP DESIGNORY                       ,CA,91502-1322,Proprietary  ,2,3,5,250,265,515
04100400,TAFT UNIVERSITY SYSTEM (THE)            ,CA,92704-6954,Proprietary  ,0,29,29,9,550,559
04111300,WEST HILLS COLLEGE LEMOORE              ,CA,93245-9248,Public       ,15,111,126,2508,3558,6066
04114500,VALLEY COLLEGE OF MEDICAL CAREERS       ,CA,91304-2354,Proprietary  ,1,9,10,70,166,236
04115300,COACHELLA VALLEY BEAUTY COLLEGE         ,CA,92253-2051,Proprietary  ,5,12,17,108,183,291
04115600,MAYFIELD COLLEGE                        ,CA,92234-7014,Proprietary  ,27,82,109,224,636,860
04118800,NEW YORK FILM ACADEMY                   ,CA,91608-1002,Proprietary  ,9,41,50,904,1201,2105
04119200,CAREER COLLEGE CONSULTANTS              ,CA,90041-2088,Proprietary  ,2,10,12,34,150,184
04119800,GDS INSTITUTE                           ,CA,90280-2072,Proprietary  ,4,16,20,24,73,97
04126400,CHAMPION INSTITUTE OF COSMETOLOGY       ,CA,92264-7458,Proprietary  ,1,0,1,32,81,113
04126500,COAST CAREER INSTITUTE                  ,CA,90015-3040,Proprietary  ,10,46,56,101,407,508
04127100,"UNIVERSITY OF CALIFORNIA, MERCED        ",CA,95343-5001,Public       ,39,11,50,17472,2180,19652
04127900,TRIDENT UNIVERSITY INTERNATIONAL        ,CA,90630-5023,Proprietary  ,10,397,407,113,5293,5406
04129700,INTERNATIONAL POLYTECHNIC INSTITUTE     ,CA,92231-1737,Private      ,0,0,0,18,27,45
04129803,MEDIATECH INSTITUTE - OCEANSIDE         ,CA,92054-5116,Proprietary  ,1,4,5,56,140,196
04132400,ACADEMY OF ESTHETICS AND COSMETOLOGY    ,CA,91342-3373,Proprietary  ,1,3,4,57,85,142
04132700,INFOTECH CAREER COLLEGE                 ,CA,90706-5579,Proprietary  ,6,14,20,62,148,210
04133100,CALIFORNIA UNIVERSITY OF MANAGEMENT AND ,CA,92801-1702,Private      ,0,4,4,22,86,108
04134500,CAREER COLLEGE OF SAN DIEGO             ,CA,92102-3348,Proprietary  ,0,0,0,185,456,641
04134700,INTERNATL PROFESSIONAL SCHL OF BODYWORK ,CA,92123-1520,Proprietary  ,2,7,9,25,193,218
04137200,BORNER'S BARBER COLLEGE                 ,CA,90047-3856,Proprietary  ,2,12,14,79,267,346
04138700,PAUL MITCHELL THE SCHOOL - PASADENA     ,CA,91801-3903,Proprietary  ,8,20,28,182,262,444
04140500,HORIZON UNIVERSITY                      ,CA,92111-2622,Private      ,0,1,1,38,105,143
04141300,SAN FRANCISCO INSTITUTE OF ESTHETICS    ,CA,94103-4083,Proprietary  ,2,5,7,125,248,373
04141400,LAURUS COLLEGE                          ,CA,93401-5405,Proprietary  ,16,82,98,246,1270,1516
04141700,HEALING HANDS SCHOOL OF HOLISTIC HEALTH ,CA,92025-1722,Proprietary  ,3,13,16,68,256,324
04142500,TOURO COLLEGE LOS ANGELES               ,CA,90046-4506,Private      ,0,28,28,133,752,885
04142600,TOURO UNIVERSITY                        ,CA,94592-1118,Private      ,1,27,28,66,2890,2956
04143800,WOODLAND COMMUNITY COLLEGE              ,CA,95776-5156,Public       ,31,54,85,1613,2078,3691
04144200,CAREER DEVELOPMENT INSTITUTE            ,CA,90035-4364,Proprietary  ,0,4,4,54,226,280
04145000,SAN DIEGO CULINARY INSTITUTE            ,CA,91941-6435,Proprietary  ,4,19,23,315,513,828
04145600,INTERNATIONAL COLLEGE OF COSMETOLOGY    ,CA,94601-3525,Proprietary  ,3,26,29,64,244,308
04146000,NATIONAL CAREER COLLEGE                 ,CA,91605-1400,Proprietary  ,10,24,34,100,347,447
04148200,BEYOND 21ST CENTURY BEAUTY ACADEMY      ,CA,90670-6316,Proprietary  ,4,1,5,35,45,80
04148900,N CALIF INSTITUTE OF COSMETOLOGY        ,CA,94577-2820,Proprietary  ,1,0,1,23,72,95
04149700,HOMESTEAD SCHOOLS                       ,CA,90505-5945,Private      ,7,32,39,65,289,354
04150000,CENTRAL NURSING COLLEGE                 ,CA,90010-2444,Proprietary  ,0,0,0,9,5,14
04150100,GOLDEN STATE COLLEGE OF COURT REPORTING ,CA,94568-2948,Proprietary  ,0,1,1,15,50,65
04150300,RWM FIBER OPTICS                        ,CA,90746-1051,Proprietary  ,0,44,44,17,304,321
04150500,"PREFERRED COLLEGE OF NURSING, LOS ANGELE",CA,90010-2202,Proprietary  ,0,0,0,61,161,222
04152800,CALIFORNIA ACADEMY (THE) - A PAUL MITCHE,CA,95825-2276,Proprietary  ,19,30,49,533,837,1370
04153900,PROVIDENCE CHRISTIAN COLLEGE            ,CA,91104-2635,Private      ,1,0,1,237,47,284
04155500,"ACADEMY FOR JEWISH RELIGION, CALIFORNIA ",CA,90024-3234,Private      ,0,4,4,28,98,126
04156100,TONI & GUY HAIRDRESSING ACADEMY         ,CA,95356-9695,Proprietary  ,5,7,12,105,164,269
04157800,GRACE MISSION UNIVERSITY                ,CA,92833-3860,Private      ,0,3,3,5,95,100
04158200,PAUL MITCHELL THE SCHOOL SHERMAN OAKS   ,CA,91403-5882,Proprietary  ,9,18,27,189,277,466
04158700,HOLLYWOOD BEAUTY COLLEGE                ,CA,95210-3514,Proprietary  ,0,0,0,4,4,8
04158800,THEATRE OF ARTS                         ,CA,90028-6111,Proprietary  ,7,7,14,56,121,177
04158900,FLAIR BEAUTY COLLEGE                    ,CA,91351-3381,Proprietary  ,2,6,8,43,80,123
04159600,GALAXY MEDICAL COLLEGE                  ,CA,91606-1593,Proprietary  ,1,2,3,61,92,153
04159700,AMERICAN MEDICAL SCIENCES CENTER        ,CA,91204-5108,Proprietary  ,2,9,11,54,138,192
04160100,TRINITY SCHOOL OF HEALTH AND ALLIED SCIE,CA,90248-4334,Proprietary  ,1,4,5,19,120,139
04160400,ANGELES COLLEGE                         ,CA,90010-2100,Proprietary  ,6,16,22,422,742,1164
04161300,PREFERRED COLLEGE OF NURSING            ,CA,91401-1442,Proprietary  ,0,1,1,32,59,91
04161700,SHASTA SCHOOL OF COSMETOLOGY            ,CA,96003-0000,Proprietary  ,3,11,14,98,162,260
04161800,BRANDMAN UNIVERSITY                     ,CA,92618-3801,Private      ,9,410,419,486,9765,10251
04162800,S.I.C.E PAUL MITCHELL PARTNER SCHOOL    ,CA,95350-1440,Proprietary  ,10,19,29,248,415,663
04163400,COSMO BEAUTY ACADEMY                    ,CA,95605-1904,Proprietary  ,4,10,14,180,323,503
04164400,ANGELES INSTITUTE                       ,CA,90712-2903,Proprietary  ,5,8,13,97,236,333
04165900,PAUL MITCHELL THE SCHOOL FRESNO         ,CA,93710-7617,Proprietary  ,9,16,25,357,352,709
04167000,PAUL MITCHELL THE SCHOOL TEMECULA       ,CA,92591-4663,Proprietary  ,10,12,22,308,354,662
04169200,TRAMY BEAUTY SCHOOL                     ,CA,92115-6347,Proprietary  ,3,39,42,114,342,456
04169700,UNITEK COLLEGE                          ,CA,94538-3185,Proprietary  ,43,193,236,740,3189,3929
04169800,GURNICK ACADEMY OF MEDICAL ARTS         ,CA,94403-1849,Proprietary  ,2,8,10,380,1908,2288
04172000,SOUTHERN CALIFORNIA UNIVERSITY SOMA     ,CA,90017-2211,Proprietary  ,1,11,12,193,299,492
04173400,SANTA ANA BEAUTY ACADEMY                ,CA,92705-7820,Proprietary  ,0,1,1,45,64,109
04173500,MORENO VALLEY COLLEGE                   ,CA,92551-2204,Public       ,51,160,211,5856,7653,13509
04175200,PAUL MITCHELL THE SCHOOL EAST BAY       ,CA,94523-5515,Proprietary  ,10,10,20,258,282,540
04175400,ELITE COSMETOLOGY SCHOOL                ,CA,92284-2860,Proprietary  ,3,9,12,44,121,165
04176100,NORCO COLLEGE                           ,CA,92860-2600,Public       ,35,90,125,5822,5827,11649
04176300,BERGIN UNIVERSITY OF CANINE STUDIES     ,CA,95407-6834,Private      ,0,3,3,21,73,94
04177200,REAL BARBERS COLLEGE (THE)              ,CA,92805-2533,Proprietary  ,6,14,20,91,184,275
04178900,ASHDOWN COLLEGE OF HEALTH SCIENCES      ,CA,92373-4271,Proprietary  ,1,2,3,22,63,85
04180000,CINTA AVEDA INSTITUTE                   ,CA,94108-3204,Proprietary  ,14,24,38,212,456,668
04181200,SOUTHERN CALIFORNIA HEALTH INSTITUTE    ,CA,91601-3100,Proprietary  ,6,41,47,133,448,581
04181600,INTEGRITY COLLEGE OF HEALTH             ,CA,91104-2300,Proprietary  ,0,9,9,26,113,139
04185200,SALINAS BEAUTY COLLEGE                  ,CA,93901-2405,Proprietary  ,0,0,0,31,48,79
04185500,ACADEMY OF COUTURE ART                  ,CA,90069-5701,Proprietary  ,2,1,3,116,162,278
04185600,MEDICAL ALLIED CAREER CENTER            ,CA,90670-4710,Proprietary  ,1,1,2,24,109,133
04185700,ACADEMY FOR SALON PROFESSIONALS (THE)   ,CA,95050-4057,Proprietary  ,5,9,14,95,157,252
04186900,"INTERNATIONAL COLLEGE OF BEAUTY, ARTS & ",CA,90039-1012,Proprietary  ,4,22,26,122,286,408
04189300,ALLIED AMERICAN UNIVERSITY              ,CA,92653-1337,Proprietary  ,0,14,14,112,3317,3429
04189700,CALIFORNIA MIRAMAR UNIVERSITY           ,CA,92126-7501,Proprietary  ,5,22,27,419,795,1214
04189800,ACADEMY FOR SALON PROFESSIONALS         ,CA,91304-2305,Proprietary  ,5,9,14,64,148,212
04190800,SANTA ANA BEAUTY COLLEGE                ,CA,92706-2321,Proprietary  ,2,15,17,80,189,269
04190900,SUTTER BEAUTY COLLEGE                   ,CA,95991-3624,Proprietary  ,3,9,12,74,149,223
04191300,ANNENBERG SCHOOL OF NURSING             ,CA,91335-5426,Private      ,0,0,0,48,108,156
04192500,WESTCHESTER COLLEGE OF NURSING & ALLIED ,CA,90045-3647,Proprietary  ,0,3,3,30,113,143
04193300,SHEPHERD UNIVERSITY                     ,CA,90065-1415,Private      ,0,2,2,9,76,85
04193500,LEMELANGE ACADEMY OF HAIR               ,CA,94558-2935,Proprietary  ,0,7,7,32,71,103
04193700,JOHN PAUL THE GREAT CATHOLIC UNIVERSITY ,CA,92025-2601,Private      ,0,2,2,294,169,463
04194300,COLTON-REDLANDS-YUCAIPA REGIONAL OCCUPAT,CA,92374-2896,Public       ,0,3,3,81,162,243
04194600,BRAND COLLEGE                           ,CA,91203-3646,Proprietary  ,0,2,2,10,69,79
04195200,DIAMOND BEAUTY COLLEGE                  ,CA,91733-2180,Proprietary  ,1,18,19,13,82,95
04195400,NCP COLLEGE OF NURSING                  ,CA,94080-1005,Proprietary  ,6,26,32,136,384,520
04195401,NCP COLLEGE OF NURSING - HAYWARD CAMPUS ,CA,94541-7026,Proprietary  ,7,15,22,140,362,502
04205800,"SAE INSTITUTE OF TECHNOLOGY, LOS ANGELES",CA,90028-7219,Proprietary  ,14,30,44,245,387,632
04206800,ADVANCE BEAUTY TECHS ACADEMY            ,CA,92879-6572,Proprietary  ,3,6,9,70,94,164
04208100,UKIAH ADULT SCHOOL                      ,CA,95482-3865,Public       ,0,1,1,19,74,93
04208400,RIVERSIDE COUNTY OFFICE OF EDUCATION    ,CA,92503-3504,Public       ,2,9,11,306,490,796
04208900,ADVANCED CAREER INSTITUTE               ,CA,93291-9254,Proprietary  ,1,51,52,92,499,591
04209000,SAN FRANCISCO COLLEGE OF COSMETOLOGY    ,CA,94110-1217,Proprietary  ,2,3,5,100,129,229
04209800,HINTON BARBER COLLEGE                   ,CA,94590-4547,Proprietary  ,2,12,14,40,114,154
04210600,ADVANCED COMPUTING INSTITUTE            ,CA,90010-3911,Proprietary  ,2,24,26,157,343,500
04211900,XAVIER COLLEGE SCHOOL OF NURSING        ,CA,95202-1332,Proprietary  ,7,13,20,164,402,566
04212000,LAWRENCE & COMPANY COLLEGE OF COSMETOLOG,CA,93230-4102,Proprietary  ,2,2,4,87,113,200
04215100,CALIFORNIA CAREER INSTITUTE             ,CA,92840-2816,Proprietary  ,0,10,10,72,315,387
04215300,COSMO FACTORY COSMETOLOGY ACADEMY (THE) ,CA,95060-4401,Proprietary  ,1,1,2,36,49,85
04216300,UEI COLLEGE                             ,CA,95065-1520,Proprietary  ,0,0,0,32,31,63
04217100,RUDOLF STEINER COLLEGE                  ,CA,95628-6811,Private      ,0,1,1,0,83,83
04217400,HIGH TECH HIGH GRADUATE SCHOOL OF EDUCAT,CA,92106-6025,Private      ,0,2,2,22,102,124
04217500,W ACADEMY OF SALON AND SPA              ,CA,94526-4012,Proprietary  ,2,3,5,24,75,99
04220500,BUTTE COUNTY REGIONAL OCCUPATIONAL PROGR,CA,95928-7191,Public       ,2,10,12,2,10,12
04221700,ZMS THE ACADEMY                         ,CA,90042-4231,Proprietary  ,4,14,18,22,70,92
04221800,TONI&GUY HAIRDRESSING ACADEMY           ,CA,95337-5703,Proprietary  ,2,4,6,83,113,196
04221900,COMPUTER TRAINING ACADEMY               ,CA,92507-2122,Proprietary  ,2,27,29,110,399,509
04222200,FAB SCHOOL (THE)                        ,CA,92507-3434,Proprietary  ,3,4,7,166,272,438
04223700,BAY AREA MEDICAL ACADEMY                ,CA,94102-2844,Proprietary  ,8,27,35,209,406,615
04226100,LAWRENCE AND COMPANY COLLEGE OF COSMETOL,CA,93662-3509,Proprietary  ,0,0,0,48,56,104
04228100,HIGH DESERT MEDICAL COLLEGE             ,CA,93534-1134,Proprietary  ,12,35,47,297,822,1119
04228800,BAY AREA COLLEGE OF NURSING             ,CA,94303-4617,Proprietary  ,1,5,6,54,127,181
04234000,SAN FRANCISCO SCHOOL OF DIGITAL FILMMAKI,CA,94103-2835,Proprietary  ,2,6,8,94,133,227
04234700,CALIFORNIA INTERNATIONAL BUSINESS UNIVER,CA,92101-3431,Private      ,1,6,7,9,44,53
04235500,PRESIDIO GRADUATE SCHOOL                ,CA,94129-1749,Private      ,0,2,2,4,143,147
04237100,SALON PROFESSIONAL ACADEMY (THE)        ,CA,95129-5101,Proprietary  ,5,5,10,107,229,336
04237600,CALIFORNIA JAZZ CONSERVATORY            ,CA,94704-1268,Private      ,1,0,1,14,39,53
04237800,CALIFORNIA BARBER AND BEAUTY COLLEGE    ,CA,92115-4730,Proprietary  ,1,7,8,151,321,472
04240200,AVIATION INSTITUTE OF MAINTENANCE       ,CA,94621-4527,Proprietary  ,5,27,32,92,412,504
04241700,SAINT JOSEPH'S SCHOOL OF NURSING        ,CA,93534-2304,Proprietary  ,3,13,16,63,211,274
04242500,ASSOCIATED BARBER COLLEGE OF SAN DIEGO  ,CA,92101-4210,Proprietary  ,3,14,17,41,179,220
04242600,ABCO TECHNOLOGY                         ,CA,90045-1551,Proprietary  ,6,26,32,54,192,246
04243100,ALHAMBRA MEDICAL UNIVERSITY             ,CA,91801-7146,Proprietary  ,0,5,5,6,42,48
04243400,INTERNATIONAL SPORTS SCIENCES ASSOCIATIO,CA,93013-2912,Proprietary  ,0,16,16,14,285,299
04243800,ABRAHAM LINCOLN UNIVERSITY              ,CA,90010-2328,Proprietary  ,2,20,22,7,45,52
04244000,CALIFORNIA INTERCONTINENTAL UNIVERSITY  ,CA,92614-5636,Proprietary  ,0,18,18,11,145,156
04245500,UNITED HEALTHCARE CAREERS COLLEGE       ,CA,90015-3811,Proprietary  ,1,11,12,17,114,131
04248200,DEHART TECHNICAL SCHOOL                 ,CA,95356-9292,Proprietary  ,0,4,4,4,44,48
04250100,SANTA BARBARA AND VENTURA COLLEGES OF LA,CA,93003-7774,Private      ,2,9,11,22,150,172
04250600,CALIFORNIA INSTITUTE OF ADVANCED MANAGEM,CA,91731-2918,Private      ,0,0,0,1,2,3
04253600,CLAREMONT LINCOLN UNIVERSITY            ,CA,91711-4744,Private      ,0,0,0,0,3,3
04255300,HOSS LEE ACADEMY                        ,CA,95661-5233,Proprietary  ,6,8,14,6,8,14
00184600,BRIAR CLIFF UNIVERSITY                  ,IA,51104-2100,Private      ,1,16,17,1121,755,1876
00184700,BUENA VISTA UNIVERSITY                  ,IA,50588-9987,Private      ,6,62,68,1579,1988,3567
00184800,SOUTHEASTERN COMMUNITY COLLEGE          ,IA,52655-0000,Public       ,22,56,78,1192,1540,2732
00185000,CENTRAL COLLEGE                         ,IA,50219-1999,Private      ,1,4,5,2072,115,2187
00185200,CLARKE UNIVERSITY                       ,IA,52001-3198,Private      ,3,6,9,1181,516,1697
00185400,COE COLLEGE                             ,IA,52402-5092,Private      ,3,7,10,2663,271,2934
00185500,DES MOINES UNIV-OSTEOPATHIC MED CTR     ,IA,50312-0000,Private      ,1,11,12,37,1626,1663
00185600,CORNELL COLLEGE                         ,IA,52314-1098,Private      ,2,2,4,1803,113,1916
00185700,SOUTHWESTERN COMMUNITY COLLEGE          ,IA,50801-1098,Public       ,6,12,18,720,635,1355
00185800,DIVINE WORD COLLEGE                     ,IA,52045-0380,Private      ,0,0,0,17,23,40
00185900,DORDT COLLEGE                           ,IA,51250-1697,Private      ,1,2,3,1443,117,1560
00186000,DRAKE UNIVERSITY                        ,IA,50311-4505,Private      ,2,15,17,4761,1944,6705
00186200,ELLSWORTH COMMUNITY COLLEGE             ,IA,50126-1199,Public       ,17,8,25,765,311,1076
00186400,IOWA LAKES COMMUNITY COLLEGE            ,IA,51334-2234,Public       ,8,30,38,1019,824,1843
00186500,IOWA CENTRAL COMMUNITY COLLEGE          ,IA,50501-0000,Public       ,62,109,171,2889,3024,5913
00186600,GRACELAND UNIVERSITY                    ,IA,50140-1699,Private      ,4,41,45,1435,1573,3008
00186700,GRAND VIEW UNIVERSITY                   ,IA,50316-1599,Private      ,5,13,18,2046,1305,3351
00186800,GRINNELL COLLEGE                        ,IA,50112-1690,Private      ,2,1,3,3162,96,3258
00186900,IOWA STATE UNIV SCIENCE & TECHNOLOG     ,IA,50011-2028,Public       ,65,70,135,30057,6256,36313
00187100,IOWA WESLEYAN COLLEGE                   ,IA,52641-1398,Private      ,6,5,11,1272,352,1624
00187300,LORAS COLLEGE                           ,IA,52004-0178,Private      ,3,4,7,1991,202,2193
00187400,LUTHER COLLEGE                          ,IA,52101-1045,Private      ,4,0,4,3219,140,3359
00187500,MARSHALLTOWN COMMUNITY COLLEGE          ,IA,50158-4760,Public       ,9,20,29,735,774,1509
00187700,NORTH IOWA AREA COMMUNITY COLLEGE       ,IA,50401-7299,Public       ,17,44,61,1373,990,2363
00187900,MORNINGSIDE COLLEGE                     ,IA,51106-1751,Private      ,1,64,65,2162,1054,3216
00188000,MOUNT MERCY UNIVERSITY                  ,IA,52402-4797,Private      ,3,28,31,1224,1174,2398
00188300,NORTHWESTERN COLLEGE                    ,IA,51041-1996,Private      ,2,13,15,1326,221,1547
00188700,SIMPSON COLLEGE                         ,IA,50125-1297,Private      ,3,10,13,2051,483,2534
00188900,ST AMBROSE UNIVERSITY                   ,IA,52803-2898,Private      ,11,23,34,3068,1384,4452
00189000,UNIVERSITY OF NORTHERN IOWA             ,IA,50614-0002,Public       ,16,52,68,10104,2982,13086
00189100,UNIVERSITY OF DUBUQUE                   ,IA,52001-5099,Private      ,4,26,30,2123,902,3025
00189200,UNIVERSITY OF IOWA                      ,IA,52242-1316,Public       ,39,91,130,22720,8801,31521
00189300,UPPER IOWA UNIVERSITY                   ,IA,52142-9206,Private      ,24,267,291,1832,5499,7331
00189500,WALDORF COLLEGE                         ,IA,50436-1700,Proprietary  ,5,69,74,751,1627,2378
00189600,WARTBURG COLLEGE                        ,IA,50677-2200,Private      ,1,1,2,2065,115,2180
00189700,WARTBURG THEOLOGICAL SEMINARY           ,IA,52004-5004,Private      ,0,3,3,5,98,103
00190000,WILLIAM PENN UNIVERSITY                 ,IA,52577-1799,Private      ,1,13,14,1235,898,2133
00396300,AIB COLLEGE OF BUSINESS                 ,IA,50321-1799,Private      ,0,9,9,370,424,794
00407500,ESTRN IOWA COMMUNITY COLLEGE DIST       ,IA,52801-1201,Public       ,3,18,21,280,607,887
00407501,CLINTON COMMUNITY COLLEGE               ,IA,52732-0000,Public       ,12,38,50,498,1326,1824
00407502,MUSCATINE COMMUNITY COLLEGE             ,IA,52761-0000,Public       ,5,25,30,598,703,1301
00407503,SCOTT COMMUNITY COLLEGE                 ,IA,52722-0000,Public       ,17,79,96,1597,2710,4307
00407600,KIRKWOOD COMMUNITY COLLEGE              ,IA,52406-2068,Public       ,61,231,292,6619,6961,13580
00423300,MERCY/ST. LUKE'S SCH RAD TECH           ,IA,52402-0000,Private      ,0,1,1,29,50,79
00458600,KAPLAN UNIVERSITY                       ,IA,52807-2095,Proprietary  ,280,4544,4824,4531,83695,88226
00458604,KAPLAN UNIVERSITY - CEDAR RAPIDS        ,IA,52404-2998,Proprietary  ,3,73,76,189,1954,2143
00458605,KAPLAN UNIVERSITY - DES MOINES          ,IA,50323-5702,Proprietary  ,9,115,124,215,2417,2632
00458606,KAPLAN UNIVERSITY - MASON CITY          ,IA,50401-4665,Proprietary  ,4,45,49,74,974,1048
00458607,KAPLAN UNIVERSITY - CEDAR FALLS         ,IA,50613-6309,Proprietary  ,0,65,65,138,1524,1662
00458700,NORTHEAST IOWA COMMUNITY COLLEGE        ,IA,52132-0400,Public       ,11,25,36,690,609,1299
00458701,NORTHEAST IOWA COMMUNITY COLLEGE        ,IA,52068-0000,Public       ,11,42,53,987,1230,2217
00459500,HAWKEYE COMMUNITY COLLEGE               ,IA,50701-0000,Public       ,32,92,124,2714,2902,5616
00459800,IOWA WESTERN CMTY CLG-COUNCIL BLUFF     ,IA,51502-0000,Public       ,35,84,119,3628,3500,7128
00460000,NORTHWEST IOWA COMMUNITY COLLEGE        ,IA,51201-1046,Public       ,11,24,35,575,484,1059
00626700,IOWA METHODIST MEDICAL CENTER SCHOOLS   ,IA,50309-1499,Private      ,0,1,1,41,81,122
00627300,MERCY COLLEGE OF HEALTH SCIENCES        ,IA,50309-1239,Private      ,5,24,29,496,928,1424
00712000,DES MOINES AREA CMTY COLLEGE            ,IA,50021-0000,Public       ,122,298,420,7839,9349,17188
00712100,FAITH BAPTIST BIBLE CLG & THEOL SEM     ,IA,50021-0000,Private      ,0,1,1,290,62,352
00729100,ST LUKE'S COLLEGE                       ,IA,51104-0263,Private      ,0,1,1,129,212,341
00731600,WESTERN IOWA TECH COMMUNITY COLLEGE     ,IA,51106-0000,Public       ,41,96,137,2150,3081,5231
00758800,CAPRI COLLEGE                           ,IA,52004-0873,Proprietary  ,3,4,7,159,215,374
00761100,EQ SCHOOL OF HAIR DESIGN                ,IA,51503-0813,Proprietary  ,1,2,3,33,82,115
00765600,AMERICAN COLLEGE OF HARISTYLING -CR     ,IA,52402-0000,Proprietary  ,0,0,0,4,12,16
00765800,AMER COLL OF HAIRSTYLING-DES MOINES     ,IA,50309-5446,Proprietary  ,0,2,2,19,73,92
00765900,LA JAMES COLLEGE OF HAIRSTYLING         ,IA,50401-3308,Proprietary  ,2,7,9,53,69,122
00771700,CAPRI COLLEGE                           ,IA,52807-2622,Proprietary  ,1,4,5,139,206,345
00794100,COLLEGE OF HAIR DESIGN                  ,IA,50703-1834,Proprietary  ,1,4,5,7,64,71
00826000,IOWA SCHOOL OF BEAUTY INC               ,IA,50322-0000,Proprietary  ,5,3,8,78,197,275
00840300,INDIAN HILLS COMMUNITY COLLEGE          ,IA,52501-1398,Public       ,34,100,134,1925,2502,4427
00842400,LA JAMES INTERNATIONAL COLLEGE          ,IA,50501-5577,Proprietary  ,3,12,15,42,76,118
00959300,LA'JAMES COLLEGE OF HAIRSTYLING         ,IA,52240-0000,Proprietary  ,1,7,8,43,90,133
01111300,MAHARISHI UNIV OF MANAGEMENT            ,IA,52557-0001,Private      ,2,2,4,126,494,620
01206400,HAMILTON TECHNICAL COLLEGE              ,IA,52807-2653,Proprietary  ,2,20,22,119,267,386
01230000,PALMER COLLEGE OF CHIROPRACTIC          ,IA,52803-5287,Private      ,0,4,4,95,2369,2464
01300600,LA' JAMES INTERNATIONAL COLLEGE-CF      ,IA,50613-5242,Proprietary  ,3,6,9,30,71,101
02090300,CAPRI COLLEGE                           ,IA,52404-0000,Proprietary  ,2,6,8,115,249,364
02134500,LA JAMES INTERNATIONAL COLLEGE - DAV    ,IA,52806-3952,Proprietary  ,6,7,13,47,126,173
02160900,PCI ACADEMY                             ,IA,50010-6062,Proprietary  ,1,6,7,119,99,218
02262500,FAUST INSTITUTE OF COSMETOLOGY          ,IA,50588-0000,Proprietary  ,2,4,6,15,43,58
02274100,LA' JAMES INTERNATIONAL COLLEGE - DM    ,IA,50131-0000,Proprietary  ,5,7,12,59,147,206
02289000,AMERICAN HAIR ACADEMY                   ,IA,52627-4530,Proprietary  ,0,0,0,25,35,60
02306900,IOWA SCHOOL OF BEAUTY                   ,IA,52501-0000,Proprietary  ,1,1,2,47,48,95
02328900,EMMAUS BIBLE COLLEGE                    ,IA,52001-0000,Private      ,0,1,1,233,74,307
02330900,IOWA SCHOOL OF BEAUTY                   ,IA,50158-0000,Proprietary  ,0,0,0,18,48,66
02609200,VATTEROTT COLLEGE                       ,IA,50321-4704,Proprietary  ,2,17,19,84,507,591
03065302,PAUL MITCHELL THE SCHOOL DAVENPORT      ,IA,52806-4000,Proprietary  ,0,0,0,18,12,30
03069100,ALLEN COLLEGE                           ,IA,50703-1916,Private      ,0,4,4,376,633,1009
03441300,IOWA SCHOOL OF BEAUTY                   ,IA,51106-5111,Proprietary  ,0,5,5,39,81,120
03607400,TOTAL LOOK SCHOOL OF COSMETOLOGY AND MAS,IA,52136-1053,Proprietary  ,0,0,0,3,14,17
03720300,CARLSON COLLEGE OF MASSAGE THERAPY      ,IA,52205-7519,Proprietary  ,0,0,0,12,44,56
04051313,ART INSTITUTE OF PHOENIX (THE) - BROWN M,IA,52722-3628,Proprietary  ,1,2,3,19,74,93
04177800,SALON PROFESSIONAL ACADEMY (THE)        ,IA,52240-6083,Proprietary  ,2,1,3,43,73,116
04203300,AVEDA INSTITUTE DES MOINES              ,IA,50266-8137,Proprietary  ,0,5,5,164,185,349
00259600,ATLANTIC COMMUNITY COLLEGE              ,NJ,08330-2699,Public       ,30,83,113,3782,4742,8524
00259700,BLOOMFIELD COLLEGE                      ,NJ,07003-3425,Private      ,11,13,24,3128,1568,4696
00259800,CALDWELL COLLEGE                        ,NJ,07006-6195,Private      ,4,14,18,2893,1202,4095
00259900,CENTENARY COLLEGE                       ,NJ,07840-2184,Private      ,3,29,32,1661,1000,2661
00260000,COLLEGE OF SAINT ELIZABETH              ,NJ,07960-6989,Private      ,5,8,13,721,708,1429
00260100,CUMBERLAND COUNTY COLLEGE               ,NJ,08362-9912,Public       ,20,52,72,2343,3224,5567
00260300,DREW UNIVERSITY                         ,NJ,07940-4063,Private      ,2,7,9,2587,615,3202
00260700,FAIRLEIGH DICKINSON UNIV-TEANECK        ,NJ,07666-1996,Private      ,10,56,66,4758,3071,7829
00260701,FAIRLEIGH DICKINSON UNIV-FLORHAM        ,NJ,07940-0000,Private      ,2,14,16,4338,1157,5495
00260702,FAIRLEIGH DICKINSON UNIV-ED WMS CLG     ,NJ,07601-0000,Private      ,6,4,10,512,490,1002
00260703,FAIRLEIGH DICKINSON UNIVERSITY          ,NJ,07940-0000,Private      ,2,9,11,1613,693,2306
00260800,GEORGIAN COURT UNIVERSITY               ,NJ,08701-2697,Private      ,6,26,32,1756,1328,3084
00260900,ROWAN UNIVERSITY                        ,NJ,08028-1702,Public       ,35,91,126,18456,6751,25207
00261000,FELICIAN COLLEGE                        ,NJ,07644-2198,Private      ,9,24,33,2037,1450,3487
00261300,NEW JERSEY CITY UNIVERSITY              ,NJ,07305-1597,Public       ,21,86,107,5459,6536,11995
00261500,MIDDLESEX COUNTY COLLEGE                ,NJ,08818-3050,Public       ,47,89,136,6905,5493,12398
00261600,MONMOUTH UNIVERSITY                     ,NJ,07764-1898,Private      ,14,22,36,9089,2634,11723
00261700,MONTCLAIR STATE UNIVERSITY              ,NJ,07043-9987,Public       ,48,110,158,21708,8539,30247
00261900,NEW BRUNSWICK THEOLOGICAL SEMINARY      ,NJ,08901-0000,Private      ,0,1,1,65,199,264
00262100,NEW JERSEY INST OF TECHNOLOGY           ,NJ,07102-1982,Public       ,25,36,61,8729,4073,12802
00262200,KEAN UNIVERSITY                         ,NJ,07083-7131,Public       ,45,92,137,13614,9593,23207
00262400,OCEAN COUNTY COLLEGE                    ,NJ,08754-2001,Public       ,14,74,88,4902,4523,9425
00262500,WILLIAM PATERSON UNIVERSITY             ,NJ,07470-2152,Public       ,28,60,88,13500,5681,19181
00262600,PRINCETON THEOLOGICAL SEMINARY          ,NJ,08542-0000,Private      ,0,4,4,18,619,637
00262700,PRINCETON UNIVERSITY                    ,NJ,08544-0001,Private      ,6,11,17,17022,1539,18561
00262800,RIDER UNIVERSITY                        ,NJ,08648-3099,Private      ,13,30,43,8864,1772,10636
00262900,"RUTGERS, THE STATE UNIVERSITY OF NJ     ",NJ,08901-1281,Public       ,118,336,454,53403,30341,83744
00263200,SETON HALL UNIVERSITY                   ,NJ,07079-2697,Private      ,27,52,79,13160,4103,17263
00263201,SETON HALL UNIVERSITY - SCHOOL OF LAW   ,NJ,07079-5210,Private      ,4,18,22,346,1526,1872
00263800,SAINT PETER'S UNIVERSITY                ,NJ,07306-5997,Private      ,16,41,57,4285,2146,6431
00263900,STEVENS INSTITUTE OF TECHNOLOGY         ,NJ,07030-5370,Private      ,5,7,12,6068,676,6744
00264200,COLLEGE OF NEW JERSEY (THE)             ,NJ,08628-0718,Public       ,14,35,49,12632,1561,14193
00264300,UNION COUNTY COLLEGE                    ,NJ,07016-1598,Public       ,46,144,190,5752,8310,14062
00473600,BERGEN COMMUNITY COLLEGE                ,NJ,07652-1595,Public       ,40,109,149,8869,6262,15131
00474000,MERCER COUNTY COMMUNITY COLLEGE         ,NJ,08690-0000,Public       ,25,99,124,3748,4310,8058
00539900,MONMOUTH COUNTY VOCATIONAL SCH DIST     ,NJ,07728-5033,Public       ,2,1,3,87,161,248
00545200,TETERBORO SCH OF AERONAUTICS            ,NJ,07608-1083,Proprietary  ,4,8,12,115,151,266
00546100,SALEM COMMUNITY COLLEGE                 ,NJ,08069-2799,Public       ,11,21,32,560,826,1386
00641700,HOLY NAME MEDICAL CENTER SCHOOL OF NURSI,NJ,07666-4254,Private      ,0,3,3,79,296,375
00642000,MOUNTAINSIDE HOSP SCH NRSG              ,NJ,07042-4898,Proprietary  ,0,1,1,27,125,152
00642100,MUHLENBERG SNYDER SCHOOLS               ,NJ,07061-3399,Private      ,3,4,7,142,502,644
00642900,ST FRANCIS MEDICAL CTR SCH NURSING      ,NJ,08629-1986,Private      ,0,3,3,27,145,172
00642902,ST FRANCIS MED CTR RAD TECH             ,NJ,08629-0000,Private      ,0,1,1,18,53,71
00686500,CAMDEN COUNTY COLLEGE                   ,NJ,08012-3240,Public       ,52,187,239,6271,8745,15016
00690100,GLOUCESTER COUNTY COLLEGE               ,NJ,08080-4249,Public       ,41,70,111,4041,3244,7285
00710700,ESSEX COUNTY COLLEGE                    ,NJ,07102-1798,Public       ,40,134,174,5935,9590,15525
00750200,BERKELEY COLLEGE                        ,NJ,07424-3367,Proprietary  ,72,233,305,3055,4811,7866
00759300,PARISIAN BEAUTY ACADEMY                 ,NJ,07601-5509,Proprietary  ,2,22,24,173,331,504
00772900,COUNTY COLLEGE OF MORRIS                ,NJ,07869-0000,Public       ,24,33,57,4005,2321,6326
00773000,BURLINGTON COUNTY COLLEGE               ,NJ,08068-1599,Public       ,24,109,133,4355,5581,9936
00773100,RARITAN VALLEY COMMUNITY COLLEGE        ,NJ,08876-1265,Public       ,23,45,68,2994,2461,5455
00780401,STAR CAREER ACADEMY - STAR LAKEWOOD     ,NJ,08701-5900,Proprietary  ,6,18,24,144,432,576
00780402,STAR CAREER ACADEMY - STAR EGG HARBOR   ,NJ,08234-4863,Proprietary  ,9,40,49,128,480,608
00793808,LINCOLN TECHNICAL INSTITUTE - SOUTH PLAI,NJ,07080-2424,Proprietary  ,7,21,28,244,272,516
00793810,LINCOLN TECHNICAL INSTITUTE - MAHWAH    ,NJ,07430-2106,Proprietary  ,34,39,73,574,575,1149
00793811,LINCOLN TECHNICAL INSTITUTE - UNION     ,NJ,07083-5032,Proprietary  ,70,90,160,936,1043,1979
00794700,BETH MEDRASH GOVOHA OF AMERICA          ,NJ,08701-0000,Private      ,102,147,249,602,2133,2735
00840400,BROOKDALE COMMUNITY COLLEGE             ,NJ,07738-1597,Public       ,31,109,140,5879,4720,10599
00849400,HO HO KUS SCHL OF TRADE & TECH SCIENCES ,NJ,07513-1402,Proprietary  ,13,13,26,141,259,400
00860900,RABBINICAL COLLEGE OF AMERICA           ,NJ,07960-3600,Private      ,45,2,47,155,17,172
00907800,CAPRI INSTITUTE OF HAIR DESIGN          ,NJ,07011-2111,Proprietary  ,6,16,22,93,218,311
00934400,RAMAPO COLLEGE OF NEW JERSEY            ,NJ,07430-1680,Public       ,13,23,36,8347,1762,10109
00934500,STOCKTON UNIVERSITY                     ,NJ,08205-9441,Public       ,25,34,59,9970,3624,13594
00982804,EVEREST INSTITUTE - SOUTH PLAINFIELD    ,NJ,07080-1125,Private      ,7,33,40,216,454,670
00999400,PASSAIC COUNTY COMMUNITY COLLEGE        ,NJ,07505-1179,Public       ,75,142,217,4755,5635,10390
01062900,P B COSMETOLOGY EDUCATION CENTRE        ,NJ,08030-1750,Proprietary  ,3,1,4,123,162,285
01085100,ANTHEM INSTITUTE                        ,NJ,07054-3409,Proprietary  ,18,93,111,214,794,1008
01085101,ANTHEM INSTITUTE                        ,NJ,07306-0000,Proprietary  ,1,3,4,36,114,150
01085102,ANTHEM INSTITUTE                        ,NJ,08902-0000,Proprietary  ,3,3,6,36,107,143
01090300,RIZZIERI INSTITUTE                      ,NJ,08043-4600,Proprietary  ,6,6,12,136,187,323
01152300,MORRIS COUNTY SCHOOL OF TECHNOLOGY      ,NJ,07834-0000,Public       ,0,1,1,58,91,149
01198900,TALMUDICAL ACADEMY                      ,NJ,07710-0000,Private      ,2,0,2,45,6,51
01209000,ROBERT FIANCE BEAUTY SCHOOLS            ,NJ,08861-4118,Proprietary  ,2,13,15,99,201,300
01246100,LINCOLN TECHNICAL INSTITUTE             ,NJ,08820-0000,Proprietary  ,7,23,30,281,678,959
01246102,LINCOLN TECHNICAL INSTITUTE             ,NJ,08057-3212,Proprietary  ,2,16,18,203,816,1019
01246103,LINCOLN TECHNICAL INSTITUTE             ,NJ,07652-2106,Proprietary  ,13,27,40,426,798,1224
01246200,HOHOKUS - HACKENSACK SCHOOL OF BUSINESS ,NJ,07601-7197,Proprietary  ,5,21,26,174,575,749
01295400,HUDSON COUNTY COMMUNITY COLLEGE         ,NJ,07306-4012,Public       ,40,95,135,5797,6700,12497
02053700,EASTWICK COLLEGE                        ,NJ,07446-0000,Proprietary  ,2,28,30,358,1203,1561
02061800,ROMAN ACADEMY OF BEAUTY CULTURE         ,NJ,07506-0000,Proprietary  ,1,7,8,17,38,55
02092300,HOHOKUS SCHOOL - RETS/NUTLEY            ,NJ,07110-0000,Proprietary  ,5,22,27,218,487,705
02103700,CAPRI INSTITUTE OF HAIR DESIGN          ,NJ,07652-0000,Proprietary  ,1,7,8,58,107,165
02104000,HARRIS SCHOOL OF BUSINESS               ,NJ,08002-2983,Proprietary  ,42,243,285,450,2106,2556
02106601,AMERICAN INSTITUTE - CLIFTON            ,NJ,07011-2345,Proprietary  ,23,66,89,322,830,1152
02106605,AMERICAN INSTITUTE - TOMS RIVER         ,NJ,08755-1524,Proprietary  ,7,67,74,151,650,801
02131100,DU CRET SCHOOL OF THE ARTS              ,NJ,07060-0000,Private      ,0,1,1,27,20,47
02131600,PENNCO TECH                             ,NJ,08012-0000,Proprietary  ,23,36,59,551,930,1481
02132300,FORTIS INSTITUTE                        ,NJ,07470-7041,Proprietary  ,20,56,76,445,812,1257
02146800,JOE KUBERT SCH OF CARTOON & GRAPHIC     ,NJ,07801-0000,Proprietary  ,0,0,0,78,70,148
02154000,DIVERS ACAD OF EASTERN SEABOARD         ,NJ,08081-1139,Proprietary  ,2,4,6,92,165,257
02183600,CAPRI INSTITUTE OF HAIR DESIGN          ,NJ,07033-0000,Proprietary  ,0,5,5,59,141,200
02192200,THOMAS EDISON STATE COLLEGE             ,NJ,08608-0000,Public       ,12,305,317,552,9172,9724
02219600,OMEGA INSTITUTE                         ,NJ,08109-0000,Proprietary  ,0,0,0,5,25,30
02223700,ROBERT FIANCE BEAUTY SCHOOLS            ,NJ,07093-4623,Proprietary  ,3,24,27,84,305,389
02223900,DRAKE COLLEGE OF BUSINESS               ,NJ,07201-0000,Proprietary  ,0,0,0,31,75,106
02223902,DRAKE COLLEGE OF BUSINESS - NEWARK CAMPU,NJ,07112-2760,Proprietary  ,0,0,0,57,169,226
02232500,UNION COUNTY VOCATIONAL TECH INST       ,NJ,07076-0000,Public       ,0,3,3,77,101,178
02234600,ATLANTIC BEAUTY & SPA ACADEMY           ,NJ,08234-2621,Proprietary  ,2,7,9,84,180,264
02246000,ROSS UNIVERSITY - MEDICAL SCHOOL        ,NJ,08837-0000,Proprietary  ,0,58,58,23,3710,3733
02248600,COOPER HEALTH SYS-CTR ALLIED HEALTH     ,NJ,08103-0000,Private      ,0,4,4,110,352,462
02265500,CAPRI INSTITUTE OF HAIR DESIGN          ,NJ,08724-0000,Proprietary  ,2,7,9,67,180,247
02277900,ROSS UNIV - SCH OF VETERINARY MED       ,NJ,08837-0000,Proprietary  ,0,25,25,17,1680,1697
02312000,BERGEN COUNTY TECHNICAL SCHOOLS         ,NJ,07601-6110,Public       ,0,3,3,107,176,283
02503900,WARREN COUNTY COMMUNITY COLLEGE         ,NJ,07882-0000,Public       ,12,14,26,671,679,1350
02523700,OCEAN COUNTY VOCATIONAL-TECH SCHOOL     ,NJ,08753-0000,Public       ,1,4,5,259,467,726
02525900,ARTISTIC ACADEMY OF HAIR DESIGN         ,NJ,07950-1409,Proprietary  ,2,1,3,100,101,201
02528200,ROBERT FIANCE BEAUTY SCHOOLS            ,NJ,07060-4840,Proprietary  ,3,19,22,71,185,256
02558700,PRISM CAREER INSTITUTE                  ,NJ,08037-0000,Proprietary  ,5,45,50,161,903,1064
02568800,SUSSEX COUNTY COMMUNITY COLLEGE         ,NJ,07860-1149,Public       ,14,18,32,1500,1088,2588
02586900,HARRIS SCHOOL OF BUSINESS               ,NJ,08043-2604,Proprietary  ,13,112,125,184,964,1148
02616402,SANFORD-BROWN INSTITUTE - ISELIN        ,NJ,08830-0000,Proprietary  ,2,2,4,68,226,294
03077500,RABBI JACOB JOSEPH SCHOOL               ,NJ,08817-4494,Private      ,0,0,0,39,3,42
03122600,EASTERN INTERNATIONAL COLLEGE           ,NJ,07306-3906,Proprietary  ,3,27,30,179,596,775
03187300,STENOTECH CAREER INSTITUTE              ,NJ,07004-0000,Proprietary  ,0,0,0,4,19,23
03197300,INSTITUTE FOR HEALTH EDUCATION(THE)     ,NJ,07306-2929,Proprietary  ,0,0,0,2,7,9
03324300,CENTRAL CAREER SCHOOL                   ,NJ,07080-2408,Proprietary  ,1,16,17,54,248,302
03380302,STAR CAREER ACADEMY - STAR NEWARK       ,NJ,07102-4510,Proprietary  ,8,43,51,203,746,949
03380303,STAR CAREER ACADEMY - STAR CLIFTON      ,NJ,07011-2248,Proprietary  ,4,18,22,99,303,402
03424500,NEW COMMUNITY WORKFORCE DEVELOPMENT CENT,NJ,07103-2402,Private      ,0,0,0,2,6,8
03536300,INSTITUTE FOR THERAPEUTIC MASSAGE       ,NJ,07420-1452,Proprietary  ,5,19,24,31,185,216
03650600,PC AGE                                  ,NJ,07306-3936,Proprietary  ,6,26,32,80,406,486
03650603,PC AGE                                  ,NJ,08817-2842,Proprietary  ,0,1,1,22,69,91
03666300,PILLAR COLLEGE                          ,NJ,07102-5511,Private      ,1,11,12,110,857,967
03803300,HEALTHCARE TRAINING INSTITUTE           ,NJ,07083-3504,Proprietary  ,5,26,31,115,401,516
03811300,EASTERN SCHOOL OF ACUPUNCTURE AND TRADIT,NJ,07042-3562,Proprietary  ,0,2,2,8,75,83
04081300,BAIS MEDRASH TORAS CHESED               ,NJ,08701-0000,Private      ,6,3,9,40,23,63
04123400,YESHIVAS BE'ER YITZCHOK                 ,NJ,07208-2380,Private      ,1,11,12,29,68,97
04125000,GENTLE HEALING SCHOOL OF MASSAGE        ,NJ,08512-3600,Proprietary  ,1,2,3,6,47,53
04131100,YESHIVA TORAS CHAIM                     ,NJ,08701-2120,Private      ,2,0,2,115,1,116
04131200,TOTAL IMAGE BEAUTY ACADEMY              ,NJ,07307-2943,Proprietary  ,1,29,30,33,202,235
04134100,JERSEY COLLEGE                          ,NJ,07608-1104,Proprietary  ,23,169,192,266,3003,3269
04136400,AMERICAN INSTITUTE OF MEDICAL SCIENCES &,NJ,07080-1183,Proprietary  ,4,10,14,120,386,506
04154500,STARTING POINTS FOR CHILDREN            ,NJ,07306-0001,Private      ,0,5,5,22,108,130
04154900,NATIONAL CAREER INSTITUTE               ,NJ,07018-2011,Proprietary  ,1,35,36,43,400,443
04154901,NATIONAL CAREER INSTITUTE - JERSEY CITY ,NJ,07306-4300,Proprietary  ,8,32,40,58,248,306
04173100,LAB PAUL MITCHELL PARTNER SCHOOL (THE)  ,NJ,08628-2500,Proprietary  ,0,0,0,52,71,123
04180300,MESIVTA KESER TORAH                     ,NJ,07719-2409,Private      ,0,0,0,7,7,14
04181400,BEST CARE TRAINING INSTITUTE            ,NJ,07018-1703,Proprietary  ,1,18,19,19,182,201
04184500,CHRISTINE VALMY INTERNATIONAL SCHOOL OF ,NJ,07058-9589,Proprietary  ,2,9,11,32,99,131
04188700,ASI CAREER INSTITUTE                    ,NJ,08012-1043,Proprietary  ,0,10,10,17,189,206
04192400,YESHIVA GEDOLAH ZICHRON LEYMA           ,NJ,07036-3905,Private      ,2,0,2,13,5,18
04207500,MEDICAL CAREER INSTITUTE                ,NJ,07712-7202,Proprietary  ,3,21,24,47,219,266
04215600,AMERICAN INSTITUTE OF PHARMACEUTICAL TEC,NJ,07601-9991,Proprietary  ,0,0,0,53,439,492
04216000,UNIVERSAL TRAINING INSTITUTE            ,NJ,08861-4106,Proprietary  ,0,7,7,26,198,224
04216100,YESHIVA YESODEI HATORAH                 ,NJ,08701-4946,Private      ,24,0,24,35,0,35
04216500,RIZZIERI INSTITUTE                      ,NJ,08043-1911,Proprietary  ,0,4,4,44,96,140
04218200,PAUL MITCHELL THE SCHOOL - JERSEY SHORE ,NJ,08723-3413,Proprietary  ,2,1,3,105,154,259
04218500,SALON PROFESSIONAL ACADEMY THE          ,NJ,07080-0000,Proprietary  ,1,10,11,66,195,261
04234400,AMERICAN INSTITUTE OF ALTERNATIVE MEDICI,NJ,08816-3727,Proprietary  ,1,0,1,4,3,7
04243300,GARDEN STATE SCIENCE AND TECHNOLOGY INST,NJ,07306-2714,Proprietary  ,5,38,43,14,100,114
04251500,BETH MEDRASH OF ASBURY PARK             ,NJ,08701-5842,Private      ,17,4,21,17,4,21
04252000,YESHIVA GEDOLAH SHAAREI SHMUEL          ,NJ,08701-3623,Private      ,31,0,31,31,0,31
00266500,VAUGHN COLLEGE OF AERONAUTICS AND TECHNO,NY,11369-9997,Private      ,7,14,21,1294,992,2286
00266600,ADELPHI UNIVERSITY                      ,NY,11530-4299,Private      ,15,42,57,9270,4456,13726
00266700,DOWLING COLLEGE                         ,NY,11769-1999,Private      ,3,15,18,1659,884,2543
00266800,ALFRED UNIVERSITY                       ,NY,14802-1205,Private      ,5,20,25,3820,743,4563
00266900,BANK STREET COLLEGE OF EDUCATION        ,NY,10025-0000,Private      ,1,14,15,17,708,725
00267100,BARD COLLEGE                            ,NY,12504-5000,Private      ,4,5,9,3929,657,4586
00267400,NEW YORK THEOLOGICAL SEMINARY           ,NY,10115-0002,Private      ,0,5,5,6,302,308
00267700,BROOKLYN LAW SCHOOL                     ,NY,11201-0000,Private      ,2,21,23,80,2415,2495
00267800,BRYANT & STRATTON COLLEGE               ,NY,14203-1713,Proprietary  ,119,1257,1376,2681,17475,20156
00267803,BRYANT & STRATTON COLLEGE - GREECE      ,NY,14606-4227,Proprietary  ,5,43,48,301,1377,1678
00267805,BRYANT & STRATTON COLLEGE - SYRACUSE    ,NY,13203-2502,Proprietary  ,17,63,80,603,1520,2123
00267807,BRYANT & STRATTON COLLEGE - ALBANY      ,NY,12205-5230,Proprietary  ,9,47,56,247,988,1235
00268100,CANISIUS COLLEGE                        ,NY,14208-1098,Private      ,4,24,28,4851,1747,6598
00268500,CAZENOVIA COLLEGE                       ,NY,13035-1085,Private      ,1,2,3,2072,265,2337
00268700,CUNY-BROOKLYN COLLEGE                   ,NY,11210-2814,Public       ,65,101,166,21592,13180,34772
00268800,CITY COLLEGE-CUNY                       ,NY,10031-9198,Public       ,60,109,169,21866,11899,33765
00268900,CUNY-HUNTER COLLEGE                     ,NY,10021-0000,Public       ,71,95,166,29163,16543,45706
00269000,QUEENS COLLEGE-CUNY                     ,NY,11367-1597,Public       ,63,81,144,19702,9855,29557
00269100,CUNY- BOROUGH OF MANHATTAN CMTY CLG     ,NY,10007-1047,Public       ,120,173,293,30933,19320,50253
00269200,CUNY BRONX COMMUNITY COLLEGE            ,NY,10453-3102,Public       ,63,92,155,12365,11834,24199
00269300,CUNY-JOHN JAY CLG CRIMINAL JUSTICE      ,NY,10019-1093,Public       ,51,62,113,17722,9157,26879
00269400,KINGSBOROUGH COMMUNITY COLLEGE          ,NY,11235-2398,Public       ,90,81,171,14829,9188,24017
00269600,NY CITY COLLEGE OF TECHNOLOGY-CUNY      ,NY,11201-2983,Public       ,96,84,180,20179,10732,30911
00269700,QUEENSBOROUGH COMMUNITY COLLEGE         ,NY,11364-1497,Public       ,84,63,147,15951,7435,23386
00269800,CUNY THE COLLEGE OF STATEN ISLAND       ,NY,10314-6600,Public       ,50,55,105,14580,5193,19773
00269900,CLARKSON UNIVERSITY                     ,NY,13699-5615,Private      ,1,6,7,6557,587,7144
00269901,CLARKSON UNIVERSITY - CAPITAL REGION CAM,NY,12308-3131,Private      ,0,2,2,13,198,211
00270000,COLGATE ROCHESTER CROZER DIVINITY S     ,NY,14620-0000,Private      ,0,4,4,10,102,112
00270100,COLGATE UNIVERSITY                      ,NY,13346-1386,Private      ,4,2,6,4404,121,4525
00270300,COLLEGE OF MOUNT SAINT VINCENT          ,NY,10471-1093,Private      ,8,3,11,2744,527,3271
00270400,COLLEGE OF NEW ROCHELLE                 ,NY,10805-2339,Private      ,5,65,70,1161,4434,5595
00270500,COLLEGE OF SAINT ROSE                   ,NY,12203-1490,Private      ,7,23,30,5001,1705,6706
00270700,COLUMBIA UNIVERSITY IN THE CITY OF NEW Y,NY,10027-0000,Private      ,14,79,93,25294,21142,46436
00270800,BARNARD COLLEGE-COLUMBIA UNIV           ,NY,10027-6598,Private      ,1,7,8,5113,487,5600
00270900,CONCORDIA COLLEGE                       ,NY,10708-1998,Private      ,1,22,23,925,880,1805
00271000,COOPER UNION                            ,NY,10003-7120,Private      ,0,2,2,1986,288,2274
00271100,CORNELL UNIVERSITY                      ,NY,14853-2801,Private      ,19,50,69,29932,5987,35919
00271101,WEILL CORNELL MEDICAL COLLEGE AND GRADUA,NY,10021-0000,Private      ,0,1,1,52,747,799
00271200,D'YOUVILLE COLLEGE                      ,NY,14201-1084,Private      ,3,10,13,1974,2226,4200
00271300,DOMINICAN COLLEGE                       ,NY,10962-1299,Private      ,9,33,42,1900,1071,2971
00271800,ELMIRA COLLEGE                          ,NY,14901-2099,Private      ,5,2,7,2217,349,2566
00272200,FORDHAM UNIVERSITY                      ,NY,10458-5157,Private      ,19,58,77,28213,8554,36767
00272600,GENERAL THEOLOGICAL SEMINARY            ,NY,10011-0000,Private      ,0,0,0,2,62,64
00272800,HAMILTON COLLEGE                        ,NY,13323-1218,Private      ,0,0,0,3199,98,3297
00272900,HARTWICK COLLEGE                        ,NY,13820-4020,Private      ,11,0,11,2631,168,2799
00273100,HOBART & WILLIAM SMITH COLLEGES         ,NY,14456-3397,Private      ,1,1,2,3137,117,3254
00273200,HOFSTRA UNIVERSITY                      ,NY,11549-1010,Private      ,23,38,61,18191,5400,23591
00273400,HOUGHTON COLLEGE                        ,NY,14744-0128,Private      ,2,2,4,1294,167,1461
00273500,HILBERT COLLEGE                         ,NY,14075-1597,Private      ,3,3,6,1027,333,1360
00273700,IONA COLLEGE                            ,NY,10801-1890,Private      ,19,8,27,8490,1250,9740
00273900,ITHACA COLLEGE                          ,NY,14850-7130,Private      ,4,7,11,14368,1133,15501
00274000,JEWISH THEOLOGICAL SEMINARY OF AMER     ,NY,10027-4649,Private      ,0,0,0,126,140,266
00274200,THE JUILLIARD SCHOOL                    ,NY,10023-6588,Private      ,2,4,6,1589,852,2441
00274400,KEUKA COLLEGE                           ,NY,14478-0000,Private      ,3,14,17,2110,1318,3428
00274800,LEMOYNE COLLEGE                         ,NY,13214-1399,Private      ,9,14,23,5529,1059,6588
00274900,NEW YORK COLLEGE OF PODIATRIC MED       ,NY,10035-1940,Private      ,0,2,2,38,461,499
00275100,LONG ISLAND UNIVERSITY                  ,NY,11548-1326,Private      ,26,51,77,12988,10643,23631
00275800,MANHATTAN COLLEGE                       ,NY,10471-4098,Private      ,4,12,16,7325,912,8237
00275900,MANHATTAN SCHOOL OF MUSIC               ,NY,10027-4689,Private      ,3,6,9,745,674,1419
00276000,MANHATTANVILLE COLLEGE                  ,NY,10577-2132,Private      ,2,13,15,3294,892,4186
00276300,MARIA COLLEGE                           ,NY,12208-1798,Private      ,1,6,7,358,827,1185
00276500,MARIST COLLEGE                          ,NY,12601-1387,Private      ,9,16,25,9121,1394,10515
00276900,MARYMOUNT MANHATTAN COLLEGE             ,NY,10021-4597,Private      ,5,7,12,4294,395,4689
00277200,MERCY COLLEGE                           ,NY,10522-1189,Private      ,21,186,207,6036,7645,13681
00277500,MOLLOY COLLEGE                          ,NY,11570-1100,Private      ,9,20,29,4509,2441,6950
00277700,MEDAILLE COLLEGE                        ,NY,14214-2695,Private      ,5,42,47,1630,1880,3510
00277800,MOUNT SAINT MARY COLLEGE                ,NY,12550-3494,Private      ,12,12,24,3871,1222,5093
00277900,NAZARETH COLLEGE OF ROCHESTER           ,NY,14618-3790,Private      ,1,13,14,3812,1483,5295
00278200,NEW YORK INSTITUTE OF TECHNOLOGY        ,NY,11568-8000,Private      ,14,19,33,6649,2487,9136
00278202,NY INSTITUTE OF TECHNOLOGY-OSTEOPATHIC M,NY,11568-0000,Private      ,1,1,2,57,1178,1235
00278300,NEW YORK LAW SCHOOL                     ,NY,10013-0000,Private      ,0,5,5,74,2058,2132
00278400,NEW YORK MEDICAL COLLEGE                ,NY,10595-0000,Private      ,0,5,5,36,1781,1817
00278500,NEW YORK UNIVERSITY                     ,NY,10012-1091,Private      ,50,173,223,48927,27647,76574
00278800,NIAGARA UNIVERSITY                      ,NY,14109-2010,Private      ,5,11,16,4070,1061,5131
00279000,NYACK COLLEGE                           ,NY,10960-3698,Private      ,3,29,32,1213,1802,3015
00279100,PACE UNIVERSITY - NEW YORK              ,NY,10038-1598,Private      ,26,73,99,13788,4346,18134
00279101,PACE UNIVERSITY-PLEASANTVILLE           ,NY,10570-0000,Private      ,6,22,28,4038,1342,5380
00279102,PACE UNIVERSITY - WHITE PLAINS          ,NY,10603-0000,Private      ,0,11,11,587,1506,2093
00279500,PAUL SMITHS CLG OF ARTS & SCIENCES      ,NY,12970-0000,Private      ,3,1,4,1266,193,1459
00279800,PRATT INSTITUTE                         ,NY,11205-3899,Private      ,8,16,24,5432,2104,7536
00280300,RENSSELAER POLYTECHNIC INSTITUTE        ,NY,12180-3590,Private      ,2,6,8,12743,726,13469
00280500,ROBERTS WESLEYAN COLLEGE                ,NY,14624-1997,Private      ,3,20,23,1567,1439,3006
00280600,ROCHESTER INSTITUTE OF TECHNOLOGY       ,NY,14623-5608,Private      ,14,22,36,17959,2711,20670
00280700,ROCKEFELLER UNIVERSITY                  ,NY,10021-0000,Private      ,0,1,1,25,61,86
00280800,DAEMEN COLLEGE                          ,NY,14226-3592,Private      ,1,9,10,2947,1335,4282
00281000,THE SAGE COLLEGES                       ,NY,12180-4199,Private      ,4,4,8,2319,1985,4304
00281200,TROCAIRE COLLEGE                        ,NY,14220-2094,Private      ,2,12,14,839,1628,2467
00281300,SARAH LAWRENCE COLLEGE                  ,NY,10708-5999,Private      ,1,4,5,2310,648,2958
00281400,SKIDMORE COLLEGE                        ,NY,12866-1632,Private      ,2,0,2,4846,161,5007
00281500,ST BERNARDS SCH THEOLOGY & MINISTRY     ,NY,14618-3822,Private      ,0,1,1,2,35,37
00281600,SIENA COLLEGE                           ,NY,12211-1462,Private      ,4,3,7,6312,351,6663
00281700,ST BONAVENTURE UNIVERSITY               ,NY,14778-2284,Private      ,2,3,5,2853,433,3286
00282000,ST FRANCIS COLLEGE                      ,NY,11201-4398,Private      ,9,12,21,3222,937,4159
00282100,ST JOHN FISHER COLLEGE                  ,NY,14618-3597,Private      ,3,13,16,4973,1791,6764
00282200,CHRIST THE KING SEMINARY                ,NY,14052-0607,Private      ,0,0,0,0,3,3
00282300,ST JOHN'S UNIVERSITY                    ,NY,11439-1343,Private      ,21,31,52,23245,6179,29424
00282500,ST JOSEPH'S COLLEGE                     ,NY,11205-3688,Private      ,1,15,16,1584,896,2480
00282501,ST JOSEPH'S COLLEGE-SUFFOLK CAMPUS      ,NY,11772-0000,Private      ,11,36,47,2891,1823,4714
00282900,ST LAWRENCE UNIVERSITY                  ,NY,13617-1455,Private      ,6,2,8,3257,176,3433
00283200,ST THOMAS AQUINAS COLLEGE               ,NY,10976-1050,Private      ,5,5,10,1929,276,2205
00283300,ST VLADIMIR ORTHODOX THEOL SEM          ,NY,10707-0000,Private      ,0,1,1,0,49,49
00283400,EXCELSIOR COLLEGE                       ,NY,12203-5159,Private      ,27,861,888,837,17205,18042
00283500,SUNY AT ALBANY                          ,NY,12222-0001,Public       ,28,33,61,22964,5099,28063
00283600,BINGHAMTON UNIVERSITY (SUNY)            ,NY,13902-6000,Public       ,26,11,37,27605,3195,30800
00283700,SUNY AT BUFFALO                         ,NY,14260-0001,Public       ,36,39,75,26293,9897,36190
00283800,SUNY AT STONY BROOK                     ,NY,11794-0701,Public       ,39,98,137,29897,8544,38441
00283900,SUNY-DOWNSTATE MEDICAL CENTER           ,NY,11203-2098,Public       ,2,19,21,217,2404,2621
00284000,SUNY UPSTATE MEDICAL UNIVERSITY         ,NY,13210-2375,Public       ,0,7,7,268,1482,1750
00284100,SUNY BROCKPORT - FIN AID OFF            ,NY,14420-2914,Public       ,12,34,46,10386,3161,13547
00284200,BUFFALO STATE COLLEGE - SUNY            ,NY,14222-1095,Public       ,39,51,90,15347,4936,20283
00284300,SUNY COLLEGE-CORTLAND                   ,NY,13045-0900,Public       ,7,14,21,11902,1432,13334
00284400,SUNY AT FREDONIA                        ,NY,14063-1145,Public       ,7,6,13,7292,961,8253
00284500,SUNY GENESEO                            ,NY,14454-1401,Public       ,5,6,11,9266,626,9892
00284600,SUNY COLLEGE-NEW PALTZ                  ,NY,12561-2499,Public       ,17,18,35,13526,2282,15808
00284700,SUNY COLLEGE-ONEONTA                    ,NY,13820-4015,Public       ,10,14,24,11577,911,12488
00284800,SUNY OSWEGO                             ,NY,13126-3599,Public       ,20,19,39,12023,1997,14020
00284900,SUNY COLLEGE AT PLATTSBURGH             ,NY,12901-2681,Public       ,23,15,38,8299,1452,9751
00285000,SUNY COLLEGE-POTSDAM                    ,NY,13676-2294,Public       ,11,8,19,5989,968,6957
00285100,SUNY COLLEGE OF ENVIRONMENT SCIENCE AND ,NY,13210-2778,Public       ,5,5,10,2504,613,3117
00285300,SUNY MARITIME COLLEGE                   ,NY,10465-4198,Public       ,2,4,6,2126,440,2566
00285400,SUNY COLLEGE OF TECHNOLOGY-ALFRED       ,NY,14802-9951,Public       ,10,6,16,5084,1035,6119
00285500,SUNY CANTON COLG OF TECHNOLOGY          ,NY,13617-1098,Public       ,10,7,17,3854,1505,5359
00285600,SUNY AG & TECH COLLEGE-COBLESKILL       ,NY,12043-9986,Public       ,5,3,8,3625,663,4288
00285700,SUNY DELHI                              ,NY,13753-1190,Public       ,15,13,28,4434,1378,5812
00285800,SUNY FARMINGDALE                        ,NY,11735-1021,Public       ,27,29,56,7714,3153,10867
00285900,SUNY COLLEGE OF AG & TECH AT MORRISVILLE,NY,13408-0901,Public       ,10,6,16,4167,942,5109
00286000,ADIRONDACK COMMUNITY COLLEGE            ,NY,12804-1445,Public       ,12,12,24,2411,1739,4150
00286100,CAYUGA COMMUNITY COLLEGE                ,NY,13021-3099,Public       ,13,61,74,1706,2108,3814
00286200,BROOME COMMUNITY COLLEGE                ,NY,13902-0000,Public       ,26,38,64,4771,3129,7900
00286300,CORNING COMMUNITY COLLEGE               ,NY,14830-3297,Public       ,9,35,44,1927,1725,3652
00286400,DUTCHESS COMMUNITY COLLEGE              ,NY,12601-1595,Public       ,17,47,64,4757,2451,7208
00286600,FASHION INSTITUTE OF TECHNOLOGY         ,NY,10001-5992,Public       ,16,32,48,9945,3532,13477
00286700,SUNY FULTON MONTGOMERY COMM CLG         ,NY,12095-3790,Public       ,10,6,16,1568,1033,2601
00286800,HUDSON VALLEY COMMUNITY COLLEGE         ,NY,12180-6096,Public       ,24,34,58,6450,4690,11140
00286900,JAMESTOWN COMMUNITY COLLEGE             ,NY,14702-0020,Public       ,4,13,17,2351,1734,4085
00287000,JEFFERSON COMMUNITY COLLEGE             ,NY,13601-1897,Public       ,6,89,95,1785,2824,4609
00287100,"SUNY, MOHAWK VALLEY COMMUNITY CLG       ",NY,13501-5394,Public       ,13,20,33,3766,3019,6785
00287200,MONROE COMMUNITY COLLEGE                ,NY,14623-5780,Public       ,43,67,110,9720,9499,19219
00287300,NASSAU COMMUNITY COLLEGE                ,NY,11530-6793,Public       ,74,117,191,12530,8189,20719
00287400,NIAGARA COUNTY COMMUNITY COLLEGE        ,NY,14132-9460,Public       ,8,22,30,3829,2762,6591
00287500,ONONDAGA COMMUNITY COLLEGE              ,NY,13215-4585,Public       ,44,99,143,7371,4686,12057
00287600,ORANGE COUNTY COMMUNITY COLLEGE         ,NY,10940-6441,Public       ,18,32,50,3158,2524,5682
00287700,ROCKLAND COMMUNITY COLLEGE              ,NY,10901-3611,Public       ,14,35,49,3037,2323,5360
00287800,SUFFOLK COMMUNITY COLLEGE               ,NY,11784-2899,Public       ,35,46,81,7515,3847,11362
00287801,SUFFOLK COMMUNITY CLG-W. CAMPUS         ,NY,11717-0000,Public       ,20,29,49,5413,3794,9207
00287803,SUFFOLK COMMUNITY CLG-EASTRN CAMPUS     ,NY,11901-0000,Public       ,4,15,19,1948,1304,3252
00287900,SULLIVAN COUNTY COMMUNITY COLLEGE       ,NY,12759-5151,Public       ,6,8,14,1084,720,1804
00288000,ULSTER COUNTY COMMUNITY COLLEGE         ,NY,12484-0557,Public       ,9,18,27,1233,1077,2310
00288100,SUNY WESTCHESTER COMMUNITY COLLEGE      ,NY,10595-1698,Public       ,42,103,145,6856,5770,12626
00288200,SYRACUSE UNIVERSITY                     ,NY,13244-2130,Private      ,19,202,221,28454,7301,35755
00288300,UTICA COLLEGE- UTICA                    ,NY,13502-4892,Private      ,9,52,61,4820,2903,7723
00288500,ALBANY COLLEGE OF PHARMACY AND HEALTH SC,NY,12208-3492,Private      ,4,0,4,1772,799,2571
00288600,ALBANY LAW SCHOOL                       ,NY,12208-0000,Private      ,0,1,1,66,817,883
00288700,ALBANY MEDICAL COLLEGE                  ,NY,12208-0000,Private      ,0,5,5,98,1109,1207
00288900,UNION COLLEGE                           ,NY,12308-2311,Private      ,2,2,4,4047,167,4214
00289000,UNION THEOLOGICAL SEMINARY              ,NY,10027-0000,Private      ,0,0,0,4,272,276
00289200,UNITED STATES MERCHANT MARINE ACADEMY   ,NY,11024-1634,Public       ,5,1,6,405,24,429
00289400,UNIVERSITY OF ROCHESTER                 ,NY,14627-9000,Private      ,13,75,88,9335,2236,11571
00289401,EASTMAN SCH OF MUSIC/UNIV ROCHESTER     ,NY,14604-0000,Private      ,1,4,5,838,409,1247
00289402,UNIV OF ROCHESTER SCHL OF MEDICINE      ,NY,14642-0000,Private      ,3,5,8,73,754,827
00289500,VASSAR COLLEGE                          ,NY,12604-0008,Private      ,2,3,5,4930,225,5155
00289600,VILLA MARIA COLLEGE-BUFFALO             ,NY,14225-3999,Private      ,3,1,4,554,340,894
00289900,WAGNER COLLEGE                          ,NY,10301-4495,Private      ,6,6,12,2780,627,3407
00290000,WEBB INSTITUTE                          ,NY,11542-1398,Private      ,0,0,0,105,6,111
00290100,WELLS COLLEGE                           ,NY,13026-0500,Private      ,1,0,1,1400,83,1483
00290300,YESHIVA UNIVERSITY                      ,NY,10033-3201,Private      ,7,8,15,2329,2225,4554
00290302,YESHIVA UNIVERSITY - BRONX CAMPUS       ,NY,10461-1975,Private      ,0,1,1,108,1167,1275
00397400,MESIVTHA TIFERETH JERUSALEM OF AMER     ,NY,10002-6382,Private      ,4,1,5,32,4,36
00397600,RABBINICAL ACAD MESIVTA RABBI CHAIM     ,NY,11230-4715,Private      ,13,1,14,42,3,45
00397700,RABBINICAL COLLEGE CH'SAN SOFER         ,NY,11204-1252,Private      ,0,0,0,0,4,4
00397800,RABBINICAL SEMINARY OF AMERICA          ,NY,11375-0000,Private      ,10,1,11,95,46,141
00397900,COLUMBIA UNIV TEACHERS COLLEGE          ,NY,10027-0000,Private      ,2,136,138,111,4843,4954
00405400,HEBREW UNION COL-JEWISH INST OF REL     ,NY,10012-0000,Private      ,0,1,1,0,223,223
00475900,"CUNY, YORK COLLEGE                      ",NY,11451-0001,Public       ,31,33,64,12833,6346,19179
00476500,CUNY GRADUATE SCH & UNIV CTR            ,NY,10016-4309,Public       ,2,37,39,145,3539,3684
00477600,CENTRAL YESHIVA TOMCHEI TMIMIM LUBA     ,NY,11230-2798,Private      ,131,2,133,403,37,440
00478800,HERKIMER COUNTY COMMUNITY COLLEGE       ,NY,13350-1598,Public       ,10,11,21,2120,1273,3393
00479800,MIRRER YESHIVA CENTRAL INST             ,NY,11223-2010,Private      ,21,2,23,86,29,115
00479900,MONROE COLLEGE                          ,NY,10468-4305,Proprietary  ,105,168,273,4959,6339,11298
00481100,EVEREST INSTITUTE                       ,NY,14621-3007,Proprietary  ,0,0,0,41,298,339
00506400,SAINT JAMES MERCY HOSPITAL SCHOOL OF RAD,NY,14843-2197,Private      ,0,0,0,1,3,4
00520800,THE COLLEGE OF WESTCHESTER              ,NY,10602-0000,Proprietary  ,12,33,45,897,985,1882
00587700,ROBERT J HOCHSTIM SCHOOL OF RADIOG      ,NY,11572-1151,Private      ,0,0,0,1,10,11
00643501,ARNOT OGDEN MEDICAL CENTER              ,NY,14905-1676,Private      ,0,1,1,40,57,97
00643800,PHILLIPS BETH ISRAEL SCH OF NURSING     ,NY,10001-6354,Private      ,0,6,6,86,365,451
00644300,COCHRAN SCH NSG-ST JOHN RVSDE HOSP      ,NY,10701-1399,Private      ,2,0,2,31,190,221
00644500,CROUSE HOSP SCH OF NURSING              ,NY,13210-1690,Private      ,0,4,4,224,349,573
00644800,BELANGER SCHOOL OF NURSING              ,NY,12304-1009,Private      ,0,0,0,60,188,248
00646100,SAINT ELIZABETH MEDICAL CENTER          ,NY,13501-2998,Private      ,0,0,0,147,172,319
00646700,SAINT JOSEPH'S COLLEGE OF NURSING       ,NY,13203-1806,Private      ,0,2,2,238,275,513
00678200,GENESEE COMMUNITY COLLEGE               ,NY,14020-9704,Public       ,8,56,64,2872,2726,5598
00678500,SCHENECTADY COUNTY COMMUNITY CLG        ,NY,12305-2294,Public       ,5,36,41,2335,2357,4692
00678700,CLINTON COMMUNITY COLLEGE               ,NY,12901-5690,Public       ,2,4,6,1046,680,1726
00678800,TOMPKINS CORTLAND COMMUNITY COLLEGE     ,NY,13053-0139,Public       ,10,32,42,2739,1696,4435
00678900,COLUMBIA-GREENE COMMUNITY COLLEGE       ,NY,12534-9543,Public       ,3,16,19,832,932,1764
00679100,SUNY AT PURCHASE                        ,NY,10577-1400,Public       ,10,9,19,7852,1194,9046
00702200,CUNY-LEHMAN COLLEGE                     ,NY,10468-1589,Public       ,38,99,137,14155,13507,27662
00702600,MOUNT SINAI SCHOOL OF MEDICINE          ,NY,10029-0000,Private      ,0,9,9,47,1098,1145
00710900,SUNY COLLEGE-OLD WESTBURY               ,NY,11568-0210,Public       ,25,12,37,5840,2369,8209
00711100,NORTH COUNTRY COMMUNITY COLLEGE         ,NY,12983-2046,Public       ,6,3,9,684,650,1334
00726400,MESIFTA TORAH VODAATH RABBINCAL SEM     ,NY,11218-5209,Private      ,0,13,13,8,177,185
00727300,CUNY-BERNARD BARUCH COLLEGE             ,NY,10010-5518,Public       ,36,64,100,20084,10308,30392
00730400,CULINARY INSTITUTE OF AMERICA           ,NY,12538-1499,Private      ,37,44,81,3909,1561,5470
00732916,ITT TECHNICAL INSTITUTE                 ,NY,12205-1003,Proprietary  ,5,37,42,142,589,731
00737200,AUSTIN'S SCHOOL OF SPA TECHNOLOGY       ,NY,12206-1513,Proprietary  ,0,0,0,133,302,435
00737500,ISLAND DRAFTING & TECHNICAL INST        ,NY,11701-2704,Proprietary  ,0,1,1,75,63,138
00738700,LONG ISLAND BEAUTY SCHOOL               ,NY,11788-4346,Proprietary  ,6,14,20,153,310,463
00738800,LONG ISLAND BEAUTY SCHOOL               ,NY,11550-3704,Proprietary  ,1,9,10,40,156,196
00739100,BEAUTY SCHOOL OF MIDDLETOWN             ,NY,10940-6574,Proprietary  ,0,9,9,42,107,149
00739400,BERKELEY COLLEGE                        ,NY,10017-0000,Proprietary  ,111,313,424,3300,5490,8790
00740100,MANDL SCHOOL                            ,NY,10019-5516,Proprietary  ,11,42,53,244,1070,1314
00740500,WOOD TOBE-COBURN SCHOOL                 ,NY,10016-0102,Proprietary  ,2,2,4,399,124,523
00746500,AMERICAN ACADEMY OF DRAMATIC ARTS       ,NY,10016-7089,Private      ,3,7,10,1217,408,1625
00746600,LIM COLLEGE                             ,NY,10022-5268,Proprietary  ,8,3,11,2144,560,2704
00746800,SCHOOL OF VISUAL ARTS                   ,NY,10010-3994,Proprietary  ,1,17,18,3837,1499,5336
00751800,APEX TECHNICAL SCHOOL                   ,NY,10011-0000,Proprietary  ,34,120,154,579,1632,2211
00752200,CONTINENTAL SCH OF BEAUTY CULTURE       ,NY,14623-3231,Proprietary  ,8,50,58,234,645,879
00752205,CONTINENTAL SCHOOL OF BEAUTY CULTURE - M,NY,13211-1003,Proprietary  ,0,0,0,19,39,58
00753200,FINGER LAKES COMMUNITY COLLEGE          ,NY,14424-8395,Public       ,14,36,50,3417,2593,6010
00757200,AMERICAN MUSICAL AND DRAMATIC ACAD      ,NY,10023-2106,Private      ,16,5,21,3281,593,3874
00757300,EMPIRE BEAUTY SCHOOL                    ,NY,11103-4028,Proprietary  ,33,121,154,753,2026,2779
00780400,STAR CAREER ACADEMY                     ,NY,10011-7307,Proprietary  ,5,25,30,170,657,827
00793809,LINCOLN TECHNICAL INSTITUTE - WHITESTONE,NY,11357-6092,Proprietary  ,22,38,60,572,413,985
00818900,CONTINENTAL SCHOOL OF BEAUTY CULTURE - B,NY,14224-3402,Proprietary  ,0,3,3,72,155,227
00818903,CONTINENTAL SCHOOL OF BEAUTY CULTURE - B,NY,14223-2911,Proprietary  ,3,17,20,86,236,322
00843700,CHAMPLAIN VALLEY - TEC/PRN              ,NY,12901-0000,Public       ,1,2,3,52,128,180
00849500,JAMESTOWN BUSINESS COLLEGE              ,NY,14702-0429,Proprietary  ,1,11,12,218,279,497
00861100,"CUNY, HOSTOS CMTY COLLEGE               ",NY,10451-2946,Public       ,34,57,91,9399,8844,18243
00861400,RABBINICAL CLG BOBOVER YESHIVA BNEI     ,NY,11219-3293,Private      ,4,27,31,172,79,251
00878800,STATE UNIVERSITY OF NEW YORK STUDENT LOA,NY,12246-0000,Public       ,1,0,1,399,319,718
00902900,NEIGHBORHOOD PLAYHOUSE                  ,NY,10022-5017,Private      ,0,1,1,29,50,79
00904300,ELMIRA BUSINESS INSTITUTE               ,NY,14901-2731,Proprietary  ,4,35,39,93,824,917
00907700,UTICA SCHOOL OF COMMERCE                ,NY,13501-2280,Proprietary  ,4,17,21,68,256,324
00924800,SAMARITAN HOSPITAL SCH NURSING          ,NY,12180-2475,Private      ,0,2,2,70,242,312
00928300,MIDWAY-PARIS BEAUTY SCHOOL              ,NY,11385-3453,Proprietary  ,3,8,11,34,102,136
00928400,BRITTANY BEAUTY SCHOOL                  ,NY,11756-1345,Proprietary  ,4,22,26,107,278,385
00933500,MESIVTA EASTERN PKWY RABBINICAL CLG     ,NY,11218-5559,Private      ,2,1,3,27,5,32
00947900,SAINT VINCENTS CMC SI NURSING SCHOOL    ,NY,10304-3850,Proprietary  ,8,36,44,233,672,905
00976900,METROPOLITAN COLLEGE OF NEW YORK        ,NY,10013-1919,Private      ,2,31,33,201,2209,2410
00992900,SUNY COLLEGE OF OPTOMETRY               ,NY,10036-8003,Public       ,0,3,3,20,368,388
01005100,LA GUARDIA CMTY COLLEGE - CUNY          ,NY,11101-3083,Public       ,83,97,180,17918,12626,30544
01005200,JEFFERSON-LEWIS BOCES PRAC NRSGPRG      ,NY,13601-9509,Public       ,0,4,4,35,192,227
01009700,CUNY-MEDGAR W EVERS COLLEGE             ,NY,11225-2010,Public       ,48,57,105,8072,6871,14943
01014200,TOURO COLLEGE                           ,NY,10010-4202,Private      ,19,110,129,3378,10616,13994
01014700,WESTERN SUFFOLK BOCES                   ,NY,11768-3499,Public       ,4,6,10,184,366,550
01015300,HELENE FULD COL OF NRSNG/N GEN HOSP     ,NY,10035-0000,Private      ,2,24,26,32,854,886
01028600,EMPIRE STATE COLLEGE                    ,NY,12866-4391,Public       ,7,113,120,1107,12521,13628
01037800,RABBINICAL COLLEGE OF LONG ISLAND       ,NY,11561-3244,Private      ,4,0,4,66,3,69
01054900,KEHILATH YAKOV RABBINICAL SEMINARY      ,NY,10562-1001,Private      ,12,7,19,91,24,115
01055100,NEW YORK SCH MED & DENTAL ASSISTANT     ,NY,11101-2327,Proprietary  ,8,12,20,149,341,490
01064100,SOUTHERN WESTCHESTER BOCES              ,NY,10543-0000,Public       ,0,3,3,37,195,232
01068400,ERIE COMMUNITY COLLEGE-ALL CAMPUSES     ,NY,14203-2698,Public       ,32,73,105,7503,7763,15266
01081300,AMERICAN ACAD MCALLISTER INST           ,NY,10019-3604,Private      ,1,7,8,130,725,855
01094300,RABBINICAL COLLEGE BETH SHRAGA          ,NY,10952-3033,Private      ,1,0,1,16,1,17
01095200,PNW BOCES LPN PROGRAM                   ,NY,10598-0000,Public       ,1,2,3,17,62,79
01103100,TECHNICAL CAREER INSTITUTE              ,NY,10001-2789,Proprietary  ,34,121,155,1014,2848,3862
01118900,UNITED TALMUDICAL SEMINARY              ,NY,11211-7984,Private      ,238,83,321,1111,720,1831
01119200,BETH HAMEDRASH SHAAREI YOSHER INST      ,NY,11204-1052,Private      ,2,4,6,5,24,29
01161400,CHAMPLAIN VALLEY HOSP SCH RAD TECH      ,NY,12901-1490,Private      ,0,0,0,23,26,49
01161700,NEW YORK METHODIST HOSPITAL             ,NY,11229-9023,Private      ,1,4,5,149,549,698
01164700,SBI CAMPUS - AN AFFILIATE OF SANFORD-BRO,NY,11747-3785,Proprietary  ,0,2,2,73,141,214
01167000,YESHIVA OF NITRA RABBINICAL COLLEGE -   ,NY,10549-4112,Private      ,16,10,26,162,20,182
01167700,MEMORIAL SLOAN KETTERING CANCER CTR     ,NY,10021-6094,Private      ,0,0,0,3,37,40
01167800,SUNY POLYTECHNIC INSTITUTE              ,NY,13502-1311,Public       ,3,5,8,2576,1166,3742
01182100,YESHIVATH ZICHRON MOSHE                 ,NY,12779-0580,Private      ,17,0,17,110,3,113
01183000,BERK TRADE AND BUSINESS SCHOOL          ,NY,11101-0000,Proprietary  ,7,14,21,126,283,409
01185900,WORD OF LIFE BIBLE INSTITUTE            ,NY,12860-0129,Private      ,0,0,0,617,103,720
01186000,MERCY MED CNTR SCHL OF RADIOGRAPHY      ,NY,11570-1098,Private      ,0,0,0,20,43,63
01192100,WESTCHESTER SCH OF BEAUTY CULTURE       ,NY,10550-2295,Proprietary  ,0,14,14,25,124,149
01192200,BETH HATALMUD RABBINICAL CLG            ,NY,11214-2594,Private      ,2,0,2,24,7,31
01198400,OHR HAMEIR THEOLOGICAL SEMINARY         ,NY,10566-0990,Private      ,2,0,2,79,1,80
01201100,TALMUDICAL SEM OHOLEI TORAH             ,NY,11213-3310,Private      ,46,0,46,265,1,266
01210700,INSTITUTE OF DESIGN & CONSTRUCTION      ,NY,11201-5380,Private      ,0,0,0,34,63,97
01220300,MEMORIAL HOSPITAL SCH OF NURSING        ,NY,12204-1083,Private      ,0,0,0,58,172,230
01227700,NEW YORK CHIROPRACTIC COLLEGE           ,NY,13148-0800,Private      ,0,10,10,14,806,820
01229300,VEEB NASSAU CNTY SCHL OF PRACT NURS     ,NY,11553-0000,Public       ,0,4,4,64,282,346
01235800,PLAZA COLLEGE                           ,NY,11372-6300,Proprietary  ,27,62,89,380,1095,1475
01236400,SAINT VINCENTS CATHOLIC MEDICAL CENTERS ,NY,11354-0000,Proprietary  ,8,24,32,132,595,727
01240700,SCHUYLER-CHEMUNG-TIOGA BOCES            ,NY,14903-1089,Public       ,0,3,3,35,199,234
01240701,STEUBEN SCHUYLER CHEMUNG TIOGA ALLEGANY ,NY,14870-9518,Public       ,0,0,0,1,3,4
01256100,FIVE TOWNS COLLEGE                      ,NY,11746-5871,Proprietary  ,0,1,1,779,238,1017
01258900,ERIE 1 BOCES                            ,NY,14224-0000,Public       ,0,4,4,113,446,559
01265200,ONONDAGA CORTLAND MADISON BOCES         ,NY,13090-4500,Public       ,1,5,6,246,645,891
01278300,OSWEGO COUNTY BOCES ADULT CAREERS       ,NY,13114-4498,Public       ,0,0,0,35,101,136
01292700,SYRACUSE CITY SCHOOL DISTRICT           ,NY,13202-3092,Public       ,1,0,1,38,65,103
01302600,MACHZIKEI HADATH RABBINICAL COLLEGE     ,NY,11204-1805,Private      ,53,33,86,64,60,124
01302700,YESHIVATH VIZNITZ                       ,NY,10952-3021,Private      ,102,101,203,247,208,455
01302900,BORICUA COLLEGE                         ,NY,10032-1599,Private      ,4,19,23,421,1303,1724
02056400,CAPRI COSMETOLOGY LEARNING CENTER       ,NY,10954-0000,Proprietary  ,6,10,16,151,287,438
02066200,THE NEW SCHOOL                          ,NY,10011-0000,Private      ,17,43,60,7112,5224,12336
02069000,NEW YORK SCHOOL OF INTERIOR DESIGN      ,NY,10021-0000,Private      ,2,7,9,205,446,651
02075700,BRIARCLIFFE COLLEGE                     ,NY,11714-0000,Proprietary  ,0,4,4,399,1082,1481
02075702,BRIARCLIFFE COLLEGE - PATCHOGUE         ,NY,11772-3019,Proprietary  ,0,5,5,440,702,1142
02092400,RIDLEY-LOWELL SCHOOL OF BUSINESS        ,NY,13905-0000,Proprietary  ,1,2,3,48,194,242
02093700,LONG ISLAND BUSINESS INSTITUTE          ,NY,11725-0000,Proprietary  ,81,196,277,477,1774,2251
02093701,LONG ISLAND BUSINESS INSTITUTE - FLUSHIN,NY,11354-4429,Proprietary  ,0,0,0,14,38,52
02098400,HERKIMER COUNTY BOCES                   ,NY,13350-0000,Public       ,0,0,0,40,121,161
02104300,OTSEGO AREA SCHOOL OF PRAC NURSING      ,NY,12167-0000,Public       ,0,0,0,11,35,46
02105900,HAIR DESIGN INSTITUTE AT FIFTH AVE      ,NY,11220-0000,Proprietary  ,5,17,22,83,258,341
02106800,BRAMSON ORT COLLEGE                     ,NY,11375-0000,Private      ,11,23,34,236,707,943
02110900,CATTARAUGUS/ALLEGANY BOCES              ,NY,14760-0000,Public       ,0,0,0,51,126,177
02112301,RIDLEY - LOWELL BUSINESS & TECHNICAL INS,NY,12601-3328,Proprietary  ,2,14,16,137,532,669
02116011,SANFORD-BROWN INSTITUTE - NEW YORK      ,NY,10003-2103,Proprietary  ,0,1,1,174,612,786
02124000,ORANGE ULSTER BOCES SCH OF PRAC NRS     ,NY,10924-9401,Public       ,0,1,1,44,153,197
02125500,CIRCLE IN THE SQUARE THEATRE SCHOOL     ,NY,10019-0000,Private      ,0,0,0,61,64,125
02126300,MADISON-ONEIDA BOCES PRAC NRS           ,NY,13478-0000,Public       ,0,0,0,17,59,76
02138500,BOCES RENSSELAER SCHOOL OF PN           ,NY,12033-3221,Public       ,0,0,0,5,15,20
02145800,CAYUGA ONONDAGA BOCES                   ,NY,13021-9430,Public       ,0,1,1,39,85,124
02146000,WAYNE-FINGER LAKES BOCES                ,NY,14513-0000,Public       ,0,1,1,56,287,343
02152000,YESHIVA SHAAR HATORAH ITRI TORAH        ,NY,11418-0000,Private      ,3,0,3,9,1,10
02153600,BROOME-TIOGA BOCES PN PROG              ,NY,13905-0000,Public       ,0,1,1,33,143,176
02157900,ROCHESTER GENERAL HOSPITAL              ,NY,14621-3001,Private      ,0,1,1,45,122,167
02158200,WSHNGTN-SARTGA-WARN-HMLTN-ESX BOCES     ,NY,12839-1051,Public       ,0,0,0,13,56,69
02160100,GENEVA GENERAL HOSPITAL                 ,NY,14456-0000,Private      ,1,1,2,44,181,225
02163400,NEW YORK CAREER INSTITUTE               ,NY,10007-2801,Proprietary  ,1,4,5,141,561,702
02169100,DAVIS COLLEGE                           ,NY,13790-0000,Private      ,0,3,3,173,129,302
02170000,SWEDISH INSTITUTE                       ,NY,10001-0000,Proprietary  ,15,57,72,229,1218,1447
02170200,ALBANY SCHOHARIE SCHENECTADY            ,NY,12205-0000,Public       ,0,1,1,40,167,207
02171900,AILEY SCHOOL (THE)                      ,NY,10019-4402,Private      ,0,2,2,152,83,235
02172100,HAMILTON-FULTON-MONTGOMERY BOCES        ,NY,12095-0665,Public       ,0,1,1,45,87,132
02172800,DUTCHESS COUNTY BOCES SCH PRAC NURS     ,NY,12601-0000,Public       ,0,3,3,76,227,303
02173200,EMPIRE BEAUTY SCHOOL                    ,NY,10001-0000,Proprietary  ,36,133,169,946,2201,3147
02173900,ULSTER COUNTY BOCES PRACTICAL NRSG      ,NY,12466-0000,Public       ,1,0,1,40,182,222
02176000,CHERYL FELL'S SCHOOL OF BUSINESS        ,NY,14304-0000,Proprietary  ,1,10,11,13,122,135
02179400,EASTERN SUFFOLK BOCES                   ,NY,11713-0000,Public       ,1,1,2,179,392,571
02182200,NEW SCHOOL OF RADIO & TELEVISION        ,NY,12206-1106,Proprietary  ,0,0,0,68,108,176
02191600,TORAH TEMIMAH TALMUDICAL SEMINARY       ,NY,11218-0000,Private      ,3,0,3,29,1,30
02192500,BELLEVUE HOSP CTR SCH RAD TECH          ,NY,10016-0000,Public       ,0,4,4,21,106,127
02199300,ORLEANS-NIAGARA BOCES                   ,NY,14132-0000,Public       ,0,2,2,25,122,147
02206000,HUNTER BUSINESS SCHOOL                  ,NY,11756-0000,Proprietary  ,18,52,70,409,1033,1442
02219500,MILDRED ELLEY                           ,NY,12206-1513,Proprietary  ,27,264,291,489,3741,4230
02235600,ERIE 2-CHAUTAUQUA-CATTARAUGUS BOCES     ,NY,14006-0000,Public       ,1,2,3,43,129,172
02265100,YESHIVA DERECH CHAIM                    ,NY,11218-0000,Private      ,4,0,4,45,18,63
02272900,ROCKLAND COUNTY BOCES PRAC NRSG SCH     ,NY,10994-0000,Public       ,0,0,0,28,101,129
02275900,"MODERN WELDING SCHOOL, INC.             ",NY,12304-0000,Proprietary  ,2,8,10,86,130,216
02287800,NATIONAL TRACTOR TRAILER SCHOOL         ,NY,13088-2505,Proprietary  ,7,86,93,82,730,812
02294900,INSTITUTE OF AUDIO RESEARCH             ,NY,10003-0000,Proprietary  ,5,10,15,218,429,647
02306500,PROFESSIONAL BUSINESS COLLEGE           ,NY,10013-5049,Private      ,0,1,1,26,80,106
02314200,EMPIRE BEAUTY SCHOOL                    ,NY,10566-3805,Proprietary  ,4,3,7,36,48,84
02320100,OHR SOMAYACH TANENBAUM EDUCATIONAL CENTE,NY,10952-0000,Private      ,0,0,0,0,1,1
02350600,YESHIVA AND KOLLEL HARBOTZAS TORAH      ,NY,11230-0000,Private      ,0,5,5,1,18,19
02491400,SPANISH AMERICAN INSTITUTE              ,NY,10036-0000,Private      ,0,1,1,3,24,27
02505800,YESHIVA KARLIN STOLIN RAB INSTITUTE     ,NY,11204-0000,Private      ,8,4,12,47,83,130
02505900,SH-OR YOSHUV RABBINICAL COLLEGE         ,NY,11691-0000,Private      ,0,0,0,16,11,27
02506000,ASSOCIATED BETH RIVKAH SCHOOLS          ,NY,11225-0000,Private      ,3,0,3,121,15,136
02506100,CITY UNIV OF NEW YORK-CENTRAL           ,NY,10021-0000,Public       ,3,26,29,1804,1435,3239
02506800,YESHIVAT MIKDASH MELECH                 ,NY,11230-0000,Private      ,4,3,7,21,6,27
02511500,JOFFREY BALLET SCHOOL                   ,NY,10011-0000,Proprietary  ,0,1,1,137,13,150
02513500,MAR JON SCHOOL OF BEAUTY CULTURE        ,NY,14150-0000,Proprietary  ,0,0,0,15,42,57
02525600,ART INSTITUTE OF NEW YORK CITY (THE)    ,NY,10013-2429,Proprietary  ,3,15,18,1132,991,2123
02540800,"GLOBE INSTITUTE OF TECHNOLOGY, INC.     ",NY,10007-0000,Proprietary  ,6,27,33,407,377,784
02546000,TRI-STATE COLLEGE OF ACUPUNCTURE        ,NY,10011-0000,Proprietary  ,0,3,3,4,116,120
02546300,YESHIVA OF THE TELSHE ALUMNI            ,NY,10471-0000,Private      ,10,0,10,57,0,57
02550600,TALMUDICAL INST OF UPSTATE NY           ,NY,14607-0000,Private      ,0,0,0,5,4,9
02556700,SEMINAR L'MOROS BAIS YAAKOV             ,NY,11219-0000,Private      ,6,1,7,268,1,269
02572900,BUSINESS INFORMATICS CENTER             ,NY,11580-0000,Proprietary  ,0,0,0,8,16,24
02575400,FRENCH CULINARY INSTITUTE               ,NY,10013-2618,Proprietary  ,10,32,42,315,887,1202
02587600,ORLO SCH HAIR DESIGN & COSMETOLOGY      ,NY,12206-1723,Proprietary  ,0,1,1,36,72,108
02599400,NEW YORK COLLEGE OF HEALTH PROFESSIONS  ,NY,11791-4413,Private      ,2,32,34,135,801,936
02600100,NEW YORK ACADEMY OF ART (THE)           ,NY,10013-2911,Private      ,0,6,6,186,304,490
02614900,SANFORD-BROWN INSTITUTE                 ,NY,10604-2910,Proprietary  ,0,0,0,7,20,27
02615001,SANFORD-BROWN COLLEGE - SANFORD-BROWN IN,NY,11530-4734,Proprietary  ,0,2,2,138,288,426
02616600,SHEAR EGO INTERNATIONAL SCHOOL OF HAIR D,NY,14617-3501,Proprietary  ,6,5,11,97,166,263
02617000,CONTINENTAL SCH OF BEAUTY CULTURE       ,NY,14020-0000,Proprietary  ,1,2,3,23,72,95
02617002,CONTINENTAL SCHOOL OF BEAUTY CULTURE  - ,NY,14020-1908,Proprietary  ,1,3,4,20,59,79
02622900,BAIS MEDRASH ELYON                      ,NY,10952-3013,Private      ,4,5,9,14,19,33
03000100,YESHIVA GEDOLAH IMREI YOSEF DSPINKA     ,NY,11219-4696,Private      ,1,13,14,3,95,98
03007200,DANCE THEATRE OF HARLEM                 ,NY,10031-0000,Private      ,0,0,0,38,46,84
03027701,PACIFIC COLLEGE OF ORIENTAL MEDICINE - N,NY,10010-7108,Proprietary  ,2,16,18,23,529,552
03081600,DELAWARE CHENANGO MADISON OT. BOCES     ,NY,13815-9554,Public       ,0,0,0,12,56,68
03095500,ASA INST BUSINESS & COMPUTER TECH       ,NY,11201-5208,Proprietary  ,193,475,668,2424,4746,7170
03096200,CHARLES STUART SCHOOL                   ,NY,11229-2004,Proprietary  ,0,5,5,7,39,46
03103700,ADIRONDACK BEAUTY SCHOOL                ,NY,12801-3158,Proprietary  ,0,1,1,24,48,72
03104900,SULLIVAN COUNTY BOCES                   ,NY,12754-2116,Public       ,0,2,2,11,23,34
03115300,GENESEE VALLEY BOCES                    ,NY,14020-1099,Public       ,0,1,1,28,215,243
03120700,NEW YORK CONSERVATORY FOR DRAMATIC ARTS ,NY,10011-4225,Proprietary  ,1,4,5,476,184,660
03127100,YESHIVAS NOVOMINSK                      ,NY,11219-0000,Private      ,5,0,5,49,1,50
03129200,RABBINICAL CLG OHR SHIMAR YISROEL       ,NY,11211-8102,Private      ,3,4,7,58,120,178
03147300,YESHIVA D'MONSEY                        ,NY,10952-3106,Private      ,0,4,4,4,56,60
03169300,STUDIO JEWELERS                         ,NY,10016-4112,Proprietary  ,0,0,0,4,34,38
03181400,MERKAZ BNOS                             ,NY,11204-0000,Private      ,2,29,31,21,181,202
03191300,CUNY SCHOOL OF LAW @ QUEENS COLLEGE     ,NY,11367-0000,Public       ,3,9,12,641,1330,1971
03193300,MANHATTAN SCHOOL OF COMPUTER TECH       ,NY,11230-1617,Private      ,15,78,93,250,929,1179
03203300,NEW YORK INSTITUTE OF MASSAGE           ,NY,14221-6021,Proprietary  ,0,3,3,36,149,185
03216300,UNIFICATION THEOLOGICAL SEMINARY        ,NY,12507-5021,Private      ,0,0,0,5,38,43
03328300,FRANKLIN CAREER INSTITUTE               ,NY,11220-3110,Private      ,9,15,24,49,97,146
03328301,FRANKLIN CAREER INSTITUTE - BROOKLYN    ,NY,11220-3110,Private      ,27,43,70,166,485,651
03358300,ALLEN SCHOOL                            ,NY,11432-4901,Proprietary  ,21,149,170,237,1644,1881
03358301,ALLEN SCHOOL - BROOKLYN                 ,NY,11201-0000,Proprietary  ,8,44,52,202,794,996
03380300,STAR CAREER ACADEMY                     ,NY,11791-5311,Proprietary  ,2,11,13,61,207,268
03419400,NORTHEASTERN SEMINARY                   ,NY,14624-1997,Private      ,0,0,0,21,123,144
03433500,LIA SCHORR INSTITUTE OF COSMETIC SK     ,NY,10022-0000,Proprietary  ,0,5,5,8,44,52
03443300,NEW YORK COLLEGE OF TRADITIONAL CHINESE ,NY,11501-0000,Private      ,0,2,2,3,122,125
03496300,YESHIVA SHAAREI TORAH OF ROCKLAND       ,NY,10901-4003,Private      ,6,5,11,23,38,61
03537300,NEW YORK AUTOMOTIVE & DIESEL INSTIT     ,NY,11101-0000,Proprietary  ,23,53,76,207,449,656
03651300,SAINT JOSEPH'S MEDICAL CENTER SCHOO     ,NY,10701-4080,Private      ,0,0,0,1,7,8
03652300,METROPOLITAN LEARNING INSTITUTE         ,NY,11374-2101,Private      ,5,109,114,81,1125,1206
03665400,CHRISTIE'S EDUCATION                    ,NY,10036-8002,Proprietary  ,0,1,1,1,46,47
03713300,BEIS MEDRASH HEICHAL DOVID              ,NY,11691-4433,Private      ,3,1,4,40,5,45
03773300,CENTER FOR NATURAL WELLNESS SCHOOL OF MA,NY,12205-1601,Proprietary  ,0,3,3,51,189,240
03802300,UTA MESIVTA OF KIRYAS JOEL              ,NY,10950-2169,Private      ,115,203,318,791,754,1545
03839300,AVEDA INSTITUTE NEW YORK                ,NY,10013-1522,Proprietary  ,4,20,24,139,410,549
03903400,AMERICAN BEAUTY SCHOOL                  ,NY,10462-8003,Proprietary  ,6,21,27,146,395,541
03934300,YESHIVA ZICHRON ARYEH                   ,NY,11691-0000,Private      ,0,2,2,1,3,4
03941400,ELITE ACADEMY OF BEAUTY ARTS            ,NY,11223-1630,Proprietary  ,0,0,0,1,2,3
03983300,"SCHOOL OF PROFESSIONAL HORTICULTURE, AT ",NY,10458-5126,Private      ,0,1,1,12,36,48
03988300,"SAE INSTITUTE OF TECHNOLOGY, NEW YORK   ",NY,10001-2915,Proprietary  ,7,36,43,360,498,858
04043300,ACE COMPUTER TRAINING CENTER            ,NY,11375-5337,Proprietary  ,3,13,16,63,226,289
04092401,MAKE-UP DESIGNORY -                     ,NY,10012-0041,Proprietary  ,3,13,16,305,371,676
04095300,KING'S COLLEGE (THE)                    ,NY,10018-0110,Private      ,1,1,2,952,161,1113
04102300,NEW AGE TRAINING                        ,NY,10001-4006,Proprietary  ,13,34,47,89,395,484
04115500,TALMUDICAL SEMINARY OF BOBOV            ,NY,11219-3826,Private      ,47,21,68,206,147,353
04117100,EDP SCHOOL OF COMPUTER PROGRAMMING      ,NY,11235-0000,Private      ,0,11,11,25,249,274
04117700,"MONROE 2-ORLEANS BOCES, CENTER FOR WORK ",NY,14624-1119,Public       ,1,0,1,107,257,364
04119600,YESHIVA OF FAR ROCKAWAY DERECH AYSON RAB,NY,11691-5219,Private      ,3,1,4,17,1,18
04125600,CAREER SCHOOL OF NY                     ,NY,10301-2416,Private      ,3,10,13,65,175,240
04131500,COLLECTIVE (THE)                        ,NY,10011-2026,Proprietary  ,0,1,1,16,23,39
04133700,NEW YORK MEDICAL CAREER TRAINING CENTER ,NY,11354-6504,Proprietary  ,2,6,8,45,256,301
04133701,NEW YORK MEDICAL CAREER TRAINING CENTER ,NY,10018-6504,Proprietary  ,2,11,13,77,384,461
04134000,"JOHN PAOLO'S XTREME BEAUTY INSTITUTE, GO",NY,12020-1245,Proprietary  ,2,7,9,15,64,79
04134001,"JOHN PAOLO'S XTREME BEAUTY INSTITUTE, GO",NY,13417-1319,Proprietary  ,0,2,2,26,88,114
04137700,ANN MARIE'S WORLD OF BEAUTY SCHOOL      ,NY,13901-2308,Proprietary  ,0,0,0,2,2,4
04138100,YESHIVA OF MACHZIKAI HADAS              ,NY,11219-1408,Private      ,6,43,49,178,146,324
04144300,INSTITUTE OF CULINARY EDUCATION         ,NY,10010-5205,Proprietary  ,4,27,31,443,1022,1465
04148000,NEW LIFE BUSINESS INSTITUTE             ,NY,11432-6149,Proprietary  ,3,23,26,40,275,315
04151200,SALON PROFESSIONAL ACADEMY (THE)        ,NY,14150-9200,Proprietary  ,3,11,14,88,171,259
04155300,ONONDAGA SCHOOL OF THERAPEUTIC MASSAGE  ,NY,13210-1533,Proprietary  ,0,2,2,80,253,333
04156000,ACADEMY OF COSMETOLOGY & ESTHETICS NYC (,NY,10306-3003,Proprietary  ,2,8,10,122,171,293
04157500,ACCESS CAREERS                          ,NY,11201-5826,Proprietary  ,0,0,0,33,89,122
04165700,"JOHN PAOLO'S XTREME BEAUTY INSTITUTE, GO",NY,12110-3053,Proprietary  ,0,0,0,5,22,27
04166000,MANHATTAN INSTITUTE (THE)               ,NY,10016-6516,Proprietary  ,3,22,25,163,371,534
04167600,FINGER LAKES SCHOOL OF MASSAGE (THE)    ,NY,14850-1384,Proprietary  ,0,8,8,57,173,230
04167601,FINGER LAKES SCHOOL OF MASSAGE (THE) -  ,NY,10549-1103,Proprietary  ,5,9,14,24,124,148
04178700,ATELIER ESTHETIQUE INSTITUTE OF ESTHETIC,NY,10016-8804,Proprietary  ,4,26,30,34,256,290
04179800,SOTHEBY'S INSTITUTE OF ART - NY         ,NY,10022-6717,Proprietary  ,0,3,3,26,137,163
04180200,LONG ISLAND NAIL & SKIN CARE INSTITUTE  ,NY,11756-1316,Proprietary  ,2,9,11,36,122,158
04189000,LONG ISLAND BARBER INSTITUTE (THE)      ,NY,11550-6317,Proprietary  ,2,12,14,27,105,132
04190500,NEW YORK SCHOOL OF ESTHETICS & DAY SPA  ,NY,10591-3232,Proprietary  ,1,12,13,23,102,125
04192800,BE'ER YAAKOV TALMUDIC SEMINARY          ,NY,10977-1912,Private      ,93,22,115,204,232,436
04204300,AESTHETIC SCIENCE INSTITUTE (THE)       ,NY,12110-1095,Proprietary  ,2,5,7,35,83,118
04206200,DIGITAL FILM ACADEMY                    ,NY,10036-3708,Proprietary  ,3,16,19,151,246,397
04207400,YESHIVA GEDOLA OHR YISRAEL              ,NY,11229-1817,Private      ,1,0,1,10,1,11
04207600,AMERICAN ACADEMY OF PERSONAL TRAINING   ,NY,10011-7301,Proprietary  ,1,19,20,55,229,284
04208600,RELAY SCHOOL OF EDUCATION               ,NY,10011-4233,Private      ,0,17,17,3,377,380
04208800,GLORIA FRANCIS SCHOOL OF MAKE-UP ARTISTR,NY,11801-3873,Proprietary  ,0,4,4,20,45,65
04210100,STELLA AND CHARLES GUTTMAN COMMUNITY COL,NY,10018-2602,Public       ,12,0,12,3257,451,3708
04210400,BETH MEDRASH MEOR YITZCHOK              ,NY,10952-4023,Private      ,53,2,55,66,6,72
04210700,NEW YORK INSTITUTE OF BEAUTY            ,NY,11749-1479,Proprietary  ,0,4,4,60,147,207
04212500,CACTUS ACADEMY (THE)                    ,NY,11530-3402,Proprietary  ,1,2,3,77,126,203
04213400,ACCESS CAREERS                          ,NY,11550-0000,Proprietary  ,0,4,4,25,118,143
04213500,SHARP EDGEZ BARBER INSTITUTE            ,NY,14620-0000,Proprietary  ,2,9,11,22,96,118
04215900,YESHIVA GEDOLAH KESSER TORAH            ,NY,10952-2127,Private      ,2,0,2,46,0,46
04223100,ARROJO COSMETOLOGY SCHOOL               ,NY,10014-4960,Proprietary  ,7,8,15,114,254,368
04223200,GRACE INTERNATIONAL BEAUTY SCHOOL       ,NY,11355-2446,Proprietary  ,0,12,12,14,123,137
04223300,ALLIANCE COMPUTING SOLUTIONS            ,NY,11354-6507,Proprietary  ,0,3,3,10,50,60
04223800,ELECTRICAL TRAINING CENTER (THE)        ,NY,11726-2701,Proprietary  ,8,13,21,83,146,229
04225500,WESTCHESTER SCHOOL FOR DENTAL ASSISTANTS,NY,10606-1246,Proprietary  ,2,5,7,38,162,200
04227200,BET MEDRASH GADOL ATERET TORAH          ,NY,11223-1933,Private      ,24,24,48,45,56,101
04228300,PAUL MITCHELL THE SCHOOL                ,NY,12305-2303,Proprietary  ,2,12,14,112,137,249
04230100,RABBINICAL COLLEGE OHR YISROEL          ,NY,11236-5141,Private      ,5,1,6,44,9,53
04231500,YESHIVA SHOLOM SHACHNA                  ,NY,11230-2621,Private      ,16,0,16,41,0,41
04233700,CHRISTINE VALMY INTERNATIONAL SCHOOL FOR,NY,10016-7701,Proprietary  ,4,40,44,58,411,469
04234200,CENTER FOR ULTRASOUND RESEARCH & EDUCATI,NY,10801-5104,Proprietary  ,2,5,7,13,41,54
04234300,CULINARY TECH CENTER                    ,NY,10001-2320,Proprietary  ,2,29,31,105,357,462
04234900,AMG SCHOOL OF LICENSE PRACTICAL NURSING ,NY,11201-1728,Proprietary  ,1,9,10,29,203,232
04237500,DERMALOGICA ACADEMY                     ,NY,10011-2420,Proprietary  ,0,0,0,17,97,114
04243200,CENTRAL YESHIVA BETH JOSEPH             ,NY,11230-6043,Private      ,4,5,9,4,9,13
04245600,YESHIVAS MAHARIT D'SATMAR               ,NY,10950-3136,Private      ,29,3,32,36,12,48
04250200,FOCUS PERSONAL TRAINING INSTITUTE       ,NY,10001-6217,Proprietary  ,0,7,7,13,63,76
04251400,ELIM BIBLE INSTITUTE AND COLLEGE        ,NY,14485-9704,Private      ,1,0,1,1,0,1
04251900,FERRARA'S BEAUTY SCHOOL                 ,NY,11375-9601,Proprietary  ,4,6,10,5,24,29
00267808,BRYANT & STRATTON COLLEGE - PARMA       ,OH,44130-0000,Proprietary  ,15,101,116,474,2730,3204
00301000,ANTIOCH UNIVERSITY                      ,OH,45387-1608,Private      ,0,13,13,172,772,944
00301100,ART ACADEMY OF CINCINNATI               ,OH,45202-7106,Private      ,0,5,5,432,236,668
00301200,ASHLAND UNIVERSITY                      ,OH,44805-3799,Private      ,7,160,167,3773,3264,7037
00301300,ATHENAEUM OF OHIO                       ,OH,45230-2000,Private      ,0,0,0,2,18,20
00301400,BALDWIN-WALLACE COLLEGE                 ,OH,44017-2088,Private      ,6,25,31,4848,1658,6506
00301600,BLUFFTON UNIVERSITY                     ,OH,45817-2104,Private      ,4,0,4,1313,338,1651
00301800,BOWLING GREEN STATE UNIVERSITY          ,OH,43403-0001,Public       ,37,67,104,19472,5958,25430
00302300,CAPITAL UNIVERSITY                      ,OH,43209-2394,Private      ,7,30,37,4167,2549,6716
00302400,CASE WESTERN RESERVE UNIV               ,OH,44106-0000,Private      ,9,21,30,11161,2315,13476
00302401,CASE WESTERN RESERVE UNIV - MED         ,OH,44106-0000,Private      ,2,3,5,93,1192,1285
00302402,CASE WESTERN RESERVE UNIV - DENTAL      ,OH,44106-0000,Private      ,1,0,1,48,333,381
00302403,CASE WESTERN RESERVE UNIV - LAW         ,OH,44106-0000,Private      ,0,3,3,30,786,816
00302404,CASE WESTERN RESERVE UNIV - UG          ,OH,44106-0000,Private      ,1,0,1,181,46,227
00302405,CASE WESTERN RESERVE UNIV - MSASS       ,OH,44106-0000,Private      ,0,1,1,14,713,727
00302406,CASE WESTERN RESERVE UNIV - NURS UG     ,OH,44106-0000,Private      ,1,1,2,210,190,400
00302407,CASE WESTERN RESERVE UNIV - WSOM        ,OH,44106-0000,Private      ,1,2,3,16,211,227
00302408,CASE WESTERN RESERVE UNIV -A&S GRAD     ,OH,44106-0000,Private      ,0,5,5,4,284,288
00302409,CASE WESTERN RESERVE UNIV -ENG GRAD     ,OH,44106-0000,Private      ,0,1,1,29,79,108
00302410,CASE WESTERN RESERVE UNIV -NURS GRD     ,OH,44106-0000,Private      ,0,2,2,20,384,404
00302500,CEDARVILLE UNIVERSITY                   ,OH,45314-8564,Private      ,7,9,16,4070,570,4640
00302600,CENTRAL STATE UNIVERSITY                ,OH,45384-1004,Public       ,15,18,33,3044,1385,4429
00302900,CINCINNATI CHRISTIAN UNIVERSITY         ,OH,45204-3200,Private      ,4,6,10,664,635,1299
00303000,OHIO CHRISTIAN UNIVERSITY               ,OH,43113-9487,Private      ,20,330,350,1034,5742,6776
00303100,CLEVELAND INSTITUTE OF MUSIC            ,OH,44106-1776,Private      ,0,2,2,443,386,829
00303200,CLEVELAND STATE UNIVERSITY              ,OH,44115-2214,Public       ,44,200,244,12755,13303,26058
00303300,MOUNT ST. JOSEPH UNIVERSITY             ,OH,45233-1670,Private      ,2,29,31,1961,1475,3436
00303500,OHIO DOMINICAN UNIVERSITY               ,OH,43219-2099,Private      ,10,30,40,1949,2104,4053
00303600,FRANCISCAN UNIV OF STEUBENVILLE         ,OH,43952-1763,Private      ,4,9,13,2418,726,3144
00303700,COLLEGE OF WOOSTER                      ,OH,44691-2363,Private      ,3,2,5,3488,138,3626
00303900,COLUMBUS COLLEGE OF ART AND DESIGN      ,OH,43215-1758,Private      ,8,15,23,1572,669,2241
00304000,CUYAHOGA COMMUNITY COLLEGE              ,OH,44115-2878,Public       ,144,641,785,11463,23834,35297
00304100,"DEFIANCE COLLEGE, THE                   ",OH,43512-1695,Private      ,1,2,3,1150,282,1432
00304200,DENISON UNIVERSITY                      ,OH,43023-1329,Private      ,2,1,3,3497,145,3642
00304400,TRINITY LUTHERAN SEMINARY               ,OH,43209-0000,Private      ,0,0,0,3,112,115
00304500,UNIVERSITY OF FINDLAY                   ,OH,45840-3695,Private      ,5,48,53,3581,1680,5261
00304600,FRANKLIN UNIVERSITY                     ,OH,43215-5399,Private      ,5,122,127,1006,8853,9859
00304800,HEIDELBERG UNIVERSITY                   ,OH,44883-2462,Private      ,0,1,1,1734,310,2044
00304900,HIRAM COLLEGE                           ,OH,44234-1808,Private      ,5,7,12,1440,365,1805
00305000,JOHN CARROLL UNIVERSITY                 ,OH,44118-4581,Private      ,0,19,19,4679,830,5509
00305100,KENT STATE UNIVERSITY                   ,OH,44242-0001,Public       ,55,100,155,26548,12374,38922
00305101,KENT STATE UNIVERSITY - GEAUGA CAMPUS   ,OH,44021-9500,Public       ,6,19,25,903,1007,1910
00305102,KENT STATE UNIVERSITY - STARK CAMPUS    ,OH,44720-7599,Public       ,12,26,38,3180,3332,6512
00305103,KENT STATE UNIVERSITY - TUSCARAWAS CAMPU,OH,44663-9403,Public       ,7,5,12,957,1043,2000
00305104,KENT STATE UNIVERSITY - TRUMBULL CAMPUS ,OH,44483-1998,Public       ,5,16,21,1215,1852,3067
00305105,KENT STATE UNIVERSITY - ASHTABULA CAMPUS,OH,44004-2299,Public       ,2,12,14,871,1571,2442
00305106,KENT STATE UNIVERSITY - EAST LIVERPOOL C,OH,43920-3497,Public       ,2,8,10,437,758,1195
00305107,KENT STATE UNIVERSITY - SALEM CAMPUS    ,OH,44460-9412,Public       ,3,7,10,939,1080,2019
00306500,KENYON COLLEGE                          ,OH,43022-9623,Private      ,1,4,5,3949,104,4053
00306600,LAKE ERIE COLLEGE                       ,OH,44077-3389,Private      ,4,7,11,1236,413,1649
00306800,LORAIN COUNTY COMMUNITY COLLEGE         ,OH,44035-1691,Public       ,29,110,139,4114,7202,11316
00306900,LOURDES COLLEGE                         ,OH,43560-2898,Private      ,2,10,12,1057,1128,2185
00307200,MALONE UNIVERSITY                       ,OH,44709-3897,Private      ,1,14,15,1698,1181,2879
00307300,MARIETTA COLLEGE                        ,OH,45750-4033,Private      ,1,9,10,2064,361,2425
00307500,METHODIST THEOLOGICAL SCH IN OHIO       ,OH,43015-0000,Private      ,0,0,0,1,138,139
00307700,MIAMI UNIVERSITY                        ,OH,45056-1831,Public       ,30,103,133,23198,4925,28123
00307800,WRIGHT STATE UNIVERSITY                 ,OH,45435-0002,Public       ,30,104,134,12941,9894,22835
00308300,UNIVERSITY OF MOUNT UNION               ,OH,44601-3993,Private      ,9,2,11,3191,347,3538
00308400,MUSKINGUM UNIVERSITY                    ,OH,43762-1199,Private      ,4,38,42,2097,707,2804
00308500,NOTRE DAME COLLEGE OF OHIO              ,OH,44121-4293,Private      ,2,22,24,2286,1524,3810
00308600,OBERLIN COLLEGE                         ,OH,44074-1090,Private      ,2,2,4,5204,229,5433
00308900,OHIO NORTHERN UNIVERSITY                ,OH,45810-1555,Private      ,3,3,6,3517,851,4368
00309000,OHIO STATE UNIVERSITY-ALL CAMPUSES      ,OH,43210-1358,Public       ,66,157,223,57239,23791,81030
00310000,OHIO UNIVERSITY                         ,OH,45701-2979,Public       ,34,203,237,24714,13143,37857
00310002,"OHIO UNIVERSITY, ZANESVILLE CAMPUS      ",OH,43701-0000,Public       ,4,20,24,1227,1336,2563
00310003,"OHIO UNIVERSITY, LANCASTER CAMPUS       ",OH,43130-0000,Public       ,11,20,31,1568,1704,3272
00310004,"OHIO UNIVERSITY, SOUTHERN CAMPUS        ",OH,45638-0000,Public       ,2,27,29,836,1659,2495
00310005,"OHIO UNIVERSITY, CHILLICOTHE CAMPUS     ",OH,45601-0000,Public       ,2,42,44,1208,1774,2982
00310006,"OHIO UNIVERSITY, EASTERN CAMPUS         ",OH,43950-0000,Public       ,2,5,7,454,398,852
00310008,OHIO UNIV COLL OF OSTEOPATHIC MED       ,OH,45701-0000,Public       ,1,0,1,23,783,806
00310900,OHIO WESLEYAN UNIVERSITY                ,OH,43015-2398,Private      ,0,3,3,2994,220,3214
00311000,OTTERBEIN UNIVERSITY                    ,OH,43081-2006,Private      ,4,12,16,3688,971,4659
00311300,PONTIFICAL COLLEGE JOSEPHINUM           ,OH,43235-1498,Private      ,0,0,0,43,26,69
00311400,FIRELANDS REGIONAL MEDICAL CENTER - SOUT,OH,44870-4788,Private      ,1,1,2,70,140,210
00311500,RABBINICAL COLLEGE OF TELSHE            ,OH,44092-2584,Private      ,1,0,1,27,22,49
00311600,UNIV OF RIO GRANDE                      ,OH,45674-3131,Private      ,13,56,69,1542,1776,3318
00311900,SINCLAIR COMMUNITY COLLEGE              ,OH,45402-1460,Public       ,111,413,524,8453,15276,23729
00312100,TIFFIN UNIVERSITY                       ,OH,44883-2161,Private      ,1,36,37,2490,2807,5297
00312200,UNITED THEOLOGICAL SEMINARY             ,OH,45406-0000,Private      ,0,2,2,0,545,545
00312300,UNIVERSITY OF AKRON                     ,OH,44325-6211,Public       ,33,78,111,21017,11475,32492
00312500,UNIVERSITY OF CINCINNATI                ,OH,45221-0125,Public       ,93,350,443,29743,21872,51615
00312504,UNIVERSITY OF CINCINNATI - MEDICINE     ,OH,45267-0553,Public       ,1,5,6,311,1572,1883
00312700,UNIVERSITY OF DAYTON                    ,OH,45469-1668,Private      ,10,64,74,13386,3015,16401
00313100,UNIVERSITY OF TOLEDO                    ,OH,43606-3390,Public       ,32,91,123,16739,9505,26244
00313300,URBANA UNIVERSITY                       ,OH,43078-2091,Private      ,2,1,3,722,652,1374
00313400,URSULINE COLLEGE                        ,OH,44124-4398,Private      ,1,15,16,718,1165,1883
00313500,WALSH UNIVERSITY                        ,OH,44720-3396,Private      ,2,14,16,2390,1311,3701
00314100,WILBERFORCE UNIVERSITY                  ,OH,45384-1001,Private      ,5,15,20,611,557,1168
00314200,WILMINGTON COLLEGE                      ,OH,45177-2499,Private      ,2,3,5,2028,437,2465
00314300,WITTENBERG UNIVERSITY                   ,OH,45501-2199,Private      ,5,4,9,3854,413,4267
00314400,XAVIER UNIVERSITY                       ,OH,45207-1035,Private      ,5,68,73,7602,2764,10366
00314500,YOUNGSTOWN STATE UNIVERSITY             ,OH,44555-0001,Public       ,20,53,73,9366,5948,15314
00398200,CLEVELAND INSTITUTE OF ART              ,OH,44106-4387,Private      ,1,4,5,1042,272,1314
00406000,WINEBRENNER THEOLOGICAL SEMINARY        ,OH,45840-0000,Private      ,0,0,0,1,63,64
00485200,CLARK STATE COMMUNITY COLLEGE           ,OH,45505-4795,Public       ,33,201,234,2046,6075,8121
00485300,BRADFORD SCHOOL                         ,OH,43219-0000,Proprietary  ,2,5,7,611,633,1244
00485500,DAVIS COLLEGE                           ,OH,43623-4307,Proprietary  ,1,10,11,95,533,628
00486100,UNIVERSITY OF NORTHWESTERN OHIO         ,OH,45805-1498,Private      ,27,20,47,4676,1782,6458
00486600,STAUTZENBERGER COLLEGE                  ,OH,43537-4007,Proprietary  ,11,78,89,514,1440,1954
00510200,SCH OF DIAGNOSTIC IMAGING-CLEVELAND     ,OH,44119-0000,Private      ,0,0,0,10,46,56
00531300,NORTH CENTRAL STATE COLLEGE             ,OH,44901-0000,Public       ,15,45,60,1210,2088,3298
00575300,OWENS STATE COMMUNITY COLLEGE           ,OH,43699-0000,Public       ,21,106,127,4673,7518,12191
00648700,AULTMAN COLLEGE OF NURSING AND HEALTH SC,OH,44710-1799,Private      ,2,5,7,185,496,681
00648900,CHRIST COLLEGE OF NURSING AND HEALTH SCI,OH,45219-2906,Private      ,1,2,3,448,914,1362
00649400,GOOD SAMARITAN COLG-NURSING/HEALTH      ,OH,45220-2489,Private      ,1,5,6,314,602,916
00650700,TRINIT HEALTH SYSTEM SCH OF NURSING     ,OH,43952-2667,Private      ,0,2,2,67,140,207
00680400,LAKELAND COMMUNITY COLLEGE              ,OH,44094-5198,Public       ,25,83,108,2784,5461,8245
00686700,COLUMBUS STATE COMMUNITY COLLEGE        ,OH,43215-1786,Public       ,180,676,856,13552,21840,35392
00703500,KETTERING COLLEGE OF MEDICAL ARTS       ,OH,45429-1299,Private      ,0,12,12,512,807,1319
00708500,MOUNT VERNON NAZARENE UNIVERSITY        ,OH,43050-9500,Private      ,1,27,28,1530,1103,2633
00708501,MOUNT VERNON NAZARENE UNIV - AGS        ,OH,43050-0000,Private      ,0,0,0,68,299,367
00727500,EASTERN GATEWAY COMMUNITY COLLEGE       ,OH,43952-3598,Public       ,35,225,260,1393,3477,4870
00732920,ITT TECHNICAL INSTITUTE                 ,OH,45414-3456,Proprietary  ,21,100,121,348,1685,2033
00732992,ITT TECHNICAL INSTITUTE                 ,OH,44509-4098,Proprietary  ,16,87,103,338,1494,1832
00747300,CHOFFIN CAREER & TECHNICAL CENTER       ,OH,44503-1628,Public       ,1,3,4,33,134,167
00759800,HOCKING TECHNICAL COLLEGE               ,OH,45764-9582,Public       ,10,31,41,2812,2291,5103
00812900,ADULT AND COMMUNITY EDUCATION @ HUDSON  ,OH,43211-2017,Public       ,3,21,24,48,481,529
00813200,TOLEDO SCHOOL OF PRACTICAL NURSING      ,OH,43613-5110,Public       ,1,11,12,104,475,579
00813300,ZANE STATE COLLEGE                      ,OH,43701-2626,Public       ,15,38,53,1108,1510,2618
00819400,AKRON SCHOOL OF PRACTICAL NRSG          ,OH,44311-0000,Public       ,2,5,7,164,284,448
00827800,TERRA COMMUNITY COLLEGE                 ,OH,43420-9670,Public       ,1,16,17,774,1546,2320
00867700,NORTHWEST STATE COMMUNITY COLLEGE       ,OH,43502-9542,Public       ,3,30,33,1025,1639,2664
00888600,PORTAGE LAKES CAREER CENTER             ,OH,44685-9554,Public       ,0,2,2,44,119,163
00915600,WAYNE COUNTY SCHOOLS CAREER CENTER      ,OH,44677-9672,Public       ,0,9,9,50,222,272
00941200,FORTIS COLLEGE                          ,OH,44221-2998,Proprietary  ,15,66,81,222,1345,1567
00953000,GERBER AKRON BEAUTY SCHOOL              ,OH,44313-6995,Proprietary  ,1,4,5,27,140,167
00953100,SPA SCHOOL (THE)                        ,OH,43214-1524,Proprietary  ,3,11,14,70,301,371
00966000,TIFFIN ACADEMY OF HAIR DESIGN           ,OH,44883-2833,Proprietary  ,0,4,4,35,49,84
00982805,EVEREST INSTITUTE - COLUMBUS            ,OH,43230-6653,Private      ,3,27,30,101,500,601
00994100,BELMONT TECHNICAL COLLEGE               ,OH,43950-9766,Public       ,7,25,32,629,1015,1644
00994200,SHAWNEE STATE UNIVERSITY                ,OH,45662-4344,Public       ,12,21,33,4057,2105,6162
01001700,PAYNE THEOLOGICAL SEMINARY              ,OH,45384-0474,Private      ,0,3,3,1,204,205
01002700,JAMES A. RHODES STATE COLLEGE           ,OH,45804-3597,Public       ,8,24,32,1491,2060,3551
01016800,NATIONWIDE BEAUTY ACADEMY               ,OH,43228-1000,Proprietary  ,2,6,8,100,250,350
01028000,OHIO STATE BEAUTY ACADEMY               ,OH,45801-0000,Proprietary  ,0,3,3,117,158,275
01032300,HANNAH E MULLINS SCH-PRAC NRSG          ,OH,44460-2906,Public       ,1,0,1,22,70,92
01034500,CINCINNATI STATE TECH & COMM CLG        ,OH,45223-2690,Public       ,62,228,290,4590,10537,15127
01045300,WASHINGTON STATE CMTY COLLEGE           ,OH,45750-9225,Public       ,8,31,39,750,1076,1826
01063000,NORTHERN INSTITUTE OF COSMETOLOGY       ,OH,44052-1803,Proprietary  ,2,8,10,23,100,123
01073600,MARION TECHNICAL COLLEGE                ,OH,43302-5694,Public       ,3,26,29,760,1675,2435
01088000,CHATFIELD COLLEGE                       ,OH,45118-9705,Private      ,7,25,32,118,426,544
01088100,STARK STATE COLLEGE                     ,OH,44720-7299,Public       ,15,86,101,3825,9289,13114
01090600,CINCINNATI CLG OF MORTUARY SCIENCE      ,OH,45224-1428,Private      ,0,1,1,86,199,285
01092300,UNION INSTITUTE & UNIVERSITY            ,OH,45206-1925,Private      ,1,109,110,47,2002,2049
01099300,HOBART INSTITUTE OF WELDING TECHNOLOGY  ,OH,45373-2400,Private      ,8,15,23,463,335,798
01104600,CENTRAL OHIO TECHNICAL COLLEGE          ,OH,43055-1767,Public       ,5,50,55,1591,3927,5518
01170300,PENTA COUNTY JOINT VOCATIONAL SCH       ,OH,43551-0000,Public       ,0,1,1,32,139,171
01174400,NATIONAL BEAUTY COLLEGE                 ,OH,44720-0000,Proprietary  ,2,5,7,40,139,179
01174500,OHIO TECHNICAL COLLEGE                  ,OH,44103-1228,Proprietary  ,8,24,32,1407,1135,2542
01216600,CAROUSEL BEAUTY COLLEGE                 ,OH,45402-8935,Proprietary  ,1,19,20,98,256,354
01216601,CAROUSEL BEAUTY COLLEGE - SPRINGFIELD CA,OH,45504-4047,Proprietary  ,0,0,0,0,1,1
01216603,CAROUSEL BEAUTY COLLEGE - OF MIAMI VALLE,OH,45424-2063,Proprietary  ,1,3,4,6,26,32
01224800,CENTRAL SCHOOL OF PRACTICAL NURSING     ,OH,44131-2155,Private      ,1,6,7,41,300,341
01267200,CAROUSEL BEAUTY COLLEGE                 ,OH,45044-5113,Proprietary  ,0,3,3,6,41,47
01275000,EDISON COMMUNITY COLLEGE                ,OH,45356-9239,Public       ,5,29,34,900,2013,2913
01283800,LAURA AND ALVIN SIEGAL COLLEGE OF JUDAIC,OH,44122-7197,Private      ,0,0,0,2,7,9
01284800,MOLER-HOLLYWOOD BEAUTY COLLEGE          ,OH,45202-2577,Proprietary  ,1,15,16,19,140,159
01287000,SOUTHERN STATE COMMUNITY COLLEGE        ,OH,45133-9406,Public       ,30,63,93,1072,2024,3096
01289100,ANTONELLI COLLEGE                       ,OH,45202-2592,Proprietary  ,0,12,12,110,565,675
01289600,VIRGINIA MARTI COLLEGE OF ART AND DESIGN,OH,44107-3002,Proprietary  ,3,2,5,102,183,285
01303922,SOUTH UNIVERSITY - CLEVELAND            ,OH,44128-5919,Proprietary  ,8,35,43,113,893,1006
01313200,INTERNATIONAL CLG OF BROADCASTING       ,OH,45431-1898,Proprietary  ,0,3,3,70,186,256
02052000,KAPLAN COLLEGE                          ,OH,45439-1984,Proprietary  ,8,73,81,207,1502,1709
02054300,TRUMBULL BUSINESS COLLEGE               ,OH,44484-0000,Proprietary  ,1,6,7,34,315,349
02056800,DAYMAR COLLEGE                          ,OH,45601-1038,Proprietary  ,0,5,5,12,69,81
02056802,DAYMAR COLLEGE - LANCASTER              ,OH,43130-0000,Proprietary  ,2,29,31,32,223,255
02056803,DAYMAR COLLEGE - NEW BOSTON             ,OH,45662-4900,Proprietary  ,0,2,2,6,61,67
02056804,DAYMAR COLLEGE - JACKSON                ,OH,45640-1728,Proprietary  ,0,1,1,7,33,40
02066100,OHIO STATE COLLEGE/BARBER STYLING       ,OH,43213-0000,Proprietary  ,2,18,20,136,417,553
02073300,GALLIA-JACKSON-VINTON SCH ADULT ED      ,OH,45674-0000,Public       ,0,4,4,86,232,318
02110700,CLEVELAND INST OF DENTAL-MED ASST       ,OH,44115-2285,Proprietary  ,12,38,50,172,649,821
02116009,SANFORD-BROWN COLLEGE - MIDDLEBURG HEIGH,OH,44130-8362,Proprietary  ,0,0,0,1,14,15
02116900,UPPER VALLEY JVS                        ,OH,45356-0000,Public       ,0,1,1,49,245,294
02117300,GREAT OAKS INSTITUTE OF TECHNOLOGY      ,OH,45241-1581,Public       ,4,10,14,195,754,949
02128600,THE ART INSTITUTE OF CINCINNATI         ,OH,45246-0000,Proprietary  ,0,2,2,326,255,581
02140700,CANTON CITY SCHOOLS ADULT CAREER & TECH ,OH,44702-1710,Public       ,0,5,5,34,252,286
02158417,"HARRISON COLLEGE - COLUMBUS, OH         ",OH,43123-0000,Proprietary  ,2,39,41,105,625,730
02158500,OHIO BUSINESS COLLEGE                   ,OH,44035-0701,Proprietary  ,9,29,38,122,576,698
02158501,OHIO BUSINESS COLLEGE                   ,OH,44870-9953,Proprietary  ,10,26,36,90,438,528
02158503,OHIO BUSINESS COLLEGE - COLUMBUS        ,OH,43229-3523,Proprietary  ,1,14,15,155,549,704
02158504,OHIO BUSINESS COLLEGE - DAYTON          ,OH,45417-4094,Proprietary  ,0,0,0,20,82,102
02168100,TRI-COUNTY JOINT VOCATIONAL SCHOOL      ,OH,45764-0000,Public       ,1,3,4,42,160,202
02187900,ASHTABULA COUNTY TECHNICAL AND CAREER CA,OH,44047-0000,Public       ,0,3,3,34,185,219
02189000,MID-EAST CAREER & TECH CENTERS-ADULT ED ,OH,43701-4600,Public       ,3,9,12,149,400,549
02190700,FORTIS COLLEGE                          ,OH,45459-0000,Proprietary  ,14,126,140,284,2412,2696
02192100,BUTLER TECHNOLOGY AND CAREER DEVELOPMENT,OH,45011-0000,Public       ,4,16,20,202,627,829
02196300,COLLINS CAREER CENTER                   ,OH,45619-0000,Public       ,3,3,6,203,707,910
02210800,MEDINA COUNTY CAREER CENTER             ,OH,44256-0000,Public       ,1,4,5,29,107,136
02220500,GOD'S BIBLE SCHOOL & COLLEGE            ,OH,45210-0000,Private      ,0,2,2,178,122,300
02220800,CAREER & TECHNOLOGY EDUCATION CENTERS OF,OH,43055-0000,Public       ,1,8,9,158,370,528
02239800,PIONEER CAREER & TECHNOLOGY CENTER      ,OH,44875-9704,Public       ,0,2,2,8,35,43
02245600,WARREN COUNTY CAREER CENTER             ,OH,45036-0000,Public       ,0,6,6,85,275,360
02246300,INSTITUTE OF MEDICAL-DENTAL TECH        ,OH,45246-3317,Proprietary  ,12,90,102,264,1061,1325
02263700,MIAMI VALLEY CAREER TECHNOLOGY CTR      ,OH,45315-0000,Public       ,3,22,25,124,522,646
02269400,EASTERN HILLS ACAD OF HAIR DESIGN       ,OH,45255-0000,Proprietary  ,0,0,0,4,14,18
02269500,WESTERN HILLS SCHOOL OF BEAUTY & HAIR DE,OH,45211-0000,Proprietary  ,5,16,21,63,318,381
02272700,COLUMBIANA COUNTY CAREER CENTER         ,OH,44432-0000,Public       ,2,7,9,57,233,290
02287900,RAPHAEL'S SCHOOL OF BEAUTY CULTURE      ,OH,44446-0000,Proprietary  ,7,16,23,92,268,360
02301400,OHIO VALLEY COLLEGE OF TECHNOLOGY       ,OH,43920-9139,Proprietary  ,2,19,21,101,261,362
02304700,TRI-RIVERS CAREER CENTER                ,OH,43302-0000,Public       ,1,4,5,53,297,350
02311200,AMERICAN SCHOOL OF TECHNOLOGY           ,OH,43229-0000,Proprietary  ,3,30,33,99,530,629
02315500,TOLEDO ACADEMY OF BEAUTY CULTURE - EAST ,OH,43616-0000,Proprietary  ,1,4,5,26,138,164
02324400,ALLSTATE HAIRSTYLING & BARBER CLG       ,OH,44113-0000,Proprietary  ,0,13,13,80,336,416
02328500,MOLER-PICKENS BEAUTY COLLEGE            ,OH,45014-0000,Proprietary  ,1,8,9,11,76,87
02334300,EMPIRE BEAUTY SCHOOL                    ,OH,45239-3926,Proprietary  ,4,20,24,116,326,442
02336300,KNOX COUNTY CAREER CENTER               ,OH,43050-4298,Public       ,2,4,6,52,276,328
02336700,CUYAHOGA VALLEY CAREER CENTER           ,OH,44141-1296,Public       ,0,2,2,52,224,276
02337700,PROFESSIONAL SKILLS INSTITUTE           ,OH,43607-0000,Proprietary  ,0,9,9,117,631,748
02351500,WILLOUGHBY EASTLAKE SCH OF PRAC NSG     ,OH,44094-0000,Public       ,0,4,4,29,232,261
02352800,POLARIS CAREER CENTER-ADULT ED DEPT     ,OH,44130-0000,Public       ,0,4,4,114,404,518
02354200,SCIOTO COUNTY JOINT VOCATIONAL SCH      ,OH,45648-0000,Public       ,3,8,11,106,298,404
02359803,ITT TECHNICAL INSTITUTE -               ,OH,45212-2273,Proprietary  ,0,0,0,0,1,1
02454400,NORTHEAST OHIO MEDICAL UNIVERSITY       ,OH,44272-9621,Public       ,0,1,1,142,956,1098
02497800,GREENE COUNTY CAREER CENTER             ,OH,45385-0000,Public       ,0,1,1,26,68,94
02519300,OHIO STATE SCH COSMETOLOGY              ,OH,43110-2754,Proprietary  ,0,4,4,115,230,345
02522700,EASTLAND-FAIRFIELD CAREER AND TECHNICAL ,OH,43125-0000,Public       ,1,1,2,59,256,315
02528300,TDDS TECHNICAL INSTITUTE                ,OH,44429-0000,Proprietary  ,9,71,80,91,654,745
02529500,HAMRICK SCHOOL                          ,OH,44256-0000,Proprietary  ,4,19,23,33,322,355
02533603,ROSS MEDICAL EDUCATION CENTER -         ,OH,44446-4810,Proprietary  ,0,0,0,0,1,1
02545800,INNER STATE BEAUTY SCHOOLS              ,OH,44124-0000,Proprietary  ,4,12,16,60,245,305
02553000,SCHOOL OF ADVERTISING ART               ,OH,45440-0000,Proprietary  ,1,2,3,306,46,352
02560000,CASAL AVEDA INSTITUTE                   ,OH,44515-0000,Proprietary  ,4,6,10,133,196,329
02560700,PICKAWAY ROSS CO JOINT VOC TECH SCH     ,OH,45601-0000,Public       ,1,11,12,84,399,483
02562300,APOLLO CAREER CENTER-ADULT EDUC         ,OH,45806-0000,Public       ,1,8,9,83,443,526
02563000,RAPHAELS SCHOOL OF BEAUTY CULTURE       ,OH,44601-2847,Proprietary  ,3,15,18,65,197,262
02568600,MAHONING COUNTY CAREER & TECH CENTR     ,OH,44406-0000,Public       ,0,0,0,41,120,161
02582900,KAPLAN CAREER INSTITUTE                 ,OH,44129-6810,Proprietary  ,0,0,0,6,61,67
02586400,TRUMBULL CAREER & TECH CENTER-ADULT     ,OH,44483-1997,Public       ,0,2,2,40,200,240
02588500,OHIO STATE SCHOOL OF COSMETOLOGY        ,OH,43081-0000,Proprietary  ,4,6,10,118,190,308
02599711,VATTEROTT COLLEGE - CLEVELAND           ,OH,44147-3502,Proprietary  ,5,41,46,70,478,548
02603800,LORAIN COUNTY JVS ADULT CAREER CTR      ,OH,44074-9799,Public       ,2,3,5,61,249,310
02611007,HERITAGE COLLEGE - COLUMBUS             ,OH,43213-4440,Proprietary  ,11,66,77,240,962,1202
02620000,SANDUSKY CAREER CENTER                  ,OH,44870-4786,Public       ,0,2,2,24,147,171
03007900,GALLIPOLIS CAREER COLLEGE               ,OH,45631-2600,Proprietary  ,0,5,5,24,155,179
03015100,ALLIANCE HIGH SCH-CMTY SERVICES DIV     ,OH,44601-2899,Public       ,0,2,2,19,108,127
03015300,EHOVE CAREER CENTER                     ,OH,44846-9500,Public       ,2,5,7,92,359,451
03023700,MADISON ADULT CAREER CENTER             ,OH,44905-2718,Public       ,0,3,3,47,216,263
03024300,VALLEY BEAUTY SCHOOL                    ,OH,43725-2332,Proprietary  ,0,0,0,7,10,17
03026511,REMINGTON COLLEGE - CLEVELAND           ,OH,44125-1957,Private      ,1,14,15,139,621,760
03027100,FAIRVIEW ACADEMY                        ,OH,44126-2214,Proprietary  ,0,2,2,13,57,70
03034200,WASHINGTON COUNTY CAREER CENTER ADULT TE,OH,45750-9290,Public       ,1,4,5,107,407,514
03035801,HERITAGE INSTITUTE - HERITAGE COLLEGE/CL,OH,44130-3304,Proprietary  ,4,32,36,91,392,483
03051400,AUBURN CAREER CENTER                    ,OH,44077-9723,Public       ,1,5,6,57,222,279
03051500,US GRANT JOINT VOCATIONAL SCHOOL        ,OH,45106-9502,Public       ,0,0,0,11,39,50
03065900,BUCKEYE CAREER CENTER                   ,OH,44663-9437,Public       ,0,0,0,63,171,234
03067600,RAPHAEL'S SCHOOL OF BEAUTY CULTURE      ,OH,44512-2222,Proprietary  ,3,13,16,67,150,217
03068200,OHIO CENTER FOR BROADCASTING            ,OH,44125-6273,Proprietary  ,2,15,17,70,238,308
03068202,OHIO CENTER FOR BROADCASTING - COLUMBUS ,OH,43213-2571,Proprietary  ,2,8,10,75,303,378
03071900,MOUNT CARMEL COLLEGE OF NURSING         ,OH,43222-1598,Private      ,0,17,17,801,1012,1813
03078000,OHIO CENTER FOR BROADCASTING            ,OH,45227-1509,Proprietary  ,1,15,16,46,210,256
03079000,ETI TECHNICAL COLLEGE                   ,OH,44446-4398,Proprietary  ,3,12,15,76,334,410
03084800,DELAWARE AREA CAREER CENTER             ,OH,43015-8969,Public       ,1,0,1,15,44,59
03084801,DELAWARE AREA CAREER CENTER -           ,OH,43015-9001,Public       ,1,0,1,9,26,35
03095600,VANTAGE CAREER CENTER                   ,OH,45891-1378,Public       ,0,1,1,15,95,110
03097000,MERCY COLLEGE OF OHIO                   ,OH,43604-1132,Private      ,2,25,27,637,1577,2214
03100100,PARAMOUNT BEAUTY ACADEMY                ,OH,45662-4136,Proprietary  ,1,4,5,32,140,172
03116200,DAYTON BARBER COLLEGE                   ,OH,45342-4196,Proprietary  ,2,8,10,16,121,137
03116300,OHIO COLLEGE OF MASSOTHERAPY            ,OH,44321-1363,Private      ,0,2,2,25,118,143
03116400,VANGUARD-SENTINELL VOC SCH DISTRICT     ,OH,43420-1197,Public       ,0,2,2,10,63,73
03117000,ASHLAND COUNTY-W HOLMES CAREER CTR      ,OH,44805-0000,Public       ,0,4,4,37,160,197
03319300,CREATIVE IMAGES-A CERTIFIED MATRIX      ,OH,45414-2557,Proprietary  ,4,17,21,127,312,439
03319301,CREATIVE IMAGES-A CERTIFIED MATRIX      ,OH,45459-0000,Proprietary  ,3,4,7,77,204,281
03425300,ROSEDALE BIBLE COLLEGE                  ,OH,43029-9517,Private      ,0,0,0,51,10,61
03457300,ALLEGHENY WESLEYAN COLLEGE              ,OH,44460-9598,Private      ,0,0,0,50,25,75
03468400,NATIONAL INSTITUTE OF MASSOTHERAPY      ,OH,44319-2100,Proprietary  ,0,1,1,11,92,103
03468500,MDT COLLEGE OF HEALTH SCIENCES          ,OH,44143-2216,Proprietary  ,3,35,38,60,707,767
03475400,TRI-STATE BIBLE COLLEGE                 ,OH,45680-8402,Private      ,0,6,6,7,68,75
03534400,AMERICAN INST OF ALTERNATIVE MEDICI     ,OH,43229-1113,Proprietary  ,2,17,19,78,776,854
03583300,OHIO INSTITUTE OF ALLIED HEALTH         ,OH,45424-3646,Private      ,0,4,4,9,156,165
03626300,BROWN AVEDA INSTITUTE                   ,OH,44060-6212,Proprietary  ,1,6,7,225,391,616
03700300,REGENCY BEAUTY INSTITUTE - CLEVELAND    ,OH,44094-0000,Proprietary  ,5,23,28,153,461,614
03726300,TEMPLE BAPTIST COLLEGE                  ,OH,45240-0000,Private      ,0,0,0,1,8,9
03747300,BEXLEY HALL SEMINARY                    ,OH,43209-2325,Private      ,0,6,6,3,51,54
03776400,ORION INSTITUTE                         ,OH,43551-3138,Proprietary  ,1,5,6,27,104,131
03837300,AVEDA FREDRIC'S INSTITUTE               ,OH,45208-1304,Proprietary  ,4,4,8,145,238,383
04051307,ART INSTITUTE OF PHOENIX (THE) - BROWN M,OH,45215-1107,Proprietary  ,5,19,24,168,876,1044
04051308,ART INSTITUTE OF PHOENIX (THE) - BROWN M,OH,44320-4420,Proprietary  ,0,12,12,122,461,583
04051317,ART INSTITUTE OF PHOENIX (THE) - BROWN M,OH,45840-6848,Proprietary  ,11,74,85,349,1667,2016
04051326,ART INSTITUTE OF PHOENIX (THE) - BROWN M,OH,44718-3674,Proprietary  ,0,2,2,95,470,565
04068300,FOUR COUNTY CAREER CENTER               ,OH,43512-9541,Public       ,0,0,0,7,51,58
04074300,HONDROS COLLEGE                         ,OH,43081-3855,Proprietary  ,3,42,45,542,4189,4731
04117300,DAYTON SCHOOL OF MEDICAL MASSAGE        ,OH,45429-1111,Proprietary  ,6,46,52,151,593,744
04118300,NORTHCOAST MEDICAL TRAINING ACADEMY     ,OH,44240-4174,Proprietary  ,3,7,10,85,241,326
04124500,TECHSKILLS                              ,OH,43231-0000,Proprietary  ,3,62,65,84,765,849
04126000,OHIO ACADEMY PAUL MITCHELL PARTNER SCHOO,OH,44087-3107,Proprietary  ,6,5,11,121,249,370
04137800,AVEDA INSTITUTE COLUMBUS                ,OH,43201-2333,Proprietary  ,10,34,44,407,635,1042
04138000,INSTITUTE OF THERAPEUTIC MASSAGE        ,OH,45801-4565,Proprietary  ,0,2,2,8,28,36
04149100,PAUL MITCHELL THE SCHOOL CINCINNATI     ,OH,45241-1702,Proprietary  ,4,11,15,185,298,483
04149101,PAUL MITCHELL THE SCHOOL CINCINNATI - TO,OH,43560-2539,Proprietary  ,5,15,20,122,211,333
04151400,VANITY SCHOOL OF COSMETOLOGY            ,OH,44035-0000,Proprietary  ,2,2,4,31,83,114
04152100,TOLEDO RESTAURANT TRAINING CENTER       ,OH,43604-6508,Private      ,0,3,3,15,104,119
04152600,PIKE COUNTY CAREER TECHNOLOGY CENTER    ,OH,45661-9114,Public       ,0,0,0,3,28,31
04153300,OHIO ACADEMY COLUMBUS (THE)             ,OH,43231-6038,Proprietary  ,4,12,16,151,287,438
04166800,SALON PROFESSIONAL ACADEMY (THE)        ,OH,45551-0000,Proprietary  ,0,0,0,61,70,131
04167700,ARTISAN COLLEGE OF COSMETOLOGY (THE)    ,OH,45840-6848,Proprietary  ,0,1,1,16,53,69
04177300,OHIO MEDICAL CAREER COLLEGE             ,OH,45417-4094,Proprietary  ,1,40,41,111,713,824
04185900,ELITE SCHOOL OF COSMETOLOGY             ,OH,44857-2714,Proprietary  ,3,15,18,21,105,126
04189100,SALON INSTITUTE - TOLEDO CAMPUS         ,OH,43615-1731,Proprietary  ,4,4,8,87,119,206
04192200,ATHENA CAREER ACADEMY                   ,OH,43560-2796,Proprietary  ,1,16,17,53,468,521
04206700,ELITE WELDING ACADEMY                   ,OH,45246-1013,Proprietary  ,4,7,11,80,125,205
04215800,MAPLEWOOD AREA JOINT VOCATIONAL SCHOOL  ,OH,44266-9188,Public       ,0,0,0,2,7,9
04220900,NATIONAL PERSONAL TRAINING INSTITUTE OF ,OH,43235-5739,Proprietary  ,0,2,2,30,114,144
04224300,VALOR CHRISTIAN COLLEGE                 ,OH,43216-0800,Private      ,2,7,9,115,386,501
04225700,LABARBERIA INSTITUTE OF HAIR            ,OH,44106-1923,Proprietary  ,3,27,30,53,240,293
04235000,FELBRY SCHOOL OF NURSING                ,OH,43231-2256,Proprietary  ,1,17,18,11,164,175
04244300,ANTIOCH COLLEGE                         ,OH,45387-1683,Private      ,0,3,3,172,84,256
        ,INVALID SCHOOL CODE                     ,  ,00000-0000,,40,364,404,822,5106,5928
00134500,ADAMS STATE COLLEGE                     ,CO,81102-2373,Public       ,13,150,163,2687,2592,5279
00134600,ARAPAHOE COMMUNITY COLLEGE              ,CO,80160-9002,Public       ,49,185,234,3197,6331,9528
00134700,COLORADO COLLEGE                        ,CO,80903-3294,Private      ,4,21,25,3563,1096,4659
00134800,COLORADO SCHOOL OF MINES                ,CO,80401-1887,Public       ,11,11,22,6939,1417,8356
00134900,UNIVERSITY OF NORTHERN COLORADO         ,CO,80639-0001,Public       ,28,136,164,10927,5400,16327
00135000,COLORADO STATE UNIVERSITY               ,CO,80523-0100,Public       ,93,152,245,26566,11369,37935
00135200,DENVER  SEMINARY                        ,CO,80120-2192,Private      ,0,5,5,10,727,737
00135300,FORT LEWIS COLLEGE                      ,CO,81301-3999,Public       ,19,15,34,4874,1688,6562
00135400,ILIFF SCHOOL OF THEOLOGY                ,CO,80210-0000,Private      ,0,0,0,8,356,364
00135500,LAMAR COMMUNITY COLLEGE                 ,CO,81052-3999,Public       ,12,21,33,451,348,799
00135800,COLORADO MESA UNIVERSITY                ,CO,81501-3122,Public       ,34,83,117,8317,4169,12486
00135900,COLORADO NORTHWESTERN COMMUNITY COLLEGE ,CO,81648-3598,Public       ,3,34,37,556,610,1166
00136000,METROPOLITAN STATE UNIVERSITY OF DENVER ,CO,80204-3362,Public       ,79,275,354,12456,16324,28780
00136100,NORTHEASTERN JUNIOR COLLEGE             ,CO,80751-2399,Public       ,9,32,41,1126,561,1687
00136200,OTERO JUNIOR COLLEGE                    ,CO,81050-3346,Public       ,12,41,53,671,797,1468
00136300,REGIS UNIVERSITY                        ,CO,80221-1099,Private      ,7,143,150,3944,8011,11955
00136500,COLORADO STATE UNIVERSITY-PUEBLO        ,CO,81001-4901,Public       ,34,95,129,6260,3190,9450
00136800,TRINIDAD STATE JR COLLEGE               ,CO,81082-2396,Public       ,7,27,34,764,1077,1841
00137000,UNIVERSITY OF COLORADO-BOULDER          ,CO,80309-0077,Public       ,69,117,186,29827,9818,39645
00137100,UNIVERSITY OF DENVER                    ,CO,80208-2000,Private      ,21,217,238,10796,10106,20902
00137200,WESTERN STATE COLORADO UNIVERSITY       ,CO,81231-0000,Public       ,5,11,16,2584,768,3352
00405702,NATIONAL AMERICAN UNIVERSITY - COLORADO ,CO,80920-4001,Proprietary  ,1,8,9,52,419,471
00405703,NATIONAL AMERICAN UNIVERSITY            ,CO,80222-0000,Proprietary  ,0,0,0,20,225,245
00450300,EVEREST COLLEGE                         ,CO,80916-3548,Private      ,1,30,31,105,817,922
00450600,COLORADO MOUNTAIN COLLEGE               ,CO,81602-0000,Public       ,19,62,81,1959,2236,4195
00450700,EVEREST COLLEGE                         ,CO,80229-4339,Private      ,4,21,25,118,414,532
00450701,"EVEREST COLLEGE- EVEREST COLLEGE, AURORA",CO,80012-5692,Private      ,0,0,0,104,384,488
00450800,UNIVERSITY OF COLORADO DENVER           ,CO,80204-2029,Public       ,45,291,336,11335,16663,27998
00450900,UNIV OF COLORADO AT COLO SPRINGS        ,CO,80918-3735,Public       ,41,154,195,10500,7689,18189
00559600,EMILY GRIFFITH TECHNICAL COLLEGE        ,CO,80203-2197,Public       ,5,75,80,700,2053,2753
00729700,REDSTONE COLLEGE                        ,CO,80020-9988,Proprietary  ,4,15,19,179,602,781
00732912,ITT TECHNICAL INSTITUTE                 ,CO,80229-5338,Proprietary  ,5,66,71,197,1170,1367
00754800,WESTWOOD COLLEGE - DENVER NORTH         ,CO,80221-3653,Proprietary  ,1,6,7,177,807,984
00754801,WESTWOOD COLLEGE - DENVER SOUTH         ,CO,80227-3653,Proprietary  ,0,4,4,102,519,621
00758200,AIMS COMMUNITY COLLEGE                  ,CO,80632-0000,Public       ,43,102,145,2254,3703,5957
00764900,ROCKY MOUNTAIN COLG OF ART & DESIGN     ,CO,80214-0000,Proprietary  ,10,31,41,916,1461,2377
00793300,FRONT RANGE COMMUNITY COLLEGE           ,CO,80031-2199,Public       ,104,334,438,7590,12970,20560
00793806,LINCOLN COLLEGE OF TECHNOLOGY - DENVER  ,CO,80239-3006,Proprietary  ,86,98,184,1224,1191,2415
00863500,INTELLITEC MEDICAL INSTITUTE            ,CO,80909-0000,Proprietary  ,4,17,21,111,567,678
00887100,CONCORDE CAREER INSTITUTE               ,CO,80203-0000,Proprietary  ,14,86,100,536,1726,2262
00889600,PIKES PEAK COMMUNITY COLLEGE            ,CO,80906-5498,Public       ,108,552,660,5197,13485,18682
00940100,COLORADO CHRISTIAN UNIVERSITY           ,CO,80226-7449,Private      ,11,178,189,2250,6372,8622
00954200,COMMUNITY COLLEGE OF DENVER             ,CO,80217-2026,Public       ,61,238,299,6135,10151,16286
00954300,RED ROCKS COMMUNITY COLLEGE             ,CO,80228-1255,Public       ,49,183,232,3263,6182,9445
00998100,MORGAN COMMUNITY COLLEGE                ,CO,80701-4399,Public       ,18,35,53,423,830,1253
01014800,COLORADO TECHNICAL UNIVERSITY           ,CO,80907-3896,Proprietary  ,10,169,179,491,5342,5833
01014802,COLORADO TECHNICAL UNIV - DENVER        ,CO,80111-3201,Proprietary  ,3,51,54,130,1275,1405
01014805,COLORADO TECH UNIV - ON LINE            ,CO,80907-0000,Proprietary  ,184,2496,2680,2452,47778,50230
01014812,COLORADO TECHNICAL UNIVERSITY - WESTMINS,CO,80021-3498,Proprietary  ,0,0,0,42,386,428
01157200,COLORADO SCHOOL OF TRADES               ,CO,80215-2996,Proprietary  ,2,22,24,83,359,442
01267000,BEL-REA INST OF ANIMAL TECH             ,CO,80247-3048,Proprietary  ,6,10,16,380,592,972
01285000,INTERNATIONAL SALON AND SPA ACADEMY     ,CO,80918-3684,Proprietary  ,5,21,26,102,376,478
01287500,PICKENS TECHNICAL COLLEGE               ,CO,80011-9307,Public       ,7,16,23,424,904,1328
01300700,NAZARENE BIBLE COLLEGE                  ,CO,80910-3704,Private      ,0,18,18,66,607,673
02078900,ART INSTITUTE OF COLORADO (THE)         ,CO,80203-2983,Proprietary  ,12,40,52,1421,1718,3139
02116300,PUEBLO COMMUNITY COLLEGE                ,CO,81004-0000,Public       ,51,254,305,2198,5890,8088
02117500,NAROPA UNIVERSITY                       ,CO,80302-0000,Private      ,2,13,15,452,1205,1657
02156200,DELTA - MONTROSE TECHNICAL COLLEGE      ,CO,81416-0000,Public       ,6,7,13,79,240,319
02165200,SALON PROFESSIONAL ACADEMY (THE)        ,CO,81504-5309,Proprietary  ,7,6,13,78,113,191
02188700,DENVER ACAD OF COURT REPORTING          ,CO,80030-0000,Proprietary  ,0,0,0,0,14,14
02211901,CHEEKS INTERNATIONAL ACADEMY OF BEAUTY C,CO,80525-3053,Proprietary  ,0,2,2,23,61,84
02211902,CHEEKS INTERNATIONAL ACDMY BTY CULT     ,CO,80631-0000,Proprietary  ,0,1,1,21,36,57
02253700,INTELLITEC COLLEGE                      ,CO,80909-0000,Proprietary  ,13,56,69,217,1218,1435
02267500,GLENWOOD BEAUTY ACADEMY                 ,CO,81601-0000,Proprietary  ,5,5,10,20,57,77
02276900,COMMUNITY COLLEGE OF AURORA             ,CO,80011-9036,Public       ,52,208,260,3025,6599,9624
02518500,HAIR DYNAMICS EDUCATION CENTER          ,CO,80525-0000,Proprietary  ,5,11,16,89,184,273
02594300,COLLEGE AMERICA - DENVER                ,CO,80222-3380,Proprietary  ,31,126,157,313,1863,2176
02611000,HERITAGE COLLEGE                        ,CO,80212-7413,Proprietary  ,15,58,73,186,672,858
03006300,INST OF BUSINESS & MEDICAL CAREERS      ,CO,80525-3044,Proprietary  ,25,93,118,436,1564,2000
03010622,VIRGINIA COLLEGE - ECOTECH INSTITUTE - A,CO,80012-4627,Proprietary  ,2,11,13,70,277,347
03014900,PLATT COLLEGE                           ,CO,80014-3141,Proprietary  ,0,7,7,65,331,396
03027400,XENON INTERNATIONAL ACADEMY III         ,CO,80014-1193,Proprietary  ,5,8,13,40,109,149
03030606,UTAH COLLEGE OF MASSAGE THERAPY - DENVER,CO,80031-2921,Proprietary  ,3,5,8,74,144,218
03030607,UTAH COLLEGE OF MASSAGE THERAPY - DENVER,CO,80012-2523,Proprietary  ,0,2,2,99,206,305
03066900,INTELLITEC COLLEGE                      ,CO,81506-3994,Proprietary  ,21,58,79,260,978,1238
03068201,OHIO CENTER FOR BROADCASTING - COLORADO ,CO,80214-4129,Proprietary  ,2,1,3,52,172,224
03289300,COLORADO HEIGHTS UNIVERSITY             ,CO,80236-2711,Private      ,12,25,37,179,367,546
03306300,MONTESSORI EDUC CRT OF THE ROCKIES      ,CO,80301-2587,Private      ,0,2,2,8,57,65
03534300,JONES INTERNATIONAL UNIVERSITY          ,CO,80112-3446,Proprietary  ,0,0,0,16,564,580
03545300,UNIVERSITY OF THE ROCKIES               ,CO,80903-3612,Proprietary  ,2,124,126,105,2596,2701
03584400,COLORADO SCHOOL OF HEALING ARTS         ,CO,80226-4332,Proprietary  ,1,3,4,67,261,328
03670300,TONI & GUY HAIRDRESSING ACADEMY         ,CO,80911-0000,Proprietary  ,7,14,21,102,245,347
03686300,COLORADO SCHOOL OF TRADITIONAL CHINESE M,CO,80206-2127,Proprietary  ,0,4,4,16,201,217
03776300,AUGUSTE ESCOFFIER SCHOOL OF CULINARY ART,CO,80305-5961,Proprietary  ,10,32,42,283,547,830
03976300,MASSAGE THERAPY INSTITUTE OF COLORADO   ,CO,80206-2127,Proprietary  ,1,10,11,66,249,315
04080300,ASPEN UNIVERSITY                        ,CO,80246-1930,Proprietary  ,1,77,78,148,1375,1523
04093300,ACADEMY OF NATURAL THERAPY              ,CO,80631-3425,Proprietary  ,2,4,6,54,150,204
04121200,INSTITUTE OF TAOIST EDUCATION AND ACUPUN,CO,80027-1028,Private      ,0,0,0,5,40,45
04125100,MONTESSORI CASA INTERNATIONAL           ,CO,80111-5263,Private      ,0,1,1,0,7,7
04127700,AMERICAN SENTINEL UNIVERSITY            ,CO,80014-6510,Proprietary  ,0,66,66,28,1665,1693
04139300,NATIONAL BEAUTY COLLEGE                 ,CO,80221-0000,Proprietary  ,3,3,6,41,141,182
04148300,DENVER SCHOOL OF NURSING                ,CO,80202-1213,Proprietary  ,5,8,13,396,1397,1793
04167100,AVEDA INSTITUTE DENVER                  ,CO,80202-0000,Proprietary  ,21,22,43,328,516,844
04170200,PAUL MITCHELL THE SCHOOL COLORADO SPRING,CO,80903-0000,Proprietary  ,8,20,28,156,489,645
04172500,ROLF INSTITUTE OF STRUCTURAL INTEGRATION,CO,80301-0000,Private      ,0,4,4,8,143,151
04173800,SALON PROFESSIONAL ACADEMY (THE)        ,CO,80918-2932,Proprietary  ,0,1,1,47,173,220
04177100,PIMA MEDICAL INSTITUTE-SOUTH DENVER     ,CO,80231-0000,Proprietary  ,31,47,78,446,1004,1450
04179700,UNITED BEAUTY COLLEGE                   ,CO,80223-2936,Proprietary  ,4,15,19,48,175,223
04183700,HEALING ARTS INSTITUTE                  ,CO,80525-3479,Proprietary  ,1,3,4,45,147,192
04184900,COLLEGE OF INTERNATIONAL ESTHETICS      ,CO,80002-3754,Proprietary  ,1,10,11,52,222,274
04185000,COLORADO ACADEMY OF VETERINARY TECHNOLOG,CO,80906-4944,Proprietary  ,0,4,4,106,282,388
04185400,NATIONAL PERSONAL TRAINING INSTITUTE OF ,CO,80401-3304,Proprietary  ,1,9,10,27,122,149
04195300,LONGS PEAK ACADEMY                      ,CO,80501-6458,Proprietary  ,2,5,7,39,160,199
04202600,NEW DIMENSIONS BEAUTY ACADEMY           ,CO,80138-9801,Proprietary  ,2,3,5,26,92,118
04208700,COLORADO STATE UNIVERSITY - GLOBAL CAMPU,CO,80111-0000,Public       ,22,515,537,689,11941,12630
04218900,ROCKY VISTA UNIVERSITY COLLEGE OF OSTEOP,CO,80134-9498,Proprietary  ,0,2,2,3,638,641
04221400,PAUL MITCHELL THE SCHOOL DENVER         ,CO,80226-7395,Proprietary  ,12,9,21,170,239,409
00145928,STRAYER UNIVERSITY - NEWPORT NEWS       ,VA,23606-4237,Proprietary  ,0,0,0,0,1,1
00267811,BRYANT & STRATTON COLLEGE - VIRGINIA BEA,VA,23462-4417,Proprietary  ,3,34,37,235,1246,1481
00370200,AVERETT UNIVERSITY                      ,VA,24541-3692,Private      ,4,66,70,1651,1612,3263
00370300,BLUEFIELD COLLEGE                       ,VA,24605-1799,Private      ,6,18,24,993,836,1829
00370400,BRIDGEWATER COLLEGE                     ,VA,22812-1599,Private      ,3,2,5,3710,234,3944
00370500,COLLEGE OF WILLIAM & MARY               ,VA,23187-8795,Public       ,10,26,36,11495,4055,15550
00370600,CHRISTOPHER NEWPORT UNIVERSITY          ,VA,23606-3072,Public       ,6,9,15,8285,1308,9593
00370700,RICHARD BLAND COLLEGE                   ,VA,23805-7100,Public       ,8,9,17,1583,770,2353
00370800,EASTERN MENNONITE UNIVERSITY            ,VA,22802-2462,Private      ,5,10,15,1391,675,2066
00370900,EMORY & HENRY COLLEGE                   ,VA,24327-0010,Private      ,2,4,6,1616,235,1851
00371100,FERRUM COLLEGE                          ,VA,24088-2612,Private      ,9,3,12,2676,317,2993
00371200,TIDEWATER COMMUNITY COLLEGE             ,VA,23510-1910,Public       ,141,818,959,11360,26473,37833
00371300,HAMPDEN-SYDNEY COLLEGE                  ,VA,23943-0128,Private      ,2,1,3,1876,85,1961
00371400,HAMPTON UNIVERSITY                      ,VA,23668-0099,Private      ,28,63,91,9296,3372,12668
00371500,HOLLINS UNIVERSITY                      ,VA,24020-0000,Private      ,1,2,3,1358,596,1954
00371900,LONGWOOD UNIVERSITY                     ,VA,23909-1899,Public       ,6,16,22,6088,1072,7160
00372000,LYNCHBURG COLLEGE                       ,VA,24501-3199,Private      ,9,24,33,3501,1276,4777
00372100,JAMES MADISON UNIVERSITY                ,VA,22807-3780,Public       ,31,26,57,25330,3369,28699
00372300,MARY BALDWIN COLLEGE                    ,VA,24401-3610,Private      ,5,42,47,1604,1417,3021
00372400,MARYMOUNT UNIVERSITY                    ,VA,22207-4224,Private      ,8,28,36,2782,2364,5146
00372600,AMERICAN NATIONAL UNIVERSITY            ,VA,24153-4524,Proprietary  ,37,250,287,477,4027,4504
00372700,NORTHERN VA CMTY CLG                    ,VA,22003-3743,Public       ,222,631,853,19427,24005,43432
00372800,OLD DOMINION UNIVERSITY                 ,VA,23529-0052,Public       ,41,310,351,20192,16794,36986
00373200,RADFORD UNIVERSITY                      ,VA,24142-6905,Public       ,21,29,50,11629,2890,14519
00373300,RANDOLPH-MACON COLLEGE                  ,VA,23005-5505,Private      ,0,2,2,2717,171,2888
00373400,RANDOLPH COLLEGE                        ,VA,24503-1526,Private      ,2,4,6,1167,240,1407
00373500,VIRGINIA COMMONWEALTH UNIVERSITY        ,VA,23284-9004,Public       ,77,141,218,26930,14798,41728
00373600,ROANOKE COLLEGE                         ,VA,24153-3794,Private      ,2,2,4,3463,290,3753
00373700,SHENANDOAH UNIVERSITY                   ,VA,22601-5195,Private      ,0,27,27,3285,2475,5760
00373800,SOUTHERN VIRGINIA UNIVERSITY            ,VA,24416-3038,Private      ,5,4,9,1228,375,1603
00374200,SWEET BRIAR COLLEGE                     ,VA,24595-9998,Private      ,1,2,3,716,75,791
00374300,UNION PRESBYTERIAN SEMINARY             ,VA,23227-0000,Private      ,0,0,0,2,93,95
00374400,UNIVERSITY OF RICHMOND                  ,VA,23173-0001,Private      ,6,27,33,6943,2620,9563
00374500,UNIVERSITY OF VIRGINIA - SFS            ,VA,22903-0000,Public       ,17,52,69,22414,8157,30571
00374600,UNIVERSITY OF MARY WASHINGTON           ,VA,22401-5358,Public       ,19,25,44,6030,1535,7565
00374700,UNIV OF VIRGINIA'S COLLEGE AT WISE      ,VA,24293-4412,Public       ,2,9,11,1842,626,2468
00374800,EASTERN SHORE COMMUNITY COLLEGE         ,VA,23410-3001,Public       ,4,17,21,340,540,880
00374900,GEORGE MASON UNIVERSITY                 ,VA,22030-4444,Public       ,52,157,209,25963,15901,41864
00375100,PATRICK HENRY COMMUNITY COLLEGE         ,VA,24112-5311,Public       ,12,47,59,1214,1881,3095
00375200,VIRGINIA INTERMONT COLLEGE              ,VA,24201-4298,Private      ,0,1,1,2,3,5
00375300,VIRGINIA MILITARY INSTITUTE             ,VA,24450-2138,Public       ,7,0,7,2190,110,2300
00375400,VIRGINIA POLYTECH INST & STATE UNIV     ,VA,24061-2000,Public       ,121,59,180,28915,5146,34061
00375800,DANVILLE COMMUNITY COLLEGE              ,VA,24541-4004,Public       ,26,82,108,1491,2375,3866
00375900,J. SARGEANT REYNOLDS COMMUNITY CLG      ,VA,23285-0000,Public       ,56,271,327,5290,11902,17192
00376000,VIRGINIA WESTERN CMTY COLLEGE           ,VA,24038-0000,Public       ,29,94,123,3371,4383,7754
00376100,WYTHEVILLE COMMUNITY COLLEGE            ,VA,24382-3308,Public       ,43,59,102,1321,1690,3011
00376200,VIRGINIA UNIVERSITY OF LYNCHBURG        ,VA,24501-6400,Private      ,116,26,142,606,570,1176
00376400,VIRGINIA STATE UNIVERSITY               ,VA,23806-0001,Public       ,28,35,63,8980,3389,12369
00376500,NORFOLK STATE UNIVERSITY                ,VA,23504-8000,Public       ,47,98,145,6306,6313,12619
00376600,VIRGINIA UNION UNIVERSITY               ,VA,23220-1711,Private      ,21,25,46,3992,1783,5775
00376700,VIRGINIA WESLEYAN COLLEGE               ,VA,23502-5599,Private      ,5,20,25,2290,847,3137
00376800,WASHINGTON & LEE UNIVERSITY             ,VA,24450-0303,Private      ,2,0,2,3062,884,3946
00400400,JOHN TYLER COMMUNITY COLLEGE            ,VA,23831-5316,Public       ,46,186,232,4428,6683,11111
00450301,EVEREST COLLEGE -  MCLEAN               ,VA,22182-2214,Private      ,0,0,0,12,63,75
00498800,CENTRAL VIRGINIA COMMUNITY COLLEGE      ,VA,24502-2498,Public       ,29,83,112,1876,2591,4467
00499200,MILLER-MOTTE TECHNICAL COLLEGE          ,VA,24505-0000,Proprietary  ,11,70,81,269,1154,1423
00499600,DABNEY S LANCASTER COMMUNITY CLG        ,VA,24422-1000,Public       ,7,20,27,531,545,1076
00522300,NEW RIVER COMMUNITY COLLEGE             ,VA,24084-1127,Public       ,9,35,44,1646,2184,3830
00662200,COLLEGE OF HEALTH SCIENCES - CHRV       ,VA,24031-0000,Private      ,0,9,9,650,1101,1751
00681900,BLUE RIDGE COMMUNITY COLLEGE            ,VA,24486-0080,Public       ,17,60,77,2202,2650,4852
00687100,THOMAS NELSON COMMUNITY COLLEGE         ,VA,23670-0000,Public       ,59,291,350,4240,9714,13954
00709900,VIRGINIA HIGHLANDS COMMUNITY CLG        ,VA,24210-4210,Public       ,11,25,36,1075,1546,2621
00726000,SOUTHWEST VIRGINIA COMMUNITY CLG        ,VA,24641-0000,Public       ,10,20,30,1218,1859,3077
00865900,LORD FAIRFAX COMMUNITY COLLEGE          ,VA,22645-0047,Public       ,43,91,134,2351,3143,5494
00866000,GERMANNA COMMUNITY COLLEGE              ,VA,22508-0339,Public       ,34,129,163,3195,4321,7516
00866100,SOUTHSIDE VIRGINIA CMTY CLG             ,VA,23821-2930,Public       ,34,115,149,1610,2858,4468
00915900,PAUL D CAMP COMMUNITY COLLEGE           ,VA,23851-0737,Public       ,11,41,52,488,1309,1797
00916000,RAPPAHANNOCK COMMUNITY COLLEGE          ,VA,23149-2616,Public       ,16,47,63,970,1555,2525
00926700,EVEREST COLLEGE                         ,VA,23606-4203,Private      ,1,4,5,73,595,668
00926701,EVEREST COLLEGE - CHESAPEAKE            ,VA,23320-2637,Private      ,3,57,60,117,856,973
00942000,SANFORD-BROWN COLLEGE                   ,VA,22102-4301,Proprietary  ,0,0,0,5,35,40
00953500,STAUNTON SCHOOL OF COSMETOLOGY          ,VA,24401-4323,Proprietary  ,0,2,2,25,62,87
00953700,VIRGINIA SCH OF HAIR DESIGN             ,VA,23669-0000,Proprietary  ,0,7,7,41,180,221
00962900,MOUNTAIN EMPIRE COMMUNITY COLLEGE       ,VA,24219-0700,Public       ,7,41,48,1047,1784,2831
00992800,PIEDMONT VIRGINIA COMMUNITY COLLEGE     ,VA,22902-7589,Public       ,25,85,110,1902,3019,4921
01004300,BON SECOURS MEMORIAL COLLEGE OF NURSING ,VA,23227-4612,Private      ,1,20,21,291,889,1180
01019800,ECPI UNIVERSITY                         ,VA,23462-6542,Proprietary  ,47,411,458,1159,7651,8810
01019802,ECPI UNIVERSITY - NEWPORT NEWS          ,VA,23606-4298,Proprietary  ,16,97,113,464,2317,2781
01019807,ECPI UNIVERSITY - MANASSAS              ,VA,20109-2665,Proprietary  ,19,44,63,303,948,1251
01019813,ECPI UNIVERSITY - CULINARY INSTITUTE OF ,VA,23513-2448,Proprietary  ,3,10,13,211,428,639
01019814,ECPI UNIVERSITY - VIRGINIA BEACH HEALTH ,VA,23462-6540,Proprietary  ,2,17,19,113,781,894
01019815,ECPI UNIVERSITY - RICHMOND SOUTH        ,VA,23236-3659,Proprietary  ,9,36,45,340,1123,1463
01019816,ECPI UNIVERSITY - INNSBROOK             ,VA,23060-3359,Proprietary  ,6,20,26,180,515,695
01019817,ECPI UNIVERSITY - RICHMOND WEST         ,VA,23294-3730,Proprietary  ,6,26,32,226,789,1015
01033800,EASTERN VIRGINIA MEDICAL SCHOOL         ,VA,23501-1980,Public       ,2,11,13,82,1953,2035
01159600,SYLVAIN MELLOUL INTERNATIONAL HAIR ACADE,VA,24502-2652,Proprietary  ,1,3,4,76,148,224
01162601,WESTWOOD COLLEGE - SOUTH BAY - ARLINGTON,VA,22203-4167,Proprietary  ,0,0,0,142,498,640
01162602,WESTWOOD COLLEGE - SOUTH BAY - ANNANDALE,VA,22003-2602,Proprietary  ,0,2,2,84,406,490
01274400,SOUTHSIDE REGIONAL MED CTR PROF SCHOOLS ,VA,23803-5133,Proprietary  ,0,3,3,111,303,414
02053000,LIBERTY UNIVERSITY                      ,VA,24502-0000,Private      ,217,3755,3972,24631,98742,123373
02108800,WARDS CORNER BEAUTY ACADEMY             ,VA,23505-0000,Proprietary  ,3,27,30,53,289,342
02111600,DANVILLE REGIONAL MEDICAL CENTER SCHOOL ,VA,24541-0000,Proprietary  ,0,4,4,41,89,130
02128700,CENTRAL SCHOOL OF PRACTICAL NURSING     ,VA,23502-2230,Public       ,2,8,10,73,300,373
02140000,RIVERSIDE SCHOOL OF HEALTH CAREERS      ,VA,23608-3802,Private      ,1,9,10,157,709,866
02149901,PAUL MITCHELL THE SCHOOL-JACKSONVILLE - ,VA,22102-0000,Proprietary  ,6,4,10,104,220,324
02149902,PAUL MITCHELL THE SCHOOL-JACKSONVILLE - ,VA,22192-0000,Proprietary  ,1,10,11,112,218,330
02175800,LYNCHBURG GENERAL HOSP SCH OF NURSG     ,VA,24501-0000,Private      ,2,7,9,120,306,426
02197600,WOODROW WILSON REHABILITATION CTR       ,VA,22939-0000,Public       ,0,0,0,61,38,99
02242400,HENRICO CTY ST MARYS HOSP PRAC NRSG     ,VA,23075-0000,Public       ,0,2,2,8,69,77
02320900,TIDEWATER TECH                          ,VA,23502-1747,Proprietary  ,17,91,108,285,1177,1462
02334400,CENTURA COLLEGE                         ,VA,23452-0000,Proprietary  ,32,200,232,340,2021,2361
02342700,FORTIS COLLEGE                          ,VA,23502-4101,Proprietary  ,11,40,51,216,1018,1234
02342701,FORTIS COLLEGE - RICHMOND CAMPUS        ,VA,23230-0000,Proprietary  ,12,57,69,243,1054,1297
02358500,BON SECOURS SAINT MARY'S HOSPITAL SCHOOL,VA,23227-4612,Private      ,0,7,7,96,322,418
02538800,SUFFOLK BEAUTY ACADEMY                  ,VA,23434-0000,Proprietary  ,0,6,6,29,130,159
02541200,STRATFORD UNIVERSITY                    ,VA,22043-0000,Proprietary  ,20,164,184,697,4087,4784
02541201,STRATFORD UNIVERSITY-WOODBRIDGE         ,VA,22192-0000,Proprietary  ,0,0,0,54,246,300
02588900,MEDTECH INSTITUTE                       ,VA,22042-3013,Proprietary  ,36,100,136,467,1464,1931
02610100,WASHINGTON COUNTY ADULT SKILL CTR       ,VA,24210-2346,Public       ,0,1,1,38,125,163
02617508,EVEREST COLLEGE - WOODBRIDGE            ,VA,22192-6808,Private      ,9,43,52,195,755,950
03002400,GRAHAM WEBB INTERNATIONAL ACAD HAIR     ,VA,22209-2129,Proprietary  ,2,4,6,29,162,191
03010700,BAR PALMA BEAUTY CAREERS  ACADEMY       ,VA,24014-2255,Proprietary  ,2,13,15,51,161,212
03042800,"VIRGINIA BEACH CITY SCHOOLS, SCH.-PR.NSG",VA,23456-0038,Public       ,1,3,4,50,170,220
03091300,REGENT UNIVERSITY                       ,VA,23464-9800,Private      ,8,344,352,2067,9801,11868
03092700,SKYLINE COLLEGE                         ,VA,24012-1603,Proprietary  ,0,3,3,39,219,258
03096500,SPRINGFIELD BEAUTY ACADEMY              ,VA,22003-3016,Proprietary  ,0,5,5,7,80,87
03106500,SENTARA COLLEGE OF HEALTH SCIENCES      ,VA,23320-2843,Private      ,0,8,8,232,984,1216
03116900,BAPTIST THEOLOGICAL SEM.-RICHMOND       ,VA,23227-0000,Private      ,0,0,0,4,137,141
03126300,AVIATION INSTITUTE OF MAINTENANCE       ,VA,23320-5987,Proprietary  ,2,20,22,91,426,517
03126400,CENTURA COLLEGE                         ,VA,23235-5230,Proprietary  ,13,45,58,147,891,1038
03127500,ADVANCED TECHNOLOGY INSTITUTE           ,VA,23462-2409,Proprietary  ,10,43,53,537,784,1321
03280400,VIRGINIA SCHOOL OF MASSAGE              ,VA,22903-0000,Proprietary  ,2,10,12,34,138,172
03409500,CHESTER CAREER COLLEGE                  ,VA,23836-2516,Proprietary  ,2,33,35,87,429,516
03455300,CRESCENT COSMETOLOGY UNIVERSITY         ,VA,23666-3115,Proprietary  ,0,1,1,13,46,59
03559300,APPALACHIAN SCHOOL OF LAW               ,VA,24614-0000,Private      ,0,1,1,12,247,259
03645400,RUDY & KELLY ACADEMY OF HAIR AND NA     ,VA,23464-6857,Proprietary  ,2,16,18,158,377,535
03654300,EASTERN VIRGINIA CAREER COLLEGE         ,VA,22408-8605,Proprietary  ,2,16,18,147,705,852
03709300,EDWARD VIA VIRGINIA CLG OSTEOPATHIC MED ,VA,24060-6360,Private      ,0,0,0,4,1064,1068
03862600,VIRGINIA BAPTIST COLLEGE                ,VA,22407-0000,Private      ,0,3,3,39,107,146
03872400,INSTITUTE FOR THE PSYCHOLOGICAL SCIENCES,VA,22202-3609,Private      ,0,13,13,15,205,220
03876300,CULPEPER COSMETOLOGY TRAINING CENTER    ,VA,22701-3155,Public       ,0,1,1,28,61,89
03883400,AVIATION INSTITUTE OF MAINTENANCE       ,VA,20110-4156,Proprietary  ,8,15,23,87,280,367
03966300,VIRGINIA BEACH THEOLOGICAL SEMINARY     ,VA,23464-6847,Private      ,0,3,3,5,56,61
04038400,AVI CAREER INSTITUTE                    ,VA,22066-1839,Proprietary  ,0,3,3,5,82,87
04110300,UNIVERSITY OF MANAGEMENT AND TECHNOLOGY ,VA,22209-1609,Proprietary  ,0,33,33,29,626,655
04124000,DOMINION SCHOOL OF HAIR DESIGN          ,VA,23062-2221,Proprietary  ,2,9,11,21,52,73
04127300,COLUMBIA COLLEGE                        ,VA,22031-4413,Proprietary  ,4,75,79,67,855,922
04137300,CAYCE/REILLY SCHOOL OF MASSOTHERAPY     ,VA,23451-2061,Private      ,1,2,3,14,113,127
04140000,GLOBAL HEALTH NURSE TRAINING SERVICES   ,VA,22314-4585,Proprietary  ,2,52,54,50,676,726
04144000,VIRGINIA INTERNATIONAL UNIVERSITY       ,VA,22030-0000,Private      ,0,6,6,4,28,32
04153800,BETHEL COLLEGE                          ,VA,23666-3122,Private      ,0,1,1,34,142,176
04156200,INSTITUTE OF ADVANCED MEDICAL ESTHETICS ,VA,23294-4701,Proprietary  ,1,2,3,25,110,135
04169400,NORTHERN VIRGINIA SCHOOL OF THERAPEUTIC ,VA,22046-4302,Proprietary  ,0,6,6,49,201,250
04171500,COSMOPOLITAN BEAUTY & TECH SCHOOL       ,VA,22003-3204,Proprietary  ,0,15,15,16,210,226
04179900,TOMORROW'S IMAGE BARBER ACADEMY OF VIRGI,VA,23602-5532,Proprietary  ,0,2,2,14,97,111
04180600,APPALACHIAN COLLEGE OF PHARMACY         ,VA,24631-9210,Private      ,0,0,0,21,271,292
04214700,LUCKES BEAUTY ACADEMY                   ,VA,23601-1303,Proprietary  ,1,6,7,25,110,135
04218600,VIRGINIA TECH CARILION SCHOOL OF MEDICIN,VA,24016-4950,Private      ,0,4,4,231,448,679
04219000,IGLOBAL UNIVERSITY                      ,VA,22003-2400,Proprietary  ,0,1,1,3,35,38
04220100,NATIONAL PERSONAL TRAINING INSTITUTE    ,VA,22182-2412,Proprietary  ,0,3,3,15,84,99
04220400,CHRYSM INSTITUTE OF ESTHETICS (THE)     ,VA,23462-3650,Proprietary  ,1,11,12,29,207,236
04221000,"STANDARD HEALTHCARE SERVICES, COLLEGE OF",VA,22046-4612,Proprietary  ,0,7,7,22,396,418
04235400,SAINT MICHAEL COLLEGE OF ALLIED HEALTH  ,VA,22309-2348,Proprietary  ,0,15,15,24,243,267
04238700,DERMAL SCIENCE INTERNATIONAL AESTHETICS ,VA,20190-5226,Proprietary  ,0,6,6,15,130,145
04241500,WAVE LEADERSHIP COLLEGE                 ,VA,23454-2140,Private      ,0,3,3,28,62,90
00107000,THUNDERBIRD SCHOOL OF GLOBAL MANAGEMENT ,AZ,85306-6000,Private      ,0,0,0,5,51,56
00107100,ARIZONA WESTERN COLLEGE                 ,AZ,85366-0000,Public       ,91,147,238,4907,4962,9869
00107200,COCHISE COLLEGE                         ,AZ,85607-6190,Public       ,24,72,96,1790,3161,4951
00107300,EASTERN ARIZONA COLLEGE                 ,AZ,85552-0769,Public       ,14,40,54,1691,1660,3351
00107400,GRAND CANYON UNIVERSITY                 ,AZ,85017-3030,Proprietary  ,297,6971,7268,22965,88759,111724
00107600,GLENDALE COMMUNITY COLLEGE              ,AZ,85302-3090,Public       ,121,353,474,11383,14594,25977
00107700,MESA COMMUNITY COLLEGE                  ,AZ,85202-4866,Public       ,117,347,464,10855,17019,27874
00107800,PHOENIX COLLEGE                         ,AZ,85013-4234,Public       ,81,297,378,6950,13411,20361
00107900,YAVAPAI COLLEGE                         ,AZ,86301-3297,Public       ,29,118,147,2093,4339,6432
00108100,ARIZONA STATE UNIV (ALL CAMPUSES)       ,AZ,85287-0412,Public       ,357,1246,1603,67551,63862,131413
00108200,NORTHERN ARIZONA UNIVERSITY             ,AZ,86011-0001,Public       ,143,408,551,32750,16939,49689
00108300,UNIVERSITY OF ARIZONA                   ,AZ,85721-0066,Public       ,269,276,545,38781,18571,57352
00165701,MIDWESTERN UNIVERSITY                   ,AZ,85308-0000,Private      ,5,16,21,227,4452,4679
00446700,TUCSON COLLEGE                          ,AZ,85711-3781,Proprietary  ,12,30,42,274,691,965
00711300,ARIZONA CHRISTIAN UNIVERSITY            ,AZ,85032-7097,Private      ,3,22,25,1358,732,2090
00726600,PIMA COUNTY COMMUNITY COLLEGE           ,AZ,85709-1110,Public       ,93,377,470,10652,15923,26575
00728300,CENTRAL ARIZONA COLLEGE                 ,AZ,85228-0000,Public       ,53,125,178,3122,4510,7632
00732911,ITT TECHNICAL INSTITUTE                 ,AZ,85282-9272,Proprietary  ,29,189,218,524,2848,3372
00732990,ITT TECHNICAL INSTITUTE                 ,AZ,85704-5829,Proprietary  ,46,205,251,705,2983,3688
00822100,UNIVERSAL TECHNICAL INSTITUTE           ,AZ,85323-7946,Proprietary  ,261,337,598,14640,12314,26954
00824600,DINÉ COLLEGE                            ,AZ,86556-0126,Public       ,10,43,53,695,1355,2050
00830300,GATEWAY COMMUNITY COLLEGE               ,AZ,85034-1795,Public       ,121,210,331,3885,8554,12439
00830302,MARICOPA SKILL CENTER                   ,AZ,85034-0000,Public       ,8,49,57,480,1407,1887
00830400,SCOTTSDALE COMMUNITY COLLEGE            ,AZ,85250-0000,Public       ,47,109,156,4119,5003,9122
00886400,ARIZONA ACADEMY OF BEAUTY               ,AZ,85712-5021,Proprietary  ,2,17,19,79,212,291
01085800,AVALON SCHOOL OF COSMETOLOGY            ,AZ,85210-4010,Proprietary  ,58,84,142,636,1079,1715
01168900,REFRIGERATION SCHOOL                    ,AZ,85034-0000,Proprietary  ,24,95,119,228,1266,1494
01180200,ARIZONA ACADEMY OF BEAUTY-NORTH         ,AZ,85705-2720,Proprietary  ,3,4,7,44,118,162
01186200,NORTHLAND PIONEER COLLEGE               ,AZ,86025-0610,Public       ,11,47,58,690,1773,2463
01186400,MOHAVE COMMUNITY COLLEGE                ,AZ,86409-1238,Public       ,24,105,129,1394,3648,5042
01218400,INTERNATIONAL ACADEMY OF HAIR DESIGN    ,AZ,85282-6730,Proprietary  ,1,2,3,50,154,204
02065300,PRESCOTT COLLEGE                        ,AZ,86301-0000,Private      ,3,16,19,444,970,1414
02098800,UNIVERSITY OF PHOENIX                   ,AZ,85040-0000,Proprietary  ,544,13490,14034,13302,256274,269576
02100500,UNIVERSAL TECHNICAL INSTITUTE           ,AZ,85027-0000,Proprietary  ,225,310,535,13293,12234,25527
02100600,CARRINGTON COLLEGE                      ,AZ,85015-4096,Proprietary  ,95,255,350,1914,5403,7317
02113800,ROBERTO-VENN SCH OF LUTHIERY            ,AZ,85040-0000,Proprietary  ,0,1,1,32,55,87
02146600,SOUTH MOUNTAIN COMMUNITY COLLEGE        ,AZ,85040-0000,Public       ,44,111,155,2883,4451,7334
02160305,COLLINS COLLEGE                         ,AZ,85040-4000,Proprietary  ,0,0,0,68,211,279
02160306,INTERNATIONAL ACADEMY OF DESIGN AND TECH,AZ,85281-6705,Proprietary  ,0,4,4,37,95,132
02171500,WESTERN INTERNATIONAL UNIVERSITY        ,AZ,85021-0000,Proprietary  ,2,122,124,86,1683,1769
02177500,RIO SALADO COMMUNITY COLLEGE            ,AZ,85281-6948,Public       ,77,563,640,3042,15715,18757
02199900,AMERICAN INDIAN CLG-ASSEMBLIES GOD      ,AZ,85021-0000,Private      ,0,0,0,74,138,212
02217100,PIMA MEDICAL INSTITUTE                  ,AZ,85716-0000,Proprietary  ,195,501,696,4140,10941,15081
02218800,BROOKLINE COLLEGE                       ,AZ,85021-5815,Proprietary  ,23,126,149,425,2399,2824
02218804,BROOKLINE COLLEGE - MESA                ,AZ,85204-4448,Proprietary  ,8,39,47,224,905,1129
02218805,BROOKLINE COLLEGE - TUCSON              ,AZ,85711-5444,Proprietary  ,10,60,70,221,912,1133
02263100,ANTHEM COLLEGE                          ,AZ,85014-4973,Proprietary  ,0,0,0,102,298,400
02280500,CHARLES OF ITALY BEAUTY COLLEGE         ,AZ,86403-0000,Proprietary  ,1,13,14,48,122,170
02295000,EVEREST COLLEGE                         ,AZ,85021-1610,Proprietary  ,0,0,0,249,2299,2548
02295002,EVEREST COLLEGE - MESA                  ,AZ,85206-4704,Proprietary  ,0,0,0,102,612,714
02306807,ARIZONA AUTOMOTIVE INSTITUTE            ,AZ,85301-3503,Proprietary  ,76,176,252,679,1793,2472
02317800,AMERICAN INSTITUTE OF TECHNOLOGY        ,AZ,85043-0000,Proprietary  ,15,171,186,246,1523,1769
02491500,SOUTHWEST UNIVERSITY OF VISUAL ARTS     ,AZ,85716-0000,Proprietary  ,2,8,10,181,274,455
02533200,FRANK LLOYD WRIGHT SCHOOL OF ARCHITECTUR,AZ,85261-4430,Private      ,0,4,4,23,56,79
02559000,UNIVERSITY OF ADVANCING TECHNOLOGY      ,AZ,85283-0000,Proprietary  ,8,13,21,980,692,1672
02582700,CORTIVA INSTITUTE - TUCSON              ,AZ,85710-3503,Proprietary  ,3,24,27,121,377,498
02616700,LE CORDON BLEU COLLEGE OF CULINARY ARTS ,AZ,85251-2729,Proprietary  ,2,7,9,773,3266,4039
02623600,PARADISE VALLEY COMMUNITY COLLEGE       ,AZ,85032-1210,Public       ,30,110,140,3727,5343,9070
02623800,CORTIVA INSTITUTE - SCOTTSDALE          ,AZ,85257-4218,Proprietary  ,3,2,5,38,168,206
03005000,SAFFORD COLLEGE OF BEAUTY CULTURE       ,AZ,85546-3309,Proprietary  ,1,10,11,18,66,84
03010613,VIRGINIA COLLEGE - GOLF ACADEMY OF AMERI,AZ,85225-3412,Proprietary  ,1,2,3,33,103,136
03030604,UTAH COLLEGE OF MASSAGE THERAPY - ARIZON,AZ,85282-0000,Proprietary  ,8,34,42,109,278,387
03030605,UTAH COLLEGE OF MASSAGE THERAPY - ARIZON,AZ,85051-3470,Proprietary  ,11,26,37,142,366,508
03034400,CONSERVATORY RECORDING ARTS & SCIS      ,AZ,85282-1707,Proprietary  ,12,23,35,637,673,1310
03072200,CHANDLER-GILBERT COMMUNITY COLLEGE      ,AZ,85225-2499,Public       ,50,158,208,5840,6783,12623
03076400,BRYMAN SCHOOL OF ARIZONA (THE)          ,AZ,85029-4919,Proprietary  ,0,0,0,33,193,226
03097800,CARSTEN INSTITUTE OF HAIR & BEAUTY      ,AZ,85282-5404,Proprietary  ,2,6,8,105,226,331
03100400,COCONINO COUNTY COMMUNITY COLLEGE       ,AZ,86001-0000,Public       ,17,44,61,2185,2198,4383
03107000,SOUTHWEST CLG OF NATUROPATHIC MED       ,AZ,85282-0000,Private      ,0,3,3,15,626,641
03115000,ARIZONA COLLEGE OF ALLIED HEALTH        ,AZ,85302-3843,Proprietary  ,42,154,196,515,1800,2315
03120300,COLLEGE AMERICA                         ,AZ,86004-3936,Proprietary  ,57,127,184,539,1792,2331
03156300,ESTRELLA MOUNTAIN COMMUNITY COLLEGE     ,AZ,85392-1010,Public       ,75,158,233,5620,7380,13000
03347300,INTERNATIONAL BAPTIST COLLEGE           ,AZ,85282-6799,Private      ,1,0,1,51,37,88
03445300,HDS TRUCK DRIVING INSTITUTE             ,AZ,85731-0000,Proprietary  ,1,19,20,19,199,218
03478400,PHOENIX SEMINARY                        ,AZ,85018-7611,Private      ,0,6,6,8,207,215
03572300,EAST VALLEY INSTITUTE OF TECHNOLOGY     ,AZ,85201-6910,Public       ,8,14,22,390,754,1144
03593300,SOUTHWEST INSTITUTE OF HEALING ARTS     ,AZ,85281-3658,Proprietary  ,7,54,61,193,1881,2074
03617500,PHOENIX INSTITUTE OF HERBAL MEDICINE & A,AZ,85012-0000,Proprietary  ,4,10,14,59,445,504
03695500,ARIZONA SCHOOL OF ACUPUNCTURE AND ORIENT,AZ,85712-1100,Proprietary  ,0,2,2,18,82,100
03784400,TOHONO O'ODHAM COMMUNITY COLLEGE        ,AZ,85634-3129,Public       ,2,5,7,87,136,223
03813300,NORTHCENTRAL UNIVERSITY                 ,AZ,86314-2336,Proprietary  ,0,955,955,72,11088,11160
03814300,TURNING POINT BEAUTY COLLEGE            ,AZ,85222-4229,Proprietary  ,2,6,8,24,72,96
04051300,ART INSTITUTE OF PHOENIX (THE)          ,AZ,85021-2859,Proprietary  ,112,516,628,5489,16255,21744
04051306,THE ART INSTITUTE OF TUCSON             ,AZ,85712-2732,Proprietary  ,1,2,3,407,576,983
04051325,ART INSTITUTE OF PHOENIX (THE) - BROWN M,AZ,85712-5300,Proprietary  ,3,11,14,173,732,905
04051327,ART INSTITUTE OF PHOENIX (THE) - BROWN M,AZ,85029-1348,Proprietary  ,0,9,9,154,425,579
04059300,TUCSON COLLEGE OF BEAUTY                ,AZ,85705-2451,Proprietary  ,4,13,17,71,181,252
04120900,ARIZONA CULINARY INSTITUTE              ,AZ,85259-4939,Proprietary  ,1,4,5,191,370,561
04131400,ARIZONA SUMMIT LAW SCHOOL               ,AZ,85004-4418,Proprietary  ,1,19,20,73,1119,1192
04148700,AMERICAN INSTITUTE OF INTERIOR DESIGN   ,AZ,85268-3827,Proprietary  ,0,11,11,28,97,125
04152900,STUDIO ACADEMY OF BEAUTY (THE)          ,AZ,85224-3600,Proprietary  ,23,40,63,200,495,695
04157400,NATIONAL PARALEGAL COLLEGE              ,AZ,85014-1262,Proprietary  ,3,68,71,89,1606,1695
04174100,PAUL MITCHELL THE SCHOOL PHOENIX        ,AZ,85017-1919,Proprietary  ,6,15,21,207,386,593
04174200,ALL BEAUTY COLLEGE                      ,AZ,86426-8326,Proprietary  ,2,8,10,53,173,226
04175300,PENROSE ACADEMY                         ,AZ,85254-4065,Proprietary  ,11,22,33,152,261,413
04177500,PURE AESTHETICS                         ,AZ,85711-2328,Proprietary  ,0,2,2,35,119,154
04194500,AVEDA INSTITUTE TUCSON                  ,AZ,85719-4876,Proprietary  ,12,16,28,149,259,408
04194501,AVEDA INSTITUTE TUCSON - PHOENIX        ,AZ,85284-1064,Proprietary  ,6,8,14,148,286,434
04217600,SESSIONS COLLEGE FOR PROFESSIONAL DESIGN,AZ,85281-2840,Proprietary  ,2,6,8,26,209,235
04233100,ARIZONA SCHOOL OF INTEGRATIVE STUDIES   ,AZ,85705-8330,Proprietary  ,1,1,2,15,60,75
04233101,ARIZONA SCHOOL OF INTEGRATIVE STUDIES - ,AZ,86001-5510,Proprietary  ,0,7,7,34,96,130
04233102,ARIZONA SCHOOL OF INTEGRATIVE STUDIES - ,AZ,86303-4711,Proprietary  ,1,8,9,28,121,149
04233103,ARIZONA SCHOOL OF INTEGRATIVE STUDIES - ,AZ,85705-8330,Proprietary  ,0,0,0,34,136,170
04237700,REGIONAL CENTER FOR BORDER HEALTH       ,AZ,85364-4106,Private      ,0,4,4,0,8,8
04244900,SONORAN DESERT INSTITUTE                ,AZ,85258-3376,Proprietary  ,7,103,110,23,387,410
04246400,AVENTIS COLLEGE                         ,AZ,85282-1118,Proprietary  ,0,0,0,1,5,6
00142800,DELAWARE STATE UNIVERSITY               ,DE,19901-2277,Public       ,66,36,102,8591,2711,11302
00142900,GOLDEY BEACOM COLLEGE                   ,DE,19808-1993,Private      ,3,11,14,722,627,1349
00143100,UNIVERSITY OF DELAWARE                  ,DE,19716-0099,Public       ,58,63,121,27158,3484,30642
00143300,WESLEY COLLEGE                          ,DE,19901-3875,Private      ,17,9,26,2960,961,3921
00331301,WIDENER UNIV SCHOOL OF LAW - DE         ,DE,19803-0000,Private      ,0,7,7,59,984,1043
00705300,DELAWARE TECHNICAL COMMUNITY COLLEGE - O,DE,19947-0000,Public       ,0,0,0,10,25,35
00794800,WILMINGTON UNIVERSITY                   ,DE,19720-6491,Private      ,25,342,367,3488,12260,15748
01172700,DELAWARE TECHNICAL COMMUNITY COLLEGE    ,DE,19901-8736,Public       ,83,270,353,7882,10646,18528
01172703,DELAWARE TECHNICAL COMMUNITY COLLEGE -  ,DE,19801-2412,Public       ,0,0,0,6,13,19
01172704,DELAWARE TECHNICAL COMMUNITY COLLEGE -  ,DE,19713-2197,Public       ,0,0,0,2,10,12
02125200,SCHOOL OF NURSING BEEBE MEDICAL CENTER  ,DE,19958-1462,Private      ,0,0,0,81,134,215
02190400,SCHILLING DOUGLAS SCH OF HAIR DSGN      ,DE,19711-0000,Proprietary  ,1,5,6,102,119,221
02586902,STAR TECHNICAL INSTITUTE -              ,DE,19901-4615,Proprietary  ,1,3,4,25,115,140
03025800,DAWN TRAINING CENTRE                    ,DE,19805-1511,Proprietary  ,9,30,39,140,628,768
03543300,HARRIS SCHOOL OF BUSINESS               ,DE,19803-5341,Proprietary  ,9,39,48,138,519,657
03702300,DELAWARE LEARNING INSTITUTE OF COSMETOLO,DE,19939-9759,Proprietary  ,1,2,3,49,124,173
04130700,ACADEMY OF MASSAGE AND BODYWORK         ,DE,19701-1321,Proprietary  ,5,9,14,34,113,147
04139800,DELAWARE COLLEGE OF ART & DESIGN        ,DE,19801-3007,Private      ,1,4,5,433,217,650
04171100,PAUL MITCHELL THE SCHOOL-DELAWARE       ,DE,19702-5108,Proprietary  ,7,7,14,118,171,289
04250300,HAIR ACADEMY SCHOOL OF BARBERING & BEAUT,DE,19713-2305,Proprietary  ,1,11,12,1,12,13
        ,FEDERAL STUDENT AID USE ONLY            ,DC,20202-0000,,0,0,0,0,1,1
        ,OFFICIAL USE ONLY                       ,DC,20202-0000,,0,0,0,0,1,1
00143400,AMERICAN UNIVERSITY                     ,DC,20016-8020,Private      ,16,71,87,14460,9515,23975
00143700,CATHOLIC UNIVERSITY OF AMERICA          ,DC,20064-0002,Private      ,4,62,66,5436,2575,8011
00143711,"CATHOLIC UNIV AMERICA, LAW SCHOOL       ",DC,20064-0000,Private      ,0,1,1,47,946,993
00144100,UNIV OF THE DISTRICT OF COLUMBIA        ,DC,20008-0000,Public       ,18,91,109,2936,6854,9790
00144102,UNIV OF THE DIST OF COLU -SCHOOL OF LAW ,DC,20008-1173,Public       ,1,15,16,81,888,969
00144300,GALLAUDET UNIVERSITY                    ,DC,20002-3695,Private      ,4,30,34,971,1216,2187
00144400,GEORGE WASHINGTON UNIVERSITY            ,DC,20052-2353,Private      ,8,361,369,15028,13005,28033
00144402,GEORGE WASHINGTON UNIV LAW SCHL         ,DC,20052-0000,Private      ,1,6,7,77,3754,3831
00144403,GEORGE WASHINGTON UNIV SCH MED          ,DC,20052-0000,Private      ,0,20,20,104,1685,1789
00144437,GEORGE WASHINGTON UNIVERSITY            ,DC,20006-4804,Private      ,0,0,0,524,281,805
00144500,GEORGETOWN UNIVERSITY                   ,DC,20057-1252,Private      ,13,101,114,12738,4985,17723
00144501,"GEORGETOWN UNIV, SCH OF MEDICINE        ",DC,20007-0000,Private      ,0,5,5,77,1242,1319
00144502,GEORGETOWN UNIVERSITY - GRADUATE SCHOOL ,DC,20057-0004,Private      ,1,68,69,75,4550,4625
00144503,GEORGETOWN UNIV LAW CENTER              ,DC,20001-0000,Private      ,0,10,10,63,4895,4958
00144800,HOWARD UNIVERSITY                       ,DC,20059-0001,Private      ,32,62,94,16485,8956,25441
00145900,STRAYER UNIVERSITY                      ,DC,20005-2603,Proprietary  ,46,862,908,2054,52201,54255
00146000,TRINITY UNIVERSITY                      ,DC,20017-1004,Private      ,4,46,50,1430,2727,4157
00146400,WESLEY THEOLOGICAL SEMINARY             ,DC,20016-0000,Private      ,0,6,6,2,416,418
00207701,JOHNS HOPKINS UNIV SCH ADV INTL STU     ,DC,20036-0000,Private      ,0,15,15,87,1491,1578
01280300,DOMINICAN HOUSE OF STUDIES              ,DC,20017-1584,Private      ,0,1,1,1,24,25
02132800,NAT'L CONSERVATORY DRAMATIC ARTS        ,DC,20007-2758,Private      ,0,3,3,16,59,75
03104300,CAREER BLAZERS LEARNING CENTER OF WASHIN,DC,20037-1881,Proprietary  ,11,151,162,93,1162,1255
03218300,POTOMAC COLLEGE                         ,DC,20016-0000,Proprietary  ,0,7,7,51,285,336
03409600,BENNETT CAREER INSTITUTE                ,DC,20017-1754,Proprietary  ,8,35,43,115,461,576
03750300,TECHNICAL LEARNING CENTERS              ,DC,20006-3749,Proprietary  ,18,51,69,230,1069,1299
04114400,INSTITUTE OF WORLD POLITICS (THE)       ,DC,20036-1464,Private      ,0,2,2,8,162,170
04142700,PONTIFICAL JOHN PAUL II INSTITUTE FOR ST,DC,20064-0001,Private      ,0,0,0,1,20,21
04190000,RADIANS COLLEGE                         ,DC,20005-3542,Proprietary  ,2,13,15,81,1127,1208
04202500,GRADUATE SCHOOL                         ,DC,20024-2520,Private      ,0,2,2,8,153,161
00154100,ABRAHAM BALDWIN AGRICULTURAL CLG        ,GA,31794-0000,Public       ,34,52,86,3558,1871,5429
00154200,AGNES SCOTT COLLEGE                     ,GA,30030-3770,Private      ,5,8,13,1613,603,2216
00154300,DARTON COLLEGE                          ,GA,31707-3098,Public       ,69,190,259,4272,7465,11737
00154400,ALBANY STATE UNIVERSITY                 ,GA,31705-2796,Public       ,70,127,197,6930,5744,12674
00154500,ANDREW COLLEGE                          ,GA,39840-1395,Private      ,5,3,8,442,103,545
00154600,ARMSTRONG ATLANTIC STATE UNIVERSITY     ,GA,31419-1997,Public       ,88,157,245,6897,7084,13981
00154700,POINT UNIVERSITY                        ,GA,30344-1999,Private      ,5,20,25,1172,1110,2282
00155400,BERRY COLLEGE                           ,GA,30149-5007,Private      ,10,8,18,4171,426,4597
00155500,THOMAS UNIVERSITY                       ,GA,31792-7499,Private      ,6,40,46,553,1523,2076
00155600,BRENAU UNIVERSITY                       ,GA,30501-3668,Private      ,17,160,177,1752,4304,6056
00155700,BREWTON PARKER COLLEGE                  ,GA,30445-0000,Private      ,28,10,38,549,207,756
00155800,COLLEGE OF COASTAL GEORGIA              ,GA,31520-3644,Public       ,42,95,137,2693,2740,5433
00155900,CLARK ATLANTA UNIVERSITY                ,GA,30314-4385,Private      ,83,76,159,10967,6008,16975
00156000,COLUMBIA THEOLOGICAL SEMINARY           ,GA,30031-0000,Private      ,0,5,5,11,259,270
00156100,COLUMBUS STATE UNIVERSITY               ,GA,31907-5645,Public       ,65,183,248,7221,7726,14947
00156200,GEORGIA PERIMETER COLLEGE               ,GA,30034-3832,Public       ,181,378,559,16694,23477,40171
00156300,EMMANUEL COLLEGE                        ,GA,30639-0000,Private      ,8,2,10,982,184,1166
00156400,EMORY UNIVERSITY                        ,GA,30322-1960,Private      ,35,100,135,14476,10751,25227
00156600,FORT VALLEY STATE UNIVERSITY            ,GA,31030-3298,Public       ,40,55,95,4079,2983,7062
00156800,INTERDENOMINATIONAL THEOLOGY CENTER     ,GA,30314-0000,Private      ,0,8,8,7,516,523
00156900,GEORGIA INSTITUTE OF TECHNOLOGY         ,GA,30332-0325,Public       ,235,80,315,25225,7015,32240
00157000,SOUTHERN POLYTECHNIC STATE UNIVERSITY   ,GA,30060-2896,Public       ,0,0,0,4564,3843,8407
00157100,GEORGIA MILITARY COLLEGE                ,GA,31061-3398,Public       ,162,299,461,6441,8524,14965
00157200,GEORGIA SOUTHERN UNIVERSITY             ,GA,30460-8065,Public       ,406,237,643,25036,9177,34213
00157300,GEORGIA SOUTHWESTERN STATE UNIV         ,GA,31709-4693,Public       ,30,143,173,2892,2578,5470
00157400,GEORGIA STATE UNIVERSITY                ,GA,30303-3010,Public       ,500,501,1001,36917,29675,66592
00157500,GORDON COLLEGE                          ,GA,30204-1762,Public       ,45,35,80,4581,2930,7511
00157700,KENNESAW STATE UNIVERSITY               ,GA,30144-5591,Public       ,233,386,619,32969,19614,52583
00157800,LAGRANGE COLLEGE                        ,GA,30240-2999,Private      ,21,44,65,1620,672,2292
00157900,GEORGIA REGENTS UNIVERSITY              ,GA,30912-0004,Public       ,39,90,129,5615,7051,12666
00158000,MERCER UNIVERSITY                       ,GA,31207-0003,Private      ,26,177,203,6688,9474,16162
00158100,MIDDLE GEORGIA STATE UNIVERSITY         ,GA,31206-5145,Public       ,73,149,222,6592,6325,12917
00158200,MOREHOUSE COLLEGE                       ,GA,30314-3773,Private      ,26,23,49,4396,1466,5862
00158500,UNIVERSITY OF NORTH GEORGIA             ,GA,30597-0001,Public       ,289,123,412,15867,6405,22272
00158600,OGLETHORPE UNIVERSITY                   ,GA,30319-2737,Private      ,10,9,19,2454,712,3166
00158700,PAINE COLLEGE                           ,GA,30901-3182,Private      ,11,13,24,1107,748,1855
00158800,PIEDMONT COLLEGE                        ,GA,30535-5644,Private      ,13,101,114,1348,2055,3403
00158900,REINHARDT UNIVERSITY                    ,GA,30183-2981,Private      ,10,15,25,1662,799,2461
00159000,SAVANNAH STATE UNIVERSITY               ,GA,31404-5298,Public       ,75,80,155,8766,4439,13205
00159100,SHORTER UNIVERSITY                      ,GA,30165-4298,Private      ,8,34,42,1929,2237,4166
00159200,SOUTH GEORGIA STATE COLLEGE             ,GA,31533-8104,Public       ,58,63,121,2550,1819,4369
00159400,SPELMAN COLLEGE                         ,GA,30314-4399,Private      ,31,21,52,6883,1796,8679
00159600,TOCCOA FALLS COLLEGE                    ,GA,30598-0001,Private      ,5,4,9,885,327,1212
00159700,TRUETT MCCONNELL COLLEGE                ,GA,30528-1264,Private      ,2,1,3,886,271,1157
00159800,UNIVERSITY OF GEORGIA                   ,GA,30602-6114,Public       ,227,185,412,34072,12288,46360
00159900,VALDOSTA STATE UNIVERSITY               ,GA,31698-0001,Public       ,155,267,422,12728,8034,20762
00160000,WESLEYAN COLLEGE                        ,GA,31210-4407,Private      ,5,19,24,635,800,1435
00160100,UNIV OF WEST GEORGIA                    ,GA,30118-0002,Public       ,182,243,425,15048,7761,22809
00160200,GEORGIA COLLEGE & STATE UNIVERSITY      ,GA,31061-0490,Public       ,78,100,178,8075,2630,10705
00160400,YOUNG HARRIS COLLEGE                    ,GA,30582-4137,Private      ,11,5,16,1686,173,1859
00348400,COVENANT COLLEGE                        ,GA,30750-4164,Private      ,1,2,3,1278,127,1405
00395600,DALTON STATE COLLEGE                    ,GA,30720-3797,Public       ,38,62,100,4677,3479,8156
00402400,GEORGIA NORTHWESTERN TECHNICAL COLLEGE  ,GA,30161-6757,Public       ,65,207,272,3061,6653,9714
00411700,GRADY HEALTH SYSTEM                     ,GA,30303-3050,Public       ,2,14,16,201,945,1146
00489808,MCCANN SCHOOL OF BUSINESS & TECHNOLOGY -,GA,31210-0246,Proprietary  ,0,5,5,48,218,266
00525400,LANIER TECHNICAL COLLEGE                ,GA,30566-3499,Public       ,46,130,176,2028,4100,6128
00525500,MOULTRIE TECHNICAL COLLEGE              ,GA,31768-0000,Public       ,0,0,0,353,893,1246
00525600,WIREGRASS GEORGIA TECHNICAL COLLEGE     ,GA,31602-0929,Public       ,66,269,335,1779,5064,6843
00551100,COASTAL PINES TECHNICAL COLLEGE         ,GA,31501-4016,Public       ,40,147,187,958,2538,3496
00551102,COASTAL PINES TECHNICAL COLLEGE - JESUP ,GA,31545-4465,Public       ,0,0,0,68,257,325
00559900,AUGUSTA TECHNICAL COLLEGE               ,GA,30906-3399,Public       ,66,236,302,2530,6853,9383
00560000,ATHENS TECHNICAL COLLEGE                ,GA,30601-1579,Public       ,46,117,163,3021,4940,7961
00560100,ALBANY TECHNICAL COLLEGE                ,GA,31701-2648,Public       ,68,288,356,1901,6604,8505
00561500,SOUTHERN REGIONAL TECHNICAL COLLEGE     ,GA,31792-2622,Public       ,70,206,276,1372,3203,4575
00561700,SOUTH GEORGIA TECHNICAL COLLEGE         ,GA,31709-8167,Public       ,54,120,174,1046,1759,2805
00561800,SAVANNAH TECHNICAL COLLEGE              ,GA,31405-5594,Public       ,67,341,408,2782,8292,11074
00561900,NORTH GEORGIA TECHNICAL COLLEGE         ,GA,30523-0000,Public       ,42,90,132,1886,2811,4697
00562000,CHATTAHOOCHEE TECHNICAL COLLEGE         ,GA,30060-3398,Public       ,149,440,589,6827,12119,18946
00562100,SOUTHERN CRESCENT TECHNICAL COLLEGE     ,GA,30223-2097,Public       ,71,285,356,2630,6631,9261
00562200,GEORGIA PIEDMONT TECHNICAL COLLEGE      ,GA,30021-2397,Public       ,53,254,307,1761,7641,9402
00562400,COLUMBUS TECHNICAL COLLEGE              ,GA,31904-6572,Public       ,53,227,280,2133,5484,7617
00576300,CENTRAL GEORGIA TECHNICAL COLLEGE       ,GA,31206-0000,Public       ,124,603,727,3400,10336,13736
00854300,ATLANTA TECHNICAL COLLEGE               ,GA,30310-4499,Public       ,79,373,452,3229,12975,16204
00897600,CLAYTON STATE UNIVERSITY                ,GA,30260-0285,Public       ,86,168,254,6895,10222,17117
00927000,ART INSTITUTE OF ATLANTA (THE)          ,GA,30328-1649,Proprietary  ,55,122,177,6831,6436,13267
00950700,GEORGIA HIGHLANDS COLLEGE               ,GA,30162-0000,Public       ,73,88,161,5485,4504,9989
00982806,EVEREST INSTITUTE - JONESBORO           ,GA,30236-0000,Private      ,1,3,4,100,568,668
00982807,EVEREST INSTITUTE - MARIETTA            ,GA,30067-8340,Private      ,2,9,11,149,772,921
00982808,EVEREST INSTITUTE - EVEREST COLLEGE- ATL,GA,30331-2620,Private      ,11,79,90,345,1635,1980
00982811,EVEREST INSTITUTE - NORCROSS            ,GA,30093-2813,Private      ,7,32,39,167,847,1014
01031903,FORTIS INSTITUTE - FORTIS COLLEGE       ,GA,30080-7630,Proprietary  ,19,60,79,287,968,1255
01048700,WEST GEORGIA TECHNICAL COLLEGE          ,GA,30182-6476,Public       ,103,272,375,4500,8228,12728
01077100,GUPTON JONES COLLEGE                    ,GA,30035-4022,Private      ,2,4,6,171,436,607
01099700,EAST GEORGIA COLLEGE                    ,GA,30401-2699,Public       ,61,49,110,3496,1622,5118
01107400,BAINBRIDGE COLLEGE                      ,GA,39819-8400,Public       ,55,111,166,1210,2622,3832
01157400,BAUDER COLLEGE                          ,GA,30313-0000,Proprietary  ,0,0,0,105,571,676
01205100,PRO WAY HAIR SCHOOL                     ,GA,30083-2884,Proprietary  ,8,19,27,90,349,439
01216500,ATLANTA METROPOLITAN COLLEGE            ,GA,30310-4498,Public       ,57,183,240,3995,8255,12250
01246109,LINCOLN COLLEGE OF TECHNOLOGY - MARIETTA,GA,30067-8638,Proprietary  ,7,33,40,157,605,762
01303900,SOUTH UNIVERSITY                        ,GA,31406-4881,Proprietary  ,177,2091,2268,3000,26534,29534
02060900,BROWN CLG OF COURT REPORTING & M.T.     ,GA,30318-2570,Proprietary  ,0,11,11,46,524,570
02074800,LIFE UNIVERSITY                         ,GA,30060-0000,Private      ,6,24,30,756,3118,3874
02113613,AMERICAN INTERCONTINENTAL UNIVERSITY    ,GA,30328-1649,Proprietary  ,12,114,126,587,3085,3672
02116000,SANFORD-BROWN COLLEGE                   ,GA,30328-4803,Proprietary  ,1,11,12,158,804,962
02141500,SAVANNAH COLLEGE OF ART & DESIGN        ,GA,31402-3146,Private      ,61,73,134,11924,4949,16873
02202800,AUGUSTA AREA DIET INTERN UNIV HOSP      ,GA,30901-0000,Private      ,0,0,0,19,99,118
02217200,PORTFOLIO CENTER                        ,GA,30309-0000,Proprietary  ,1,1,2,47,136,183
02266200,AMERICAN PROFESSIONAL INSTITUTE         ,GA,31201-3185,Private      ,0,0,0,42,214,256
02284300,INTERACTIVE COLLEGE OF TECHNOLOGY       ,GA,30341-0000,Proprietary  ,44,255,299,328,2247,2575
02284308,INTERACTIVE LEARNING SYSTEMS            ,GA,30260-0000,Proprietary  ,10,45,55,68,352,420
02284309,INTERACTIVE COLLEGE OF TECHNOLOGY       ,GA,30501-0000,Proprietary  ,12,46,58,123,467,590
02285500,"CREATIVE CIRCUS, THE                    ",GA,30324-0000,Proprietary  ,1,4,5,90,340,430
02288400,GWINNETT TECHNICAL COLLEGE              ,GA,30043-5702,Public       ,71,181,252,4424,10132,14556
02313902,WESTWOOD COLLEGE - O'HARE AIRPORT - ATLA,GA,30345-2807,Proprietary  ,1,0,1,123,670,793
02321400,ROFFLER-MOLER HAIRSTYLING COLLEGE       ,GA,30062-0000,Proprietary  ,1,6,7,71,144,215
02482100,MOREHOUSE SCHOOL OF MEDICINE            ,GA,30310-0000,Private      ,1,7,8,187,984,1171
02520000,INTERNATIONAL SCH SKIN & NAILCARE       ,GA,30342-1119,Proprietary  ,5,28,33,98,517,615
02559315,UNITED EDUCATION INSTITUTE - UEI MORROW ,GA,30260-2941,Proprietary  ,14,89,103,103,555,658
02577000,PAUL MITCHELL THE SCHOOL - ESANI        ,GA,30076-1507,Proprietary  ,17,19,36,206,373,579
02577700,BEAUTY COLLEGE OF AMERICA               ,GA,30297-0000,Proprietary  ,2,3,5,67,176,243
02580200,ATLANTA SCHOOL OF MASSAGE               ,GA,30338-0000,Proprietary  ,8,44,52,201,926,1127
02583000,GWINNETT COLLEGE OF BUSINESS            ,GA,30047-3447,Proprietary  ,7,32,39,140,841,981
02614206,MILLER - MOTTE TECHNICAL COLLEGE - COLUM,GA,31907-3222,Proprietary  ,9,80,89,250,1472,1722
02614207,MILLER - MOTTE TECHNICAL COLLEGE - AUGUS,GA,30907-0921,Proprietary  ,9,60,69,212,1355,1567
03005400,GEORGIA CAREER INSTITUTE                ,GA,30013-2076,Proprietary  ,17,63,80,308,928,1236
03010619,VIRGINIA COLLEGE - AUGUSTA              ,GA,30909-5515,Proprietary  ,6,37,43,244,1162,1406
03010623,VIRGINIA COLLEGE - MACON                ,GA,31206-3180,Proprietary  ,2,15,17,167,802,969
03022601,WESTERN CULINARY INSTITUTE - LE CORDON B,GA,30084-5893,Proprietary  ,2,4,6,532,1301,1833
03030000,OGEECHEE TECHNICAL COLLEGE              ,GA,30458-8049,Public       ,40,116,156,1721,3355,5076
03042700,LAURUSTECHNICAL INSTITUTE               ,GA,30030-1506,Proprietary  ,0,0,0,16,95,111
03066500,SOUTHEASTERN TECHNICAL COLLEGE          ,GA,30474-8817,Public       ,38,87,125,863,1976,2839
03076300,BEULAH HEIGHTS BIBLE COLLEGE            ,GA,30316-1873,Private      ,0,33,33,38,867,905
03079202,WESTWOOD COLLEGE - ATLANTA MIDTOWN      ,GA,30309-2848,Proprietary  ,1,3,4,381,1315,1696
03089100,GEORGIA INSTITUTE OF COSMETOLOGY        ,GA,30606-3152,Proprietary  ,12,46,58,241,576,817
03090600,COBB BEAUTY COLLEGE                     ,GA,30144-2828,Proprietary  ,1,4,5,91,219,310
03100900,LUTHER RICE UNIVERSITY                  ,GA,30038-2454,Private      ,0,15,15,48,1177,1225
03102000,RIVERTOWN SCHOOL OF BEAUTY              ,GA,31904-4747,Proprietary  ,4,27,31,96,401,497
03104500,ATLANTA INSTITUTE OF MUSIC              ,GA,30096-4988,Proprietary  ,6,6,12,334,414,748
03116100,VOGUE BEAUTY AND BARBER SCHOOL          ,GA,30141-2226,Proprietary  ,4,10,14,77,275,352
03155500,OCONEE FALL LINE TECHNICAL COLLEGE      ,GA,31082-6179,Public       ,35,104,139,652,1997,2649
03173300,ATLANTA'S JOHN MARSHALL LAW SCHOOL      ,GA,30309-0000,Proprietary  ,3,9,12,79,1529,1608
03418300,GWINNETT COLLEGE-SANDY SPRINGS          ,GA,30328-3161,Proprietary  ,3,18,21,121,430,551
03445500,FAYETTE BEAUTY ACADEMY                  ,GA,30214-1191,Proprietary  ,4,20,24,52,242,294
03523300,AVIATION INSTITUTE OF MAINTENANCE       ,GA,30096-5038,Proprietary  ,22,117,139,413,1400,1813
03635300,CARVER BIBLE COLLEGE                    ,GA,30331-1300,Private      ,0,13,13,48,256,304
03804400,MEDTECH INSTITUTE                       ,GA,30339-6040,Proprietary  ,4,22,26,129,603,732
03812300,OMNITECH INSTITUTE                      ,GA,30035-1206,Proprietary  ,8,38,46,60,315,375
04021300,AUGUSTA SCHOOL OF MASSAGE               ,GA,30809-0000,Proprietary  ,1,6,7,18,101,119
04051331,ART INSTITUTE OF PHOENIX (THE) - BROWN M,GA,30319-3054,Proprietary  ,3,13,16,178,495,673
04142900,GEORGIA GWINNETT COLLEGE                ,GA,30043-7409,Public       ,165,112,277,13064,8499,21563
04147000,PAUL MITCHELL THE SCHOOL ATLANTA        ,GA,30318-5241,Proprietary  ,11,24,35,456,801,1257
04147700,LAKE LANIER SCHOOL OF MASSAGE           ,GA,30501-4546,Proprietary  ,4,19,23,39,245,284
04149900,PROFILE INSTITUTE OF BARBER-STYLING     ,GA,30315-8459,Proprietary  ,1,10,11,54,311,365
04150900,PROCESS INSTITUTE OF COSMETOLOGY (THE)  ,GA,30043-7344,Proprietary  ,5,15,20,112,210,322
04152300,GEORGIA BEAUTY ACADEMY                  ,GA,30721-3952,Proprietary  ,6,13,19,90,203,293
04156500,GEORGIA CHRISTIAN UNIVERSITY            ,GA,30047-3778,Private      ,0,4,4,53,142,195
04160200,ATLANTA BEAUTY ACADEMY                  ,GA,30340-1334,Proprietary  ,3,20,23,105,389,494
04203800,WOODRUFF MEDICAL TRAINING AND TESTING   ,GA,30033-6103,Proprietary  ,2,19,21,47,367,414
04204500,ELAINE STERLING INSTITUTE(THE)          ,GA,30342-2633,Proprietary  ,2,18,20,57,298,355
04206400,HELMS COLLEGE                           ,GA,31206-5309,Private      ,3,15,18,116,466,582
04206600,SAE INSTITUTE OF TECHNOLOGY - ATLANTA   ,GA,30303-1736,Proprietary  ,23,39,62,472,894,1366
04218000,UNITED MEDICAL AND BUSINESS INSTITUTE   ,GA,30344-6977,Proprietary  ,0,0,0,40,201,241
04221100,NEW HORIZONS MEDICAL INSTITUTE          ,GA,30071-2965,Proprietary  ,9,21,30,76,483,559
04242300,DALTON INSTITUTE OF ESTHETICS AND COSMET,GA,30720-8402,Proprietary  ,0,1,1,10,33,43
04245200,PACIFIC INSTITUTE OF TECHNOLOGY         ,GA,30260-1756,Proprietary  ,2,9,11,7,48,55
04247000,POWDER SPRINGS BEAUTY SCHOOL            ,GA,30122-2954,Proprietary  ,1,7,8,4,19,23
00149911,EVEREST COLLEGE - MERRIONETTE PARK      ,IL,60803-4517,Private      ,0,0,0,19,51,70
00162800,AMERICAN ACADEMY OF ART                 ,IL,60604-4302,Proprietary  ,2,6,8,926,422,1348
00163300,AUGUSTANA COLLEGE                       ,IL,61201-2296,Private      ,2,5,7,4796,321,5117
00163400,AURORA UNIVERSITY                       ,IL,60506-4892,Private      ,12,131,143,4702,4371,9073
00163600,SOUTHWESTERN ILLINOIS COLLEGE           ,IL,62221-5899,Public       ,58,216,274,4732,6991,11723
00163800,BLACK HAWK COLLEGE                      ,IL,61265-5899,Public       ,21,69,90,2719,2951,5670
00163900,BLACKBURN COLLEGE                       ,IL,62626-1498,Private      ,1,0,1,1006,200,1206
00164000,PRAIRIE STATE COLLEGE                   ,IL,60411-8226,Public       ,43,116,159,3426,5551,8977
00164100,BRADLEY UNIVERSITY                      ,IL,61625-0002,Private      ,16,52,68,8700,1473,10173
00164300,SPOON RIVER COLLEGE                     ,IL,61520-8907,Public       ,5,15,20,863,957,1820
00164700,CITY COLLEGES OF CHICAGO                ,IL,60606-6998,Public       ,25,117,142,4092,6980,11072
00164800,TRUMAN COLLEGE                          ,IL,60640-5691,Public       ,34,111,145,3248,6276,9524
00164900,RICHARD J DALEY COLLEGE                 ,IL,60652-1299,Public       ,30,95,125,3929,5216,9145
00165000,CITY COLLEGES OF CHICAGO-MALCOLM X      ,IL,60612-3197,Public       ,54,251,305,5329,10577,15906
00165200,HAROLD WASHINGTON COLLEGE               ,IL,60601-2403,Public       ,61,204,265,9638,10526,20164
00165400,KENNEDY KING COLLEGE                    ,IL,60621-3798,Public       ,31,214,245,3024,8193,11217
00165500,WRIGHT COLLEGE                          ,IL,60634-1591,Public       ,41,119,160,6390,7264,13654
00165700,MIDWESTERN UNIVERSITY                   ,IL,60515-1200,Private      ,0,3,3,129,3778,3907
00165900,ROSALIND FRANKLIN UNIVERSITY OF MEDICINE,IL,60064-3095,Private      ,0,14,14,77,2807,2884
00166100,CHICAGO THEOLOGICAL SEMINARY            ,IL,60637-0000,Private      ,1,1,2,23,294,317
00166300,SPERTUS COLLEGE                         ,IL,60605-1995,Private      ,0,3,3,2,48,50
00166400,UNIVERSITY OF ST FRANCIS                ,IL,60435-6188,Private      ,6,56,62,2165,2744,4909
00166500,COLUMBIA COLLEGE                        ,IL,60605-1996,Private      ,36,61,97,14220,5381,19601
00166600,CONCORDIA UNIVERSITY                    ,IL,60305-1499,Private      ,3,113,116,3200,4544,7744
00166900,DANVILLE AREA COMMUNITY COLLEGE         ,IL,61832-5199,Public       ,17,50,67,962,1711,2673
00167100,DEPAUL UNIVERSITY                       ,IL,60604-2287,Private      ,46,198,244,25319,16737,42056
00167400,EASTERN ILLINOIS UNIVERSITY             ,IL,61920-3099,Public       ,28,72,100,10933,3672,14605
00167500,ELGIN COMMUNITY COLLEGE                 ,IL,60123-7193,Public       ,24,54,78,4632,4416,9048
00167600,ELMHURST COLLEGE                        ,IL,60126-3296,Private      ,10,16,26,4248,1728,5976
00167800,EUREKA COLLEGE                          ,IL,61530-9976,Private      ,2,0,2,1226,187,1413
00168100,HIGHLAND COMMUNITY COLLEGE              ,IL,61032-9341,Public       ,18,23,41,998,1073,2071
00168200,GARRETT-EVANGELICAL THEOLOGICAL SEM     ,IL,60201-0000,Private      ,0,4,4,3,220,223
00168400,GREENVILLE COLLEGE                      ,IL,62246-1199,Private      ,3,29,32,1634,592,2226
00168500,HEBREW THEOLOGICAL COLLEGE              ,IL,60077-3263,Private      ,4,0,4,481,33,514
00168800,ILLINOIS COLLEGE                        ,IL,62650-2299,Private      ,4,1,5,1915,257,2172
00168900,ILLINOIS COLLEGE OF OPTOMETRY           ,IL,60616-3878,Private      ,0,2,2,46,658,704
00169100,ILLINOIS INSTITUTE OF TECHNOLOGY        ,IL,60616-0000,Private      ,10,25,35,4233,2570,6803
00169103,CHICAGO KENT COLLEGE OF LAW             ,IL,60661-0000,Private      ,1,17,18,77,1494,1571
00169200,ILLINOIS STATE UNIVERSITY               ,IL,61790-1000,Public       ,44,65,109,25562,5433,30995
00169300,NORTHEASTERN ILLINOIS UNIV              ,IL,60625-4699,Public       ,34,119,153,7873,8965,16838
00169400,CHICAGO STATE UNIVERSITY                ,IL,60628-1598,Public       ,27,87,114,5965,11591,17556
00169600,ILLINOIS WESLEYAN UNIVERSITY            ,IL,61701-0000,Private      ,3,2,5,3436,272,3708
00169800,JOHN MARSHALL LAW SCHOOL                ,IL,60604-0000,Private      ,0,10,10,69,1985,2054
00169900,JOLIET JUNIOR COLLEGE                   ,IL,60431-8938,Public       ,59,126,185,7870,6907,14777
00170000,JUDSON UNIVERSITY                       ,IL,60123-1498,Private      ,3,32,35,1164,1029,2193
00170100,KASKASKIA COLLEGE                       ,IL,62801-7878,Public       ,20,55,75,1554,1968,3522
00170300,KENDALL COLLEGE                         ,IL,60622-4278,Proprietary  ,9,17,26,1018,1763,2781
00170400,KNOX COLLEGE                            ,IL,61401-4999,Private      ,1,1,2,2919,160,3079
00170500,ILLINOIS VALLEY COMMUNITY COLLEGE       ,IL,61348-9692,Public       ,22,42,64,1549,1667,3216
00170600,LAKE FOREST COLLEGE                     ,IL,60045-2399,Private      ,4,3,7,2726,294,3020
00170700,LEWIS UNIVERSITY                        ,IL,60446-2200,Private      ,9,80,89,6430,4207,10637
00170800,LINCOLN CHRISTIAN UNIVERSITY            ,IL,62656-2167,Private      ,0,5,5,447,662,1109
00170900,LINCOLN COLLEGE                         ,IL,62656-1699,Private      ,36,22,58,1388,717,2105
00171000,LOYOLA UNIVERSITY CHICAGO               ,IL,60626-0000,Private      ,25,116,141,20553,11455,32008
00171200,LUTHERAN SCHOOL OF THEOL AT CHICAGO     ,IL,60615-0000,Private      ,0,1,1,6,82,88
00171600,MACCORMAC COLLEGE                       ,IL,60602-4405,Private      ,3,13,16,68,288,356
00171700,MACMURRAY COLLEGE                       ,IL,62650-2590,Private      ,1,3,4,902,295,1197
00172100,MCCORMICK THEOLOGICAL SEMINARY          ,IL,60615-5108,Private      ,0,1,1,4,149,153
00172200,MCKENDREE UNIVERSITY                    ,IL,62254-1299,Private      ,4,43,47,2240,1718,3958
00172300,MEADVILLE LOMBARD THEOLOGICAL SCHOOL    ,IL,60637-1602,Private      ,0,1,1,0,117,117
00172400,MILLIKIN UNIVERSITY                     ,IL,62522-2084,Private      ,7,7,14,3249,951,4200
00172500,MONMOUTH COLLEGE                        ,IL,61462-1963,Private      ,6,0,6,2298,197,2495
00172700,MOODY BIBLE INSTITUTE                   ,IL,60610-3214,Private      ,5,21,26,2319,2174,4493
00172800,MORTON COLLEGE                          ,IL,60804-4398,Public       ,34,66,100,3077,2430,5507
00173200,NATIONAL UNIV OF HEALTH SCIENCES        ,IL,60148-4583,Private      ,0,16,16,52,911,963
00173300,NATIONAL-LOUIS UNIVERSITY               ,IL,60603-3032,Private      ,6,123,129,529,6564,7093
00173400,NORTH CENTRAL COLLEGE                   ,IL,60540-4690,Private      ,5,9,14,5325,994,6319
00173500,NORTH PARK UNIVERSITY                   ,IL,60625-4895,Private      ,7,42,49,3765,2249,6014
00173600,NORTHERN BAPTIST THEOL SEMINARY         ,IL,60148-0000,Private      ,0,2,2,2,82,84
00173700,NORTHERN ILLINOIS UNIVERSITY            ,IL,60115-2854,Public       ,53,109,162,24130,10721,34851
00173900,NORTHWESTERN UNIV                       ,IL,60208-0001,Private      ,12,142,154,20116,10464,30580
00174100,OLIVET NAZARENE UNIVERSITY              ,IL,60914-2271,Private      ,5,44,49,4198,3073,7271
00174200,IL EASTERN COMM COLGS-OLNEY CENTRAL     ,IL,62450-1099,Public       ,19,35,54,590,651,1241
00174500,QUINCY UNIVERSITY                       ,IL,62301-2699,Private      ,2,4,6,1647,512,2159
00174600,ROBERT MORRIS UNIVERSITY ILLINOIS       ,IL,60605-1225,Private      ,26,48,74,5667,5103,10770
00174700,ROCK VALLEY COLLEGE                     ,IL,61114-5699,Public       ,41,92,133,3857,4812,8669
00174800,ROCKFORD UNIVERSITY                     ,IL,61108-2393,Private      ,5,16,21,1621,1346,2967
00174900,ROOSEVELT UNIVERSITY                    ,IL,60605-1394,Private      ,21,87,108,5914,6676,12590
00175000,DOMINICAN UNIVERSITY                    ,IL,60305-1066,Private      ,7,22,29,4307,2108,6415
00175200,SAUK VALLEY COMMUNITY COLLEGE           ,IL,61021-9112,Public       ,19,31,50,1118,1160,2278
00175300,SCHOOL OF ART INSTITUTE OF CHICAGO      ,IL,60603-3013,Private      ,11,18,29,4594,2551,7145
00175600,SHIMER COLLEGE                          ,IL,60616-3893,Private      ,0,0,0,108,64,172
00175700,SOUTHEASTERN ILLINOIS COLLEGE           ,IL,62946-4925,Public       ,10,33,43,670,872,1542
00175800,SOUTHERN ILL UNIV-CARBONDALE            ,IL,62901-0000,Public       ,55,170,225,18835,9025,27860
00175900,SOUTHERN ILL UNIV-EDWARDSVILLE          ,IL,62026-1060,Public       ,36,99,135,15147,6594,21741
00175924,SO IL UNIV-SCHL OF DENTAL MEDICINE      ,IL,62002-0000,Public       ,0,0,0,14,203,217
00176500,UNIVERSITY OF ST MARY OF THE LAKE       ,IL,60060-0000,Private      ,0,3,3,7,23,30
00176700,BENEDICTINE UNIVERSITY                  ,IL,60532-0900,Private      ,8,113,121,3817,4277,8094
00176800,ST XAVIER UNIVERSITY                    ,IL,60655-3199,Private      ,16,47,63,7074,3342,10416
00176900,SOUTH SUBURBAN COLLEGE                  ,IL,60473-9978,Public       ,28,116,144,3208,5882,9090
00177100,TRINITY CHRISTIAN COLLEGE               ,IL,60463-0929,Private      ,3,4,7,1378,963,2341
00177200,TRINITY INTERNATIONAL UNIVERSITY        ,IL,60015-1283,Private      ,2,18,20,960,1042,2002
00177300,TRITON COLLEGE                          ,IL,60171-1995,Public       ,54,131,185,5014,5414,10428
00177400,UNIVERSITY OF CHICAGO                   ,IL,60637-1476,Private      ,18,30,48,19002,3985,22987
00177401,UNIV OF CHICAGO PRITZKER SCH OF MED     ,IL,60637-0000,Private      ,0,3,3,93,598,691
00177403,"UNIV OF CHICAGO, BOOTH SCH OF BUS       ",IL,60637-0000,Private      ,0,28,28,125,1398,1523
00177405,UNIVERSITY OF CHICAGO GRADUATE          ,IL,60637-0000,Private      ,0,22,22,169,4689,4858
00177500,UNIV OF ILLINOIS @ URBANA-CHAMPAIGN     ,IL,61820-5796,Public       ,53,145,198,35437,9138,44575
00177600,UNIV OF ILLINOIS AT CHICAGO             ,IL,60607-0000,Public       ,52,108,160,29972,19244,49216
00177800,VANDERCOOK COLLEGE OF MUSIC             ,IL,60616-3731,Private      ,0,5,5,176,114,290
00177900,IL EASTERN COMM COLGS-WABASH VALLEY     ,IL,62863-2699,Public       ,4,19,23,506,389,895
00178000,WESTERN ILLINOIS UNIVERSITY             ,IL,61455-1390,Public       ,26,50,76,14151,5073,19224
00178100,WHEATON COLLEGE                         ,IL,60187-5535,Private      ,3,15,18,3097,588,3685
00178300,WORSHAM COLLEGE OF MORTUARY SCIENCE     ,IL,60090-2646,Proprietary  ,0,1,1,92,174,266
00396100,HARPER COLLEGE                          ,IL,60067-7398,Public       ,46,119,165,6277,5287,11564
00456000,GEM CITY COLLEGE                        ,IL,62301-4949,Proprietary  ,2,3,5,38,59,97
00456800,MIDSTATE COLLEGE                        ,IL,61614-3558,Proprietary  ,2,19,21,115,957,1072
00621400,BLESSING RIEMAN COLLEGE OF NURSING      ,IL,62301-0000,Private      ,1,2,3,166,233,399
00621401,BLESSING HOSPITAL - SCHOOL OF MEDICAL LA,IL,62305-7005,Private      ,0,0,0,16,38,54
00621402,BLESSING HOSPITAL - SCHOOL OF RADIOLOGIC,IL,62305-7005,Private      ,0,1,1,23,41,64
00622500,TRINITY COLLEGE OF NURSING AND HEALTH SC,IL,61201-5317,Private      ,4,2,6,165,284,449
00622800,METHODIST COLLEGE                       ,IL,61603-3716,Private      ,0,4,4,317,657,974
00624000,ST FRANCIS MED CLG OF NRSG              ,IL,61603-3783,Private      ,0,4,4,372,571,943
00638500,CHAMBERLAIN COLLEGE OF NURSING          ,IL,60101-0000,Proprietary  ,17,503,520,3081,35216,38297
00665600,COLLEGE OF DUPAGE                       ,IL,60137-6599,Public       ,97,225,322,13258,10842,24100
00675300,ILLINOIS CENTRAL COLLEGE                ,IL,61635-0001,Public       ,53,152,205,4586,5182,9768
00693100,WAUBONSEE COMMUNITY COLLEGE             ,IL,60554-0000,Public       ,24,114,138,3940,4129,8069
00711800,PARKLAND COLLEGE                        ,IL,61821-1899,Public       ,34,100,134,4544,3857,8401
00711900,REND LAKE COLLEGE                       ,IL,62846-9801,Public       ,26,47,73,1199,1312,2511
00717000,LINCOLN LAND COMMUNITY COLLEGE          ,IL,62794-9256,Public       ,18,51,69,3080,3990,7070
00726500,CARL SANDBURG COLLEGE                   ,IL,61401-9576,Public       ,12,22,34,1250,1432,2682
00730307,LINCOLN COLLEGE OF TECHNOLOGY - MELROSE ,IL,60160-1605,Proprietary  ,35,42,77,771,638,1409
00754900,COYNE AMERICAN INSTITUTE                ,IL,60607-1300,Proprietary  ,8,35,43,387,1187,1574
00764400,LAKE LAND COLLEGE                       ,IL,61938-9366,Public       ,25,75,100,2216,2247,4463
00768400,KISHWAUKEE COLLEGE                      ,IL,60150-9699,Public       ,14,30,44,2412,2124,4536
00769000,KANKAKEE COMMUNITY COLLEGE              ,IL,60901-6505,Public       ,25,78,103,1681,2576,4257
00769100,MCHENRY COUNTY COLLEGE                  ,IL,60012-2761,Public       ,18,49,67,2581,2402,4983
00769200,MORAINE VALLEY COMMUNITY COLLEGE        ,IL,60465-0937,Public       ,63,156,219,8049,6385,14434
00769300,SHAWNEE COMMUNITY COLLEGE               ,IL,62992-9725,Public       ,21,42,63,721,1007,1728
00769400,COLLEGE OF LAKE COUNTY                  ,IL,60030-1198,Public       ,78,202,280,5353,5358,10711
00807600,JOHN A LOGAN COLLEGE                    ,IL,62918-2500,Public       ,44,81,125,2000,2566,4566
00809003,EVEREST COLLEGE - BEDFORD PARK          ,IL,60629-5819,Proprietary  ,0,0,0,40,95,135
00825900,EDUCATORS OF BEAUTY                     ,IL,61081-3611,Proprietary  ,3,5,8,40,51,91
00825901,EDUCATORS OF BEAUTY                     ,IL,61104-0000,Proprietary  ,2,9,11,65,90,155
00832800,ALVAREITA'S COLLEGE OF COSMETOLOGY      ,IL,62025-2041,Proprietary  ,0,0,0,29,36,65
00869402,RASMUSSEN COLLEGE - ROCKFORD            ,IL,61108-2513,Proprietary  ,2,40,42,223,1430,1653
00869403,RASMUSSEN COLLEGE - AURORA              ,IL,60506-6219,Proprietary  ,4,23,27,178,902,1080
00869404,RASMUSSEN COLLEGE - ROMEOVILLE          ,IL,60446-0000,Proprietary  ,5,26,31,219,1310,1529
00869418,RASMUSSEN COLLEGE -  MOKENA             ,IL,60448-0000,Proprietary  ,3,22,25,87,725,812
00888000,MORRISON INSTITUTE OF TECHNOLOGY        ,IL,61270-2959,Private      ,0,0,0,132,40,172
00893800,GRAHAM HOSPITAL SCH OF NURSING          ,IL,61520-2497,Private      ,0,1,1,35,81,116
00893900,CANNELLA SCHOOL OF HAIR DESIGN          ,IL,60406-2130,Proprietary  ,0,0,0,36,85,121
00914500,GOVERNORS STATE UNIVERSITY              ,IL,60466-0975,Public       ,19,109,128,3012,8007,11019
00923200,CATHOLIC THEOLOGICAL UNION              ,IL,60615-0000,Private      ,0,3,3,7,67,74
00933300,UNIV OF ILLINOIS AT SPRINGFIELD         ,IL,62703-5407,Public       ,12,62,74,3061,3557,6618
00947500,EDUCATORS OF BEAUTY                     ,IL,61301-2404,Proprietary  ,5,2,7,27,32,59
00959500,CANNELLA SCHOOL OF HAIR DESIGN          ,IL,60617-4303,Proprietary  ,3,6,9,77,206,283
00976700,OLIVE-HARVEY COLLEGE                    ,IL,60628-1696,Public       ,23,121,144,2125,5006,7131
00978600,IL EASTERN COMM COLGS-LINCOLN TRAIL     ,IL,62454-5708,Public       ,5,12,17,407,418,825
00980000,RUSH UNIVERSITY                         ,IL,60612-3806,Private      ,4,34,38,430,3588,4018
00989600,OAKTON COMMUNITY COLLEGE                ,IL,60016-1268,Public       ,27,66,93,4232,3847,8079
00998700,SAINT ANTHONY COLLEGE OF NURSING        ,IL,61108-2468,Private      ,0,4,4,225,498,723
01002000,LEWIS AND CLARK COMMUNITY COLLEGE       ,IL,62035-2466,Public       ,29,69,98,2553,2735,5288
01050100,LAKEVIEW  COLLEGE OF NURSING            ,IL,61832-3781,Private      ,0,7,7,224,357,581
01069500,TRI-COUNTY BEAUTY ACADEMY               ,IL,62056-2036,Proprietary  ,0,2,2,16,27,43
01071000,CAPITAL AREA SCH OF PRAC NRSG           ,IL,62707-0000,Public       ,1,3,4,81,504,585
01072700,DEVRY UNIVERSITY                        ,IL,60618-5994,Proprietary  ,53,720,773,8283,67215,75498
01083600,PIVOT POINT ACADEMY                     ,IL,60108-4367,Proprietary  ,2,1,3,150,278,428
01087900,RICHLAND COMMUNITY COLLEGE              ,IL,62521-8513,Public       ,21,72,93,1264,2293,3557
01091303,ROCKFORD CAREER COLLEGE                 ,IL,61108-3900,Proprietary  ,7,28,35,375,1298,1673
01181000,TAYLOR BUSINESS INSTITUTE               ,IL,60606-5111,Proprietary  ,0,1,1,54,193,247
01185800,EVEREST COLLEGE                         ,IL,60077-1074,Private      ,0,0,0,29,85,114
01185802,EVEREST COLLEGE - BURR RIDGE            ,IL,60527-7826,Private      ,0,0,0,15,42,57
01185803,EVEREST COLLEGE - MELROSE PARK          ,IL,60160-1526,Private      ,0,0,0,54,142,196
01236200,NORTHWESTERN COLLEGE                    ,IL,60630-2298,Proprietary  ,17,85,102,1703,3923,5626
01238500,BLOOMINGTON-NORMAL SCH RADIOGRAPHY      ,IL,61761-4604,Private      ,0,3,3,28,57,85
01258400,ILLINOIS INSTITUTE OF ART (THE)         ,IL,60654-1593,Proprietary  ,11,42,53,3973,3355,7328
01281300,JOHN WOOD COMMUNITY COLLEGE             ,IL,62305-0401,Public       ,13,36,49,1224,1431,2655
01308800,CAPRI OAK FOREST COLLEGE OF BEAUTY      ,IL,60452-2798,Proprietary  ,9,6,15,118,136,254
02055200,HARRINGTON COLLEGE OF DESIGN            ,IL,60606-3433,Proprietary  ,0,2,2,179,370,549
02068100,ADLER SCH OF PROFESSIONAL PSYCHLGY      ,IL,60601-0000,Private      ,3,26,29,112,1856,1968
02069300,VATTEROTT COLLEGE                       ,IL,62305-5938,Proprietary  ,6,9,15,92,287,379
02073200,TELSHE YESHIVA-CHICAGO                  ,IL,60625-0000,Private      ,3,1,4,49,14,63
02074400,IL EASTERN COMM COLGS-FRONTIER          ,IL,62837-0000,Public       ,10,20,30,198,353,551
02113600,AMERICAN INTERCONTINENTAL UNIVERSITY    ,IL,60173-2007,Proprietary  ,137,2354,2491,1732,29842,31574
02117400,BECK AREA CAREER CENTER                 ,IL,62278-0000,Public       ,0,2,2,35,165,200
02124400,UNIVERSITY OF SPA & COSMETOLOGY ART     ,IL,62704-0000,Proprietary  ,7,7,14,128,265,393
02150600,COSMETOLOGY AND SPA INSTITUTE (THE)     ,IL,60014-4003,Proprietary  ,12,25,37,130,255,385
02155300,THE CHICAGO SCHOOL OF PROF PSYCHOLOGY   ,IL,60610-4705,Private      ,0,49,49,107,5953,6060
02160300,SANFORD-BROWN COLLEGE                   ,IL,60606-3433,Proprietary  ,0,2,2,158,235,393
02168600,EAST WEST UNIVERSITY                    ,IL,60605-0000,Private      ,9,16,25,1225,1283,2508
02179900,ARGOSY UNIVERSITY                       ,IL,60601-7757,Proprietary  ,175,1924,2099,5900,34415,40315
02185400,ST AUGUSTINE COLLEGE                    ,IL,60640-0000,Private      ,6,14,20,751,2196,2947
02192400,MR JOHNS SCHOOL OF COSMETOLOGY          ,IL,62521-0000,Proprietary  ,2,10,12,37,116,153
02202600,CANNELLA SCHOOL OF HAIR DESIGN          ,IL,60181-1321,Proprietary  ,0,2,2,17,45,62
02214100,RESURRECTION UNIVERSITY                 ,IL,60622-1711,Private      ,2,8,10,272,993,1265
02228100,MAC DANIEL'S BEAUTY SCHOOL              ,IL,60640-0000,Proprietary  ,3,3,6,57,118,175
02261200,HAIR PROFESSIONALS ACAD COSMETOLOGY     ,IL,60118-0000,Proprietary  ,2,22,24,51,278,329
02261201,HAIR PROFESSIONALS ACADEMY OF COSMETOLOG,IL,60118-9333,Proprietary  ,0,0,0,4,22,26
02262100,HAIR PROFESSIONALS SCH COSMETOLOGY      ,IL,60543-0000,Proprietary  ,4,7,11,37,64,101
02291200,CANNELLA SCHOOL OF HAIR DESIGN          ,IL,60639-0000,Proprietary  ,0,0,0,57,169,226
02295500,CANNELLA SCHOOL OF HAIR DESIGN          ,IL,60120-0000,Proprietary  ,1,3,4,14,67,81
02297500,OEHRLEIN SCHOOL OF COSMETOLOGY          ,IL,61611-0000,Proprietary  ,1,3,4,60,102,162
02312300,LA' JAMES COLLEGE HAIRSTYLING           ,IL,61244-0000,Proprietary  ,2,6,8,18,62,80
02313900,WESTWOOD COLLEGE - O'HARE AIRPORT       ,IL,60631-2801,Proprietary  ,0,10,10,217,533,750
02317300,CONCEPT COLLEGE OF COSMETOLOGY          ,IL,61832-0000,Proprietary  ,5,13,18,52,130,182
02319200,LAKE FOREST GRAD SCHL OF MGMT           ,IL,60045-4824,Private      ,0,8,8,7,234,241
02323300,PROFESSIONAL'S CHOICE HAIR DSN ACAD     ,IL,60435-0000,Proprietary  ,0,5,5,39,72,111
02332200,HAIR PROFESSIONALS CAREER COLLEGE       ,IL,60178-0000,Proprietary  ,2,6,8,25,67,92
02349400,ALVAREITA'S COLLEGE OF COSMETOLOGY      ,IL,62035-0000,Proprietary  ,0,0,0,5,3,8
02349500,CANNELLA SCHOOL OF HAIR DESIGN          ,IL,60632-0000,Proprietary  ,1,9,10,114,249,363
02352200,LE CORDON BLEU COLLEGE OF CULINARY ARTS ,IL,60610-3050,Proprietary  ,2,7,9,782,1639,2421
02498200,G SKIN & BEAUTY INSTITUTE               ,IL,60523-1805,Proprietary  ,5,26,31,120,400,520
02498201,HAIR PROFESSIONALS ACADEMY OF COSMETOLOG,IL,60563-0000,Proprietary  ,0,0,0,15,44,59
02522800,FOX COLLEGE                             ,IL,60638-1999,Proprietary  ,2,0,2,441,557,998
02536700,BELL MAR BEAUTY COLLEGE                 ,IL,60650-0000,Proprietary  ,2,4,6,40,85,125
02556100,ENVIRONMENTAL TECHNICAL INSTITUTE       ,IL,60143-0000,Proprietary  ,6,26,32,75,284,359
02556600,NILES SCHOOL OF COSMETOLOGY             ,IL,60714-0000,Proprietary  ,1,1,2,21,58,79
02573700,INSTITUTE FOR CLINICAL SOCIAL WORK      ,IL,60605-1229,Private      ,2,1,3,52,274,326
02584900,"FIRST INSTITUTE, INC.                   ",IL,60014-7489,Proprietary  ,2,8,10,104,274,378
02587700,HAIR PROFESSIONALS CAREER COLLEGE       ,IL,60465-1929,Proprietary  ,7,3,10,54,110,164
02599716,VATTEROTT COLLEGE - FAIRVIEW HEIGHTS    ,IL,62208-2029,Proprietary  ,11,42,53,235,892,1127
02622700,KNOWLEDGE SYSTEMS INSTITUTE             ,IL,60076-0000,Private      ,0,0,0,1,10,11
03002000,HAIRMASTERS INST OF COSMETOLOGY         ,IL,61701-5547,Proprietary  ,4,4,8,39,91,130
03027702,PACIFIC COLLEGE OF ORIENTAL MEDICINE - C,IL,60601-7296,Proprietary  ,0,10,10,20,257,277
03065300,TREND SETTERS COLL OF COSMETOLOGY       ,IL,60915-0000,Proprietary  ,5,6,11,60,108,168
03065301,PAUL MITCHELL THE SCHOOL TINLEY PARK    ,IL,60477-6273,Proprietary  ,5,9,14,186,288,474
03072701,WESTWOOD COLLEGE - RIVER OAKS           ,IL,60409-5503,Proprietary  ,1,1,2,139,524,663
03072702,WESTWOOD COLLEGE OF TECHNOLOGY          ,IL,60602-0000,Proprietary  ,0,1,1,224,817,1041
03078400,CAMEO BEAUTY ACADEMY                    ,IL,60453-3196,Proprietary  ,4,3,7,55,122,177
03079200,WESTWOOD COLLEGE - DUPAGE               ,IL,60517-2321,Proprietary  ,1,3,4,135,346,481
03082900,ROSEL SCHOOL OF COSMETOLOGY             ,IL,60659-1913,Proprietary  ,1,11,12,50,163,213
03083800,HEARTLAND COMMUNITY COLLEGE             ,IL,61761-9446,Public       ,30,65,95,2711,2343,5054
03098000,ST JOHN'S COLLEGE OF NURSING            ,IL,62702-5321,Private      ,0,3,3,128,264,392
03098002,ST JOHN'S HOSP SCH MED TECH             ,IL,62769-5324,Private      ,0,0,0,23,77,100
03099700,CAIN'S BARBER COLLEGE                   ,IL,60615-3510,Proprietary  ,0,6,6,118,415,533
03099800,ILLINOIS SCHOOL OF HEALTH CAREERS       ,IL,60604-0000,Proprietary  ,0,0,0,132,330,462
03101800,ILLINOIS CENTER FOR BROADCASTING        ,IL,60148-7015,Proprietary  ,4,22,26,118,380,498
03128500,NATIONAL LATINO EDUCATION INSTITUTE     ,IL,60609-2205,Private      ,0,2,2,66,144,210
03199300,CHRISTIAN LIFE COLLEGE                  ,IL,60056-2522,Private      ,0,1,1,15,24,39
03368300,MIDWEST TECHNICAL INSTITUTE             ,IL,62707-8805,Proprietary  ,47,192,239,1384,4426,5810
03416300,COMPUTER SYSTEMS INSTITUTE              ,IL,60077-0000,Proprietary  ,0,3,3,460,1469,1929
03448300,BUSINESS INDUSTRIAL RESOURCES           ,IL,60659-1298,Proprietary  ,1,4,5,41,129,170
03455700,CORTIVA INSTITUTE - CHICAGO             ,IL,60602-3315,Proprietary  ,8,22,30,205,537,742
03455701,CORTIVA INSTITUTE - CHICAGO             ,IL,60014-6285,Proprietary  ,0,0,0,21,59,80
03490300,PAUL MITCHELL THE SCHOOL CHICAGO        ,IL,60607-0000,Proprietary  ,4,16,20,65,108,173
03490301,PAUL MITCHELL THE SCHOOL CHICAGO        ,IL,60607-0000,Proprietary  ,0,0,0,505,642,1147
03490302,PAUL MITCHELL THE SCHOOL ESCANABA - PAUL,IL,60148-0000,Proprietary  ,7,4,11,145,154,299
03510300,ERIKSON INSTITUTE                       ,IL,60654-4510,Private      ,0,5,5,8,354,362
03643300,"MR. JOHN'S SCHOOL OF JACKSONVILLE,  INC,",IL,62650-3488,Proprietary  ,1,2,3,20,31,51
03684300,NORTHSHORE UNIVERSITY HEALTHSYSTEM SCHOO,IL,60201-9872,Private      ,0,3,3,10,68,78
03881400,EUROPEAN MASSAGE THERAPY SCHOOL         ,IL,60077-2269,Proprietary  ,3,20,23,36,195,231
03891300,SOMA INSTITUTE - THE NATIONAL SCHOOL OF ,IL,60604-4466,Proprietary  ,5,13,18,62,200,262
03914300,"CALC, INSTITUTE OF TECHNOLOGY           ",IL,62002-5946,Proprietary  ,1,16,17,41,263,304
04117500,SOLEX MEDICAL ACADEMY                   ,IL,60090-3104,Proprietary  ,0,0,0,5,17,22
04117600,LARRY'S BARBER COLLEGE                  ,IL,60628-2322,Proprietary  ,4,16,20,129,497,626
04118400,CHICAGO ORT TECHNICAL INSTITUTE         ,IL,60077-3210,Private      ,2,26,28,71,351,422
04124700,AMBRIA COLLEGE OF NURSING               ,IL,60192-3712,Proprietary  ,1,26,27,142,1029,1171
04136900,UNIVERSITY OF AESTHETICS (THE)          ,IL,60622-2151,Proprietary  ,0,5,5,15,86,101
04137000,UNIVERSITY OF AESTHETICS & COSMETOLOGY (,IL,60515-4607,Proprietary  ,1,1,2,23,58,81
04137500,TRICOCI UNIVERSITY OF BEAUTY CULTURE    ,IL,60656-1805,Proprietary  ,3,9,12,240,392,632
04139000,MIDWESTERN CAREER COLLEGE               ,IL,60606-3103,Proprietary  ,6,31,37,91,701,792
04141000,AVEDA INSTITUTE CHICAGO                 ,IL,60647-0000,Proprietary  ,5,12,17,259,425,684
04147100,TRICOCI UNIVERSITY OF BEAUTY CULTURE    ,IL,60048-2906,Proprietary  ,7,10,17,125,167,292
04147200,TRICOCI UNIVERSITY OF BEAUTY CULTURE    ,IL,60455-1824,Proprietary  ,13,24,37,125,256,381
04147300,TRICOCI UNIVERSITY OF BEAUTY CULTURE    ,IL,60139-3119,Proprietary  ,6,8,14,132,159,291
04147400,TRICOCI UNIVERSITY OF BEAUTY CULTURE    ,IL,61614-4831,Proprietary  ,7,10,17,91,188,279
04147500,TRICOCI UNIVERSITY OF BEAUTY CULTURE    ,IL,61108-2337,Proprietary  ,4,13,17,94,206,300
04160600,PAUL MITCHELL THE SCHOOL NORMAL         ,IL,61761-0000,Proprietary  ,2,3,5,107,131,238
04167800,INNOVATIONS DESIGN ACADEMY              ,IL,61520-2625,Proprietary  ,1,6,7,33,70,103
04168500,SOLEX COLLEGE                           ,IL,60090-3192,Proprietary  ,1,6,7,22,207,229
04170800,UNITY COSMETOLOGY COLLEGE               ,IL,61764-9652,Proprietary  ,2,2,4,24,32,56
04174900,SKIN CARE AND SPA INSTITUTE             ,IL,60077-2200,Proprietary  ,2,18,20,20,164,184
04175000,UNIVERSAL SPA TRAINING ACADEMY          ,IL,60515-0000,Proprietary  ,2,5,7,36,160,196
04175800,J RENEE CAREER FACILITATION             ,IL,60014-7986,Proprietary  ,1,12,13,21,200,221
04179100,PCCTI  IT & HEALTHCARE                  ,IL,60523-0000,Proprietary  ,1,32,33,28,594,622
04187400,COSMETOLOGY CONCEPTS                    ,IL,60452-2501,Proprietary  ,8,19,27,117,301,418
04189200,SALON PROFESSIONAL ACADEMY (THE)        ,IL,60404-8789,Proprietary  ,3,2,5,46,71,117
04189400,SHEAR LEARNING ACADEMY OF COSMETOLOGY   ,IL,62523-1208,Proprietary  ,0,7,7,9,59,68
04189600,STATE CAREER SCHOOL                     ,IL,60085-5129,Proprietary  ,4,14,18,54,183,237
04192000,CURVE METRIC SCHOOL OF HAIR DESIGN      ,IL,60707-1118,Proprietary  ,0,0,0,11,35,46
04195600,TRIBECA FLASHPOINT MEDIA ARTS ACADEMY   ,IL,60602-2716,Proprietary  ,2,5,7,448,353,801
04224400,NETWORKS BARBER COLLEGE                 ,IL,60409-3401,Proprietary  ,1,9,10,18,57,75
04224500,TRENZ BEAUTY ACADEMY                    ,IL,60409-0000,Proprietary  ,2,4,6,26,98,124
04225300,CREATIVE TOUCH COSMETOLOGY SCHOOL       ,IL,62298-1609,Proprietary  ,1,1,2,11,18,29
04227900,MORTHLAND COLLEGE                       ,IL,62896-2742,Private      ,3,1,4,154,50,204
04229900,DEBUTANTES SCHOOL OF COSMETOLOGY AND NAI,IL,60115-3301,Proprietary  ,5,5,10,31,77,108
04230800,COSMETOLOGY TRAINING CENTER             ,IL,60165-1043,Proprietary  ,1,2,3,9,15,24
04232300,HVAC TECHNICAL INSTITUTE                ,IL,60632-4457,Proprietary  ,3,10,13,71,257,328
04242800,CAAN ACADEMY OF NURSING                 ,IL,60443-3821,Private      ,0,1,1,0,1,1
04254000,ULTIMATE TOUCH BARBER COLLEGE           ,IL,60471-1404,Proprietary  ,1,16,17,1,19,20
11072707,DEVRY UNIVERSITY - DOWNERS              ,IL,60515-0000,Proprietary  ,3,65,68,467,5302,5769
00195100,ALICE LLOYD COLLEGE                     ,KY,41844-9703,Private      ,2,0,2,1276,260,1536
00195200,ASBURY COLLEGE                          ,KY,40390-1198,Private      ,3,11,14,1788,804,2592
00195300,ASBURY THEOLOGICAL SEMINARY             ,KY,40390-0000,Private      ,0,5,5,19,1242,1261
00195400,BELLARMINE UNIVERSITY                   ,KY,40205-1877,Private      ,12,85,97,5681,2247,7928
00195500,BEREA COLLEGE                           ,KY,40403-0000,Private      ,5,7,12,3157,849,4006
00195800,BRESCIA UNIVERSITY                      ,KY,42301-3023,Private      ,3,19,22,1129,1126,2255
00195900,CAMPBELLSVILLE UNIVERSITY               ,KY,42718-2799,Private      ,7,88,95,2982,2085,5067
00196000,SPALDING UNIVERSITY                     ,KY,40203-2188,Private      ,3,31,34,1536,2963,4499
00196100,CENTRE COLLEGE                          ,KY,40422-1394,Private      ,1,3,4,2550,165,2715
00196200,UNIVERSITY OF THE CUMBERLANDS           ,KY,40769-1372,Private      ,3,108,111,2767,4604,7371
00196300,EASTERN KENTUCKY UNIVERSITY             ,KY,40475-3102,Public       ,75,224,299,15429,11508,26937
00196400,GEORGETOWN COLLEGE                      ,KY,40324-1628,Private      ,2,36,38,2005,905,2910
00196500,KENTUCKY CHRISTIAN UNIVERSITY           ,KY,41143-2205,Private      ,2,9,11,1054,335,1389
00196800,KENTUCKY STATE UNIVERSITY               ,KY,40601-2355,Public       ,11,26,37,2834,1978,4812
00196900,KENTUCKY WESLEYAN COLLEGE               ,KY,42301-6057,Private      ,2,3,5,1397,408,1805
00197100,LEXINGTON THEOLOGICAL SEMINARY          ,KY,40508-0000,Private      ,0,3,3,7,79,86
00197200,LINDSEY WILSON COLLEGE                  ,KY,42728-1223,Private      ,1,18,19,3095,1905,5000
00197400,LOUISVILLE PRESBYTERIAN THEOL SEM       ,KY,40205-0000,Private      ,1,2,3,18,162,180
00197500,MIDWAY UNIVERSITY                       ,KY,40347-1120,Private      ,2,48,50,557,1614,2171
00197600,MOREHEAD STATE UNIVERSITY               ,KY,40351-1689,Public       ,76,106,182,8774,5332,14106
00197700,MURRAY STATE UNIVERSITY                 ,KY,42071-0009,Public       ,36,76,112,8183,4667,12850
00197900,WEST KENTUCKY CMNTY & TECHNICAL COLG    ,KY,42002-7380,Public       ,31,121,152,2297,4303,6600
00198000,UNIVERSITY OF PIKEVILLE                 ,KY,41501-1194,Private      ,4,24,28,2545,1705,4250
00198300,ST. CATHARINE COLLEGE                   ,KY,40061-9499,Private      ,1,4,5,780,328,1108
00198700,TRANSYLVANIA UNIVERSITY                 ,KY,40508-1797,Private      ,1,4,5,2131,314,2445
00198800,UNION COLLEGE                           ,KY,40906-1499,Private      ,10,21,31,1343,792,2135
00198900,UNIVERSITY OF KENTUCKY                  ,KY,40506-0054,Public       ,62,114,176,27399,10543,37942
00198901,UNIV OF KY-COLLEGE OF DENTISTRY         ,KY,40536-0000,Public       ,0,0,0,58,306,364
00198902,UNIV OF KY-COLLEGE OF MEDICINE          ,KY,40536-0000,Public       ,0,2,2,104,630,734
00199000,ASHLAND COMMUNITY AND TECHNICAL COLLEGE ,KY,41101-3683,Public       ,21,88,109,1514,3155,4669
00199100,ELIZABETHTOWN COMMUNITY  AND TECHNICAL C,KY,42701-3081,Public       ,40,147,187,2806,4956,7762
00199300,HENDERSON COMMUNITY COLLEGE             ,KY,42420-4699,Public       ,9,26,35,690,1409,2099
00199400,HOPKINSVILLE COMMUNITY COLLEGE          ,KY,42241-2621,Public       ,13,140,153,1059,4224,5283
00199600,BIG SANDY COMMUNITY AND TECHNICAL COLG  ,KY,41653-1815,Public       ,11,77,88,2268,3546,5814
00199700,SOMERSET COMMUNITY COLLEGE              ,KY,42501-2973,Public       ,40,128,168,3106,6706,9812
00199800,SOUTHEAST KENTUCKY COMMUNITY AND TECHNIC,KY,40823-1099,Public       ,6,62,68,1349,2527,3876
00199900,UNIVERSITY OF LOUISVILLE                ,KY,40292-0000,Public       ,52,156,208,17507,12896,30403
00200100,THOMAS MORE COLLEGE                     ,KY,41017-3495,Private      ,3,24,27,1699,924,2623
00200200,WESTERN KENTUCKY UNIVERSITY             ,KY,42101-3576,Public       ,91,182,273,17465,9932,27397
00461800,SPENCERIAN COLLEGE                      ,KY,40216-2605,Proprietary  ,10,43,53,474,1575,2049
00461900,SULLIVAN UNIVERSITY                     ,KY,40205-3031,Proprietary  ,75,303,378,2015,5850,7865
00493402,DAYMAR COLLEGE - BOWLING GREEN          ,KY,42101-4063,Proprietary  ,6,57,63,130,625,755
00493406,DAYMAR COLLEGE - RUSSELLVILLE           ,KY,42276-1622,Proprietary  ,0,4,4,19,110,129
00512729,BROWN MACKIE COLLEGE-CINCINNATI - 279 BU,KY,41017-2136,Proprietary  ,0,0,0,32,166,198
00524400,BLUEGRASS COMMUNITY & TECHNICAL COLLEGE ,KY,40506-0235,Public       ,47,225,272,5953,9804,15757
00527100,BOWLING GREEN TECHNICAL COLLEGE         ,KY,42101-3601,Public       ,19,57,76,2114,3663,5777
00527300,GATEWAY COMMUNITY & TECHNOLOGY COLL     ,KY,41011-0000,Public       ,21,115,136,1840,4177,6017
00696000,MAYSVILLE CMNTY & TECHNCL COLG          ,KY,41056-8910,Public       ,31,103,134,1344,3275,4619
00696100,JEFFERSON COMMUNITY AND TECHNICAL COLLEG,KY,40202-2005,Public       ,51,201,252,7260,12916,20176
00696200,HAZARD COMMUNITY COLLEGE                ,KY,41701-2402,Public       ,15,49,64,1373,2460,3833
00696203,KY TECH-KNOTT CO. TECHNOLOGY CTR        ,KY,41822-0000,Public       ,0,1,1,5,22,27
00696204,KY TECH-LESLIE COUNTY AREA TECH CTR     ,KY,41749-0000,Public       ,0,0,0,7,15,22
00696205,KY TECH-LEE COUNTY AREA TECH CTR        ,KY,41311-0000,Public       ,0,0,0,1,7,8
00696206,KY TECH-LETCHER CNTY AREA TECH CTR      ,KY,41858-0000,Public       ,0,1,1,28,79,107
00696207,KY TECH-BREATHITT COUNTY VOC ED CTR     ,KY,41339-0000,Public       ,0,1,1,26,71,97
00736205,MEDTECH COLLEGE - LEXINGTON             ,KY,40511-1200,Proprietary  ,2,19,21,158,814,972
00842500,DAYMAR COLLEGE                          ,KY,42001-0000,Proprietary  ,0,0,0,21,114,135
00901000,MADISONVILLE COMMUNITY COLLEGE          ,KY,42431-9199,Public       ,18,47,65,1149,2386,3535
00927500,NORTHERN KENTUCKY UNIVERSITY            ,KY,41099-0001,Public       ,22,101,123,11557,7381,18938
00931300,DAYMAR COLLEGE                          ,KY,42301-5830,Proprietary  ,1,20,21,65,772,837
00931302,DAYMAR COLLEGE - LOUISVILLE             ,KY,40219-1973,Proprietary  ,0,0,0,34,61,95
00931305,DAYMAR COLLEGE - BELLEVUE               ,KY,41073-2416,Proprietary  ,2,13,15,8,80,88
00931309,DAYMAR COLLEGE - LOUISVILLE EAST        ,KY,40245-1629,Proprietary  ,0,0,0,11,28,39
00931310,DAYMAR COLLEGE -  MADISONVILLE          ,KY,42431-0000,Proprietary  ,1,25,26,35,241,276
01042400,SALON PROFESSIONAL ACADEMY THE          ,KY,40502-0000,Proprietary  ,2,14,16,120,355,475
01048901,NATIONAL COLLEGE - FLORENCE CAMPUS      ,KY,41042-1812,Proprietary  ,1,12,13,38,222,260
01048902,NATIONAL COLLEGE - PIKEVILLE CAMPUS     ,KY,41501-1518,Proprietary  ,2,19,21,168,597,765
01048903,NATIONAL COLLEGE - DANVILLE CAMPUS      ,KY,40422-1517,Proprietary  ,4,20,24,45,314,359
01048904,NATIONAL COLLEGE - RICHMOND CAMPUS      ,KY,40475-2309,Proprietary  ,2,12,14,56,319,375
01048906,NATIONAL COLLEGE - LOUISVILLE CAMPUS    ,KY,40216-4147,Proprietary  ,3,27,30,98,663,761
01048907,NATIONAL COLLEGE - LEXINGTON CAMPUS     ,KY,40509-2256,Proprietary  ,1,17,18,69,525,594
01172500,COLLINS SCHOOL OF COSMETOLOGY           ,KY,40965-2809,Proprietary  ,0,1,1,29,57,86
01208800,SULLIVAN COLLEGE OF TECHNOLOGY AND DESIG,KY,40218-4528,Proprietary  ,24,48,72,618,995,1613
01272300,KY TECH-WAYNE COUNTY AREA TECH CTR      ,KY,42633-1088,Public       ,0,1,1,7,12,19
02159100,"APPALACHIAN BEAUTY SCHOOL, INC.         ",KY,41503-0000,Proprietary  ,0,1,1,35,81,116
02251500,TREND SETTERS ACAD OF BEAUTY CULT       ,KY,40258-0000,Proprietary  ,2,19,21,76,277,353
02275000,JENNY LEA ACADEMY OF COSMETOLOGY        ,KY,40831-0000,Proprietary  ,1,16,17,60,226,286
02284306,INTERACTIVE LEARNING SYSTEMS            ,KY,41042-0000,Proprietary  ,3,15,18,26,159,185
02323700,PAT WILSON'S BEAUTY COLLEGE             ,KY,42420-0000,Proprietary  ,0,0,0,3,65,68
02337200,PJ'S COLLEGE OF COSMETOLOGY             ,KY,42101-0000,Proprietary  ,5,31,36,138,487,625
02340800,PAUL MITCHELL THE SCHOOL LEXINGTON      ,KY,40514-1545,Proprietary  ,6,15,21,237,358,595
02351700,PAUL MITCHELL THE SCHOOL - LOUISVILLE   ,KY,40222-0000,Proprietary  ,5,10,15,235,377,612
02491100,BECKFIELD COLLEGE                       ,KY,41042-0000,Proprietary  ,11,113,124,307,2302,2609
02518900,BARRETT & COMPANY SCH HAIR DESIGN       ,KY,40356-0000,Proprietary  ,2,5,7,41,143,184
02526100,JENNY LEA ACADEMY OF COSMETOLOGY        ,KY,41858-0000,Proprietary  ,0,0,0,37,77,114
02535600,CLEAR CREEK BAPTIST BIBLE COLLEGE       ,KY,40977-0000,Private      ,0,1,1,50,137,187
02551100,PJ'S COLLEGE OF COSMETOLOGY             ,KY,42141-2434,Proprietary  ,3,10,13,51,99,150
02560800,SOUTHEAST SCHOOL OF COSMETOLOGY         ,KY,40962-0000,Proprietary  ,0,0,0,31,67,98
03002100,KENTUCKY MOUNTAIN BIBLE COLLEGE         ,KY,41385-0010,Private      ,0,0,0,58,46,104
03007000,FRONTIER SCH OF MIDWIFERY&FAMILY NU     ,KY,41749-0000,Private      ,0,35,35,11,2377,2388
03026200,HEAD'S WEST KENTUCKY BEAUTY COLLEGE     ,KY,42431-0000,Proprietary  ,0,2,2,26,95,121
03029200,NU-TEK ACADEMY OF BEAUTY                ,KY,40353-9767,Proprietary  ,0,1,1,17,39,56
03034500,OWENSBORO COMMUNITY & TECHNICAL COLLEGE ,KY,42303-1899,Public       ,22,89,111,1734,2680,4414
03083700,GALEN HEALTH INSTITUTES                 ,KY,40207-1047,Proprietary  ,7,57,64,1137,7356,8493
03611300,BRIGHTON CENTER'S CENTER FOR EMPLOY     ,KY,41071-1968,Private      ,3,23,26,14,147,161
03804300,BELLEFONTE ACADEMY OF BEAUTY            ,KY,41169-2015,Proprietary  ,2,17,19,44,204,248
03885300,EMPLOYMENT SOLUTIONS                    ,KY,40517-3260,Private      ,6,28,34,80,395,475
04038300,ATA CAREER EDUCATION                    ,KY,40223-3832,Proprietary  ,6,41,47,233,1183,1416
04038701,IDEAL BEAUTY ACADEMY - LOUISVILLE       ,KY,40223-5606,Proprietary  ,1,2,3,63,143,206
04051319,ART INSTITUTE OF PHOENIX (THE) - BROWN M,KY,40219-1916,Proprietary  ,0,8,8,151,435,586
04051320,ART INSTITUTE OF PHOENIX (THE) - BROWN M,KY,42240-3579,Proprietary  ,0,4,4,38,256,294
04123900,LEXINGTON HEALING ARTS ACADEMY          ,KY,40503-1932,Proprietary  ,1,9,10,48,225,273
04177600,LINDSEY INSTITUTE OF COSMETOLOGY        ,KY,42103-8036,Proprietary  ,4,1,5,88,104,192
04177700,TRI-STATE INSTITUTE OF HAIR DESIGN      ,KY,40744-5234,Proprietary  ,1,12,13,39,156,195
04178000,SIMMONS COLLEGE OF KENTUCKY             ,KY,40203-3322,Private      ,2,10,12,109,338,447
04204800,AMERICAN COLLEGE OF BARBERING           ,KY,40229-2862,Proprietary  ,2,7,9,57,231,288
04229300,MEDQUEST COLLEGE                        ,KY,40243-1882,Proprietary  ,8,11,19,126,286,412
04239600,KENTUCKY HORSESHOEING SCHOOL            ,KY,40475-1810,Proprietary  ,1,0,1,6,9,15
04240600,TRI-STATE BARBER COLLEGE                ,KY,41101-7746,Proprietary  ,1,0,1,7,23,30
04247700,REGINA WEBB ACADEMY                     ,KY,42104-4457,Proprietary  ,2,3,5,9,26,35
04249000,MEDICAL CAREER & TECHNICAL COLLEGE      ,KY,40475-2614,Proprietary  ,3,17,20,6,56,62
00200300,CENTENARY COLLEGE OF LOUISIANA          ,LA,71104-3396,Private      ,9,10,19,934,410,1344
00200400,DILLARD UNIVERSITY                      ,LA,70122-3097,Private      ,31,24,55,2981,1493,4474
00200500,NICHOLLS STATE UNIVERSITY               ,LA,70310-0001,Public       ,38,64,102,5969,3222,9191
00200600,GRAMBLING STATE UNIVERSITY              ,LA,71245-2215,Public       ,98,98,196,5245,4431,9676
00200700,LOUISIANA COLLEGE                       ,LA,71359-0000,Private      ,5,64,69,1133,768,1901
00200800,LOUISIANA TECH UNIVERSITY               ,LA,71272-0001,Public       ,71,92,163,9258,3505,12763
00201000,LOUISIANA STATE UNIV & A&M COLG         ,LA,70803-5710,Public       ,161,125,286,28875,9459,38334
00201100,LOUISIANA STATE UNIV-ALEXANDRIA         ,LA,71302-9121,Public       ,24,61,85,2595,2413,5008
00201200,LOUISIANA STATE UNIV-EUNICE             ,LA,70535-6726,Public       ,33,46,79,2283,1948,4231
00201300,LOUISIANA STATE UNIV-SHREVEPORT         ,LA,71115-2399,Public       ,26,182,208,2982,5363,8345
00201400,LA STATE UNIV HEALTH SCIENCES CTR       ,LA,70112-2223,Public       ,4,37,41,666,2730,3396
00201500,(THE) UNIVERSITY OF NEW ORLEANS         ,LA,70148-0001,Public       ,60,148,208,7187,7366,14553
00201600,LOYOLA UNIVERSITY NEW ORLEANS           ,LA,70118-6195,Private      ,17,45,62,4750,2800,7550
00201700,MCNEESE STATE UNIVERSITY                ,LA,70609-4510,Public       ,43,88,131,6267,4181,10448
00201900,NEW ORLEANS BAPTIST THEOL SEMINARY      ,LA,70126-0000,Private      ,0,5,5,59,274,333
00202000,UNIVERSITY OF LOUISIANA AT MONROE       ,LA,71209-9001,Public       ,54,92,146,7487,5219,12706
00202100,NORTHWESTERN STATE UNIVERSITY           ,LA,71497-0001,Public       ,65,227,292,6258,6460,12718
00202200,NOTRE DAME SEMINARY                     ,LA,70118-0000,Private      ,0,0,0,9,34,43
00202300,OUR LADY OF HOLY CROSS COLLEGE          ,LA,70131-7399,Private      ,4,29,33,708,1646,2354
00202400,SOUTHEASTERN LOUISIANA UNIV             ,LA,70402-0001,Public       ,104,112,216,12026,6034,18060
00202500,SOUTHERN UNIVERSITY A & M COLLEGE       ,LA,70813-9374,Public       ,122,131,253,8955,7451,16406
00202600,SOUTHERN UNIV NEW ORLEANS               ,LA,70126-0002,Public       ,36,77,113,2504,5007,7511
00202700,ST JOSEPH SEMINARY COLLEGE              ,LA,70457-9990,Private      ,2,0,2,70,19,89
00202900,TULANE UNIVERSITY                       ,LA,70118-5698,Private      ,30,95,125,13475,7060,20535
00203100,UNIV OF LOUISIANA AT LAFAYETTE          ,LA,70504-0000,Public       ,123,173,296,16867,7707,24574
00203200,XAVIER UNIVERSITY OF LOUISIANA          ,LA,70125-1098,Private      ,28,31,59,5420,2213,7633
00462100,AYERS CAREER COLLEGE                    ,LA,71108-5845,Proprietary  ,5,33,38,97,535,632
00462500,DELGADO COMMUNITY COLLEGE               ,LA,70119-0000,Public       ,110,466,576,8773,20098,28871
00546700,SOWELA TECHNICAL COMMUNITY COLLEGE      ,LA,70616-6950,Public       ,28,75,103,1868,2456,4324
00546702,SOWELA TECHNICAL COMMUNITY COLLEGE - MOR,LA,70546-1327,Public       ,0,8,8,109,161,270
00548800,CAPITAL AREA TECHNICAL COLLEGE          ,LA,70805-0000,Public       ,5,26,31,307,831,1138
00548812,CAPITAL AREA TECHNICAL COLLEGE - FOLKES ,LA,70748-0000,Public       ,0,1,1,27,81,108
00548817,CAPITAL AREA TECHNICAL COLLEGE - JUMONVI,LA,70760-0000,Public       ,0,1,1,26,53,79
00548842,CAPITAL AREA TECHNICAL COLLEGE - WESTSID,LA,70765-0733,Public       ,0,1,1,41,117,158
00548900,CENTRAL LOUISIANA TECHNICAL COLLEGE     ,LA,71302-3137,Public       ,26,71,97,693,1656,2349
00552600,SOUTH CENTRAL LOUISIANA TECHNICAL COLG  ,LA,70381-2148,Public       ,5,12,17,133,383,516
00552602,SOUTH CENTRAL LOUISIANA TECHNICAL COLG  ,LA,70302-4336,Public       ,6,11,17,133,304,437
00552603,SOUTH CENTRAL LOUISIANA TECHNICAL COLG  ,LA,70084-6632,Public       ,10,26,36,491,734,1225
00576100,L. E. FLETCHER TECHNICAL COMMUNITY COLLE,LA,70360-2863,Public       ,28,61,89,1375,1569,2944
00675600,NORTHSHORE TECHNICAL COLLEGE            ,LA,70427-5866,Public       ,32,47,79,1008,1506,2514
00768600,SOUTHERN UNIV AT SHREVEPORT/BOSSIER     ,LA,71107-4795,Public       ,65,127,192,1927,3429,5356
00806700,LSU HEALTH SCIENCES CENTR-SHREVEPOR     ,LA,71130-3932,Public       ,8,30,38,325,1224,1549
00989800,DEMMON SCHOOL OF BEAUTY                 ,LA,70607-2128,Proprietary  ,2,6,8,37,134,171
00997500,NORTHWEST LOUISIANA TECHNICAL COLLEGE   ,LA,71055-2422,Public       ,8,20,28,330,587,917
00997503,NORTHWEST LOUISIANA TECHNICAL COLLEGE   ,LA,71137-8527,Public       ,17,77,94,374,1378,1752
00997504,NORTHWEST LOUISIANA TECHNICAL COLLEGE   ,LA,71052-1236,Public       ,5,7,12,86,202,288
00997505,NORTHWEST LOUISIANA TECHNICAL COLLEGE   ,LA,71449-0790,Public       ,3,4,7,64,134,198
00997506,NORTHWEST LOUISIANA TECHNICAL COLLEGE   ,LA,71458-0657,Public       ,5,10,15,242,408,650
01109700,CLOYD'S BEAUTY SCHOOL #1                ,LA,71291-3131,Proprietary  ,5,7,12,51,155,206
01163100,"D-JAY'S SCHL OF BEAUTY, ARTS & SCI      ",LA,70806-0000,Proprietary  ,9,11,20,71,156,227
01184100,JOHN JAY BEAUTY COLLEGE                 ,LA,70124-2592,Proprietary  ,0,5,5,93,242,335
01282300,PAT GOINS RUSTON BEAUTY SCHOOL          ,LA,71270-4301,Proprietary  ,4,10,14,60,103,163
01287900,PAT GOINS BENTON ROAD BEAUTY SCHOOL     ,LA,71111-4838,Proprietary  ,4,13,17,37,155,192
01288000,CELEBRITY STYLIST BEAUTY SCHOOL         ,LA,71201-5167,Proprietary  ,4,7,11,53,117,170
01288001,CELEBRITY BARBER SCHOOL                 ,LA,71201-5133,Proprietary  ,1,6,7,9,32,41
02055400,BOSSIER PARISH COMMUNITY COLLEGE        ,LA,71111-0000,Public       ,78,245,323,3794,7351,11145
02055500,DELTA SCH OF BUSINESS & TECHNOLOGY      ,LA,70601-0000,Proprietary  ,5,8,13,133,467,600
02117800,AVEDA INSTITUTE LAFAYETTE               ,LA,70503-3246,Proprietary  ,13,12,25,219,318,537
02166100,NUNEZ COMMUNITY COLLEGE                 ,LA,70043-0000,Public       ,13,71,84,860,2335,3195
02166200,ITI TECHNICAL COLLEGE                   ,LA,70817-0000,Proprietary  ,12,42,54,638,1098,1736
02197500,BATON ROUGE SCHOOL OF COMPUTERS         ,LA,70809-8188,Proprietary  ,2,9,11,89,186,275
02234000,CAMERON COLLEGE                         ,LA,70119-0000,Proprietary  ,2,25,27,77,434,511
02258400,AVEDA INSTITUTE BATON ROUGE             ,LA,70816-2246,Proprietary  ,13,17,30,266,367,633
02260200,DIESEL DRIVING ACADEMY                  ,LA,71109-5617,Proprietary  ,6,28,34,95,661,756
02265600,JOHN JAY KENNER ACADEMY                 ,LA,70062-0000,Proprietary  ,1,7,8,38,128,166
02269300,STEVENSON'S ACADEMY OF HAIR DESIGN      ,LA,70116-0000,Proprietary  ,0,12,12,51,257,308
02327800,PINEVILLE BEAUTY SCHOOL                 ,LA,71360-0000,Proprietary  ,4,5,9,63,92,155
02335700,BATON ROUGE GENERAL MEDICAL CENTER      ,LA,70806-3889,Private      ,2,7,9,108,204,312
02335701,BATON ROUGE GEN MED CTR SCH NSG         ,LA,70821-0000,Private      ,1,0,1,117,354,471
02335702,BATON ROUGE GEN MED CTR-RAD TECH        ,LA,70806-0000,Private      ,0,1,1,83,165,248
02338000,"CLOYD'S BEAUTY SCHOOL #2, INC           ",LA,71202-3539,Proprietary  ,2,8,10,46,143,189
02352500,"CLOYD'S BEAUTY SCHOOL #3, INC           ",LA,71201-3211,Proprietary  ,2,8,10,49,143,192
02358600,"STAGE ONE THE HAIR SCHOOL, INC.         ",LA,70605-0000,Proprietary  ,8,10,18,92,194,286
02518300,SOUTH LOUISIANA BEAUTY COLLEGE          ,LA,70363-0000,Proprietary  ,0,5,5,44,67,111
02536400,LOUISIANA ACADEMY OF BEAUTY             ,LA,70535-0000,Proprietary  ,4,5,9,46,75,121
02538300,DELTA COLLEGE OF ARTS & TECH INC        ,LA,70806-1529,Proprietary  ,8,26,34,254,743,997
02538301,DELTA COLLEGE OF ARTS & TECHNOLOGY - LAF,LA,70508-6831,Proprietary  ,6,8,14,158,487,645
02548500,COSMETOLOGY TRAINING CENTER             ,LA,70503-0000,Proprietary  ,1,10,11,103,173,276
02554800,VANGUARD COLLEGE OF COSMETOLOGY         ,LA,70458-8823,Proprietary  ,18,28,46,274,411,685
02582200,"GUY'S ACADEMY HAIR, SKIN & NAILS        ",LA,71105-2404,Proprietary  ,2,3,5,62,152,214
02600900,AVEDA INSTITUTE                         ,LA,70433-2922,Proprietary  ,97,137,234,1504,2286,3790
02601000,AMERICAN SCHOOL OF BUSINESS             ,LA,71105-5646,Proprietary  ,0,2,2,40,213,253
02601100,OPELOUSAS SCHOOL OF COSMETOLOGY         ,LA,70570-6156,Proprietary  ,2,1,3,38,78,116
02619200,DENHAM SPRINGS BEAUTY COLLEGE           ,LA,70726-3829,Proprietary  ,2,1,3,71,118,189
03010400,CRESCENT CITY SCH GAMING & BARTENDG     ,LA,70119-5507,Proprietary  ,6,102,108,137,1005,1142
03010624,VIRGINIA COLLEGE - BATON ROUGE          ,LA,70815-8604,Proprietary  ,11,22,33,177,653,830
03023500,CAMELOT CAREER COLLEGE                  ,LA,70805-7539,Proprietary  ,11,30,41,118,358,476
03026514,REMINGTON COLLEGE - LAFAYETTE           ,LA,70508-5760,Private      ,3,12,15,163,405,568
03026515,REMINGTON COLLEGE - BATON ROUGE         ,LA,70816-4040,Private      ,1,9,10,112,296,408
03027300,BLALOCK'S PROFESSIONAL BEAUTY COLLEGE   ,LA,71108-3246,Proprietary  ,1,2,3,25,78,103
03030900,DIESEL DRIVING ACADEMY                  ,LA,70815-8109,Proprietary  ,8,44,52,102,712,814
03106200,OUR LADY OF THE LAKE COLLEGE            ,LA,70808-4345,Private      ,8,29,37,1067,2104,3171
03294300,BLUE CLIFF SCH THERAPEUTIC MASSAGE      ,LA,70002-3458,Proprietary  ,66,258,324,867,3715,4582
03294303,BLUE CLIFF COLLEGE - LAFAYETTE          ,LA,70508-3256,Proprietary  ,6,16,22,147,426,573
03294306,BLUE CLIFF COLLEGE - SHREVEPORT         ,LA,71105-6520,Proprietary  ,12,33,45,146,702,848
03332600,DELTA COLLEGE                           ,LA,70433-9042,Proprietary  ,9,12,21,163,465,628
03332601,DELTA COLLEGE - SLIDELL                 ,LA,70460-2624,Proprietary  ,6,18,24,163,599,762
03356300,MEDICAL TRAINING COLLEGE                ,LA,70816-5820,Proprietary  ,15,28,43,209,489,698
03480300,FORTIS COLLEGE - BATON ROUGE            ,LA,70809-1908,Proprietary  ,18,60,78,197,729,926
03498400,OMEGA INSTITUTE OF COSMETOLOGY          ,LA,70360-0000,Proprietary  ,3,3,6,60,77,137
03727500,MOORE CAREER COLLEGE                    ,LA,70808-4191,Proprietary  ,4,13,17,57,198,255
03730300,BATON ROUGE COMMUNITY COLLEGE           ,LA,78806-4129,Public       ,123,235,358,6772,8617,15389
03789300,UNITECH TRAINING ACADEMY                ,LA,70503-5132,Proprietary  ,15,70,85,349,996,1345
03789301,UNITECH TRAINING ACADEMY - WEST MONROE  ,LA,71291-2913,Proprietary  ,11,48,59,145,688,833
03789302,UNITECH TRAINING ACADEMY - HOUMA        ,LA,70363-5556,Proprietary  ,11,23,34,112,285,397
03789303,UNITECH TRAINING ACADEMY -  ALEXANDRIA  ,LA,71303-3625,Proprietary  ,12,62,74,153,525,678
03789304,UNITECH TRAINING ACADEMY - LAKE CHARLES ,LA,70601-7887,Proprietary  ,6,30,36,155,510,665
03789305,UNITECH TRAINING ACADEMY - METAIRIE     ,LA,70003-0000,Proprietary  ,9,32,41,44,257,301
03789400,RIVER PARISHES COMMUNITY COLLEGE        ,LA,70778-0310,Public       ,32,46,78,1144,1323,2467
03795300,CASSIA BEAUTY COLLEGE                   ,LA,70126-0000,Proprietary  ,1,2,3,28,94,122
03810500,COURT REPORTING INSTITUTE OF LOUISI     ,LA,70816-0000,Proprietary  ,1,2,3,12,74,86
03956300,SOUTH LOUISIANA COMMUNITY COLLEGE       ,LA,70506-0000,Public       ,83,132,215,4386,5462,9848
04040300,COMPASS CAREER COLLEGE                  ,LA,70403-0653,Proprietary  ,12,28,40,272,569,841
04112300,LOUISIANA CULINARY INSTITUTE            ,LA,70816-4109,Proprietary  ,8,12,20,261,364,625
04130100,LOUISIANA DELTA COMMUNITY COLLEGE       ,LA,71203-3618,Public       ,46,132,178,2193,4111,6304
04149500,A & W HEALTHCARE EDUCATORS              ,LA,70122-3146,Proprietary  ,0,6,6,51,365,416
04151600,MY-LE'S BEAUTY COLLEGE                  ,LA,70056-3150,Proprietary  ,1,9,10,24,134,158
04217000,HEALTHCARE TRAINING INSTITUTE           ,LA,70062-7630,Proprietary  ,0,5,5,38,234,272
04225900,SETTING THE STANDARD BARBERING AND NATUR,LA,71109-4124,Proprietary  ,2,7,9,18,54,72
04226000,BOS-MAN'S BARBER COLLEGE                ,LA,71106-2653,Proprietary  ,1,5,6,35,123,158
04234600,PARK PLACE PREMIER BARBER SCHOOL        ,LA,70122-3808,Proprietary  ,1,10,11,27,119,146
04245400,INFINITY COLLEGE                        ,LA,70501-8833,Proprietary  ,3,19,22,25,146,171
04246700,LEARNING BRIDGE CAREER INSTITUTE        ,LA,70360-2816,Proprietary  ,1,7,8,1,7,8
04248400,ACADEMY OF INTERACTIVE ENTERTAINMENT    ,LA,70506-4293,Private      ,2,1,3,13,23,36
04248900,VH BARBER & STYLING ACADEMY             ,LA,71111-4409,Proprietary  ,2,5,7,7,17,24
00143600,CAPITOL COLLEGE                         ,MD,20708-9759,Private      ,1,15,16,499,644,1143
00205700,ALLEGANY COLLEGE OF MARYLAND            ,MD,21502-2596,Public       ,14,41,55,2707,2111,4818
00205800,ANNE ARUNDEL COMMUNITY COLLEGE          ,MD,21012-1895,Public       ,48,205,253,5393,9026,14419
00206100,BALTIMORE CITY COMMUNITY COLLEGE        ,MD,21215-7893,Public       ,26,178,204,3762,10385,14147
00206200,BOWIE STATE UNIVERSITY                  ,MD,20715-9465,Public       ,33,38,71,7590,6355,13945
00206300,COMMUNITY COLLEGE OF BALTIMORE COUNTY   ,MD,21228-5381,Public       ,83,338,421,10295,18390,28685
00206400,COLLEGE OF SOUTHERN MARYLAND            ,MD,20646-0910,Public       ,17,94,111,3956,5455,9411
00206500,NOTRE DAME OF MARYLAND UNIVERSITY       ,MD,21210-2476,Private      ,6,20,26,1084,2100,3184
00206700,WASHINGTON ADVENTIST UNIVERSITY         ,MD,20912-7796,Private      ,5,13,18,737,911,1648
00206800,COPPIN STATE UNIVERSITY                 ,MD,21216-3698,Public       ,15,43,58,3759,6009,9768
00207100,FREDERICK COMMUNITY COLLEGE             ,MD,21702-9745,Public       ,27,88,115,2358,3285,5643
00207200,FROSTBURG STATE UNIVERSITY              ,MD,21532-1099,Public       ,13,15,28,6935,2152,9087
00207300,GOUCHER COLLEGE                         ,MD,21204-2794,Private      ,2,7,9,3207,962,4169
00207400,HAGERSTOWN COMMUNITY COLLEGE            ,MD,21742-6514,Public       ,17,81,98,2141,3255,5396
00207500,HARFORD COMMUNITY COLLEGE               ,MD,21015-1696,Public       ,26,69,95,2722,3318,6040
00207600,HOOD COLLEGE                            ,MD,21701-8575,Private      ,4,19,23,2213,887,3100
00207700,JOHNS HOPKINS UNIVERSITY                ,MD,21218-2693,Private      ,5,43,48,10318,2713,13031
00207702,JOHNS HOPKINS UNIV SCH ARTS/SCI/ENG     ,MD,21218-0000,Private      ,1,114,115,5516,2992,8508
00207703,JOHNS HOPKINS UNIV SCH OF BUS/ED        ,MD,21046-0000,Private      ,1,19,20,91,1483,1574
00207705,JOHNS HOPKINS BLOOMBERG SCH OF PH       ,MD,21205-0000,Private      ,2,8,10,95,1727,1822
00207706,JOHNS HOPKINS UNIV SCH OF MEDICINE      ,MD,21205-0000,Private      ,4,12,16,394,1064,1458
00207707,JOHNS HOPKINS UNIV SCH OF NURSING       ,MD,21205-0000,Private      ,2,21,23,354,1842,2196
00207708,JOHNS HOPKINS UNIV PEABODY CONSERV      ,MD,21202-2397,Private      ,3,3,6,536,459,995
00207764,JOHNS HOPKINS UNIVERSITY - CAREY BUSINES,MD,21202-4649,Private      ,0,9,9,58,1016,1074
00207800,LOYOLA UNIVERSITY MARYLAND              ,MD,21210-2699,Private      ,9,22,31,10044,2967,13011
00208000,MARYLAND INST COLLEGE OF ART            ,MD,21217-4191,Private      ,3,8,11,2691,1018,3709
00208300,MORGAN STATE UNIVERSITY                 ,MD,21251-0002,Public       ,40,55,95,11301,7547,18848
00208600,MOUNT SAINT MARY'S UNIVERSITY           ,MD,21727-7799,Private      ,1,15,16,4071,616,4687
00208700,NER ISRAEL RABBINICAL COLLEGE           ,MD,21208-1198,Private      ,8,7,15,97,63,160
00208900,PRINCE GEORGES COMMUNITY COLLEGE        ,MD,20774-2199,Public       ,62,221,283,7319,12739,20058
00209100,SALISBURY UNIVERSITY                    ,MD,21801-6862,Public       ,7,13,20,11605,2865,14470
00209200,ST JOHN'S COLLEGE                       ,MD,21404-0000,Private      ,2,6,8,519,202,721
00209500,ST. MARY'S COLLEGE OF MARYLAND          ,MD,20686-3001,Public       ,3,6,9,2555,404,2959
00209600,ST MARY'S SEMINARY & UNIV               ,MD,21210-1994,Private      ,0,0,0,29,68,97
00209900,TOWSON UNIVERSITY                       ,MD,21252-0002,Public       ,32,69,101,23864,9552,33416
00210200,UNIVERSITY OF BALTIMORE                 ,MD,21201-5779,Public       ,7,62,69,2486,7955,10441
00210300,"UNIVERSITY OF MARYLAND, COLLEGE PARK    ",MD,20742-5145,Public       ,52,177,229,36120,14909,51029
00210400,"UNIVERSITY OF MARYLAND, BALTIMORE       ",MD,21201-1691,Public       ,16,70,86,5157,11381,16538
00210500,UMBC                                    ,MD,21250-0002,Public       ,26,70,96,11606,6696,18302
00210600,UNIVERSITY MARYLAND EASTERN SHORE       ,MD,21853-4053,Public       ,23,19,42,6109,2593,8702
00210700,STEVENSON UNIVERSITY                    ,MD,21153-0641,Private      ,8,35,43,6874,2343,9217
00210800,WASHINGTON COLLEGE                      ,MD,21620-1197,Private      ,2,2,4,3119,150,3269
00210900,MCDANIEL COLLEGE                        ,MD,21157-4390,Private      ,1,16,17,3264,841,4105
00458612,KAPLAN COLLEGE                          ,MD,21742-2797,Proprietary  ,3,71,74,236,2073,2309
00465000,CHESAPEAKE COLLEGE                      ,MD,21679-0008,Public       ,10,30,40,1373,1743,3116
00691100,MONTGOMERY COLLEGE                      ,MD,20850-1195,Public       ,75,185,260,13008,13668,26676
00734100,INTERNATIONAL BEAUTY SCHOOL             ,MD,21502-2370,Proprietary  ,0,0,0,4,12,16
00744700,DEL-MAR-VA BEAUTY ACADEMY               ,MD,21804-0000,Proprietary  ,2,4,6,49,144,193
00749100,TESST COLLEGE OF TECHNOLOGY             ,MD,21227-1063,Proprietary  ,14,99,113,357,1432,1789
00793600,LINCOLN TECHNICAL INSTITUTE             ,MD,21046-1544,Proprietary  ,47,59,106,614,960,1574
00817500,HOWARD COMMUNITY COLLEGE                ,MD,21044-3197,Public       ,60,135,195,4522,5816,10338
00826300,AWARD BEAUTY SCHOOL                     ,MD,21740-5624,Proprietary  ,13,57,70,95,394,489
00830800,CECIL COLLEGE                           ,MD,21901-1999,Public       ,8,36,44,1322,1670,2992
00907906,EVEREST COLLEGE- EVEREST INSTITUTE      ,MD,20910-3737,Private      ,0,0,0,38,159,197
01001400,GARRETT COMMUNITY COLLEGE               ,MD,21541-1265,Public       ,7,4,11,897,372,1269
01031900,FORTIS INSTITUTE                        ,MD,21204-2538,Proprietary  ,29,137,166,734,3024,3758
01041000,TESST COLLEGE OF TECHNOLOGY             ,MD,21286-2201,Proprietary  ,10,37,47,152,595,747
01164400,UNIV OF MARYLAND UNIVERSITY COLLEGE     ,MD,20783-8078,Public       ,42,1697,1739,3070,47326,50396
01164402,U OF MD UNIVERSITY COLLEGE - EUROPE     ,MD,20832-0000,Public       ,1,26,27,400,1086,1486
01164404,U OF MD UNIVERSITY COLLEGE - ASIA       ,MD,31207-0000,Public       ,0,41,41,109,1133,1242
02073900,WOR-WIC COMMUNITY COLLEGE               ,MD,21804-0000,Public       ,14,84,98,1706,2908,4614
02083600,TESST COLLEGE OF TECHNOLOGY             ,MD,20705-2698,Proprietary  ,19,62,81,216,673,889
02127900,SOJOURNER-DOUGLASS COLLEGE              ,MD,21205-1802,Private      ,0,8,8,69,816,885
02155100,MARYLAND COLLEGE OF ART AND DESIGN      ,MD,20902-0000,Private      ,0,5,5,139,183,322
02269700,"COLORLAB ACADEMY OF HAIR, THE           ",MD,21014-3639,Proprietary  ,1,8,9,42,97,139
02331000,MARYLAND BEAUTY ACADEMY OF ESSEX        ,MD,21221-0000,Proprietary  ,3,12,15,76,283,359
02333000,HAIR ACADEMY                            ,MD,20784-0000,Proprietary  ,11,74,85,153,692,845
02343800,MONTGOMERY BEAUTY SCHOOL                ,MD,20901-0000,Proprietary  ,3,16,19,109,294,403
02494700,BALTIMORE STUDIO OF HAIR DESIGN         ,MD,21201-0000,Proprietary  ,0,13,13,87,333,420
02495000,ROBERT PAUL ACAD COSMTGY ARTS & SCI     ,MD,21093-0000,Proprietary  ,1,0,1,56,80,136
02495100,MARYLAND BEAUTY ACADEMY                 ,MD,21136-0000,Proprietary  ,2,5,7,21,82,103
02545400,NORTH AMERICAN TRADE SCHOOLS            ,MD,21244-0069,Proprietary  ,16,89,105,217,1254,1471
02573800,"L' ACADEMIE DE CUISINE, INC.            ",MD,20877-0000,Proprietary  ,0,1,1,75,252,327
02578400,MARYLAND UNIVERSITY OF INTEGRATIVE HEALT,MD,20723-6010,Private      ,3,21,24,39,1165,1204
03027200,BLADES SCHOOL OF HAIR DESIGN            ,MD,20619-0226,Proprietary  ,3,9,12,55,134,189
03064900,AARON'S ACADEMY OF BEAUTY               ,MD,20602-2715,Proprietary  ,2,2,4,44,137,181
03097200,AESTHETICS INSTITUTE OF COSMETOLOGY     ,MD,20877-1305,Proprietary  ,1,14,15,25,163,188
03100700,CARROLL COMMUNITY COLLEGE               ,MD,21157-6913,Public       ,11,43,54,1384,1538,2922
03148300,AMERICAN BEAUTY ACADEMY                 ,MD,20902-1911,Proprietary  ,0,0,0,226,654,880
03296300,BALTIMORE SCHOOL OF MASSAGE             ,MD,21090-2261,Proprietary  ,21,56,77,193,747,940
03327300,NEW CREATIONS ACADEMY OF HAIR DSN       ,MD,20746-0000,Proprietary  ,1,24,25,78,348,426
03493300,ALL-STATE CAREER SCHOOL                 ,MD,21224-6658,Proprietary  ,38,205,243,538,2372,2910
03667300,FAITH THEOLOGICAL SEMINARY              ,MD,21212-2624,Private      ,0,1,1,6,172,178
03822400,MAPLE SPRINGS BAPTIST BIBLE COLLEGE & SE,MD,20743-5711,Private      ,0,1,1,5,63,68
03937300,YESHIVA COLLEGE OF THE NATION'S CAPITAL ,MD,20902-1700,Private      ,2,1,3,25,29,54
03965500,HAIR EXPRESSIONS ACADEMY                ,MD,20852-1729,Proprietary  ,6,19,25,163,345,508
04139700,FREDERICK SCHOOL OF COSMETOLOGY         ,MD,21701-0000,Proprietary  ,2,0,2,33,76,109
04141600,OMEGA STUDIOS' SCHOOL OF APPLIED RECORDI,MD,20852-1731,Proprietary  ,2,5,7,78,150,228
04151800,TEMPLE (THE): A PAUL MITCHELL PARTNER SC,MD,21701-5409,Proprietary  ,13,21,34,210,309,519
04167602,FINGER LAKES SCHOOL OF MASSAGE (THE)    ,MD,21701-3030,Proprietary  ,2,7,9,28,145,173
04168900,HOLISTIC MASSAGE TRAINING INSTITUTE     ,MD,21218-2407,Proprietary  ,1,5,6,20,189,209
04171501,COSMOPOLITAN BEAUTY & TECH SCHOOL -     ,MD,20143-3370,Proprietary  ,0,1,1,21,75,96
04188400,BAIS HAMEDRASH AND MESIVTA OF BALTIMORE ,MD,21209-1613,Private      ,2,0,2,48,14,62
04204000,ASPEN BEAUTY ACADEMY - LAUREL           ,MD,20724-2013,Proprietary  ,3,12,15,44,157,201
04209600,INSTITUTE OF HEALTH SCIENCES            ,MD,21031-1408,Proprietary  ,4,28,32,31,257,288
04211700,HARMON'S BEAUTY SCHOOL                  ,MD,20785-2135,Proprietary  ,0,0,0,28,85,113
00211400,AMERICAN INTERNATIONAL COLLEGE          ,MA,01109-3189,Private      ,2,18,20,2176,3104,5280
00211500,AMHERST COLLEGE                         ,MA,01002-5000,Private      ,0,2,2,4685,353,5038
00211600,ANDOVER NEWTON THEOLOGICAL SCHOOL       ,MA,02459-0000,Private      ,0,0,0,0,177,177
00211700,ANNA MARIA COLLEGE                      ,MA,01612-1198,Private      ,0,20,20,1665,792,2457
00211800,ASSUMPTION COLLEGE                      ,MA,01615-1294,Private      ,4,8,12,4834,927,5761
00212000,MERRIMACK COLLEGE                       ,MA,01845-5800,Private      ,4,9,13,7020,816,7836
00212100,BABSON COLLEGE                          ,MA,02457-0310,Private      ,3,11,14,3183,630,3813
00212200,BAY PATH COLLEGE                        ,MA,01106-2212,Private      ,2,72,74,1222,3536,4758
00212300,BECKER COLLEGE-WORCESTER                ,MA,01615-0071,Private      ,5,13,18,3113,1235,4348
00212400,BENTLEY UNIVERSITY                      ,MA,02452-4705,Private      ,5,9,14,6619,727,7346
00212600,BERKLEE COLLEGE OF MUSIC                ,MA,02215-3693,Private      ,23,59,82,4510,2244,6754
00212800,BOSTON COLLEGE                          ,MA,02467-3800,Private      ,6,18,24,18475,5381,23856
00212900,BOSTON CONSERVATORY OF MUSIC            ,MA,02215-9830,Private      ,2,1,3,1162,370,1532
00213000,BOSTON UNIVERSITY                       ,MA,02215-1789,Private      ,14,97,111,38321,16508,54829
00213300,BRANDEIS UNIVERSITY                     ,MA,02453-2728,Private      ,4,12,16,6424,1373,7797
00213900,CLARK UNIVERSITY                        ,MA,01610-1473,Private      ,2,3,5,4935,791,5726
00214000,ELMS COLLEGE                            ,MA,01013-2839,Private      ,1,10,11,1338,1259,2597
00214100,COLLEGE OF THE HOLY CROSS               ,MA,01610-2395,Private      ,3,1,4,5449,186,5635
00214300,CURRY COLLEGE                           ,MA,02186-2395,Private      ,10,19,29,5234,1394,6628
00214400,DEAN COLLEGE                            ,MA,02038-1994,Private      ,5,3,8,1810,353,2163
00214500,EASTERN NAZARENE COLLEGE                ,MA,02170-2999,Private      ,3,14,17,869,661,1530
00214507,EASTERN NAZARENE COLLEGE - OLD COLONY CA,MA,02170-3831,Private      ,0,0,0,3,5,8
00214600,EMERSON COLLEGE                         ,MA,02116-4624,Private      ,4,4,8,7689,1333,9022
00214700,EMMANUEL COLLEGE                        ,MA,02115-5798,Private      ,5,4,9,5260,476,5736
00214800,ENDICOTT COLLEGE                        ,MA,01915-2098,Private      ,3,24,27,5361,1133,6494
00214900,EPISCOPAL DIVINITY SCHOOL               ,MA,02138-0000,Private      ,0,10,10,0,63,63
00215000,FISHER COLLEGE                          ,MA,02116-1500,Private      ,11,35,46,1641,1714,3355
00215100,BENJAMIN FRANKLIN INSTITUTE OF TECH     ,MA,02116-6296,Public       ,2,7,9,686,462,1148
00215300,GORDON COLLEGE                          ,MA,01984-1899,Private      ,1,3,4,2318,225,2543
00215400,HELLENIC COLLEGE                        ,MA,02445-7496,Private      ,0,1,1,86,124,210
00215500,HARVARD UNIVERSITY                      ,MA,02138-3800,Private      ,1,17,18,3672,858,4530
00215501,AMRCN REPERTORY THTR INST ADV THTR      ,MA,02138-0000,Private      ,0,0,0,1,99,100
00215502,HARVARD BUSINESS SCHOOL                 ,MA,02163-0000,Private      ,1,13,14,269,1631,1900
00215503,HARVARD EXTENSION SCHOOL                ,MA,02138-0000,Private      ,2,63,65,224,2168,2392
00215504,HARVARD SCH OF DENTAL MEDICINE          ,MA,02115-0000,Private      ,1,2,3,24,191,215
00215505,HARVARD UNIV GRAD SCH DESIGN            ,MA,02138-0000,Private      ,1,1,2,16,895,911
00215506,HARVARD DIVINITY SCHOOL                 ,MA,02138-0000,Private      ,0,1,1,20,517,537
00215507,HARVARD UNIV GRAD SCH ED                ,MA,02138-0000,Private      ,0,6,6,13,1189,1202
00215508,HARVARD UNIV GRAD S OF ARTS & SCIEN     ,MA,02138-0000,Private      ,0,5,5,71,720,791
00215509,HARVARD KENNEDY SCHOOL                  ,MA,02138-0000,Private      ,0,6,6,20,1278,1298
00215510,HARVARD LAW SCHOOL                      ,MA,02138-0000,Private      ,1,5,6,133,2871,3004
00215511,HARVARD UNIV MEDICAL SCHOOL             ,MA,02115-0000,Private      ,3,4,7,189,1008,1197
00215512,HARVARD UNIV SCH PUBLIC HEALTH          ,MA,02115-0000,Private      ,0,1,1,30,927,957
00215513,HARVARD UNIVERSITY-HARVARD COLLEGE      ,MA,02138-0000,Private      ,13,23,36,21541,1707,23248
00215700,HEBREW COLLEGE                          ,MA,02459-2237,Private      ,0,0,0,1,128,129
00215800,LASELL COLLEGE                          ,MA,02466-2716,Private      ,3,6,9,3199,588,3787
00216000,LESLEY UNIVERSITY                       ,MA,02138-2790,Private      ,3,139,142,3089,3617,6706
00216100,UMASS LOWELL                            ,MA,01854-3089,Public       ,21,113,134,16157,7064,23221
00216400,NEW ENGLAND COLLEGE OF OPTOMETRY        ,MA,02115-1129,Private      ,0,0,0,11,464,475
00216500,MASS. COLLEGE OF PHARMACY  & HEALTH SCIE,MA,02115-5804,Private      ,9,25,34,5679,4408,10087
00216506,MCPHS UNIVERSITY - NEWTON               ,MA,02458-1005,Private      ,0,0,0,0,144,144
00216700,BERKSHIRE COMMUNITY COLLEGE             ,MA,01201-5786,Public       ,3,8,11,982,1416,2398
00216800,CAPE COD COMMUNITY COLLEGE              ,MA,02668-1599,Public       ,9,22,31,1492,2228,3720
00216900,GREENFIELD COMMUNITY COLLEGE            ,MA,01301-9739,Public       ,5,7,12,884,1506,2390
00217000,HOLYOKE COMMUNITY COLLEGE               ,MA,01040-1099,Public       ,42,73,115,3887,4737,8624
00217100,MASSACHUSETTS BAY COMMUNITY COLLEGE     ,MA,02181-0000,Public       ,6,54,60,2215,2846,5061
00217200,MOUNT WACHUSETT COMMUNITY COLLEGE       ,MA,01440-1000,Public       ,28,72,100,2071,3544,5615
00217300,NORTH SHORE COMMUNITY COLLEGE           ,MA,01923-4093,Public       ,26,75,101,3589,4834,8423
00217400,NORTHERN ESSEX COMMUNITY COLLEGE        ,MA,01830-2399,Public       ,32,130,162,3516,4592,8108
00217500,QUINSIGAMOND COMMUNITY COLLEGE          ,MA,01606-2092,Public       ,33,138,171,4529,6621,11150
00217600,BRISTOL COMMUNITY COLLEGE               ,MA,02720-7399,Public       ,17,131,148,4763,6518,11281
00217700,MASSASOIT COMMUNITY COLLEGE             ,MA,02302-3996,Public       ,17,67,84,3851,4822,8673
00217800,MASSACHUSETTS INST OF TECHNOLOGY        ,MA,02139-4307,Private      ,11,33,44,12617,2887,15504
00218000,MASSACHUSETTS COLLEGE OF ART AND DESIGN ,MA,02115-5803,Public       ,2,2,4,2438,773,3211
00218100,MASSACHUSETTS MARITIME ACADEMY          ,MA,02532-3400,Public       ,8,0,8,1807,180,1987
00218300,BRIDGEWATER STATE UNIVERSITY            ,MA,02325-0001,Public       ,16,30,46,12148,4247,16395
00218400,FITCHBURG STATE UNIVERSITY              ,MA,01420-2697,Public       ,12,19,31,6671,1887,8558
00218500,FRAMINGHAM STATE COLLEGE                ,MA,01702-2471,Public       ,12,16,28,6966,1824,8790
00218700,MASSACHUSETTS CLG OF LIBERAL ARTS       ,MA,01247-4100,Public       ,2,7,9,2582,586,3168
00218800,SALEM STATE UNIVERSITY                  ,MA,01970-5353,Public       ,86,63,149,9773,4525,14298
00218900,WESTFIELD STATE UNIVERSITY              ,MA,01086-1630,Public       ,10,13,23,8341,2166,10507
00219000,WORCESTER STATE UNIVERSITY              ,MA,01602-2597,Public       ,8,28,36,6648,2797,9445
00219200,MOUNT HOLYOKE COLLEGE                   ,MA,01075-1492,Private      ,2,6,8,2804,411,3215
00219300,MOUNT IDA COLLEGE                       ,MA,02459-3323,Private      ,4,1,5,1949,458,2407
00219400,NEW ENGLAND CONSERVATORY OF MUSIC       ,MA,02115-5018,Private      ,0,1,1,739,579,1318
00219700,NICHOLS COLLEGE                         ,MA,01571-6346,Private      ,2,9,11,2235,415,2650
00219900,NORTHEASTERN UNIVERSITY                 ,MA,02115-5000,Private      ,31,148,179,32567,13014,45581
00220100,PINE MANOR COLLEGE                      ,MA,02167-0000,Private      ,4,0,4,465,136,601
00220200,BLESSED JOHN XXIII NATIONAL SEMINARY    ,MA,02493-0000,Private      ,0,0,0,0,1,1
00220500,QUINCY COLLEGE                          ,MA,02169-4324,Public       ,18,90,108,2096,4595,6691
00220600,REGIS COLLEGE                           ,MA,02193-0000,Private      ,5,9,14,2184,972,3156
00220800,SIMMONS COLLEGE                         ,MA,02115-5898,Private      ,1,71,72,3612,6444,10056
00220900,SMITH COLLEGE                           ,MA,01063-2936,Private      ,1,3,4,3928,502,4430
00220901,"SMITH COLLEGE, SCH FOR SOCIAL WORK      ",MA,01063-0000,Private      ,0,0,0,18,515,533
00221000,UNIV OF MASSACHUSETTS-DARTMOUTH         ,MA,02747-2300,Public       ,13,46,59,12169,3892,16061
00221100,SPRINGFIELD COLLEGE                     ,MA,01109-3797,Private      ,8,68,76,4894,4672,9566
00221400,ST JOHN'S SEMINARY                      ,MA,02135-8839,Private      ,2,5,7,11,80,91
00221700,STONEHILL COLLEGE                       ,MA,02357-6110,Private      ,1,0,1,5815,230,6045
00221800,SUFFOLK UNIVERSITY                      ,MA,02108-2770,Private      ,8,12,20,7843,4062,11905
00221900,TUFTS UNIVERSITY                        ,MA,02155-5808,Private      ,0,6,6,11108,2334,13442
00221901,TUFTS UNIV SCH OF DENTAL MEDICINE       ,MA,02111-0000,Private      ,0,3,3,28,901,929
00221902,TUFTS UNIVERSITY - CUMMINGS SCHOOL OF VE,MA,01536-0000,Private      ,0,1,1,34,501,535
00221904,TUFTS UNIV SCHOOL OF MEDICINE           ,MA,02111-0000,Private      ,0,2,2,92,2135,2227
00222100,UNIV OF MASSACHUSETTS-AMHERST           ,MA,01003-0000,Public       ,30,75,105,41723,7878,49601
00222200,UNIV OF MASSACHUSETTS-BOSTON            ,MA,02125-3393,Public       ,29,132,161,13890,11428,25318
00222400,WELLESLEY COLLEGE                       ,MA,02481-8203,Private      ,3,3,6,3563,246,3809
00222500,WENTWORTH INSTITUTE OF TECHNOLOGY       ,MA,02115-5998,Private      ,11,17,28,6802,1079,7881
00222600,WESTERN NEW ENGLAND UNIVERSITY          ,MA,01119-2654,Private      ,4,9,13,6170,1771,7941
00222700,WHEATON COLLEGE                         ,MA,02766-2322,Private      ,1,0,1,2756,101,2857
00222800,WHEELOCK COLLEGE                        ,MA,02215-4176,Private      ,1,3,4,1566,786,2352
00222900,WILLIAMS COLLEGE                        ,MA,01267-2600,Private      ,1,0,1,3828,147,3975
00223300,WORCESTER POLYTECHNIC INSTITUTE         ,MA,01609-2280,Private      ,1,2,3,8372,715,9087
00267104,BARD COLLEGE - LONGY SCHOOL OF MUSIC    ,MA,02138-3599,Private      ,0,0,0,29,140,169
00396500,BAY STATE COLLEGE                       ,MA,02116-2901,Proprietary  ,7,14,21,1034,1397,2431
00396600,BOSTON ARCHITECTURAL COLLEGE            ,MA,02115-2795,Private      ,0,2,2,254,664,918
00466100,HAMPSHIRE COLLEGE                       ,MA,01002-3359,Private      ,2,2,4,2220,205,2425
00466600,SALTER COLLEGE                          ,MA,01583-1700,Proprietary  ,51,214,265,567,2712,3279
00466700,SCHOOL OF MUSEUM OF FINE ARTS           ,MA,02115-5534,Private      ,0,1,1,434,268,702
00466900,UPPER CAPE COD REGIONAL VOC TECH        ,MA,02532-3310,Public       ,0,1,1,26,151,177
00527900,GREATER LOWELL REGNL VOC TECH SCH       ,MA,01879-0000,Public       ,0,1,1,29,139,168
00551900,DIMAN REGIONAL VOC TECH INST            ,MA,02723-3519,Public       ,0,1,1,42,194,236
00552300,BLUE HILLS REGIONAL VOC TECH            ,MA,02021-1398,Public       ,0,3,3,31,169,200
00555700,MCCANN TECHNICAL SCHOOL                 ,MA,01247-0000,Public       ,0,0,0,28,62,90
00613600,NATIONAL AVIATION ACADEMY - NEW ENGLAND ,MA,01730-2620,Proprietary  ,1,5,6,112,283,395
00632200,BROCKTON HOSPITAL SCH OF NURSING        ,MA,02302-0000,Private      ,0,3,3,128,588,716
00632400,LABOURE COLLEGE                         ,MA,02124-0000,Private      ,3,14,17,255,1282,1537
00633100,LAWRENCE MEM HOSPITAL SCH OF NRSNG      ,MA,02155-1643,Private      ,0,2,2,69,380,449
00635200,BAYSTATE MEDICAL CENTER                 ,MA,01199-0001,Private      ,0,0,0,36,99,135
00687300,MARIAN COURT COLLEGE                    ,MA,01907-2896,Private      ,0,0,0,67,89,156
00748400,NEWBURY COLLEGE                         ,MA,02445-5796,Private      ,7,1,8,1787,324,2111
00748600,THE NEW ENGLAND INSTITUTE OF ART        ,MA,02445-7295,Proprietary  ,0,2,2,447,258,705
00807800,SPRINGFIELD TECHNICAL COMMUNITY CLG     ,MA,01105-0000,Public       ,10,44,54,3729,5494,9223
00809002,EVEREST COLLEGE - EVEREST INSTITUTE     ,MA,02150-2333,Proprietary  ,0,0,0,8,40,48
00891600,NEW ENGLAND LAW | BOSTON                ,MA,02116-5687,Private      ,0,3,3,19,1225,1244
00964500,BARD COLLEGE AT SIMON'S ROCK            ,MA,01230-9702,Private      ,1,0,1,379,14,393
00974700,GORDON-CONWELL THEOLOGICAL SEMINARY     ,MA,01982-0000,Private      ,0,4,4,6,489,495
00975600,UNIVERSITY OF MASS MEDICAL CENTER       ,MA,01655-0000,Public       ,0,6,6,45,835,880
00987700,HENRI'S SCHOOL OF HAIR DESIGN           ,MA,01420-5675,Proprietary  ,0,0,0,7,10,17
00989900,LOWELL ACADEMY HAIRSTYLING INST         ,MA,01852-1909,Proprietary  ,0,15,15,51,126,177
00993600,MIDDLESEX COMMUNITY COLLEGE             ,MA,01730-1197,Public       ,15,50,65,1948,1997,3945
00993602,"MIDDLESEX COMMUNITY COLLEGE, LOWELL     ",MA,01852-0000,Public       ,12,60,72,3165,3466,6631
01121000,BUNKER HILL COMMUNITY COLLEGE           ,MA,02129-2991,Public       ,28,65,93,6896,11230,18126
01193000,ROXBURY COMMUNITY COLLEGE               ,MA,02120-3400,Public       ,12,65,77,1002,3275,4277
01204200,MANSFIELD BEAUTY SCHOOLS                ,MA,02169-5061,Proprietary  ,1,2,3,24,82,106
01206800,MANSFIELD BEAUTY SCHOOL                 ,MA,01103-1410,Proprietary  ,3,4,7,19,55,74
01218700,BLACKSTONE VALLEY VOCATIONAL REGIONAL SC,MA,01568-1499,Public       ,0,0,0,15,57,72
01238600,SOUTHEASTERN TECHNICAL INSTITUTE        ,MA,02375-1780,Public       ,1,0,1,67,200,267
01246108,LINCOLN TECHNICAL INSTITUTE - BROCKTON  ,MA,02401-1818,Proprietary  ,17,33,50,168,456,624
01246114,LINCOLN TECHNICAL INSTITUTE - LOWELL    ,MA,01852-5119,Proprietary  ,7,28,35,157,439,596
01246115,LINCOLN TECHNICAL INSTITUTE - SOMERVILLE,MA,02145-1102,Proprietary  ,18,37,55,183,443,626
01288100,MONTACHUSETT REG VOC TECH SCH           ,MA,01420-4649,Public       ,0,0,0,21,99,120
01294800,ROB ROY ACADEMY                         ,MA,02721-5330,Proprietary  ,1,8,9,44,105,149
02063000,MONTSERRAT COLLEGE OF ART               ,MA,01915-0000,Private      ,2,0,2,671,66,737
02079400,EMPIRE BEAUTY SCHOOL                    ,MA,01702-5232,Proprietary  ,34,98,132,741,1854,2595
02092100,MASSACHUSETTS SCHOOL OF BARBERING       ,MA,02169-5058,Proprietary  ,1,8,9,26,138,164
02122000,NEW ENGLAND HAIR ACADEMY                ,MA,02148-0000,Proprietary  ,3,15,18,79,181,260
02137000,ROB ROY ACADEMY                         ,MA,02780-0000,Proprietary  ,1,1,2,22,35,57
02137200,MASS GEN HOSP DIETETIC INTERNSHIP       ,MA,02114-0000,Private      ,0,1,1,13,36,49
02163500,NEW ENGLAND SCHOOL OF PHOTOGRAPHY       ,MA,02215-0000,Proprietary  ,0,1,1,85,86,171
02163600,WILLIAM JAMES COLLEGE                   ,MA,02132-0000,Private      ,0,3,3,23,840,863
02169900,ASSABET VALLEY REGIONAL VOC SCHOOL      ,MA,01752-0000,Public       ,0,2,2,20,98,118
02181600,ROB ROY ACADEMY                         ,MA,01609-0000,Proprietary  ,4,12,16,71,163,234
02182900,CAMBRIDGE COLLEGE                       ,MA,02138-5304,Private      ,3,146,149,377,2895,3272
02197900,NORTH BENNET STREET SCHOOL              ,MA,02113-0000,Private      ,0,0,0,43,175,218
02215100,HALLMARK INSTITUTE OF PHOTOGRAPHY       ,MA,01376-0000,Proprietary  ,0,0,0,101,104,205
02219501,MILDRED ELLEY - PITTSFIELD              ,MA,01201-5300,Proprietary  ,4,42,46,37,251,288
02220400,CATHERINE HINDS INST OF ESTHETICS       ,MA,01801-0000,Proprietary  ,0,8,8,79,229,308
02231600,MGH INSTITUTE OF HEALTH PROFESSION      ,MA,02129-0000,Private      ,1,18,19,111,1653,1764
02274300,CONWAY SCHOOL OF LANDSCAPE DESIGN       ,MA,01341-0179,Private      ,0,0,0,0,28,28
02325700,LABARON HAIRDRESSING ACADEMY            ,MA,02740-0000,Proprietary  ,1,1,2,15,40,55
02325800,LABARON HAIRDRESSING ACAD-BROCKTON      ,MA,02301-0000,Proprietary  ,1,1,2,16,48,64
02337400,BANCROFT SCHOOL OF MASSAGE THERAPY      ,MA,01604-4614,Proprietary  ,0,2,2,20,79,99
02338200,BAY STATE SCHOOL OF TECHNOLOGY          ,MA,02021-0000,Proprietary  ,0,15,15,38,163,201
02339400,ROB ROY ACADEMY                         ,MA,02746-0000,Proprietary  ,0,0,0,8,37,45
02491700,CORTIVA INSTITUTE -  BOSTON             ,MA,02472-2577,Proprietary  ,0,1,1,22,78,100
02523900,ELIZABETH GRADY SCHOOL OF ESTHETICS     ,MA,02155-0000,Proprietary  ,0,7,7,56,191,247
02616704,LE CORDON BLEU COLLEGE OF CULINARY ARTS ,MA,02142-1221,Proprietary  ,0,1,1,108,192,300
03066700,AILANO SCHOOL OF COSMETOLOGY            ,MA,02303-4740,Proprietary  ,0,1,1,12,67,79
03104000,SHAWSHEEN ADULT TECHNICAL INSTITUTE     ,MA,01821-5499,Public       ,0,0,0,13,66,79
03115200,MOTORING TECHNICAL TRAINING INST        ,MA,02771-5933,Proprietary  ,11,7,18,176,356,532
03120800,KAY HARVEY HAIRDRESSING ACADEMY         ,MA,01089-2701,Proprietary  ,0,4,4,17,40,57
03130500,URBAN COLLEGE OF BOSTON                 ,MA,02111-1093,Private      ,4,84,88,71,1098,1169
03194300,BOSTON GRAD SCH OF PSYCHOANALYSIS       ,MA,02446-4602,Private      ,0,0,0,0,80,80
03205400,JOLIE HAIR & BEAUTY ACADEMY             ,MA,01056-2769,Proprietary  ,6,18,24,40,121,161
03235300,MASSACHUSETTS SCHOOL OF LAW             ,MA,01810-1094,Private      ,0,3,3,12,423,435
03240300,TONI & GUY HAIRDRESSING ACADEMY         ,MA,01605-2213,Proprietary  ,0,4,4,89,115,204
03240301,TONI & GUY HAIRDRESSING ACADEMY - BRAINT,MA,02184-2807,Proprietary  ,5,3,8,87,89,176
03248300,BOSTON BAPTIST COLLEGE                  ,MA,02136-4030,Private      ,0,0,0,71,54,125
03316400,FUNERAL INSTITUTE OF THE NORTHEAST      ,MA,02062-4766,Proprietary  ,0,5,5,30,125,155
03504300,NATL GRAD SCH OF QUALITY SYSTM MGMT     ,MA,02540-0000,Private      ,0,6,6,0,99,99
03570500,NORTHPOINT BIBLE COLLEGE                ,MA,01835-0000,Private      ,0,1,1,227,156,383
03763300,MEDICAL PROFESSIONAL INSTITUTE          ,MA,02148-8143,Proprietary  ,1,15,16,44,370,414
03859300,E.I.N.E.                                ,MA,01876-4709,Proprietary  ,0,1,1,6,63,69
03927303,MARINELLO SCHOOL OF BEAUTY - NORTHAMPTON,MA,01060-3947,Proprietary  ,0,0,0,34,55,89
03946300,FRANKLIN W. OLIN COLLEGE OF ENGINEERING ,MA,02492-1200,Private      ,0,0,0,673,21,694
03965300,NEW ENGLAND COLLEGE OF FINANCE          ,MA,02110-1605,Proprietary  ,1,17,18,95,1069,1164
04116900,DIGRIGOLI SCHOOL OF COSMETOLOGY         ,MA,01089-4623,Proprietary  ,0,2,2,78,110,188
04122000,TRI COUNTY REGIONAL VOCATIONAL TECHNICAL,MA,02038-0000,Public       ,0,2,2,26,71,97
04128000,MILLENNIUM TRAINING INSTITUTE           ,MA,01801-6386,Proprietary  ,1,18,19,7,143,150
04143200,HULT INTERNATIONAL BUSINESS SCHOOL      ,MA,02141-1805,Private      ,1,1,2,104,247,351
04153200,SOUTHERN WORCESTER COUNTY REGIONAL VOC S,MA,01507-1331,Public       ,0,1,1,16,48,64
04193100,ALEXANDER ACADEMY                       ,MA,01420-0000,Proprietary  ,2,2,4,36,71,107
04221500,BCI                                     ,MA,02245-0000,Private      ,0,24,24,4,73,77
04229200,JUPITER BEAUTY ACADEMY                  ,MA,02122-2834,Proprietary  ,0,6,6,14,51,65
04251600,NATIONAL PERSONAL TRAINING INSTITUTE OF ,MA,02452-4682,Proprietary  ,1,0,1,3,10,13
00401200,HEBREW UNIVERSITY OF JERUSALEM (THE)    ,FC,00000-0000,Public       ,0,2,2,30,87,117
00403000,UNIVERSITY OF CAMBRIDGE                 ,FC,00000-0000,Public       ,0,0,0,8,107,115
00503400,AMERICAN UNIVERSITY OF CAIRO            ,FC,00000-0000,Private      ,0,1,1,39,111,150
00669000,UNIVERSITY OF COPENHAGEN                ,FC,00000-0000,Public       ,0,1,1,5,75,80
00669100,UNIVERSITY OF CAMBRIDGE - PEMBROKE      ,FC,00000-0000,Public       ,0,0,0,1,10,11
00669200,UNIVERSITY OF LEEDS                     ,FC,00000-0000,Public       ,0,1,1,25,120,145
00669300,UNIV OF LONDON-LONDON SCHOOL ECON       ,FC,00000-0000,Public       ,0,5,5,18,396,414
00669400,UNIVERSITY OF LONDON - SCHOOL OF ORIENTA,FC,00000-0000,Public       ,0,0,0,16,180,196
00669500,UNIV OF LONDON-UNIVERSITY COLLEGE       ,FC,00000-0000,Public       ,0,1,1,52,432,484
00669502,UNIVERSITY OF LONDON - UCL INSTITUTE OF ,FC,00000-0000,Public       ,0,0,0,1,40,41
00669600,UNIV OF LONDON-SCH ADVANCED STUDY       ,FC,00000-0000,Public       ,0,0,0,0,16,16
00669700,"QUEEN MARY, UNIVERSITY OF LONDON        ",FC,00000-0000,Public       ,0,0,0,40,163,203
00669900,UNIVERSITY OF SUSSEX                    ,FC,00000-0000,Public       ,0,1,1,18,80,98
00670000,"UNIVERSITY OF YORK, THE                 ",FC,00000-0000,Public       ,0,1,1,26,146,172
00670400,UNIVERSITY COLLEGE CORK                 ,FC,00000-0000,Public       ,0,0,0,25,79,104
00671300,UPPSALA UNIVERSITY                      ,FC,00000-0000,Public       ,0,0,0,1,54,55
00671500,UNIVERSITY OF GENEVA                    ,FC,00000-0000,Public       ,0,0,0,5,86,91
00683900,UNIVERSITY OF EDINBURGH                 ,FC,00000-0000,Public       ,1,3,4,265,791,1056
00684200,UNIVERSITY OF DUBLIN TRINITY COLLEG     ,FC,00000-0000,Public       ,0,3,3,63,250,313
00685000,UNIVERSITY OF CAMBRIDGE - DOWNING C     ,FC,00000-0000,Public       ,0,0,0,1,4,5
00763200,UNIVERSITY OF BRISTOL                   ,FC,00000-0000,Public       ,0,0,0,24,84,108
00770500,ROYAL COLLEGE OF SURGEONS IN IRELAN     ,FC,00000-0000,Private      ,0,1,1,4,58,62
00788100,AMERICAN UNIVERSITY OF PARIS            ,FC,00000-0000,Private      ,2,1,3,600,332,932
00837100,AMERICAN UNIVERSITY OF BEIRUT           ,FC,00000-0000,Private      ,1,0,1,86,81,167
00837300,TEL-AVIV UNIVERSITY                     ,FC,00000-0000,Public       ,0,0,0,34,121,155
00837600,VRIJE UNIVERSITEIT AMSTERDAM            ,FC,00000-0000,Public       ,0,0,0,8,55,63
00837700,UNIVERSITEIT VAN AMSTERDAM(UNIVERSI     ,FC,00000-0000,Public       ,0,1,1,22,164,186
00838000,UNIVERSITY OF WARWICK                   ,FC,00000-0000,Public       ,0,0,0,11,62,73
00838300,UNIVERSITY OF GLASGOW                   ,FC,00000-0000,Public       ,2,0,2,95,463,558
00839400,UNIVERSITY OF OXFORD                    ,FC,00000-0000,Public       ,0,0,0,24,305,329
00839800,UNIVERSITY OF SHEFFIELD (THE)           ,FC,00000-0000,Public       ,0,0,0,19,101,120
00839900,UNIVERSITY OF SOUTHAMPTON               ,FC,00000-0000,Public       ,0,0,0,19,62,81
00845200,ABERYSTWYTH UNIVERSITY                  ,FC,00000-0000,Public       ,0,0,0,18,39,57
00845800,LOUGHBOROUGH UNIVERSITY                 ,FC,00000-0000,Public       ,0,0,0,6,16,22
00846000,UNIVERSITY OF NEWCASTLE UPON TYNE       ,FC,00000-0000,Public       ,0,0,0,29,96,125
00846100,UNIVERSITY OF SAINT ANDREWS             ,FC,00000-0000,Private      ,1,0,1,336,166,502
00850500,UNIVERSITY OF MELBOURNE                 ,FC,00000-0000,Public       ,0,2,2,20,190,210
00858600,SWANSEA UNIVERSITY                      ,FC,00000-0000,Public       ,0,0,0,24,56,80
00858700,UNIVERSITY OF DURHAM                    ,FC,00000-0000,Public       ,0,2,2,35,219,254
00866500,UNIVERSITY OF KENT AT CANTERBURY (THE)  ,FC,00000-0000,Public       ,0,1,1,32,170,202
00867000,UNIVERSITY OF NEW SOUTH WALES           ,FC,00000-0000,Public       ,0,0,0,27,88,115
00868700,UNIVERSITY OF ESSEX                     ,FC,00000-0000,Public       ,0,0,0,35,135,170
00869300,CITY UNIVERSITY                         ,FC,00000-0000,Public       ,0,0,0,25,239,264
00890800,THE UNIVERSITY OF BIRMINGHAM            ,FC,00000-0000,Public       ,0,1,1,22,130,152
00891000,UNIVERSITY OF HULL                      ,FC,00000-0000,Public       ,0,0,0,5,11,16
00892000,UNIVERSITY OF NOTTINGHAM                ,FC,00000-0000,Public       ,0,0,0,20,109,129
00900600,UNIVERSITY OF SALFORD (THE)             ,FC,00000-0000,Public       ,0,0,0,3,24,27
00908400,"UNIV OF LONDON, BIRKBECK                ",FC,00000-0000,Public       ,0,0,0,12,95,107
00908500,UNIV OF LONDON KING'S COLLEGE           ,FC,00000-0000,Public       ,0,1,1,119,472,591
00908600,UNIVERSITY OF LONDON - ROYAL HOLLOWAY   ,FC,00000-0000,Public       ,0,0,0,40,84,124
00914300,BAR-ILAN UNIVERSITY                     ,FC,00000-0000,Private      ,0,0,0,19,31,50
00924900,UNIVERSITY OF LIVERPOOL                 ,FC,00000-0000,Public       ,0,1,1,22,96,118
00936800,UNIVERSITY OF ABERDEEN                  ,FC,00000-0000,Public       ,0,0,0,58,141,199
00942300,ROYAL COLLEGE OF ART                    ,FC,00000-0000,Public       ,0,1,1,5,56,61
00942800,TECHNION-ISRAEL INST OF TECHLGY         ,FC,00000-0000,Public       ,0,0,0,8,76,84
00944200,UNIVERSITY OF EXETER                    ,FC,00000-0000,Public       ,0,0,0,21,74,95
00944400,UNIVERSITY OF LANCASTER                 ,FC,00000-0000,Public       ,0,0,0,10,37,47
00963400,UNIVERSITY OF OXFORD ST CATHERINE'S     ,FC,00000-0000,Public       ,0,0,0,1,5,6
00980800,UNIVERSITY OF STRATHCLYDE               ,FC,00000-0000,Public       ,0,0,0,10,59,69
00986000,UNIVERSITY OF SURREY                    ,FC,00000-0000,Public       ,0,0,0,19,43,62
00992700,UNIVERSITY OF CAMBRIDGE - FITZWILLI     ,FC,00000-0000,Public       ,0,0,0,1,8,9
01006700,LUND UNIVERSITY                         ,FC,00000-0000,Public       ,0,0,0,8,101,109
01008400,UNIVERSITY OF CAPE TOWN                 ,FC,00000-0000,Public       ,0,2,2,13,75,88
01008700,UNIVERSITY OF OXFORD ST PETER'S COL     ,FC,00000-0000,Public       ,0,0,0,0,4,4
01008800,UNIVERSITY OF OXFORD - CORPUS CHRIS     ,FC,00000-0000,Public       ,0,0,0,1,4,5
01008900,CENTRAL SCHOOL OF SPEECH AND DRAMA      ,FC,00000-0000,Public       ,0,0,0,12,49,61
01009000,UNIVERSITY OF OXFORD - BALLIOL COLL     ,FC,00000-0000,Public       ,0,0,0,1,9,10
01014300,UNIVERSITY OF READING                   ,FC,00000-0000,Public       ,0,0,0,13,67,80
01015700,CARDIFF UNIVERSITY                      ,FC,00000-0000,Public       ,0,0,0,25,72,97
01016000,CG JUNG INST                            ,FC,00000-0000,Private      ,0,0,0,0,4,4
01018800,UNIVERSITY COLLEGE DUBLIN               ,FC,00000-0000,Public       ,1,1,2,89,301,390
01019000,UNIVERSITY OF CAMBRIDGE CHURCHILL C     ,FC,00000-0000,Public       ,0,0,0,1,7,8
01022800,UNIVERSITY OF STIRLING                  ,FC,00000-0000,Public       ,0,2,2,24,49,73
01033200,UNIVERSITY OF CAMBRIDGE - CLARE COL     ,FC,00000-0000,Public       ,0,0,0,2,7,9
01045600,UNIVERSITY OF HAIFA                     ,FC,00000-0000,Public       ,0,1,1,4,45,49
01047200,INST EUROPEEN OPEEN D'ADMINISTRATIO     ,FC,00000-0000,Private      ,0,2,2,0,56,56
01049300,CRANFIELD UNIVERSITY                    ,FC,00000-0000,Public       ,0,0,0,0,12,12
01052000,TRINITY LABAN CONSERVATOIRE OF MUSIC AND,FC,00000-0000,Public       ,0,0,0,7,18,25
01052500,UNIVERSITY OF HERTFORDSHIRE             ,FC,00000-0000,Public       ,0,0,0,25,30,55
01057400,LONDON INTRNTL FILM SCHOOL              ,FC,00000-0000,Private      ,0,0,0,3,22,25
01058800,AUSTRALIAN NATIONAL UNIVERSITY          ,FC,00000-0000,Public       ,0,0,0,14,47,61
01058900,BANGOR UNIVERSITY                       ,FC,00000-0000,Public       ,0,0,0,29,29,58
01059400,"RICHMOND, THE AMERICAN INT UNI IN LONDON",FC,00000-0000,Private      ,0,1,1,320,59,379
01059900,INST D'ETUDES POLITIQUES DE PARIS       ,FC,00000-0000,Public       ,0,0,0,11,123,134
01068100,MACQUARIE UNIVERSITY                    ,FC,00000-0000,Public       ,0,0,0,11,43,54
01069200,UNIVERSITY OF QUEENSLAND (THE)          ,FC,00000-0000,Public       ,0,2,2,26,513,539
01078900,UNIVERSITY OF OXFORD - WORCESTER CO     ,FC,00000-0000,Public       ,0,0,0,0,4,4
01079700,"NATIONAL UNIVERSITY OF IRELAND, MAY     ",FC,00000-0000,Public       ,0,0,0,14,25,39
01081600,KINGSTON UNIVERSITY                     ,FC,00000-0000,Public       ,0,0,0,63,213,276
01086400,UNIV OF DUNDEE                          ,FC,00000-0000,Public       ,0,0,0,6,31,37
01086600,UNIVERSITY OF OXFORD - MAGDALEN COLLEGE ,FC,00000-0000,Public       ,0,0,0,2,6,8
01086700,UNIVERSITY OF OXFORD ST JOHN'S COLL     ,FC,00000-0000,Public       ,0,0,0,0,3,3
01091400,MONASH UNIVERSITY                       ,FC,00000-0000,Public       ,0,0,0,10,44,54
01091500,UNIV OF EAST ANGLIA                     ,FC,00000-0000,Public       ,0,0,0,31,79,110
01094200,UNIVERSITY OF OXFORD - ST HUGH'S CO     ,FC,00000-0000,Public       ,0,0,0,1,10,11
01097700,UNIVERSIDAD CENTRAL DEL ESTE            ,FC,00000-0000,Private      ,0,1,1,24,126,150
01098000,SOMERVILLE COLLEGE                      ,FC,00000-0000,Public       ,0,0,0,2,5,7
01099900,UNIV OF OXFORD - WADHAM COLLEGE         ,FC,00000-0000,Public       ,0,0,0,0,5,5
01105300,UNIVERSITY OF OXFORD - ST HILDA'S C     ,FC,00000-0000,Public       ,0,0,0,1,6,7
01105400,UNIVERSITY OF OXFORD - ST ANNE'S CO     ,FC,00000-0000,Public       ,0,0,0,0,12,12
01105500,UNIV OF OXFORD - LADY MARGARET HALL     ,FC,00000-0000,Public       ,0,0,0,0,9,9
01105600,UNIVERSITY OF OXFORD - UNIVERSITY C     ,FC,00000-0000,Public       ,0,0,0,19,53,72
01105700,UNIVERSITY OF OXFORD - TRINITY COLL     ,FC,00000-0000,Public       ,0,0,0,2,4,6
01105800,UNIVERSITY OF OXFORD-ST EDMUND HALL     ,FC,00000-0000,Public       ,0,0,0,1,5,6
01105900,UNIVERSITY OF OXFORD ST ANTONY'S CO     ,FC,00000-0000,Public       ,0,0,0,0,23,23
01106000,UNIVERSITY OF OXFORD - QUEEN'S COLL     ,FC,00000-0000,Public       ,0,0,0,2,3,5
01106100,UNIVERSITY OF OXFORD - PEMBROKE COL     ,FC,00000-0000,Public       ,0,0,0,0,6,6
01106200,UNIVERSITY OF OXFORD - ORIEL COLLEG     ,FC,00000-0000,Public       ,0,0,0,1,9,10
01106300,UNIVERSITY OF OXFORD - NUFFIELD COL     ,FC,00000-0000,Public       ,0,0,0,0,4,4
01106400,UNIVERSITY OF OXFORD - NEW COLLEGE      ,FC,00000-0000,Public       ,0,0,0,3,6,9
01106500,UNIVERSITY OF OXFORD MERTON COLLEGE     ,FC,00000-0000,Public       ,0,0,0,2,8,10
01106600,UNIVERSITY OF OXFORD - LINCOLN COLL     ,FC,00000-0000,Public       ,0,0,0,0,9,9
01106700,UNIVERSITY OF OXFORD - KEBLE COLLEG     ,FC,00000-0000,Public       ,0,0,0,0,5,5
01106800,UNIVERSITY OF OXFORD - JESUS COLLEG     ,FC,00000-0000,Public       ,0,0,0,2,6,8
01106900,UNIVERSITY OF OXFORD - HERTFORD COL     ,FC,00000-0000,Public       ,0,0,0,1,8,9
01107000,UNIVERSITY OF OXFORD EXETER COLLEGE     ,FC,00000-0000,Public       ,0,0,0,0,5,5
01107100,UNIV OF OXFORD - CHRIST CHURCH          ,FC,00000-0000,Public       ,0,0,0,3,16,19
01107200,UNIVERSITY OF OXFORD - BRASENOSE CO     ,FC,00000-0000,Public       ,0,0,0,1,4,5
01109100,FLINDERS UNIVERSITY OF S AUSTRALIA      ,FC,00000-0000,Public       ,0,0,0,8,23,31
01109400,UNIVERSITY OF WESTERN AUSTRALIA (THE)   ,FC,00000-0000,Public       ,0,0,0,4,23,27
01121400,UNIVERSITY OF THE WITWATERSRAND         ,FC,00000-0000,Public       ,0,1,1,3,24,27
01122600,AARHUS UNIVERSITY                       ,FC,00000-0000,Public       ,0,0,0,3,41,44
01156700,"IMPERIAL COLLEGE OF SCIENCE, TECHNOLOGY ",FC,00000-0000,Public       ,0,0,0,17,91,108
01167900,UNIVERSITY OF BATH                      ,FC,00000-0000,Public       ,0,0,0,11,38,49
01168300,FRANKLIN COLLEGE  SWITZERLAND           ,FC,00000-0000,Private      ,1,0,1,254,37,291
01175800,UNIV OF CAMBRIDGE - PETERHOUSE          ,FC,00000-0000,Public       ,0,0,0,2,4,6
01176400,ROYAL ACADEMY OF MUSIC                  ,FC,00000-0000,Public       ,0,0,0,8,22,30
01176500,GOLDSMITHS' COLLEGE-UNIV OF LONDON      ,FC,00000-0000,Public       ,0,0,0,52,178,230
01178000,BRUNEL UNIVERSITY                       ,FC,00000-0000,Public       ,0,0,0,13,67,80
01183800,UNIVERSITY OF OXFORD - MANSFIELD CO     ,FC,00000-0000,Public       ,0,0,0,0,6,6
01207500,UNIVERSITY CAMBRIDGE - TRINITY COLL     ,FC,00000-0000,Public       ,0,0,0,3,7,10
01207800,VICTORIA UNIV OF WELLINGTON             ,FC,00000-0000,Public       ,0,1,1,11,54,65
01209600,ECOLE HÔTELIERE DE LAUSANNE             ,FC,00000-0000,Private      ,0,0,0,5,10,15
01210100,UNIVERSITY OF CAMBRIDGE - GIRTON CO     ,FC,00000-0000,Public       ,0,0,0,1,6,7
01213600,VICTORIA UNIV OF MANCHESTER (THE)       ,FC,00000-0000,Public       ,0,0,0,32,147,179
01219800,UNIVERSITY OF BRADFORD                  ,FC,00000-0000,Public       ,0,0,0,4,31,35
01220100,UNIVERSITY OF OXFORD - REGENT'S PAR     ,FC,00000-0000,Public       ,0,0,0,0,3,3
01220600,JAMES COOK UNIVERSITY                   ,FC,00000-0000,Public       ,0,0,0,17,59,76
01221500,BIRMINGHAM CITY UNIVERSITY              ,FC,00000-0000,Public       ,0,0,0,10,43,53
01222300,JAGIELLONIAN UNIVERSITY COLLEGIUM M     ,FC,00000-0000,Public       ,0,0,0,1,34,35
01225800,ASTON UNIVERSITY                        ,FC,00000-0000,Public       ,0,0,0,5,11,16
01227500,UNIVERSITY OF OXFORD - WOLFSON COLL     ,FC,00000-0000,Public       ,0,1,1,0,22,22
01230200,GONVILLE & CAIUS COLLEGE                ,FC,00000-0000,Public       ,0,0,0,1,2,3
01233500,ROYAL COLLEGE OF MUSIC                  ,FC,00000-0000,Public       ,0,0,0,4,23,27
01234100,UNIVERSITY OF WALES - ST DAVID'S UN     ,FC,00000-0000,Public       ,0,0,0,5,12,17
01242100,UNIV OF AUCKLAND                        ,FC,00000-0000,Public       ,0,1,1,26,108,134
01254000,UNIVERSIDAD DE NAVARRA                  ,FC,00000-0000,Private      ,2,0,2,14,37,51
01276500,UNIVERSITY OF OXFORD - LINACRE COLL     ,FC,00000-0000,Public       ,0,0,0,0,14,14
01276600,"NATIONAL UNIVERSITY IRELAND, GALWAY     ",FC,00000-0000,Public       ,0,0,0,33,124,157
01280200,PONTIFICIA UNIV CATOLICA MAD Y MAES     ,FC,00000-0000,Private      ,2,1,3,129,119,248
01281100,INST TECNOLOGICO DE SANTO DOMINGO       ,FC,00000-0000,Private      ,1,1,2,25,60,85
01283900,UNIVERSITY OF CAMBRIDGE - SAINT JOH     ,FC,00000-0000,Public       ,0,0,0,0,8,8
01297800,UNIVERSITY OF HUDDERSFIELD (THE)        ,FC,00000-0000,Public       ,0,0,0,7,19,26
01315300,MASSEY UNIVERSITY                       ,FC,00000-0000,Public       ,0,0,0,11,55,66
02052400,DARWIN COLLEGE                          ,FC,00000-0000,Public       ,0,0,0,1,8,9
02082400,UNIVERSITY OF CAMBRIDGE - QUEEN'S C     ,FC,00000-0000,Public       ,0,0,0,2,7,9
02083400,UNIVERSITY OF CAMBRIDGE - WOLFSON C     ,FC,00000-0000,Public       ,0,0,0,0,20,20
02087400,UNIVERSITY OF CAMBRIDGE - NEWNHAM C     ,FC,00000-0000,Public       ,0,0,0,0,5,5
02087900,OXFORD BROOKES UNIVERSITY               ,FC,00000-0000,Public       ,0,0,0,23,99,122
02094100,BEN-GURION UNIV                         ,FC,00000-0000,Public       ,1,0,1,4,89,93
02094400,UNIV OF CAMBRIDGE - ST EDMUND'S HOU     ,FC,00000-0000,Public       ,0,0,0,0,11,11
02095500,LONDON BUS SCHOOL                       ,FC,00000-0000,Public       ,0,1,1,3,94,97
02101900,ROEHAMPTON UNIVERSITY                   ,FC,00000-0000,Public       ,0,0,0,45,113,158
02108600,LONDON ACADEMY OF MUSIC & DRAMATIC      ,FC,00000-0000,Private      ,0,1,1,28,61,89
02115900,UNIVERSITY OF PORTSMOUTH                ,FC,00000-0000,Public       ,0,0,0,15,14,29
02116700,UNIVERSITY OF CAMBRIDGE - LUCY CAVE     ,FC,00000-0000,Public       ,0,0,0,1,8,9
02120000,UNIV OF LONDON - COURTALD INST OF A     ,FC,00000-0000,Public       ,0,0,0,0,36,36
02133400,UNIVERSITY OF CAMBRIDGE - SIDNEY SU     ,FC,00000-0000,Public       ,0,0,0,2,10,12
02142000,UNIVERSITY OF CAMBRIDGE - HOMERTON      ,FC,00000-0000,Public       ,0,0,0,0,8,8
02149700,UNIVERSITY OF WINCHESTER (THE)          ,FC,00000-0000,Public       ,0,0,0,15,9,24
02156800,UNIV OF OTAGO                           ,FC,00000-0000,Public       ,0,0,0,12,52,64
02162300,"IESE BUSINESS SCH, UNIV OF NAVARRA      ",FC,00000-0000,Private      ,0,0,0,4,65,69
02167400,UNIVERSITY OF CAMBRIDGE - CORPUS CH     ,FC,00000-0000,Public       ,0,0,0,0,6,6
02177700,KING'S COLLEGE- UNIV OF CAMBRIDGE       ,FC,00000-0000,Public       ,0,0,0,14,34,48
02180500,MIDDLESEX UNIVERSITY                    ,FC,00000-0000,Public       ,0,0,0,51,103,154
02183500,UNIV OF OXFORD - WYCLIFFE HALL          ,FC,00000-0000,Public       ,0,0,0,3,15,18
02186000,UNIVERSITY OF CAMBRIDGE - MAGDALENE     ,FC,00000-0000,Public       ,0,0,0,3,3,6
02186100,UNIVERSITY OF CAMBRIDGE - EMMANUEL      ,FC,00000-0000,Public       ,0,0,0,0,5,5
02194800,UNIVERSITY OF THE WEST OF ENGLAND -     ,FC,00000-0000,Public       ,0,0,0,9,29,38
02195100,UNIV OF WESTMINSTER                     ,FC,00000-0000,Public       ,0,1,1,66,166,232
02196700,GUILDHALL SCHOOL OF MUSIC & DRAMA       ,FC,00000-0000,Public       ,0,0,0,13,22,35
02207300,UNIVERSITY OF CAMBRIDGE - CHRIST'S      ,FC,00000-0000,Public       ,0,0,0,0,7,7
02207400,CHINESE UNIVERSITY OF HONG KONG (THE)   ,FC,00000-0000,Public       ,0,0,0,12,26,38
02209500,UNIVERSITEIT UTRECHT                    ,FC,00000-0000,Public       ,0,0,0,14,51,65
02210000,UNIV OF LONDON - LONDON SCHOOL OF H     ,FC,00000-0000,Public       ,0,1,1,0,108,108
02212300,UNIVERSITY OF CAMBRIDGE - ROBINSON      ,FC,00000-0000,Public       ,0,0,0,0,1,1
02225300,UNIVERSITY OF CANTERBURY                ,FC,00000-0000,Public       ,0,0,0,4,17,21
02229100,UNIVERSITY OF LEICESTER                 ,FC,00000-0000,Public       ,1,0,1,16,120,136
02229600,SACKLER SCHOOL OF MEDICINE              ,FC,00000-0000,Public       ,0,0,0,0,159,159
02232100,UNIVERSITY OF CAMBRIDGE                 ,FC,00000-0000,Public       ,0,0,0,2,36,38
02233300,"ST GEORGE'S UNIVERSITY, SCHOOL OF MEDICI",FC,00000-0000,Proprietary  ,0,9,9,21,4183,4204
02235300,LONDON METROPOLITAN UNIVERSITY          ,FC,00000-0000,Public       ,0,1,1,43,89,132
02244400,AMERICAN UNIV OF THE CARIBBEAN          ,FC,00000-0000,Proprietary  ,0,32,32,10,1742,1752
02266600,UNIVERSITY OF LONDON - SAINT GEORGE     ,FC,00000-0000,Public       ,0,0,0,3,55,58
02271700,UNIVERSITY OF CAMBRIDGE - CLARE HAL     ,FC,00000-0000,Public       ,0,0,0,0,4,4
02271800,UNIV OF OXFORD - CAMPION HALL           ,FC,00000-0000,Public       ,0,0,0,0,1,1
02271900,UNIVERSITY OF OXFORD - BLACKFRIARS      ,FC,00000-0000,Public       ,0,0,0,0,2,2
02272200,UNIVERSITY OF CAMBRIDGE - MURRAY EDWARDS,FC,00000-0000,Public       ,0,0,0,0,1,1
02273600,QUEEN'S UNIV OF BELFAST (THE)           ,FC,00000-0000,Public       ,0,0,0,18,86,104
02273900,HERIOT WATT UNIVERSITY                  ,FC,00000-0000,Public       ,0,1,1,8,37,45
02293400,ECOLE DES HAUTES ETUDES COMERCIALS      ,FC,00000-0000,Public       ,0,0,0,0,33,33
02296300,UNIVERSITY OF CAMBRIDGE - JESUS COL     ,FC,00000-0000,Public       ,0,0,0,0,10,10
02310500,DE MONTFORT UNIVERSITY                  ,FC,00000-0000,Public       ,0,0,0,5,12,17
02320500,ROYAL NORTHERN COLLEGE OF MUSIC         ,FC,00000-0000,Public       ,0,0,0,2,9,11
02335100,UNIV OF CAMBRIDGE - TRINITY HALL        ,FC,00000-0000,Public       ,0,0,0,2,12,14
02338900,UNIVERSITY  FOR THE CREATIVE ARTS       ,FC,00000-0000,Public       ,0,0,0,11,10,21
02351800,UNIVERSIDAD IBEROAMERICANA (UNIBE       ,FC,00000-0000,Private      ,2,5,7,86,452,538
02352100,UNIVERSITY OF PLYMOUTH                  ,FC,00000-0000,Public       ,0,1,1,15,17,32
02496700,NATIONAL FILM & TV SCHOOL               ,FC,00000-0000,Public       ,0,0,0,2,9,11
02545700,GLASGOW SCHOOL OF ART                   ,FC,00000-0000,Public       ,0,1,1,5,26,31
02561600,SOUTHAMPTON SOLENT UNIVERSITY           ,FC,00000-0000,Public       ,0,0,0,13,4,17
02579600,MURDOCH UNIVERSITY                      ,FC,00000-0000,Public       ,0,0,0,5,27,32
02588000,UNIVERSITY OF ULSTER                    ,FC,00000-0000,Public       ,0,0,0,7,21,28
02611700,DUBLIN CITY UNIVERSITY                  ,FC,00000-0000,Public       ,0,0,0,13,42,55
03012700,UNIVERSITY OF BUCKINGHAM                ,FC,00000-0000,Private      ,0,0,0,8,13,21
03029400,KEELE UNIVERSITY                        ,FC,00000-0000,Public       ,1,0,1,16,13,29
03029500,NORTHUMBRIA UNIVERSITY                  ,FC,00000-0000,Public       ,0,0,0,9,41,50
03033300,MANCHESTER METROPOLITAN UNIV            ,FC,00000-0000,Public       ,0,0,0,35,68,103
03045000,UNIVERSITY OF EAST LONDON               ,FC,00000-0000,Public       ,0,0,0,34,56,90
03050100,STUDIO ART CENTERS INTERNATIONAL        ,FC,00000-0000,Private      ,0,0,0,20,54,74
03067200,UNIVERSITY OF SYDNEY                    ,FC,00000-0000,Public       ,0,3,3,25,196,221
03073800,UNIV OF DEBRECEN MED & HEALTH SCI       ,FC,00000-0000,Public       ,0,0,0,3,17,20
03078700,UNIVERSITA COMMERCIALE L BOCCONI        ,FC,00000-0000,Private      ,0,1,1,12,39,51
03080300,SHEFFIELD HALLAM UNIVERSITY             ,FC,00000-0000,Public       ,0,0,0,7,10,17
03084300,UNIVERSITY OF LIMERICK                  ,FC,00000-0000,Public       ,0,1,1,20,79,99
03088700,ROYAL SCOTTISH ACAD MUSIC & DRAMA       ,FC,00000-0000,Public       ,0,0,0,21,27,48
03091400,UNIVERSITY OF WOLLONGONG                ,FC,00000-0000,Public       ,0,1,1,8,24,32
03091500,UNIVERSITY OF CANBERRA                  ,FC,00000-0000,Public       ,0,0,0,3,5,8
03091700,POZNAN UNIVERSITY OF MEDICAL SCIENCES   ,FC,00000-0000,Public       ,0,0,0,6,43,49
03092500,NOTTINGHAM TRENT UNIVERSITY             ,FC,00000-0000,Public       ,0,0,0,16,31,47
03095000,RMIT UNIVERSITY                         ,FC,00000-0000,Public       ,0,0,0,10,37,47
03095400,BOND UNIVERSITY                         ,FC,00000-0000,Private      ,0,4,4,21,68,89
03095900,ESSEC BUSINESS SCHOOL                   ,FC,00000-0000,Private      ,0,0,0,3,15,18
03096100,LA TROBE UNIVERSITY                     ,FC,00000-0000,Public       ,0,0,0,12,22,34
03100000,UNIVERSITY OF ADELAIDE (THE)            ,FC,00000-0000,Public       ,0,0,0,6,15,21
03101600,ASIAN INSTITUTE OF MANAGEMENT           ,FC,00000-0000,Private      ,0,0,0,3,25,28
03102500,AMERICAN UNIVERSITY OF ROME             ,FC,00000-0000,Private      ,0,1,1,127,99,226
03102800,ROBERT GORDON UNIVERSITY (THE)          ,FC,00000-0000,Public       ,0,0,0,1,40,41
03104800,GRIFFITH UNIVERSITY                     ,FC,00000-0000,Public       ,0,0,0,17,34,51
03140600,SOUTHERN CROSS UNIVERSITY               ,FC,00000-0000,Public       ,0,0,0,1,9,10
03150400,"UNIVERSITY OF TECHNOLOGY, SYDNEY        ",FC,00000-0000,Public       ,0,0,0,5,33,38
03287300,LIVERPOOL INSTITUTE FOR PERFORMING ARTS ,FC,00000-0000,Public       ,0,1,1,26,4,30
03300300,"2ND SCHOOL OF MEDICINE, CHARLES UNI     ",FC,00000-0000,Public       ,0,0,0,3,22,25
03300400,"FIRST FACULTY OF MEDICINE, CHARLES UNIV.",FC,00000-0000,Public       ,0,0,0,5,33,38
03329300,JOHN CABOT UNIVERSITY                   ,FC,00000-0000,Private      ,1,0,1,188,42,230
03333300,MEDICAL UNIVERSITY SCHOOL OF LUBLIN     ,FC,00000-0000,Public       ,0,2,2,11,167,178
03334300,UNIVERSIDAD NORDESTANA                  ,FC,00000-0000,Private      ,0,1,1,7,60,67
03335300,MEDICAL UNIVERSITY OF SILESIA           ,FC,00000-0000,Public       ,0,0,0,8,74,82
03342300,GLASGOW CALEDONIAN UNIVERSITY           ,FC,00000-0000,Public       ,0,0,0,7,45,52
03349400,"QUEEN MARGARET UNIVERSITY, EDINBURGH    ",FC,00000-0000,Public       ,0,0,0,3,27,30
03350300,BOURNEMOUTH UNIVERSITY                  ,FC,00000-0000,Public       ,0,0,0,15,35,50
03352300,LONDON SOUTH BANK UNIVERSITY            ,FC,00000-0000,Private      ,0,1,1,18,48,66
03378300,"THE 3RD FACULTY OF MEDICINE, CHARLE     ",FC,00000-0000,Public       ,0,0,0,1,3,4
03418400,NAPIER UNIVERSITY                       ,FC,00000-0000,Public       ,0,0,0,9,56,65
03435300,ANGLIA  RUSKIN UNIVERSITY               ,FC,00000-0000,Private      ,0,0,0,14,33,47
03460300,INTERNATIONALES THEOLOGISCHES INSTI     ,FC,00000-0000,Private      ,0,0,0,5,16,21
03473300,UNIVERSITY OF THE ARTS LONDON           ,FC,00000-0000,Public       ,0,3,3,125,167,292
03478300,ROYAL WELSH COLLEGE OF MUSIC AND DRAMA  ,FC,00000-0000,Public       ,0,0,0,14,24,38
03492300,UNIVERSITY OF OXFORD - GREEN TEMPLETON C,FC,00000-0000,Public       ,0,0,0,0,23,23
03492400,UNIV OF CAMBRIDGE-ST CATHERINE'S CG     ,FC,00000-0000,Public       ,0,0,0,1,3,4
03494400,UNIV OF CAMBRIDGE-SELWYN COLLEGE        ,FC,00000-0000,Public       ,0,0,0,0,4,4
03494600,UNIV OF OXFORD-HARRIS MANCHESTER        ,FC,00000-0000,Public       ,0,0,0,2,7,9
03501400,LEEDS METROPOLITAN UNIVERSITY           ,FC,00000-0000,Public       ,0,2,2,13,59,72
03507300,UNIVERSITY OF SUNDERLAND                ,FC,00000-0000,Public       ,0,0,0,7,9,16
03515300,UNIVERSITY OF CENTRAL LANCASHIRE        ,FC,00000-0000,Public       ,0,0,0,13,27,40
03517300,UNIVERSITY OF BRIGHTON                  ,FC,00000-0000,Public       ,0,0,0,22,41,63
03518300,EUROPEAN GRADUATE SCHOOL (EGS)          ,FC,00000-0000,Private      ,0,12,12,2,115,117
03527300,SOFIA UNIVERSITY ST. KLIMENT OHRIDSKI   ,FC,00000-0000,Public       ,0,0,0,1,9,10
03533300,BATH SPA UNIVERSITY                     ,FC,00000-0000,Public       ,0,0,0,11,30,41
03547300,UNIVERSITY OF SOUTH WALES               ,FC,00000-0000,Public       ,0,0,0,10,15,25
03547303,"UNIVERSITY OF SOUTH WALES - NEWPORT, CAE",FC,00000-0000,Public       ,0,0,0,0,1,1
03565300,MASARYKOVA UNIVERZITA                   ,FC,00000-0000,Public       ,0,0,0,2,8,10
03580300,LIVERPOOL JOHN MOORES UNIVERSITY        ,FC,00000-0000,Public       ,0,0,0,2,10,12
03589400,ARTS INSTITUTE AT BOURNEMOUTH (THE)     ,FC,00000-0000,Public       ,0,0,0,17,12,29
03594300,GROUP ESC GRENOBLE GRAD SCH OF BUS.     ,FC,00000-0000,Private      ,0,0,0,2,44,46
03597300,JAGIELLONIAN UNIVERSITY                 ,FC,00000-0000,Public       ,0,0,0,4,23,27
03619300,UNIVERSITY OF GREENWICH                 ,FC,00000-0000,Public       ,0,1,1,52,55,107
03653400,UNIVERSIDAD DE IBEROAMERICA - UNIBE     ,FC,00000-0000,Private      ,0,0,0,5,21,26
03674300,UNIVERSITY OF ABERTAY DUNDEE            ,FC,00000-0000,Public       ,0,0,0,3,7,10
03684400,UNIVERSITY OF LINCOLN                   ,FC,00000-0000,Public       ,0,0,0,11,17,28
03684500,MEDICAL UNIVERSITY OF GDANSK            ,FC,00000-0000,Public       ,0,0,0,5,10,15
03694300,UNIVERSITY OF CHICHESTER                ,FC,00000-0000,Public       ,0,0,0,1,6,7
03721300,WRITTLE COLLEGE                         ,FC,00000-0000,Public       ,0,0,0,1,1,2
03728300,UNIVERSITY OF DERBY                     ,FC,00000-0000,Public       ,0,0,0,2,10,12
03738300,LONDON SCHOOL OF THEOLOGY               ,FC,00000-0000,Private      ,0,0,0,0,7,7
03770300,NAZARENE THEOLOGICAL COLLEGE            ,FC,00000-0000,Private      ,0,0,0,0,6,6
03780300,SABA UNIVERSITY SCHOOL OF MEDICINE      ,FC,00000-0000,Proprietary  ,0,6,6,5,491,496
03784300,MEDICAL UNIVERSITY OF BIALYSTOK         ,FC,00000-0000,Public       ,0,0,0,4,9,13
03794400,ANGLO EUROPEAN COLLEGE OF CHIROPRACTIC  ,FC,00000-0000,Private      ,0,0,0,0,1,1
03807300,ROSE BRUFORD COLLEGE                    ,FC,00000-0000,Public       ,0,0,0,6,10,16
03816400,AMERICAN GRAD SCH OF INTERNTL REL & DIPL,FC,00000-0000,Private      ,0,1,1,7,45,52
03818300,LEIPZIG GRADUATE SCHOOL OF MANAGEMENT   ,FC,00000-0000,Private      ,0,0,0,0,14,14
03824300,"ROYAL VETERINARY COLLEGE (THE), UNIVERSI",FC,00000-0000,Public       ,0,0,0,2,99,101
03829300,INTERNATIONAL CHRISTIAN COLLEGE         ,FC,00000-0000,Private      ,0,0,0,0,1,1
03859400,UNIVERSITY COLLEGE FALMOUTH             ,FC,00000-0000,Public       ,0,1,1,22,14,36
03873300,COPENHAGEN BUSINESS SCHOOL              ,FC,00000-0000,Public       ,0,0,0,5,18,23
03880300,UNIVERSITY OF GLOUCESTERSHIRE (THE)     ,FC,00000-0000,Public       ,0,0,0,6,6,12
03897400,INTERNATIONAL SPACE UNIVERSITY          ,FC,00000-0000,Private      ,0,0,0,0,8,8
03900300,MEDICAL UNIVERSITY OF THE AMERICAS      ,FC,00000-0000,Proprietary  ,1,10,11,1,355,356
03945300,UNIVERSITY OF WEST LONDON               ,FC,00000-0000,Public       ,0,0,0,17,28,45
03974300,"ST. GEORGE'S UNIVERSITY, SCHOOL OF VETER",FC,00000-0000,Proprietary  ,0,1,1,3,732,735
04015300,FRANKFURT SCHOOL OF FINANCE & MANAGEMENT,FC,00000-0000,Private      ,0,0,0,8,33,41
04021400,"AMERICAN COLLEGE, DUBLIN LIMITED (THE)  ",FC,00000-0000,Private      ,0,1,1,26,38,64
04021500,CENTRAL EUROPEAN UNIVERSITY             ,FC,00000-0000,Private      ,0,0,0,0,84,84
04032300,YORK ST JOHN UNIVERSITY                 ,FC,00000-0000,Public       ,0,0,0,5,5,10
04046300,HK UNIVERSITY OF SCI & TECH (HKUST)     ,FC,00000-0000,Public       ,0,0,0,3,15,18
04070300,"RAPHAEL RECANATI INTERNATIONAL SCHOOL, T",FC,00000-0000,Private      ,0,0,0,70,82,152
04076300,NEWCASTLE COLLEGE                       ,FC,00000-0000,Public       ,0,0,0,1,8,9
04085400,NEW ZEALAND COLLEGE OF CHIROPRACTIC     ,FC,00000-0000,Private      ,0,0,0,1,6,7
04113300,LEBANESE AMERICAN UNIVERSITY            ,FC,00000-0000,Private      ,2,0,2,67,25,92
04115900,LIVERPOOL HOPE UNIVERSITY               ,FC,00000-0000,Public       ,0,0,0,3,9,12
04116300,EDHEC BUSINESS SCHOOL                   ,FC,00000-0000,Private      ,0,0,0,1,23,24
04128600,UNIVERSITY OF WORCESTER                 ,FC,00000-0000,Public       ,0,0,0,10,4,14
04128700,HERTIE SCHOOL OF GOVERNANCE             ,FC,00000-0000,Private      ,0,0,0,8,42,50
04134200,LONDON CONTEMPORARY DANCE SCHOOL        ,FC,00000-0000,Private      ,0,0,0,12,3,15
04139100,UNIVERSITA DEGLI STUDI DI SCIENZE GASTRO,FC,00000-0000,Private      ,0,0,0,1,12,13
04143700,ST MARY'S UNIVERSITY COLLEGE TWICKENHAM ,FC,00000-0000,Public       ,0,1,1,16,13,29
04160800,CORK INSTITUTE OF TECHNOLOGY            ,FC,00000-0000,Public       ,0,0,0,3,4,7
04168200,EUROPEAN UNIVERSITY AT ST. PETERSBURG   ,FC,00000-0000,Private      ,0,0,0,3,22,25
04170900,UNIVERSITY OF CHESTER                   ,FC,00000-0000,Public       ,0,0,0,5,11,16
04176500,ESMT EUROPEAN SCHOOL OF MANAGEMENT AND T,FC,00000-0000,Private      ,0,1,1,8,37,45
04180700,"HEYTHROP COLLEGE, UNIVERSITY OF LONDON  ",FC,00000-0000,Public       ,0,0,0,3,4,7
04212900,UNIVERSITY COLLEGE BIRMINGHAM           ,FC,00000-0000,Public       ,0,0,0,0,1,1
04218800,REGENT'S UNIVERSITY LONDON              ,FC,00000-0000,Private      ,0,0,0,72,44,116
04219400,UNIVERSIDAD TORCUATO DI TELLA           ,FC,00000-0000,Private      ,0,1,1,4,10,14
04227300,UNIVERSITY OF OXFORD-ST. STEPHEN'S HOUSE,FC,00000-0000,Public       ,0,0,0,0,2,2
04240100,AMERICAN UNIVERSITY OF ANTIGUA COLLEGE O,FC,00000-0000,Proprietary  ,0,26,26,6,822,828
04244500,NORWICH UNIVERSITY OF THE ARTS          ,FC,00000-0000,Public       ,0,0,0,2,2,4
00380600,ALDERSON BROADDUS UNIVERSITY            ,WV,26416-1051,Private      ,3,3,6,1926,399,2325
00380700,MOUNTAIN STATE UNIVERSITY               ,WV,25801-5624,Private      ,0,6,6,76,198,274
00380800,BETHANY COLLEGE                         ,WV,26032-0417,Private      ,2,2,4,1135,159,1294
00380900,BLUEFIELD STATE COLLEGE                 ,WV,24701-2198,Public       ,9,46,55,1383,1667,3050
00381000,CONCORD UNIVERSITY                      ,WV,24712-0000,Public       ,3,39,42,2482,1488,3970
00381100,DAVIS & ELKINS COLLEGE                  ,WV,26241-3996,Private      ,1,9,10,1127,374,1501
00381200,FAIRMONT STATE UNIVERSITY               ,WV,26554-2470,Public       ,20,57,77,4636,2804,7440
00381300,GLENVILLE STATE COLLEGE                 ,WV,26351-1292,Public       ,2,9,11,1553,659,2212
00381500,MARSHALL UNIVERSITY                     ,WV,25755-3300,Public       ,29,108,137,10375,7645,18020
00381600,SOUTHERN WV COMMUNITY COLLEGE           ,WV,25637-2900,Public       ,7,35,42,1233,1795,3028
00381800,UNIVERSITY OF CHARLESTON                ,WV,25304-1099,Private      ,2,39,41,1765,1944,3709
00381900,OHIO VALLEY COLLEGE                     ,WV,26105-8000,Private      ,2,3,5,464,151,615
00382000,SALEM INTERNATIONAL UNIVERSITY          ,WV,26426-0500,Proprietary  ,7,36,43,372,911,1283
00382200,SHEPHERD UNIVERSITY                     ,WV,25443-5000,Public       ,1,16,17,3785,1580,5365
00382300,WEST LIBERTY UNIVERSITY                 ,WV,26074-0295,Public       ,2,15,17,2539,935,3474
00382600,WEST VIRGINIA STATE UNIVERSITY          ,WV,25112-0000,Public       ,10,20,30,2725,2087,4812
00382700,WEST VIRGINIA UNIVERSITY                ,WV,26506-6201,Public       ,55,130,185,26015,9990,36005
00382711,WEST VIRGINIA UNIVERSITY - POTOMAC STATE,WV,26726-3000,Public       ,9,11,20,1804,638,2442
00382721,WEST VIRGINIA UNIV INST OF TECH         ,WV,25136-2436,Public       ,3,10,13,1445,682,2127
00382800,WEST VIRGINIA UNIV AT PARKERSBURG       ,WV,26101-9577,Public       ,15,55,70,1559,2506,4065
00383000,WEST VIRGINIA WESLEYAN COLLEGE          ,WV,26201-2600,Private      ,2,1,3,2050,318,2368
00383100,WHEELING JESUIT UNIVERSITY              ,WV,26003-6243,Private      ,3,21,24,1116,861,1977
00500700,WEST VIRGINIA JUNIOR COLLEGE            ,WV,26505-5596,Proprietary  ,13,53,66,335,869,1204
00500800,MOUNTAIN STATE COLLEGE                  ,WV,26101-3993,Proprietary  ,6,14,20,66,385,451
00754400,APPALACHIAN BIBLE COLLEGE               ,WV,25818-1353,Private      ,1,1,2,234,71,305
00760000,INTERNATIONAL BEAUTY SCHOOL             ,WV,25401-3231,Proprietary  ,2,13,15,34,122,156
00835500,JAMES RUMSEY TECHNICAL INSTITUTE        ,WV,25403-0259,Public       ,2,6,8,130,396,526
00895900,CLARKSBURG BEAUTY ACADEMY               ,WV,26301-2903,Proprietary  ,4,15,19,53,153,206
00904700,HUNTINGTON JUNIOR COLLEGE               ,WV,25701-2004,Proprietary  ,5,62,67,229,1234,1463
00905400,WEST VIRGINIA NORTHERN CMTY COLLEGE     ,WV,26003-0000,Public       ,9,57,66,1016,1746,2762
01014000,MINERAL COUNTY VOCATIONAL TECH CTR      ,WV,26726-0000,Public       ,0,0,0,33,63,96
01057300,WEST VIRGINIA JUNIOR COLLEGE            ,WV,25322-0000,Proprietary  ,6,19,25,234,518,752
01057302,WEST VIRGINIA JUNIOR COLLEGE            ,WV,26330-0000,Proprietary  ,10,18,28,197,362,559
01086100,WEST VIRGINIA BUSINESS COLLEGE          ,WV,26301-0000,Proprietary  ,0,11,11,21,211,232
01124500,WEST VIRGINIA SCH OSTEOPATHIC MED       ,WV,24901-1128,Public       ,0,1,1,14,889,903
01174900,WOOD COUNTY SCH OF PRAC NURSING         ,WV,26101-6424,Public       ,0,2,2,41,156,197
01235900,B M SPURR SCHOOL OF PRAC NURSING        ,WV,26038-1660,Private      ,0,1,1,10,48,58
01257300,WEST VIRGINIA UNIV-HOSP-RAD TECH        ,WV,26506-8062,Private      ,0,4,4,132,124,256
01274300,BENJAMIN FRANKLIN CAREER&TECH           ,WV,25064-0000,Public       ,3,11,14,78,218,296
01290400,MONONGALIA CNTY TECH ED CTR             ,WV,26501-6841,Public       ,0,2,2,70,156,226
01290500,ACADEMY OF CAREERS AND TECHNOLOGY       ,WV,25801-0000,Public       ,4,12,16,178,469,647
02057400,ROANE-JACKSON TECHNICAL CENTER          ,WV,25252-0000,Public       ,0,0,0,32,59,91
02068000,UNITED TECHNICAL CENTER                 ,WV,26301-0000,Public       ,1,5,6,46,133,179
02073400,CARVER CAREER TECH ED CTR               ,WV,25306-6397,Public       ,1,8,9,236,467,703
02145100,SCOTT COLLEGE OF COSMETOLOGY            ,WV,26003-0000,Proprietary  ,1,8,9,49,104,153
02178200,CHARLESTON SCHOOL OF BEAUTY CULTURE     ,WV,25301-0000,Proprietary  ,10,15,25,98,279,377
02218200,GARNET CAREER CENTER                    ,WV,25301-0000,Public       ,0,2,2,110,436,546
02275300,CABELL COUNTY CAREER TECHNOLOGY CTR     ,WV,25705-0000,Public       ,1,9,10,167,383,550
02524500,RALPH R WILLIS VOCATIONAL CENTER        ,WV,25601-0000,Public       ,0,0,0,42,116,158
02534800,FRED W EBERLE TECHNICAL CENTER          ,WV,26201-0000,Public       ,2,8,10,80,152,232
02535500,MERCER COUNTY TECH EDUC CNTR            ,WV,24740-0000,Public       ,1,5,6,105,301,406
02579900,NORTH CENTRAL OPPORTUNITIES INDUSTRIALIZ,WV,26554-2936,Private      ,0,6,6,32,128,160
02609400,VALLEY COLLEGE                          ,WV,25404-5711,Proprietary  ,10,52,62,105,535,640
03052000,MEREDITH MANOR EQUESTRIAN CENTRE        ,WV,26184-9707,Proprietary  ,0,1,1,172,119,291
03076500,FAYETTE INSTITUTE OF TECHNOLOGY         ,WV,25901-2174,Public       ,2,1,3,34,94,128
03084200,VALLEY COLLEGE                          ,WV,24740-3141,Proprietary  ,8,23,31,100,331,431
03084400,VALLEY COLLEGE                          ,WV,25801-2643,Proprietary  ,5,68,73,135,805,940
03098300,PUTNAM CAREER & TECHNICAL CENTER        ,WV,25070-0000,Public       ,1,2,3,77,106,183
03102100,MORGANTOWN BEAUTY COLLEGE               ,WV,26505-5430,Proprietary  ,2,3,5,98,168,266
03734300,JOHN D. ROCKEFELLER IV CAREER CENTER    ,WV,26047-9424,Public       ,0,0,0,10,40,50
03819300,AMERICAN PUBLIC UNIVERSITY SYSTEM       ,WV,25414-1621,Proprietary  ,73,2553,2626,2084,62778,64862
03957300,BLUE RIDGE COMMUNITY AND TECHNICAL COLLE,WV,25401-3244,Public       ,14,53,67,1141,2266,3407
03960300,NEW RIVER COMMUNITY AND TECHNICAL COLLEG,WV,25801-2636,Public       ,8,63,71,1183,2352,3535
04028300,MOUNTAIN STATE SCHOOL OF MASSAGE        ,WV,25304-2025,Proprietary  ,2,6,8,31,96,127
04038500,PIERPONT COMMUNITY & TECHNICAL COLLEGE  ,WV,26554-2451,Public       ,7,42,49,1431,1597,3028
04038600,BRIDGEVALLEY COMMUNITY AND TECHNICAL COL,WV,25303-2735,Public       ,13,55,68,1173,2214,3387
04038601,BRIDGEVALLEY COMMUNITY AND TECHNICAL COL,WV,25136-2435,Public       ,0,0,0,61,48,109
04041400,MOUNTWEST COMMUNITY AND TECHNICAL COLLEG,WV,25755-3300,Public       ,13,71,84,1144,2262,3406
04119000,EASTERN WEST VIRGINIA COMMUNITY & TECHNI,WV,26836-0000,Public       ,1,11,12,262,658,920
04124200,CATHOLIC DISTANCE UNIVERSITY            ,WV,25414-1621,Private      ,0,3,3,0,6,6
04139900,FUTURE GENERATIONS GRADUATE SCHOOL      ,WV,26807-0000,Private      ,0,0,0,0,3,3
04212400,MINGO EXTENDED LEARNING CENTER          ,WV,25670-9797,Public       ,0,3,3,13,66,79
04234800,RANDOLPH TECHNICAL CENTER               ,WV,26241-9527,Public       ,0,0,0,18,38,56
04242900,MARTINSBURG COLLEGE                     ,WV,25404-6204,Proprietary  ,1,9,10,2,18,20
00106100,ALASKA PACIFIC UNIVERSITY               ,AK,99508-4672,Private      ,1,14,15,569,907,1476
00106300,UNIVERSITY OF ALASKA FAIRBANKS          ,AK,99775-7500,Public       ,20,104,124,3680,4604,8284
00106500,UNIVERSITY OF ALASKA SOUTHEAST          ,AK,99801-8680,Public       ,0,54,54,834,1527,2361
00884300,ALASKA BIBLE COLLEGE                    ,AK,99588-0000,Private      ,0,0,0,33,45,78
01146200,UNIVERSITY OF ALASKA ANCHORAGE          ,AK,99514-1608,Public       ,43,185,228,7013,9353,16366
02541000,ALASKA CAREER COLLEGE                   ,AK,99507-1033,Proprietary  ,9,34,43,326,1046,1372
02576900,CHARTER COLLEGE                         ,AK,99508-0000,Proprietary  ,120,467,587,1234,4729,5963
03160300,AVTEC - ALASKA'S INSTITUTE OF TECHNOLOGY,AK,99664-0889,Public       ,1,8,9,263,397,660
03461300,ILISAGVIK COLLEGE                       ,AK,99723-0749,Public       ,2,3,5,29,82,111
04138600,ALASKA CHRISTIAN COLLEGE                ,AK,99669-9755,Private      ,0,3,3,40,117,157
00108500,UNIV ARKANSAS MONTICELLO                ,AR,71656-0000,Public       ,42,116,158,2375,2250,4625
00108600,UNIV OF ARKANSAS AT PINE BLUFF          ,AR,71601-2790,Public       ,165,54,219,3599,1945,5544
00108700,ARKANSAS BAPTIST COLLEGE                ,AR,72202-6099,Private      ,156,60,216,1316,1347,2663
00108800,LYON COLLEGE                            ,AR,72501-3699,Private      ,4,3,7,1153,175,1328
00108900,ARKANSAS TECH UNIVERSITY                ,AR,72801-2222,Public       ,39,145,184,7746,6009,13755
00109000,ARKANSAS STATE UNIVERSITY               ,AR,72401-0000,Public       ,69,600,669,9895,12231,22126
00109100,ARKANSAS STATE UNIVERSITY - BEEBE       ,AR,72012-1000,Public       ,18,84,102,2321,3036,5357
00109200,UNIVERSITY OF CENTRAL ARKANSAS          ,AR,72035-0001,Public       ,90,118,208,10737,5395,16132
00109300,CENTRAL BAPTIST COLLEGE                 ,AR,72034-6470,Private      ,6,10,16,649,650,1299
00109400,UNIVERSITY OF THE OZARKS                ,AR,72830-2880,Private      ,4,1,5,899,194,1093
00109500,CROWLEYS RIDGE COLLEGE                  ,AR,72450-9775,Private      ,3,9,12,250,188,438
00109700,HARDING UNIVERSITY                      ,AR,72149-0001,Private      ,11,68,79,4140,1955,6095
00109800,HENDERSON STATE UNIVERSITY              ,AR,71999-0001,Public       ,38,46,84,3886,1947,5833
00109900,HENDRIX COLLEGE                         ,AR,72032-3080,Private      ,5,4,9,2237,319,2556
00110000,JOHN BROWN UNIVERSITY                   ,AR,72761-2747,Private      ,3,34,37,1698,1472,3170
00110100,UNIV ARKANSAS LITTLE ROCK               ,AR,72204-1099,Public       ,60,242,302,5673,10271,15944
00110200,OUACHITA BAPTIST UNIVERSITY             ,AR,71998-0001,Private      ,4,6,10,1878,251,2129
00110300,PHILANDER SMITH COLLEGE                 ,AR,72202-3718,Private      ,27,25,52,1082,861,1943
00110400,PHILLIPS COUNTY COMMUNITY COLLEGE       ,AR,72342-0000,Public       ,63,42,105,569,843,1412
00110500,SHORTER COLLEGE                         ,AR,72114-4885,Private      ,6,61,67,93,802,895
00110600,WILLIAMS BAPTIST COLLEGE                ,AR,72476-4661,Private      ,0,1,1,602,180,782
00110700,SOUTHERN ARKANSAS UNIVERSITY            ,AR,71754-0000,Public       ,53,73,126,3337,2035,5372
00110800,UNIV ARKANSAS FAYETTEVILLE              ,AR,72701-0000,Public       ,89,140,229,19393,7772,27165
00110900,UNIVERSITY OF ARKANSAS FOR MEDICAL SCIEN,AR,72205-7102,Public       ,7,30,37,661,3384,4045
00111000,UNIVERSITY OF ARKANSAS-FORT SMITH       ,AR,72904-7397,Public       ,20,68,88,4548,4176,8724
00524500,U OF A COMM COLLEGE AT MORRILTON        ,AR,72110-9601,Public       ,14,34,48,1399,2000,3399
00570700,SEARK COLLEGE                           ,AR,71603-0000,Public       ,48,79,127,800,2024,2824
00573200,UNIV AR COMMUNITY COLLEGE AT HOPE       ,AR,71801-0000,Public       ,34,45,79,636,1215,1851
00704400,CROWLEYS RIDGE TECHNICAL INSTITUTE      ,AR,72336-0000,Public       ,0,6,6,168,335,503
00732967,ITT TECHNICAL INSTITUTE                 ,AR,72204-7739,Proprietary  ,10,32,42,206,835,1041
00773800,SOUTHERN ARKANSAS UNIVERSITY TECH       ,AR,71701-1900,Public       ,20,38,58,562,965,1527
00792100,PAUL MITCHELL THE SCHOOL ARKANSAS       ,AR,72701-0000,Proprietary  ,2,4,6,99,181,280
00997600,COLLEGE OF THE OUACHITAS                ,AR,72104-0816,Public       ,9,39,48,427,1141,1568
01074100,MELLIE'S BEAUTY COLLEGE                 ,AR,72901-3833,Proprietary  ,0,10,10,62,200,262
01210500,NATIONAL PARK COMMUNITY COLLEGE         ,AR,71913-9174,Public       ,20,83,103,1187,2368,3555
01226000,EAST ARKANSAS COMMUNITY COLLEGE         ,AR,72335-2204,Public       ,8,32,40,491,707,1198
01226100,NORTH ARKANSAS COLLEGE                  ,AR,72601-5508,Public       ,3,32,35,997,1675,2672
01286000,ARKANSAS NORTHEASTERN COLLEGE           ,AR,72316-1109,Public       ,24,60,84,780,1283,2063
02052200,BLACK RIVER TECHNICAL COLLEGE           ,AR,72455-0000,Public       ,23,41,64,793,1646,2439
02073500,UNIVERSITY OF ARKANSAS COMMUNITY COLLEGE,AR,72503-0000,Public       ,15,38,53,634,1139,1773
02073700,NORTHWEST TECHNICAL INSTITUTE           ,AR,72765-0000,Public       ,1,4,5,264,591,855
02074600,SOUTH ARKANSAS COMMUNITY COLLEGE        ,AR,71731-0000,Public       ,24,61,85,692,1896,2588
02075300,PULASKI TECHNICAL COLLEGE               ,AR,72118-0000,Public       ,59,228,287,3797,10717,14514
02087000,OZARKA COLLEGE                          ,AR,72556-0000,Public       ,8,23,31,424,1117,1541
02111100,RICH MOUNTAIN COMMUNITY COLLEGE         ,AR,71953-0000,Public       ,9,23,32,389,541,930
02202400,PROFESSIONAL COSMETOLOGY EDUC CTR       ,AR,71730-5828,Proprietary  ,4,10,14,38,100,138
02220900,COSSATOT COMMUNITY COLLEGE              ,AR,71832-0000,Public       ,2,13,15,560,837,1397
02272400,EASTERN COLLEGE OF HEALTH VOCATIONS     ,AR,72205-3535,Proprietary  ,9,29,38,216,773,989
02284200,NEW TYLER BARBER COLLEGE INC            ,AR,72114-0000,Proprietary  ,1,9,10,47,166,213
02330800,JEFFERSON SCHOOL OF NURSING             ,AR,71603-0000,Private      ,1,8,9,84,245,329
02339800,SOUTHERN INSTITUTE OF COSMETOLOGY       ,AR,72301-0000,Proprietary  ,2,0,2,25,62,87
02341700,CAREER ACADEMY OF HAIR DESIGN           ,AR,72764-4304,Proprietary  ,1,1,2,42,148,190
02341701,CAREER ACADEMY OF HAIR DESIGN - ROGERS  ,AR,72756-2102,Proprietary  ,2,4,6,46,98,144
02341702,CAREER ACADEMY OF HAIR DESIGN - SILOAM  ,AR,72761-4217,Proprietary  ,0,4,4,20,51,71
02341703,CAREER ACADEMY OF HAIR DESIGN - FAYETTEV,AR,72701-7731,Proprietary  ,1,3,4,32,93,125
02341704,CAREER ACADEMY OF HAIR DESIGN - FORT SMI,AR,72901-7814,Proprietary  ,0,12,12,4,19,23
02348200,MID-SOUTH COMMUNITY COLLEGE             ,AR,72301-0000,Public       ,14,55,69,721,1592,2313
02363500,ARTHUR'S BEAUTY COLLEGE                 ,AR,72901-0000,Proprietary  ,5,17,22,78,258,336
02525800,LEE'S SCHOOL OF COSMETOLOGY             ,AR,72114-0000,Proprietary  ,3,3,6,34,96,130
02538500,ARTHUR'S BEAUTY COLLEGE                 ,AR,72076-0000,Proprietary  ,11,18,29,97,296,393
02569600,SEARCY BEAUTY COLLEGE                   ,AR,72143-0000,Proprietary  ,7,16,23,41,140,181
02572013,VISTA COLLEGE - FT. SMITH               ,AR,72903-2629,Proprietary  ,10,92,102,17,158,175
03005100,ARKANSAS BEAUTY SCHOOL                  ,AR,72209-5116,Proprietary  ,4,13,17,82,335,417
03007100,HOT SPRINGS BEAUTY COLLEGE              ,AR,71901-5432,Proprietary  ,2,6,8,47,154,201
03007600,ARKANSAS BEAUTY SCHOOL-CONWAY           ,AR,72032-4354,Proprietary  ,0,0,0,15,31,46
03023400,ARKANSAS COLLEGE OF BARBERING           ,AR,72114-5615,Proprietary  ,3,15,18,81,398,479
03063300,NORTHWEST ARKANSAS COMMUNITY COLLEG     ,AR,72712-5190,Public       ,31,113,144,3827,5242,9069
03065100,ABC BEAUTY COLLEGE                      ,AR,71923-4206,Proprietary  ,0,1,1,25,88,113
03066302,BRYAN UNIVERSITY - ROGERS               ,AR,72756-1825,Proprietary  ,1,19,20,71,336,407
03105200,BAPTIST HEALTH SCHOOLS LITTLE ROCK      ,AR,72210-2820,Private      ,9,25,34,524,1697,2221
03115102,HERITAGE COLLEGE - LITTLE ROCK          ,AR,72227-5544,Proprietary  ,21,60,81,255,1089,1344
03124900,IMAGINE -  PAUL MITCHELL PARTNER SCHOOL ,AR,72117-2516,Proprietary  ,17,16,33,214,434,648
03214300,VELVATEX COLLEGE OF BEAUTY CULTURE      ,AR,72202-5452,Proprietary  ,0,2,2,12,75,87
03254300,MARGARET'S HAIR ACADEMY                 ,AR,71655-4905,Proprietary  ,2,2,4,20,91,111
03855300,ECCLESIA COLLEGE                        ,AR,72762-8159,Private      ,2,3,5,182,178,360
03912300,CROSSETT SCHOOL OF COSMETOLOGY          ,AR,71635-0000,Proprietary  ,3,3,6,20,39,59
03997300,ARKANSAS BEAUTY COLLEGE                 ,AR,72801-3741,Proprietary  ,3,1,4,30,78,108
04183100,WASHINGTON BARBER COLLEGE               ,AR,72209-3820,Proprietary  ,3,24,27,64,240,304
04183400,SALON PROFESSIONAL ACADEMY (THE)        ,AR,72116-7310,Proprietary  ,6,6,12,75,166,241
04203400,ARKANSAS STATE UNIVERSITY - NEWPORT     ,AR,72112-9073,Public       ,15,63,78,1072,1906,2978
04220000,DESIGNER BARBER & STYLIST SCHOOL        ,AR,72903-3753,Proprietary  ,1,6,7,25,113,138
04238900,"BEAUTY SCHOOL, (THE)                    ",AR,72653-3275,Proprietary  ,0,4,4,10,47,57
04241800,ACADEMY OF PROFESSIONAL COSMETOLOGY     ,AR,72756-2028,Proprietary  ,0,5,5,36,74,110
04241900,RIVER VALLEY SCHOOL OF MASSAGE          ,AR,72802-2310,Proprietary  ,2,3,5,5,29,34
04247600,NEW BEGINNINGS BEAUTY ACADEMY           ,AR,71601-5257,Proprietary  ,1,7,8,7,58,65
04254400,ARKANSAS STATE UNIVERSITY-MOUNTAIN HOME ,AR,72653-5326,Public       ,10,25,35,26,76,102
00133900,CORBAN UNIVERSITY                       ,OR,97301-0000,Private      ,1,12,13,2153,748,2901
00318600,BLUE MOUNTAIN COMMUNITY COLLEGE         ,OR,97801-0000,Public       ,8,25,33,1261,1690,2951
00318800,CENTRAL OREGON COMMUNITY COLLEGE        ,OR,97701-5998,Public       ,20,58,78,3341,5409,8750
00318900,CLATSOP COMMUNITY COLLEGE               ,OR,97103-3698,Public       ,2,8,10,476,868,1344
00319100,CONCORDIA UNIVERSITY                    ,OR,97211-6099,Private      ,5,142,147,2213,10726,12939
00319300,EASTERN OREGON UNIVERSITY               ,OR,97850-2899,Public       ,8,27,35,3001,2927,5928
00319400,GEORGE FOX UNIVERSITY                   ,OR,97132-2697,Private      ,2,54,56,4416,2483,6899
00319600,LANE COMMUNITY COLLEGE                  ,OR,97405-0640,Public       ,30,83,113,6088,9689,15777
00319700,LEWIS & CLARK COLLEGE                   ,OR,97219-7899,Private      ,5,14,19,6142,3247,9389
00319800,LINFIELD COLLEGE                        ,OR,97128-6894,Private      ,5,6,11,3717,1085,4802
00319801,LINFIELD COLLEGE - PORTLAND CAMPUS      ,OR,97210-0000,Private      ,1,6,7,802,1114,1916
00319900,MARYLHURST UNIVERSITY                   ,OR,97036-7036,Private      ,0,34,34,149,1346,1495
00320300,MOUNT ANGEL SEMINARY                    ,OR,97373-9700,Private      ,0,1,1,18,20,38
00320400,MOUNT HOOD COMMUNITY COLLEGE            ,OR,97030-3300,Public       ,23,90,113,5227,8160,13387
00320600,MULTNOMAH UNIVERSITY                    ,OR,97220-5898,Private      ,0,9,9,563,917,1480
00320700,PACIFIC NORTHWEST COLLEGE OF ART        ,OR,97209-3404,Private      ,0,6,6,786,719,1505
00320800,NORTHWEST CHRISTIAN UNIVERSITY          ,OR,97401-3727,Private      ,0,31,31,718,949,1667
00320900,WESTERN OREGON UNIVERSITY               ,OR,97361-1394,Public       ,12,39,51,7837,3283,11120
00321000,OREGON STATE UNIVERSITY                 ,OR,97331-8507,Public       ,38,148,186,28360,16792,45152
00321100,OREGON INSTITUTE OF TECHNOLOGY          ,OR,97601-8801,Public       ,13,24,37,3241,2855,6096
00321200,PACIFIC UNIVERSITY                      ,OR,97116-1797,Private      ,6,15,21,4427,3490,7917
00321300,PORTLAND COMMUNITY COLLEGE              ,OR,97219-7198,Public       ,67,326,393,15670,32904,48574
00321600,PORTLAND STATE UNIVERSITY               ,OR,97207-0000,Public       ,44,310,354,18985,25202,44187
00321700,REED COLLEGE                            ,OR,97202-8199,Private      ,2,5,7,4204,775,4979
00321800,CHEMEKETA COMMUNITY COLLEGE             ,OR,97309-1500,Public       ,25,118,143,6917,11080,17997
00321900,SOUTHERN OREGON UNIVERSITY              ,OR,97520-5010,Public       ,8,76,84,6135,3818,9953
00322000,SOUTHWESTERN OREGON COMMUNITY CLG       ,OR,97420-2956,Public       ,3,14,17,1706,1588,3294
00322100,TREASURE VALLEY COMMUNITY COLLEGE       ,OR,97914-3423,Public       ,4,35,39,1488,2031,3519
00322200,UMPQUA COMMUNITY COLLEGE                ,OR,97470-0226,Public       ,5,21,26,1223,2267,3490
00322300,UNIVERSITY OF OREGON                    ,OR,97403-1226,Public       ,61,114,175,27977,10671,38648
00322400,UNIVERSITY OF PORTLAND                  ,OR,97203-5798,Private      ,17,24,41,11734,3132,14866
00322500,WARNER PACIFIC COLLEGE                  ,OR,97215-4099,Private      ,5,37,42,1326,1873,3199
00322700,WILLAMETTE UNIVERSITY                   ,OR,97301-3930,Private      ,1,8,9,5290,1444,6734
00487800,CLACKAMAS COMMUNITY COLLEGE             ,OR,97045-7998,Public       ,15,57,72,4187,5829,10016
00488200,OREGON HEALTH & SCIENCE UNIVERSITY      ,OR,97239-0000,Public       ,3,22,25,1179,4661,5840
00693800,LINN BENTON COMMUNITY COLLEGE           ,OR,97321-3774,Public       ,12,28,40,3903,4898,8801
00717800,WESTERN SEMINARY                        ,OR,97215-0000,Private      ,0,5,5,15,655,670
00723402,HEALD COLLEGE - PORTLAND                ,OR,97205-3432,Proprietary  ,0,0,0,118,456,574
00732969,ITT TECHNICAL INSTITUTE                 ,OR,97220-6819,Proprietary  ,22,100,122,480,2174,2654
00781900,ART INSTITUTE OF PORTLAND (THE)         ,OR,97209-2911,Proprietary  ,12,21,33,1607,1725,3332
00888700,CONCORDE CAREER INSTITUTE               ,OR,97232-2242,Proprietary  ,5,30,35,379,1034,1413
00907900,EVEREST COLLEGE                         ,OR,97204-2296,Private      ,1,10,11,172,683,855
00958100,SPRINGFIELD COLLEGE OF BEAUTY           ,OR,97477-5474,Proprietary  ,1,1,2,63,190,253
01012200,PHAGANS' MEDFORD BEAUTY SCHOOL          ,OR,97504-5297,Proprietary  ,2,0,2,54,197,251
01018200,ROGUE COMMUNITY COLLEGE                 ,OR,97527-0000,Public       ,10,49,59,2844,6342,9186
01050700,ACADEMY OF HAIR DESIGN                  ,OR,97301-3526,Proprietary  ,0,14,14,68,238,306
01230900,UNIVERSITY OF WESTERN STATES            ,OR,97230-3099,Private      ,0,8,8,165,920,1085
01234700,PHAGANS CENTRAL OREGON BEAUTY CLG       ,OR,97701-5175,Proprietary  ,6,10,16,109,247,356
01234800,PHAGANS BEAUTY COLLEGE                  ,OR,97333-4716,Proprietary  ,3,3,6,83,133,216
01235000,PHAGANS SCHOOL OF HAIR DESIGN           ,OR,97086-7721,Proprietary  ,3,18,21,111,231,342
01235100,PHAGANS SCHOOL OF BEAUTY                ,OR,97301-4732,Proprietary  ,1,7,8,80,233,313
01300800,PHAGANS TIGARD BEAUTY SCHOOL            ,OR,97223-0000,Proprietary  ,0,0,0,27,89,116
02101000,NORTHWEST COLLEGE OF HAIR DESIGN        ,OR,97086-7702,Proprietary  ,15,45,60,306,775,1081
02101002,NORTHWEST COLLEGE                       ,OR,97007-3954,Proprietary  ,0,2,2,33,103,136
02104900,SUMNER COLLEGE                          ,OR,97219-4063,Proprietary  ,0,16,16,100,590,690
02106100,COLLEGE OF COSMETOLOGY                  ,OR,97601-0000,Proprietary  ,3,6,9,44,127,171
02154400,BEAU MONDE CLG OF HAIR DESIGN           ,OR,97205-0000,Proprietary  ,6,4,10,110,268,378
02154401,BEAU MONDE COLLEGE OF HAIR DESIGN - BEAU,OR,97232-1315,Proprietary  ,3,7,10,100,217,317
02159700,NEW HOPE CHRISTIAN COLLEGE              ,OR,97405-1194,Private      ,1,4,5,234,260,494
02201900,PHAGANS' SCHOOL OF HAIR DESIGN          ,OR,97232-0000,Proprietary  ,5,23,28,124,380,504
02311000,PAUL MITCHELL THE SCHOOL                ,OR,97205-3724,Proprietary  ,5,6,11,259,383,642
02330100,PIONEER PACIFIC COLLEGE                 ,OR,97070-0000,Proprietary  ,14,34,48,387,1140,1527
02330102,PIONEER PACIFIC COLLEGE                 ,OR,97403-0000,Proprietary  ,6,24,30,240,1037,1277
02337900,COLLEGE OF HAIR DESIGN CAREERS          ,OR,97301-0000,Proprietary  ,0,6,6,73,201,274
02344100,ROSEBURG BEAUTY COLLEGE                 ,OR,97470-0000,Proprietary  ,0,7,7,38,120,158
02534000,NATIONAL COLLEGE OF NATURAL MEDICINE    ,OR,97201-0000,Private      ,2,7,9,84,1174,1258
02578800,NORTHWEST NANNIES INSTITUTE             ,OR,97035-0000,Proprietary  ,0,0,0,11,12,23
02603700,OREGON COL OF ORIENTAL MEDICINE         ,OR,97216-0000,Private      ,0,5,5,41,462,503
02617506,EVEREST COLLEGE - EVEREST INSTITUTE     ,OR,97223-6581,Private      ,8,35,43,121,387,508
03007300,OREGON COLLEGE OF ART & CRAFT           ,OR,97225-6399,Private      ,1,6,7,307,517,824
03022600,LE CORDON BLEU COLLEGE OF CULINARY ARTS ,OR,97205-2793,Proprietary  ,5,9,14,558,1186,1744
03042500,CARRINGTON COLLEGE                      ,OR,97232-1302,Proprietary  ,7,50,57,320,1070,1390
03074400,PHAGANS NEWPORT ACAD CSMTLGY CAREER     ,OR,97365-4963,Proprietary  ,0,3,3,34,69,103
03074500,EAST-WEST COLLEGE OF THE HEALING ARTS   ,OR,97232-2765,Proprietary  ,1,7,8,79,475,554
03185300,PHAGANS GRANTS PASS COLLEGE OF BTY      ,OR,97527-0000,Proprietary  ,1,6,7,49,118,167
03428300,KLAMATH COMMUNITY COLLEGE               ,OR,97603-7121,Public       ,9,20,29,753,1610,2363
03642300,INSTITUTE OF TECHNOLOGY                 ,OR,97305-1373,Proprietary  ,7,42,49,221,694,915
03668300,BIRTHINGWAY COLLEGE OF MIDWIFERY        ,OR,97266-4042,Private      ,0,1,1,46,272,318
03783400,ABDILL CAREER COLLEGE                   ,OR,97504-7137,Proprietary  ,3,9,12,73,394,467
04146500,PORTLAND ACTORS CONSERVATORY            ,OR,97201-2557,Private      ,1,3,4,49,160,209
04151900,COLUMBIA GORGE COMMUNITY COLLEGE        ,OR,97058-3434,Public       ,2,9,11,559,896,1455
04167400,SAGE SCHOOL OF MASSAGE & HEALING ARTS   ,OR,97701-4082,Proprietary  ,2,4,6,37,142,179
04171400,AVEDA INSTITUTE PORTLAND                ,OR,97209-3144,Proprietary  ,6,11,17,401,606,1007
04194400,AMERICAN COLLEGE OF HEALTHCARE SCIENCES ,OR,97239-3719,Proprietary  ,1,26,27,212,1604,1816
04194900,TILLAMOOK BAY COMMUNITY COLLEGE         ,OR,97141-2807,Public       ,0,5,5,200,378,578
00137400,ALBERTUS MAGNUS COLLEGE                 ,CT,06511-1189,Private      ,2,36,38,1001,2166,3167
00137800,CENTRAL CONNECTICUT STATE UNIV          ,CT,06050-2490,Public       ,13,61,74,12363,5759,18122
00137900,CONNECTICUT COLLEGE                     ,CT,06320-4196,Private      ,0,0,0,3290,232,3522
00138000,WESTERN CONNECTICUT STATE UNIV          ,CT,06810-6826,Public       ,11,17,28,7015,2279,9294
00138500,FAIRFIELD UNIVERSITY                    ,CT,06430-0000,Private      ,7,16,23,8276,1190,9466
00138700,HARTFORD SEMINARY                       ,CT,06105-0000,Private      ,0,3,3,32,113,145
00138900,HOLY APOSTLES COLLEGE & SEMINARY        ,CT,06416-2027,Private      ,0,1,1,30,115,145
00139200,MANCHESTER COMMUNITY COLLEGE            ,CT,06045-1046,Public       ,16,55,71,4211,4447,8658
00139300,MITCHELL COLLEGE                        ,CT,06320-4498,Private      ,0,0,0,856,284,1140
00139700,UNIVERSITY OF NEW HAVEN                 ,CT,06516-1999,Private      ,10,20,30,10821,2496,13317
00139728,LYME ACADEMY COLLEGE OF FINE ARTS       ,CT,06371-2333,Private      ,0,0,0,78,24,102
00139800,NORTHWESTERN CT COMMUNITY COLLEGE       ,CT,06098-1747,Public       ,4,13,17,614,778,1392
00139900,NORWALK COMMUNITY TECHNICAL COLLEGE     ,CT,06854-1655,Public       ,10,26,36,2728,3375,6103
00140100,POST UNIVERSITY                         ,CT,06723-3240,Proprietary  ,58,784,842,2104,15365,17469
00140200,QUINNIPIAC UNIVERSITY                   ,CT,06518-1908,Private      ,15,24,39,17953,3828,21781
00140300,SACRED HEART UNIVERSITY                 ,CT,06825-1000,Private      ,7,88,95,9224,3611,12835
00140600,SOUTHERN CONNECTICUT STATE UNIV         ,CT,06515-1355,Public       ,9,48,57,11827,5952,17779
00140900,UNIVERSITY OF SAINT JOSEPH              ,CT,06117-2791,Private      ,4,33,37,1161,2163,3324
00141400,TRINITY COLLEGE                         ,CT,06106-3100,Private      ,0,1,1,3605,408,4013
00141600,UNIVERSITY OF BRIDGEPORT                ,CT,06601-5650,Private      ,5,39,44,3586,3899,7485
00141700,UNIVERSITY OF CONNECTICUT-STORRS        ,CT,06269-2151,Public       ,23,86,109,35175,6454,41629
00141702,UNIV CONN STAMFORD                      ,CT,06901-0000,Public       ,3,8,11,1105,729,1834
00141703,UNIV OF CONNECTICUT - TORINGTON         ,CT,06790-0000,Public       ,1,1,2,357,157,514
00141706,UNIV OF CONNECTICUT SCH LAW             ,CT,06105-0000,Public       ,0,0,0,71,856,927
00141707,UNIV OF CT - SCH OF SOCIAL WORK         ,CT,06117-0000,Public       ,0,2,2,155,552,707
00141708,UNIVERSITY OF CONNECTICUT - SCHOOL OF ME,CT,06030-1920,Public       ,2,1,3,193,580,773
00141709,UNIVERSITY OF CONNECTICUT - SCHOOL OF DE,CT,06030-1920,Public       ,1,4,5,333,328,661
00142200,UNIVERSITY OF HARTFORD                  ,CT,06117-1599,Private      ,14,20,34,11093,2553,13646
00142400,WESLEYAN UNIVERSITY                     ,CT,06459-3208,Private      ,1,5,6,5383,339,5722
00142500,EASTERN CONNECTICUT STATE UNIV          ,CT,06226-2295,Public       ,6,8,14,7299,1590,8889
00142600,YALE UNIVERSITY                         ,CT,06520-8229,Private      ,5,20,25,18397,8058,26455
00280301,RENSSELAER POLYTECHNIC INSTITUTE-RENSSEL,CT,06120-2991,Private      ,0,0,0,28,28,56
00451300,HOUSATONIC COMMUNITY COLLEGE            ,CT,06604-4704,Public       ,11,48,59,3050,4705,7755
00618100,BRIDGEPORT HOSP SCHL OF NURSING         ,CT,06610-2896,Private      ,0,5,5,191,613,804
00619100,ST. VINCENT'S COLLEGE                   ,CT,06606-9966,Private      ,3,15,18,302,1028,1330
00698200,NAUGATUCK VALLEY COMM-TECH COLG         ,CT,06708-3089,Public       ,16,51,67,3597,4523,8120
00730000,ELI WHITNEY TECHNICAL HIGH SCHOOL       ,CT,06514-0000,Public       ,0,0,0,16,85,101
00730300,LINCOLN TECHNICAL INSTITUTE             ,CT,06051-0000,Proprietary  ,24,67,91,509,1318,1827
00730306,LINCOLN TECHNICAL INSTITUTE - EAST WINDS,CT,06088-9631,Proprietary  ,25,36,61,826,611,1437
00730500,PORTER AND CHESTER INSTITUTE OF BRANFORD,CT,06405-4022,Proprietary  ,4,9,13,261,432,693
00731100,WINDHAM TECHNICAL HIGH SCHOOL           ,CT,06226-2100,Public       ,0,0,0,4,13,17
00745900,PAIER COLLEGE OF ART                    ,CT,06514-3902,Proprietary  ,2,0,2,119,70,189
00763500,CAPITAL COMMUNITY COLLEGE               ,CT,06103-1207,Public       ,8,51,59,1856,4443,6299
00803700,GATEWAY COMMUNITY-TECHNICAL COLLEGE     ,CT,06511-0000,Public       ,18,57,75,4104,6413,10517
00803800,MIDDLESEX COMMUNITY CLG                 ,CT,06457-4889,Public       ,6,23,29,1437,1979,3416
00887300,PAUL MITCHELL THE SCHOOL                ,CT,06810-6716,Proprietary  ,2,2,4,128,100,228
00887400,MARINELLO SCHOOL OF BEAUTY              ,CT,06450-4836,Proprietary  ,0,1,1,54,140,194
00887401,MARINELLO SCHOOL OF BEAUTY - HAMDEN     ,CT,06514-4132,Proprietary  ,0,0,0,35,117,152
00887402,MARINELLO SCHOOL OF BEAUTY - FAIRFIELD  ,CT,06825-4847,Proprietary  ,0,0,0,72,199,271
00887403,MARINELLO SCHOOL OF BEAUTY - WILLIMANTIC,CT,06226-1940,Proprietary  ,0,0,0,30,91,121
00927700,E C GOODWIN TECHNICAL HIGH SCHOOL       ,CT,06053-0000,Public       ,0,1,1,38,66,104
00940700,LINCOLN COLLEGE OF NEW ENGLAND          ,CT,06489-1057,Proprietary  ,4,17,21,522,740,1262
00976400,TUNXIS COMMUNITY COLLEGE                ,CT,06032-3187,Public       ,13,43,56,2333,2487,4820
00976500,THREE RIVERS COMMUNITY COLLEGE          ,CT,06360-6598,Public       ,12,36,48,2034,3172,5206
00982200,ALBERT I PRINCE TECHNICAL HIGH SCHOOL   ,CT,06106-3799,Public       ,0,5,5,29,132,161
01041700,MARINELLO SCHOOL OF BEAUTY              ,CT,06108-2220,Proprietary  ,1,0,1,129,344,473
01053000,QUINEBAUG VALLEY COMMUNITY COLLEGE      ,CT,06239-1440,Public       ,4,8,12,907,1225,2132
01077900,PORTER AND CHESTER INSTITUTE-ALLCAMPUSES,CT,06615-7158,Proprietary  ,40,79,119,1603,3206,4809
01115000,ASNUNTUCK COMMUNITY COLLEGE             ,CT,06082-3800,Public       ,13,29,42,700,988,1688
01149600,BULLARD HAVENS VOC TECH SCHOOL          ,CT,06610-3499,Public       ,0,1,1,25,157,182
01169700,VINAL REGIONAL VOC TECH SCHOOL          ,CT,06457-4918,Public       ,0,0,0,6,45,51
01184300,NORWICH TECHNICAL HIGH SCHOOL           ,CT,06360-7097,Public       ,0,2,2,21,80,101
01242500,STONE ACADEMY                           ,CT,06516-4049,Proprietary  ,35,155,190,292,1634,1926
01242503,STONE ACADEMY -WATERBURY                ,CT,06705-3823,Proprietary  ,1,3,4,34,136,170
01242504,STONE ACADEMY -  EAST HARTFORD          ,CT,06118-0000,Proprietary  ,1,4,5,59,217,276
02074000,BRANFORD HALL CAREER INSTITUTE          ,CT,06405-0000,Proprietary  ,64,388,452,865,3679,4544
02106600,AMERICAN INSTITUTE                      ,CT,06110-1922,Proprietary  ,5,48,53,120,633,753
02112300,RIDLEY LOWELL BUSINESS & TECH INST      ,CT,06320-0000,Proprietary  ,15,40,55,153,705,858
02112700,NORTH HAVEN ACADEMY                     ,CT,06473-3108,Proprietary  ,2,1,3,118,123,241
02148700,CONNECTICUT INST OF HAIR DESIGN         ,CT,06716-0000,Proprietary  ,0,0,0,14,56,70
02202500,NEW ENGLAND TRACTOR TRAILER SCH         ,CT,06071-2036,Proprietary  ,17,237,254,161,1771,1932
02244900,GOODWIN COLLEGE                         ,CT,06118-9980,Private      ,47,294,341,1330,5747,7077
02245300,HOWELL CHENEY TECHNICAL HIGH SCHOOL     ,CT,06040-0000,Public       ,1,2,3,16,36,52
02265900,WINDHAM COMMUNITY MEM HOSP-RAD TECH     ,CT,06226-0000,Private      ,0,0,0,9,26,35
02296100,YALE-NEW HAVEN HOSP DIETETIC INTERN     ,CT,06510-8900,Private      ,0,2,2,11,64,75
02300000,W F KAYNOR TECHNICAL HIGH SCHOOL        ,CT,06708-0000,Public       ,0,0,0,12,73,85
02316600,CONNECTICUT CTR FOR MASSAGE THERAPY     ,CT,06111-3975,Proprietary  ,4,13,17,78,226,304
02316601,CONNECTICUT CENTER FOR MASSAGE THERAPY -,CT,06880-4619,Proprietary  ,0,6,6,42,151,193
02316603,CONNECTICUT CENTER FOR MASSAGE THERAPY -,CT,06340-4619,Proprietary  ,2,8,10,39,118,157
02565000,PLATT TECHNICAL HIGH SCHOOL             ,CT,06460-2105,Public       ,0,1,1,14,39,53
03094800,INDUSTRIAL MANAGEMENT & TRAINING        ,CT,06706-1211,Proprietary  ,0,1,1,30,136,166
03234300,CHARTER OAK STATE COLLEGE               ,CT,06053-2150,Public       ,1,53,54,157,2322,2479
03316300,LINCOLN TECHNICAL INSTITUTE - HARTFORD  ,CT,06105-3630,Proprietary  ,0,1,1,279,348,627
03927300,MARINELLO SCHOOL OF BEAUTY              ,CT,06357-2447,Proprietary  ,0,0,0,18,48,66
03927301,MARINELLO SCHOOL OF BEAUTY  - TORRINGTON,CT,06790-5425,Proprietary  ,0,0,0,18,33,51
04104300,ACADEMY DI CAPELLI - SCHOOL OF COSMETOLO,CT,06492-0000,Proprietary  ,4,5,9,58,102,160
04128800,BRANFORD ACADEMY OF HAIR & COSMETOLOGY  ,CT,06405-0000,Proprietary  ,0,2,2,31,61,92
04145400,OXFORD ACADEMY OF HAIR DESIGN           ,CT,06483-2911,Proprietary  ,2,4,6,47,75,122
04148400,EUROPEAN ACADEMY OF COSMETOLOGY AND HAIR,CT,06437-0000,Proprietary  ,0,1,1,23,20,43
04152400,INTERNATIONAL INSTITUTE OF COSMETOLOGY  ,CT,06109-0000,Proprietary  ,2,2,4,109,100,209
04219200,ACE COSMETOLOGY & BARBERING TRAINING CEN,CT,06716-0000,Proprietary  ,0,6,6,15,57,72
04224200,BELLE ACADEMY OF COSMETOLOGY            ,CT,06704-0135,Proprietary  ,0,1,1,24,82,106
04230900,RICCI'S ACADEMY OF COSMETOLOGY          ,CT,06470-0000,Proprietary  ,0,3,3,54,59,113
04249800,DOLCE LLC THE ACADEMY                   ,CT,06705-2685,Proprietary  ,0,1,1,10,38,48
00146600,BARRY UNIVERSITY                        ,FL,33161-6695,Private      ,46,126,172,4911,8378,13289
00146601,BARRY UNIVERSITY - ORLANDO              ,FL,32807-3673,Private      ,6,14,20,443,1915,2358
00146700,BETHUNE COOKMAN UNIVERSITY              ,FL,32114-3099,Private      ,157,55,212,8554,2398,10952
00146800,ST THOMAS UNIVERSITY                    ,FL,33054-0000,Private      ,29,167,196,1635,3742,5377
00146900,FLORIDA INSTITUTE OF TECHNOLOGY         ,FL,32901-6988,Private      ,23,193,216,5462,9040,14502
00147000,EASTERN FLORIDA STATE COLLEGE           ,FL,32922-6503,Public       ,167,322,489,6443,10982,17425
00147100,COLLEGE OF CENTRAL FLORIDA              ,FL,34474-4415,Public       ,71,178,249,4637,7263,11900
00147200,CHIPOLA  COLLEGE                        ,FL,32446-2053,Public       ,14,41,55,1101,1415,2516
00147300,CLEARWATER CHRISTIAN COLLEGE            ,FL,33759-0000,Private      ,0,0,0,492,154,646
00147500,DAYTONA STATE COLLEGE                   ,FL,32114-2800,Public       ,166,470,636,8224,13194,21418
00147700,FLORIDA SOUTHWESTERN STATE COLLEGE      ,FL,33919-5566,Public       ,136,205,341,8781,9558,18339
00147800,EDWARD WATERS COLLEGE                   ,FL,32209-6199,Private      ,29,37,66,1529,1269,2798
00147900,EMBRY-RIDDLE AERONAUTICAL UNIV          ,FL,32114-3900,Private      ,40,451,491,8439,11915,20354
00148000,FLORIDA A & M UNIVERSITY                ,FL,32307-3100,Public       ,410,135,545,17857,8741,26598
00148100,FLORIDA ATLANTIC UNIVERSITY             ,FL,33431-6498,Public       ,610,341,951,30565,19286,49851
00148101,FLORIDA ATLANTIC UNIVERSITY/DAVIE       ,FL,33314-0000,Public       ,52,106,158,3419,5579,8998
00148103,FLORIDA ATLANTIC UNIV-JUPITER/PSL       ,FL,33458-0000,Public       ,21,35,56,1728,1496,3224
00148200,FLORIDA COLLEGE                         ,FL,33617-5578,Private      ,0,3,3,587,100,687
00148400,FLORIDA STATE COLLEGE AT JACKSONVILLE   ,FL,32202-4030,Public       ,280,962,1242,14115,28594,42709
00148500,FLORIDA KEYS COMMUNITY COLLEGE          ,FL,33040-4397,Public       ,8,28,36,631,782,1413
00148600,FLORIDA MEMORIAL UNIVERSITY             ,FL,33054-6199,Private      ,100,56,156,3352,1710,5062
00148700,ECKERD COLLEGE                          ,FL,33711-4744,Private      ,3,25,28,3536,1024,4560
00148800,FLORIDA SOUTHERN COLLEGE                ,FL,33801-5698,Private      ,10,56,66,4827,1616,6443
00148900,FLORIDA STATE UNIVERSITY                ,FL,32306-2430,Public       ,715,296,1011,54576,19525,74101
00149000,GULF COAST STATE COLLEGE                ,FL,32401-1058,Public       ,42,121,163,2652,5094,7746
00149300,INDIAN RIVER STATE COLLEGE              ,FL,34981-5596,Public       ,209,393,602,7794,11476,19270
00149500,JACKSONVILLE UNIVERSITY                 ,FL,32211-3394,Private      ,37,131,168,4124,4797,8921
00149700,JONES COLLEGE                           ,FL,32205-5395,Private      ,5,17,22,106,876,982
00149900,EVEREST UNIVERSITY                      ,FL,32810-5601,Private      ,7,106,113,472,3883,4355
00149901,EVEREST UNIVERSITY - ORLANDO SOUTH      ,FL,32819-7666,Private      ,28,430,458,1054,13398,14452
00149902,EVEREST UNIVERSITY - MELBOURNE          ,FL,32905-6609,Private      ,3,12,15,105,833,938
00149904,EVEREST UNIVERSITY - TAMPA              ,FL,33614-5801,Private      ,12,79,91,372,2286,2658
00149905,EVEREST UNIVERSITY - BRANDON            ,FL,33619-1354,Private      ,1,29,30,275,2955,3230
00149906,EVEREST UNIVERSITY - ORANGE PARK        ,FL,32073-1111,Private      ,4,55,59,108,923,1031
00149907,EVEREST UNIVERSITY - LARGO              ,FL,33770-2556,Private      ,1,20,21,78,609,687
00149908,EVEREST UNIVERSITY - LAKELAND           ,FL,33801-3801,Private      ,3,9,12,171,882,1053
00149909,EVEREST UNIVERSITY - JACKSONVILLE       ,FL,32256-0000,Private      ,4,26,30,256,1468,1724
00149910,EVEREST UNIVERSITY - POMPANO            ,FL,33062-2522,Private      ,1,15,16,129,1498,1627
00150000,BROWARD COLLEGE- DOWNTOWN CTR           ,FL,33301-2298,Public       ,644,1162,1806,27004,37860,64864
00150100,FLORIDA GATEWAY COLLEGE                 ,FL,32025-2007,Public       ,28,66,94,1283,2664,3947
00150200,LAKE SUMTER COMMUNITY COLLEGE           ,FL,34788-8751,Public       ,37,68,105,2730,3174,5904
00150400,"STATE COLLEGE OF FLORIDA, MANATEE-SARASO",FL,34207-3596,Public       ,72,159,231,5461,7467,12928
00150500,LYNN UNIVERSITY                         ,FL,33431-5598,Private      ,13,33,46,3157,1471,4628
00150600,MIAMI DADE COLLEGE ADMINISTRATION ONLY  ,FL,33176-3393,Public       ,9,36,45,620,1065,1685
00150601,MIAMI DADE COLLEGE - NORTH CAMPUS       ,FL,33167-3495,Public       ,269,518,787,15307,17911,33218
00150602,MIAMI DADE COLLEGE - KENDALL CAMPUS     ,FL,33176-3393,Public       ,397,466,863,22155,17662,39817
00150603,MIAMI DADE COLLEGE - WOLFSON CAMPUS     ,FL,33132-2297,Public       ,299,375,674,13111,13450,26561
00150604,MIAMI DADE COLLEGE - MEDICAL CAMPUS     ,FL,33127-4693,Public       ,100,189,289,4187,8037,12224
00150605,MIAMI DADE COLLEGE - HOMESTEAD CAMPUS   ,FL,33030-6009,Public       ,73,133,206,3744,4529,8273
00150606,MIAMI DADE COLLEGE -INTERAMERICAN CAMPUS,FL,33135-0000,Public       ,96,210,306,5016,8200,13216
00150607,MIAMI DADE COLLEGE - HIALEAH CAMPUS     ,FL,33012-2918,Public       ,124,171,295,5980,5937,11917
00150800,NORTH FLORIDA COMMUNITY COLLEGE         ,FL,32340-1699,Public       ,19,27,46,522,939,1461
00150900,NOVA SOUTHEASTERN UNIVERSITY            ,FL,33314-7796,Private      ,58,411,469,7756,28025,35781
00151000,NORTHWEST FLORIDA STATE COLLEGE         ,FL,32578-1295,Public       ,39,105,144,2145,4852,6997
00151200,PALM BEACH COMMUNITY COLLEGE            ,FL,33461-4796,Public       ,359,540,899,16699,17829,34528
00151300,PENSACOLA STATE COLLEGE                 ,FL,32504-8998,Public       ,75,280,355,4906,9323,14229
00151400,POLK STATE COLLEGE                      ,FL,33881-4256,Public       ,98,214,312,5712,9211,14923
00151500,ROLLINS COLLEGE                         ,FL,32789-4499,Private      ,16,20,36,3538,1407,4945
00151900,SANTA FE COLLEGE                        ,FL,32606-6200,Public       ,146,191,337,10714,9545,20259
00152000,SEMINOLE STATE COLLEGE OF FLORIDA       ,FL,32773-6199,Public       ,153,414,567,10392,14339,24731
00152100,SOUTHEASTERN UNIVERSITY                 ,FL,33801-6099,Private      ,29,86,115,5173,2603,7776
00152200,SOUTH FLORIDA COMMUNITY COLLEGE         ,FL,33825-9399,Public       ,18,46,64,1555,2060,3615
00152300,SAINT JOHNS RIVER STATE COLLEGE         ,FL,32177-3897,Public       ,52,139,191,3118,4823,7941
00152600,SAINT LEO UNIVERSITY                    ,FL,33574-6665,Private      ,34,568,602,5112,20119,25231
00152800,ST. PETERSBURG COLLEGE                  ,FL,33760-3768,Public       ,167,612,779,11461,26680,38141
00153100,STETSON UNIVERSITY                      ,FL,32723-3761,Private      ,30,34,64,7218,1136,8354
00153101,STETSON UNIVERSITY - COLLEGE OF LAW     ,FL,33707-3299,Private      ,3,13,16,144,1760,1904
00153300,TALLAHASSEE COMMUNITY COLLEGE           ,FL,32304-2895,Public       ,205,253,458,11067,9279,20346
00153500,UNIVERSITY OF FLORIDA                   ,FL,32611-3150,Public       ,661,306,967,51154,23580,74734
00153600,UNIVERSITY OF MIAMI                     ,FL,33146-6531,Private      ,80,150,230,23585,7332,30917
00153601,UNIV OF MIAMI SCHOOL OF LAW             ,FL,33124-0000,Private      ,0,5,5,172,1703,1875
00153602,UNIV OF MIAMI-SCH OF MEDICINE           ,FL,33136-0000,Private      ,8,17,25,1021,1904,2925
00153700,UNIVERSITY OF SOUTH FLORIDA             ,FL,33620-6960,Public       ,731,363,1094,46253,27657,73910
00153701,UNIV OF SOUTH FLORIDA-ST PETERSBURG     ,FL,33701-0000,Public       ,112,91,203,5419,4232,9651
00153702,UNIV OF SOUTH FLORIDA-SARASOTA          ,FL,34243-2025,Public       ,15,36,51,1431,1940,3371
00153705,UNIVERSITY OF SOUTH FLORIDA - LAKELAND C,FL,33803-9714,Public       ,15,15,30,1112,1039,2151
00153706,UNIV OF SOUTH FLORIDA- MEDICINE         ,FL,33612-0000,Public       ,22,35,57,1524,2503,4027
00153800,UNIVERSITY OF TAMPA                     ,FL,33606-1490,Private      ,66,64,130,15678,4203,19881
00154000,WEBBER INTERNATIONAL UNIVERSITY         ,FL,33827-0096,Private      ,7,16,23,1487,456,1943
00173308,NATIONAL-LOUIS UNIVERSITY               ,FL,33609-0000,Private      ,0,4,4,28,127,155
00177201,TRINITY INTERNATIONAL UNIVERSITY - SOUTH,FL,33324-4611,Private      ,2,11,13,68,502,570
00395400,UNIV OF CENTRAL FLORIDA                 ,FL,32816-0001,Public       ,1201,480,1681,76288,35937,112225
00395500,UNIVERSITY OF WEST FLORIDA              ,FL,32514-5750,Public       ,81,267,348,10280,9682,19962
00407215,NORTHWOOD UNIVERSITY                    ,FL,33409-0000,Private      ,0,0,0,584,374,958
00491005,KAPLAN COLLEGE JACKSONVILLE             ,FL,32216-3216,Proprietary  ,0,0,0,132,1557,1689
00558500,LIVELY TECHNICAL CENTER                 ,FL,32304-0000,Public       ,11,36,47,638,1992,2630
00558600,LINDSEY HOPKINS TECHNICAL ED CENTER     ,FL,33127-4692,Public       ,30,77,107,349,1164,1513
00559400,D G ERWIN TECHNICAL CENTER              ,FL,33610-8255,Public       ,18,56,74,685,2070,2755
00560500,PINELLAS TECH ED CTR-CLEARWATER         ,FL,33760-2194,Public       ,12,41,53,380,1406,1786
00560700,SARASOTA COUNTY TECHNICAL INSTITUTE     ,FL,34233-0000,Public       ,6,13,19,401,909,1310
00560800,MAYNARD A. TRAVISS CAREER CENTER        ,FL,33803-9709,Public       ,4,12,16,401,1218,1619
00561200,MANATEE TECHNICAL INSTITUTE             ,FL,34210-0000,Public       ,3,19,22,553,1534,2087
00561201,MANATEE TECHNICAL INSTITUTE-EAST        ,FL,34211-0000,Public       ,1,14,15,278,792,1070
00675000,VALENCIA COMMUNITY COLLEGE              ,FL,32802-3028,Public       ,494,663,1157,35727,30872,66599
00732910,ITT TECHNICAL INSTITUTE                 ,FL,33634-7515,Proprietary  ,53,267,320,974,4925,5899
00732947,ITT TECHNICAL INSTITUTE                 ,FL,32746-1607,Proprietary  ,17,93,110,404,2007,2411
00736206,MEDTECH COLLEGE - MEDTECH INSTITUTE - OR,FL,32826-4906,Proprietary  ,4,27,31,284,1236,1520
00752500,SUWANNEE-HAMILTON AREA VOC TECH CTR     ,FL,32060-0000,Public       ,3,3,6,84,269,353
00752600,WASHINGTON HOLMES TECHNICAL CENTER      ,FL,32428-1699,Public       ,3,15,18,177,484,661
00755800,LEE COUNTY HIGH TECH CENTER CENTRAL     ,FL,33916-2299,Public       ,3,32,35,480,1104,1584
00787000,HILLSBOROUGH COMMUNITY COLLEGE          ,FL,33606-3572,Public       ,220,519,739,16450,24501,40951
00789300,FLAGLER COLLEGE                         ,FL,32085-1027,Private      ,15,6,21,4625,862,5487
00789301,FLAGLER COLLEGE - TALLAHASSEE COMMUNITY ,FL,32304-2895,Private      ,8,21,29,544,969,1513
00807500,ST JOHN VIANNEY COLLEGE SEMINARY        ,FL,33165-3244,Private      ,0,1,1,36,35,71
00822300,ST VINCENT DE PAUL REGIONL SEMINARY     ,FL,33436-0000,Private      ,0,0,0,4,13,17
00841700,STENOTYPE INSTITUTE OF JACKSONVILLE     ,FL,32207-0000,Proprietary  ,0,1,1,21,226,247
00869410,RASMUSSEN COLLEGE - OCALA               ,FL,34471-7051,Proprietary  ,24,241,265,965,8461,9426
00869411,RASMUSSEN COLLEGE - NEW PORT RICHEY     ,FL,34690-4554,Proprietary  ,3,36,39,199,1346,1545
00869413,RASMUSSEN COLLEGE - FORT MYERS          ,FL,33905-7805,Proprietary  ,6,39,45,328,1670,1998
00869420,RASMUSSEN COLLEGE - TAMPA               ,FL,33610-9558,Proprietary  ,7,46,53,260,1554,1814
00869422,RASMUSSEN COLLEGE - PASCO               ,FL,33558-0000,Proprietary  ,6,19,25,90,547,637
00884800,WARNER UNIVERSITY                       ,FL,33859-8725,Private      ,7,28,35,1086,960,2046
00884900,PALM BEACH ATLANTIC UNIVERSITY          ,FL,33401-6505,Private      ,25,35,60,4056,2875,6931
00887800,MIAMI INTERNATIONAL UNIV ART&DESIGN     ,FL,33132-1418,Proprietary  ,18,44,62,2087,2173,4260
00910400,TONI & GUY HAIRDRESSING ACADEMY         ,FL,32256-3810,Proprietary  ,0,4,4,57,126,183
00963500,FLORIDA INTERNATIONAL UNIVERSITY        ,FL,33199-0001,Public       ,703,592,1295,47129,37219,84348
00984100,UNIVERSITY OF NORTH FLORIDA             ,FL,32224-2645,Public       ,354,193,547,17666,10736,28402
00990200,SHERIDAN TECHNICAL CENTER               ,FL,33021-3399,Public       ,13,56,69,825,2629,3454
01016100,"LORAINE'S ACADEMY, INC                  ",FL,33710-0000,Proprietary  ,5,32,37,61,342,403
01019500,ART INSTITUTE OF FT LAUDERDALE          ,FL,33316-3000,Proprietary  ,10,22,32,1530,1667,3197
01065200,PASCO-HERNANDO COMMUNITY CLG            ,FL,34654-5199,Public       ,93,217,310,6433,8391,14824
01072401,CARLOS ALBIZU UNIVERSITY                ,FL,33172-0000,Private      ,3,35,38,136,1205,1341
01082600,TOM P. HANEY TECHNICAL CENTER           ,FL,32405-5099,Public       ,5,21,26,311,1362,1673
01112700,GOODING INST OF NUR ANES BAY MED CT     ,FL,32401-0000,Proprietary  ,0,0,0,17,103,120
01226300,ATLANTIC TECHNICAL CENTER               ,FL,33063-3902,Public       ,21,42,63,759,1771,2530
01246117,LINCOLN COLLEGE OF TECHNOLOGY - WEST PAL,FL,33407-3105,Proprietary  ,10,35,45,558,864,1422
01254400,FIRST COAST TECHNICAL COLLEGE           ,FL,32084-1921,Public       ,8,35,43,444,1083,1527
01257400,RINGLING SCHOOL OF ART AND DESIGN       ,FL,34234-5895,Private      ,2,3,5,2085,457,2542
01303904,SOUTH UNIVERSITY - WEST PALM BEACH CAMPU,FL,33409-5149,Proprietary  ,15,104,119,616,2711,3327
01323400,LORENZO WALKER INST OF TECHNOLOGY       ,FL,34104-4405,Public       ,8,19,27,403,723,1126
02089600,CONCORDE CAREER INSTITUTE               ,FL,32211-0000,Proprietary  ,23,77,100,345,1601,1946
02113609,AMERICAN INTERCONTINENTAL UNIV - WESTON ,FL,33326-3233,Proprietary  ,0,0,0,16,157,173
02115300,PINELLAS TECHNICAL EDUCATION CENTERS - S,FL,33711-0000,Public       ,21,64,85,510,2099,2609
02116006,SANFORD-BROWN INSTITUTE - FT. LAUDERDALE,FL,33309-1906,Proprietary  ,2,4,6,159,519,678
02148200,FASHION FOCUS HAIR ACADEMY              ,FL,34231-0000,Proprietary  ,2,2,4,38,125,163
02148300,MANHATTAN BEAUTY SCHOOL                 ,FL,33611-1304,Proprietary  ,2,3,5,28,103,131
02149900,PAUL MITCHELL THE SCHOOL-JACKSONVILLE   ,FL,32205-0000,Proprietary  ,8,17,25,177,404,581
02151900,KEISER  UNIVERSITY                      ,FL,33309-0000,Private      ,362,1806,2168,6355,27120,33475
02156300,MARGATE SCHOOL OF BEAUTY                ,FL,33063-0000,Proprietary  ,0,0,0,21,84,105
02159600,BAPTIST COLLEGE OF FLORIDA (THE)        ,FL,32440-0000,Private      ,1,4,5,251,349,600
02172700,CONCORDE CAREER INSTITUTE               ,FL,33607-0000,Proprietary  ,6,33,39,222,862,1084
02188900,HOBE SOUND BIBLE COLLEGE                ,FL,33475-0000,Private      ,0,2,2,89,100,189
02200100,BRADENTON BEAUTY & BARBER ACADEMY       ,FL,34209-0000,Proprietary  ,4,6,10,33,184,217
02215900,ATI CAREER TRAINING CENTER              ,FL,33309-1785,Proprietary  ,2,7,9,46,218,264
02218700,FLORIDA TECHNICAL COLLEGE               ,FL,32826-2707,Proprietary  ,99,390,489,1593,5015,6608
02218707,FLORIDA TECHNICAL COLLEGE - LAKELAND    ,FL,33813-2101,Proprietary  ,5,19,24,259,574,833
02218709,FLORIDA TECHNICAL COLLEGE - DELAND      ,FL,32720-7415,Proprietary  ,14,96,110,246,1284,1530
02228300,LAKE TECHNICAL CENTER                   ,FL,32726-0000,Public       ,10,20,30,557,1456,2013
02245500,FORTIS COLLEGE                          ,FL,32789-4679,Proprietary  ,1,11,12,63,529,592
02257900,INTERNATIONAL ACADEMY                   ,FL,32119-3541,Proprietary  ,4,24,28,87,336,423
02275100,CONCORDE CAREER INSTITUTE               ,FL,33025-0000,Proprietary  ,8,41,49,168,656,824
02278800,SOUTHWEST FLORIDA COLLEGE               ,FL,33907-0000,Proprietary  ,27,147,174,1317,2550,3867
02278801,SOUTHWEST FLORIDA COLLEGE - TAMPA       ,FL,33619-1344,Proprietary  ,20,78,98,441,1178,1619
02278802,SOUTHWEST FLORIDA COLLEGE - INSTITUTUE O,FL,33928-9469,Proprietary  ,0,1,1,78,134,212
02278803,SOUTHWEST FLORIDA COLLEGE - PORT CHARLOT,FL,33953-3100,Proprietary  ,5,47,52,256,745,1001
02279600,CORTIVA INSTITUTE - FLORIDA             ,FL,33781-0000,Proprietary  ,3,21,24,144,469,613
02283800,BEAUTY SCHOOLS OF AMERICA               ,FL,33012-3322,Proprietary  ,44,259,303,415,2276,2691
02286502,ITT TECHNICAL INSTITUTE                 ,FL,32244-6630,Proprietary  ,0,0,0,0,2,2
02287100,LA BELLE BEAUTY SCHOOL                  ,FL,33012-3224,Proprietary  ,10,44,54,57,295,352
02293200,ATI CAREER TRAINING CENTER              ,FL,33309-5916,Proprietary  ,0,1,1,11,42,53
02293201,ATI CAREER TRAINING CENTER - MIAMI      ,FL,33122-1707,Proprietary  ,3,5,8,66,176,242
02293202,ATI CAREER TAINING CENTER - ATI COLLEGE ,FL,87109-2016,Proprietary  ,1,5,6,46,168,214
02293600,ADVANCED TECHNICAL CENTERS              ,FL,33266-1597,Private      ,4,8,12,56,139,195
02297000,CHARLOTTE TECHNICAL CENTER              ,FL,33948-0000,Public       ,2,5,7,182,435,617
02300900,WITHLACOOCHEE TECHNICAL INSTITUTE       ,FL,34450-0000,Public       ,7,8,15,226,648,874
02305800,FLORIDA CAREER COLLEGE                  ,FL,33174-2521,Proprietary  ,356,1363,1719,1694,8078,9772
02305810,FLORIDA CAREER COLLEGE - CLEARWATER     ,FL,33759-3924,Proprietary  ,0,0,0,19,79,98
02307400,GEORGE STONE TECHNICAL CENTER           ,FL,32526-0000,Public       ,12,42,54,363,1385,1748
02314100,SCHILLER INTERNATIONAL UNIVERSITY       ,FL,33770-0000,Proprietary  ,1,7,8,58,292,350
02316200,MIAMI LAKES TECHNICAL EDUCATION CTR     ,FL,33014-0000,Public       ,72,104,176,490,1508,1998
02321200,ORANGE TECH EDUC CTR- WESTSIDE TECH     ,FL,34787-0000,Public       ,7,9,16,314,734,1048
02325100,KEY COLLEGE                             ,FL,33004-3046,Proprietary  ,0,2,2,13,89,102
02326303,MEDVANCE INSTITUTE - WEST PALM          ,FL,33461-2171,Proprietary  ,0,1,1,19,88,107
02326306,MEDVANCE INSTITUTE - MIAMI              ,FL,33173-3431,Proprietary  ,0,0,0,22,46,68
02326800,MERIDIAN COLLEGE                        ,FL,34240-8478,Proprietary  ,6,18,24,94,372,466
02326900,SUNSTATE ACADEMY OF HAIR DESIGN         ,FL,33907-1415,Proprietary  ,22,39,61,199,534,733
02329900,FLORIDA INSTITUTE OF ULTRASOUND         ,FL,32514-0000,Proprietary  ,3,8,11,110,393,503
02338400,FT PIERCE BEAUTY ACADEMY                ,FL,34982-0000,Proprietary  ,11,35,46,91,392,483
02346200,WYOTECH                                 ,FL,32174-1010,Private      ,6,23,29,154,454,608
02362100,FULL SAIL UNIVERSITY                    ,FL,32792-0000,Proprietary  ,562,1708,2270,16060,29806,45866
02499000,ACADEMY OF COSMETOLOGY                  ,FL,32953-3311,Proprietary  ,2,11,13,62,239,301
02501500,"O*TEC, MID-FLORIDA TECH                 ",FL,32809-0000,Public       ,34,32,66,563,1697,2260
02504600,WINTER PARK TECH                        ,FL,32789-0000,Public       ,0,5,5,166,543,709
02508900,TALMUDIC COLLEGE OF FLORIDA             ,FL,33139-0000,Private      ,2,0,2,30,12,42
02511700,RIDGE TECHNICAL CENTER                  ,FL,33881-0000,Public       ,4,11,15,326,1015,1341
02513200,ORLANDO TECHNICAL CENTER                ,FL,32801-0000,Public       ,5,15,20,526,1560,2086
02515400,CITY COLLEGE                            ,FL,33309-3073,Private      ,44,202,246,606,2645,3251
02517100,SARASOTA SCHOOL OF MASSAGE THERAPY      ,FL,34243-6130,Proprietary  ,3,8,11,55,226,281
02524000,SUNSTATE ACADEMY OF HAIR DESIGN         ,FL,34624-0000,Proprietary  ,5,25,30,99,310,409
02524002,SUNSTATE ACADEMY - JONES TECHNICAL INSTI,FL,32256-0367,Proprietary  ,2,18,20,122,326,448
02524200,ROBERT MORGAN EDUCATIONAL CENTER        ,FL,33177-0000,Public       ,32,53,85,482,970,1452
02531803,PAUL MITCHELL THE SCHOOL - ORLANDO      ,FL,32765-6444,Proprietary  ,17,19,36,228,378,606
02531805,PAUL MITCHELL THE SCHOOL -TAMPA         ,FL,33613-0000,Proprietary  ,7,21,28,261,468,729
02547600,FLORIDA NATIONAL COLLEGE                ,FL,33012-0000,Proprietary  ,26,124,150,578,2178,2756
02547601,FLORIDA NATIONAL UNIVERSITY - SOUTH CAMP,FL,33175-2478,Proprietary  ,33,122,155,883,2002,2885
02547602,FLORIDA NATIONAL UNIVERSITY - TRAINING A,FL,33012-4108,Proprietary  ,5,12,17,142,419,561
02554200,RADFORD LOCKLIN TECH CENTER             ,FL,32570-0000,Public       ,1,4,5,115,409,524
02573200,LA BELLE BEAUTY ACADEMY                 ,FL,33135-0000,Proprietary  ,11,61,72,127,462,589
02597100,HERITAGE INSTITUTE                      ,FL,33912-7132,Proprietary  ,13,30,43,453,1038,1491
02598200,SOUTHERN CAREER COLLEGE                 ,FL,32225-9828,Proprietary  ,0,0,0,70,431,501
02601600,HENRY W BREWSTER TECHNICAL CENTER       ,FL,33602-0000,Public       ,3,9,12,129,572,701
02612700,"SALON PROFESSIONAL ACADEMY - MELBOURNE, ",FL,32904-3919,Proprietary  ,3,10,13,93,231,324
02616400,SANFORD-BROWN INSTITUTE                 ,FL,32256-3520,Proprietary  ,2,4,6,142,595,737
02616705,LE CORDON BLEU COLLEGE OF CULINARY ARTS ,FL,33025-3929,Proprietary  ,0,6,6,358,528,886
02616706,LE CORDON BLEU COLLEGE OF CULINARY ARTS ,FL,32819-9002,Proprietary  ,0,6,6,341,716,1057
03003600,MCFATTER TECHNICAL CENTER               ,FL,33317-7499,Public       ,22,43,65,661,1520,2181
03008600,FLORIDA COLLEGE OF NATURAL HEALTH       ,FL,33064-1342,Proprietary  ,22,58,80,228,821,1049
03010608,VIRGINIA COLLEGE - PENSACOLA            ,FL,32501-5650,Proprietary  ,5,25,30,179,852,1031
03010612,VIRGINIA COLLEGE - GOLF ACADEMY OF AMERI,FL,32701-0000,Proprietary  ,0,1,1,21,63,84
03010618,VIRGINIA COLLEGE - JACKSONVILLE         ,FL,32207-5167,Proprietary  ,7,26,33,156,847,1003
03012300,ASM BEAUTY WORLD ACADEMY                ,FL,33021-0000,Proprietary  ,1,18,19,26,199,225
03018500,BENE'S INTERNATIONAL SCHOOL OF BEAUTY   ,FL,34652-1636,Proprietary  ,11,53,64,148,582,730
03026508,REMINGTON COLLEGE - TAMPA               ,FL,33619-1177,Private      ,1,10,11,97,505,602
03028200,TRINITY COLLEGE OF FLORIDA              ,FL,34655-4401,Private      ,2,3,5,199,219,418
03031400,INTERNATIONAL ACADEMY OF DESIGN AND TECH,FL,33634-6313,Proprietary  ,3,9,12,607,2026,2633
03031402,INTERNATIONAL ACADEMY OF DESIGN AND TECH,FL,32809-4613,Proprietary  ,3,6,9,188,349,537
03035800,HERITAGE INSTITUTE                      ,FL,32216-0948,Proprietary  ,13,43,56,120,645,765
03035900,NATIONAL AVIATION ACADEMY               ,FL,33760-3931,Proprietary  ,14,55,69,383,952,1335
03037500,HODGES UNIVERSITY                       ,FL,34119-7932,Private      ,57,255,312,803,3627,4430
03071600,COLLEGE OF BUSINESS & TECHNOLOGY        ,FL,33176-1412,Proprietary  ,17,76,93,300,1447,1747
03078003,OHIO CENTER FOR BROADCASTING - MIAMI MED,FL,33130-3042,Proprietary  ,4,17,21,51,196,247
03079800,GEORGE T BAKER AVIATION                 ,FL,33142-5687,Public       ,7,19,26,389,544,933
03079900,CITY COLLEGE                            ,FL,32714-3129,Private      ,8,57,65,170,760,930
03089200,NOUVELLE INSTITUTE                      ,FL,33125-4141,Proprietary  ,14,99,113,63,626,689
03096300,FORTIS INSTITUTE                        ,FL,33860-0000,Proprietary  ,0,0,0,6,30,36
03099600,MERCY HOSPITAL SCHOOL OF PRACTICAL NSG  ,FL,33133-4237,Proprietary  ,6,12,18,107,293,400
03100800,TAYLOR TECHNICAL INSTITUTE              ,FL,32348-0894,Public       ,0,1,1,62,161,223
03101900,TRINITY BAPTIST COLLEGE                 ,FL,32221-1398,Private      ,5,4,9,458,340,798
03103900,MARION COUNTY COMMUNITY TECH & ADUL     ,FL,34474-3172,Public       ,9,22,31,447,1477,1924
03108500,EVERGLADES UNIVERSITY                   ,FL,33431-0000,Private      ,17,150,167,295,2260,2555
03108600,COM-PU-MED VOCATIONAL CAREERS           ,FL,33012-4861,Proprietary  ,5,41,46,78,443,521
03113400,ACADEMY OF PALM BEACH                   ,FL,33463-2113,Proprietary  ,0,3,3,46,203,249
03114700,PRAXIS INSTITUTE                        ,FL,33135-2657,Proprietary  ,11,66,77,81,556,637
03115500,ADVENTIST UNIVERSITY OF HEALTH SCIENCES ,FL,32803-1237,Private      ,15,65,80,1468,2702,4170
03123900,SOUTHEASTERN COLLEGE                    ,FL,33413-0000,Proprietary  ,16,67,83,207,1139,1346
03125600,MIAMI AD SCHOOL                         ,FL,33139-0000,Proprietary  ,6,4,10,112,386,498
03127900,TECHNICAL EDUCATION CTR OSCEOLA         ,FL,34744-4459,Public       ,18,28,46,543,1208,1751
03158300,LEE COUNTY HIGH TECH CENTER NORTH       ,FL,33993-2479,Public       ,7,10,17,189,482,671
03171300,UNIVERSITY OF ST. AUGUSTINE FOR HEALTH S,FL,32084-4215,Proprietary  ,1,59,60,108,2375,2483
03224300,NEW PROFESSIONS TECHNICAL INSTITUTE     ,FL,33134-1640,Proprietary  ,19,93,112,127,817,944
03230300,CHOICE HIGH SCHOOL AND TECHNICAL CENTER ,FL,32547-1299,Public       ,1,6,7,131,587,718
03238300,FLORIDA COLLEGE OF INTEGRATIVE MED      ,FL,32809-5721,Proprietary  ,1,12,13,116,404,520
03255300,FLORIDA GULF COAST UNIVERSITY           ,FL,33965-6565,Public       ,178,83,261,21438,6595,28033
03256300,YESHIVA GEDOLAH RABBINICAL COLLEGE      ,FL,33139-4708,Private      ,0,0,0,14,11,25
03264300,SOUTH FLORIDA BIBLE COLLEGE AND THEOLOGI,FL,33441-5768,Private      ,0,4,4,11,208,219
03346300,ACAD FOR PRAC NURSING & HEALTH OCCP     ,FL,33417-4574,Private      ,12,58,70,229,992,1221
03348400,PROFESSIONAL TRAINING CENTERS           ,FL,33184-0000,Proprietary  ,0,0,0,176,864,1040
03373300,BEACON COLLEGE                          ,FL,34748-5224,Private      ,2,2,4,297,137,434
03374300,FLORIDA COASTAL SCHOOL OF LAW           ,FL,32256-0000,Proprietary  ,2,15,17,89,1801,1890
03382300,BRADFORD-UNION AREA CAREERTECHNICAL CENT,FL,32091-2434,Public       ,0,4,4,68,296,364
03390300,LINCOLN TECHNICAL INSTITUTE             ,FL,32730-2351,Proprietary  ,0,0,0,38,143,181
03411400,INTERNATIONAL TRAINING CAREERS          ,FL,33155-1462,Private      ,1,29,30,37,418,455
03414500,ACUPUNCTURE AND MASSAGE COLLEGE         ,FL,33176-1509,Proprietary  ,2,7,9,76,334,410
03429600,ATLANTIC INST OF ORIENTAL MEDICINE      ,FL,33316-0000,Private      ,0,9,9,31,248,279
03429700,EAST WEST COLLG OF NATURAL MEDICINE     ,FL,34236-4959,Proprietary  ,0,5,5,26,267,293
03433400,NEW CONCEPT MASSAGE AND BEAUTY SCHO     ,FL,33135-0000,Proprietary  ,4,35,39,17,182,199
03434300,FORTIS COLLEGE                          ,FL,32073-2999,Proprietary  ,5,44,49,152,670,822
03480301,FORTIS COLLEGE - FORTIS INSTITUTE       ,FL,33313-7261,Proprietary  ,0,1,1,22,120,142
03480302,FORTIS COLLEGE - FORTIS INSTITUTE       ,FL,34952-0000,Proprietary  ,9,57,66,212,797,1009
03491400,AMERICAN ADVANCED TECHNICIANS INST      ,FL,33014-4430,Proprietary  ,5,15,20,59,233,292
03549300,ULTIMATE MEDICAL ACADEMY                ,FL,33756-4917,Private      ,311,3145,3456,3373,34340,37713
03553300,SOUTHEASTERN COLLEGE                    ,FL,32216-0000,Proprietary  ,2,12,14,152,576,728
03557300,NORTH FLORIDA COSMETOLOGY INSTITUTE     ,FL,32312-0000,Proprietary  ,7,19,26,128,459,587
03570400,ENGLISH CENTER (THE)                    ,FL,33133-2703,Public       ,2,25,27,28,235,263
03611400,FLORIDA BARBER ACADEMY                  ,FL,33441-0000,Proprietary  ,18,76,94,57,494,551
03618300,FLORIDA INSTITUTE OF ANIMAL ARTS        ,FL,32792-0000,Proprietary  ,0,0,0,132,180,312
03627400,JACKSONVILLE BEAUTY INSTITUTE           ,FL,32208-1885,Proprietary  ,7,36,43,90,403,493
03627600,FLORIDA EDUCATION INSTITUTE             ,FL,33144-5036,Proprietary  ,5,27,32,117,478,595
03661400,SOUTH FLORIDA INSTITUTE OF TECHNOLO     ,FL,33135-0000,Proprietary  ,30,248,278,304,1886,2190
03691400,AVE MARIA SCHOOL OF LAW                 ,FL,34119-1376,Private      ,0,7,7,78,526,604
03696400,SABER                                   ,FL,33134-1604,Private      ,8,26,34,90,723,813
03698308,WEST COAST UNIVERSITY - MIAMI           ,FL,33178-2431,Proprietary  ,4,6,10,168,267,435
03706300,AMERICAN INSTITUTE                      ,FL,33319-0000,Proprietary  ,11,34,45,99,321,420
03757300,ADVANCE SCIENCE INSTITUTE               ,FL,33012-0000,Proprietary  ,1,11,12,27,117,144
03801400,BEAUTY INSTITUTE (THE)                  ,FL,33409-2972,Proprietary  ,0,20,20,47,192,239
03801401,BEAUTY INSTITUTE (THE) - MARGATE        ,FL,33068-5704,Proprietary  ,0,1,1,15,44,59
03816300,ARTISTIC NAILS & BEAUTY ACADEMY         ,FL,33605-5919,Proprietary  ,6,54,60,154,603,757
03823300,FLORIDA ACADEMY OF HEALTH & BEAUTY      ,FL,33311-0000,Proprietary  ,4,3,7,25,48,73
03832300,DADE MEDICAL COLLEGE                    ,FL,33126-5534,Proprietary  ,0,0,0,858,3143,4001
03842500,CAMBRIDGE INSTITUTE OF ALLIED HEALTH    ,FL,32750-0000,Proprietary  ,1,18,19,35,355,390
03856300,UNIVERSAL BEAUTY SCHOOL                 ,FL,33174-4406,Proprietary  ,3,28,31,37,205,242
03856500,FLORIDA SCHOOL OF TRADITIONAL MIDWIFERY ,FL,32601-5507,Private      ,0,3,3,32,165,197
03875300,MCI INSTITUTE OF TECHNOLOGY             ,FL,33409-4937,Proprietary  ,0,0,0,41,158,199
03888300,DRAGON RISES COLLEGE OF ORIENTAL MEDICIN,FL,32601-5089,Private      ,0,1,1,9,98,107
03903500,SOUTHERN TECHNICAL COLLEGE              ,FL,32809-0000,Proprietary  ,32,219,251,473,2878,3351
03907301,PAUL MITCHELL THE SCHOOL FT MYERS       ,FL,33907-0000,Proprietary  ,4,11,15,145,218,363
03911300,TOTAL INTERNATIONAL CAREER INSTITUTE    ,FL,33012-0000,Proprietary  ,0,0,0,4,3,7
03939300,WOLFORD COLLEGE                         ,FL,34108-1931,Proprietary  ,1,1,2,42,301,343
03939400,CENTURA INSTITUTE                       ,FL,32807-3566,Proprietary  ,0,7,7,102,410,512
03939600,DAYTONA COLLEGE                         ,FL,32174-8445,Proprietary  ,5,38,43,136,593,729
03941300,AVE MARIA UNIVERSITY                    ,FL,34142-9505,Private      ,5,2,7,1575,174,1749
03957400,NEW COLLEGE OF FLORIDA                  ,FL,34243-2109,Public       ,5,6,11,2093,442,2535
03985300,COMMERCIAL DIVING ACADEMY               ,FL,32208-0000,Proprietary  ,31,52,83,441,1052,1493
03986300,AVIATOR COLLEGE OF AERONAUTICAL SCIENCE ,FL,34946-9022,Proprietary  ,3,2,5,99,285,384
04016500,AMERICAN INSTITUTE OF BEAUTY            ,FL,33773-0000,Proprietary  ,7,50,57,82,439,521
04029300,TRENDSETTERS OF FLORIDA SCHOOL OF BEAUTY,FL,32205-4737,Proprietary  ,1,5,6,36,163,199
04038302,ATA COLLEGE-ATA CAREER EDUCATION        ,FL,34606-4300,Proprietary  ,13,47,60,126,531,657
04039300,SULLIVAN AND COGLIANO TRAINING CENTERS  ,FL,33014-6427,Proprietary  ,7,129,136,53,1272,1325
04051310,BROWN MACKIE COLLEGE-CINCINNATI - BROWN ,FL,33132-1418,Proprietary  ,0,0,0,0,1,1
04083400,CAMBRIDGE INSTITUTE OF ALLIED HEALTH & T,FL,33484-6543,Proprietary  ,4,26,30,133,660,793
04105400,PENSACOLA SCHOOL OF MASSAGE THERAPY & HE,FL,32504-7337,Proprietary  ,4,29,33,61,374,435
04106300,PALM BEACH ACADEMY OF HEALTH & BEAUTY   ,FL,33403-2130,Proprietary  ,5,45,50,61,335,396
04116400,FUTURE-TECH INSTITUTE                   ,FL,33135-4142,Proprietary  ,3,37,40,42,297,339
04116600,TAYLOR COLLEGE                          ,FL,34420-8714,Proprietary  ,2,6,8,77,571,648
04119400,AVEDA INSTITUTE - SAINT PETERSBURG      ,FL,33701-4242,Proprietary  ,39,43,82,536,857,1393
04120400,PAUL MITCHELL THE SCHOOL MIAMI          ,FL,33156-0000,Proprietary  ,7,9,16,90,188,278
04126900,ACADEMY OF CAREER TRAINING              ,FL,34741-4644,Proprietary  ,13,26,39,166,508,674
04127400,DIGITAL MEDIA ARTS COLLEGE              ,FL,33431-5919,Proprietary  ,17,13,30,335,257,592
04128400,MANAGEMENT RESOURCES INSTITUTE          ,FL,33126-5473,Proprietary  ,15,154,169,106,1282,1388
04129900,FLORIDA SCHOOL OF MASSAGE               ,FL,32608-5419,Proprietary  ,4,9,13,85,305,390
04130400,SHEAR EXCELLENCE INTERNATIONAL HAIR ACAD,FL,33614-2783,Proprietary  ,3,7,10,48,255,303
04133500,ACADEMY FOR FIVE ELEMENT ACUPUNCTURE    ,FL,32601-6811,Private      ,0,3,3,13,136,149
04133900,FUTURA CAREER INSTITUTE                 ,FL,33012-3325,Proprietary  ,13,61,74,51,326,377
04134800,AVEDA INSTITUTE - TALLAHASSEE           ,FL,32304-3186,Proprietary  ,31,50,81,437,782,1219
04135000,COZMO THE SCHOOL                        ,FL,34135-4810,Proprietary  ,2,8,10,31,104,135
04135900,ORION COLLEGE                           ,FL,33317-0000,Proprietary  ,4,28,32,45,722,767
04140800,NORTH FLORIDA ACADEMY                   ,FL,32065-7758,Proprietary  ,1,3,4,26,91,117
04143100,PROFESSIONAL HANDS INSTITUTE            ,FL,33135-1939,Proprietary  ,0,13,13,6,207,213
04145900,CELEBRITY SCHOOL OF BEAUTY              ,FL,33144-4153,Proprietary  ,11,49,60,108,376,484
04146200,EMERALD COAST TECHNICAL COLLEGE         ,FL,32433-1557,Public       ,2,2,4,79,266,345
04146300,MARCHMAN TECHNICAL EDUCATION CENTER     ,FL,34653-1211,Public       ,2,3,5,201,381,582
04148500,MEDICAL INSTITUTE OF PALM BEACH         ,FL,33463-3276,Proprietary  ,13,21,34,116,208,324
04150800,IMMOKALEE TECHNICAL CENTER              ,FL,34142-3146,Public       ,10,4,14,228,174,402
04151500,AMERICAN ACADEMY OF COSMETOLOGY         ,FL,32065-8026,Proprietary  ,3,17,20,52,192,244
04156300,UNIVERSITY OF FORT LAUDERDALE           ,FL,33313-5809,Private      ,1,3,4,59,128,187
04156400,AVIATION INSTITUTE OF MAINTENANCE       ,FL,32803-6487,Proprietary  ,17,42,59,291,582,873
04157100,AEROSIM FLIGHT ACADEMY                  ,FL,32773-9683,Proprietary  ,8,11,19,193,328,521
04158300,FLAGLER TECHNICAL INSTITUTE             ,FL,32137-4714,Public       ,1,4,5,100,234,334
04162000,JOSE MARIA VARGAS UNIVERSITY            ,FL,33025-4534,Proprietary  ,1,4,5,27,115,142
04162500,HOLLYWOOD INSTITUTE OF BEAUTY CAREERS   ,FL,33023-6720,Proprietary  ,32,123,155,218,1041,1259
04163000,SUMMIT SALON ACADEMY                    ,FL,33624-6321,Proprietary  ,7,17,24,108,234,342
04163100,SALON PROFESSIONAL ACADEMY (THE)        ,FL,32607-1672,Proprietary  ,7,14,21,71,233,304
04163200,SALON PROFESSIONAL ACADEMY (THE)        ,FL,32162-9311,Proprietary  ,7,15,22,69,197,266
04164500,EUREKA INSTITUTE OF HEALTH AND BEAUTY   ,FL,33174-4205,Proprietary  ,0,9,9,18,58,76
04164600,D. A. DORSEY EDUCATIONAL CENTER         ,FL,33147-6304,Public       ,7,23,30,51,281,332
04167300,SALON PROFESSIONAL ACADEMY (THE)        ,FL,33904-4824,Proprietary  ,5,9,14,48,111,159
04170300,BEAUTY ACADEMY OF SOUTH FLORIDA         ,FL,33012-3221,Proprietary  ,9,34,43,54,289,343
04172300,ETERNITY COSMETOLOGY SCHOOL             ,FL,33415-5719,Proprietary  ,4,36,40,55,285,340
04176900,AMERICAN HEALTH INSTITUTE               ,FL,34654-3743,Proprietary  ,1,2,3,37,181,218
04182500,MILLENNIA ATLANTIC UNIVERSITY           ,FL,33178-2369,Proprietary  ,0,1,1,8,48,56
04188300,FLORIDA ACADEMY                         ,FL,33966-1155,Proprietary  ,12,41,53,147,510,657
04192100,AMERICAN MEDICAL ACADEMY                ,FL,33186-4830,Proprietary  ,8,21,29,189,382,571
04194000,"SCHOOL DISTRICT OF INDIAN RIVER COUNTY, ",FL,32960-3527,Public       ,4,14,18,197,365,562
04194200,APARICIO-LEVY TECHNICAL CENTER          ,FL,33610-9666,Public       ,0,3,3,66,212,278
04195100,AMBIANCE BEAUTY & BARBER ACADEMY        ,FL,32935-8771,Proprietary  ,0,6,6,36,143,179
04197600,"FLORIDA INSTITUTE OF RECORDING, SOUND AN",FL,32804-3309,Proprietary  ,4,14,18,238,332,570
04204600,BEAUTY AND HEALTH INSTITUTE             ,FL,33626-2610,Proprietary  ,5,23,28,93,377,470
04206300,FLORIDA VOCATIONAL INSTITUTE            ,FL,33155-3762,Proprietary  ,8,45,53,78,444,522
04207900,SAE INSTITUTE OF TECHNOLOGY - MIAMI     ,FL,33160-4307,Proprietary  ,12,34,46,206,337,543
04209500,SHEAR FINESSE HAIRSTYLING ACADEMY       ,FL,32208-5005,Proprietary  ,0,4,4,27,106,133
04210800,ULTRASOUND MEDICAL INSTITUTE            ,FL,33462-4221,Proprietary  ,0,2,2,10,68,78
04212600,COSMIX SCHOOL OF MAKEUP ARTISTRY        ,FL,33306-1640,Proprietary  ,3,7,10,113,271,384
04213200,KAIZEN BEAUTY ACADEMY                   ,FL,33024-6609,Proprietary  ,1,4,5,18,64,82
04214500,PRESTIGE HEALTH & BEAUTY SCIENCES ACADEM,FL,33160-4102,Proprietary  ,0,6,6,31,80,111
04216600,AZURE COLLEGE                           ,FL,33169-5345,Proprietary  ,0,0,0,93,650,743
04216900,SAN IGNACIO COLLEGE                     ,FL,33178-2350,Proprietary  ,0,5,5,16,49,65
04217800,BOCA BEAUTY ACADEMY                     ,FL,33434-4178,Proprietary  ,10,55,65,124,492,616
04220200,MORE TECH INSTITUTE                     ,FL,33012-2165,Proprietary  ,6,25,31,15,143,158
04221200,BLY'S SCHOOL OF COSMETOLOGY             ,FL,32601-4021,Proprietary  ,0,0,0,16,41,57
04223400,INTERAMERICAN TECHNICAL INSTITUTE       ,FL,00174-2950,Proprietary  ,3,22,25,36,241,277
04225000,PARISIAN SPA INSTITUTE                  ,FL,32204-4127,Proprietary  ,2,18,20,43,289,332
04225200,YECHANLAZ INSTITUTO VOCACIONAL          ,FL,33144-4817,Proprietary  ,0,8,8,3,61,64
04225800,FRED D. LEAREY TECHNICAL CENTER         ,FL,33614-1892,Public       ,3,11,14,110,339,449
04227500,MERRYFIELD SCHOOL OF PET GROOMING       ,FL,33334-4925,Proprietary  ,1,9,10,10,115,125
04228900,BEAUTY ANATOMY INSTITUTE OF COSMETOLOGY ,FL,33069-4313,Proprietary  ,1,8,9,30,108,138
04229700,FIRST COAST BARBER ACADEMY              ,FL,32210-8054,Proprietary  ,2,9,11,22,140,162
04233200,UNILATINA INTERNATIONAL COLLEGE         ,FL,33025-3943,Proprietary  ,0,4,4,7,24,31
04233400,LEE PROFESSIONAL INSTITUTE              ,FL,33916-9320,Proprietary  ,0,2,2,50,253,303
04233500,MED-LIFE INSTITUTE                      ,FL,34112-6263,Proprietary  ,1,4,5,1,6,7
04233600,MED-LIFE INSTITUTE                      ,FL,33319-4825,Proprietary  ,0,17,17,0,17,17
04233900,ATLANTIS UNIVERSITY                     ,FL,33132-1417,Proprietary  ,6,10,16,222,208,430
04234500,BURNETT INTERNATIONAL COLLEGE           ,FL,33426-6591,Proprietary  ,0,3,3,17,130,147
04238400,FLORIDA INTERNATIONAL TRAINING INSTITUTE,FL,33172-1507,Proprietary  ,3,17,20,40,158,198
04238500,TRAINING DOMAIN (THE)                   ,FL,33907-4080,Proprietary  ,0,0,0,3,35,38
04242000,LATIN BEAUTY ACADEMY                    ,FL,33415-6104,Proprietary  ,4,15,19,12,82,94
04243600,INTERNATIONAL HAIR AND BARBER ACADEMY   ,FL,33433-3443,Proprietary  ,2,7,9,26,66,92
04244700,MED ACADEMY                             ,FL,33018-4937,Proprietary  ,1,2,3,4,33,37
04246900,PIBERRY INSTITUTE                       ,FL,33032-8219,Proprietary  ,1,6,7,5,16,21
04249400,CENTER FOR NEUROSOMATIC STUDIES         ,FL,33760-3712,Proprietary  ,0,2,2,2,18,20
04250500,NATIONAL PERSONAL TRAINING INSTITUTE    ,FL,32789-7101,Proprietary  ,1,18,19,4,32,36
04251700,HOPE COLLEGE OF ARTS AND SCIENCES       ,FL,33069-3240,Proprietary  ,2,13,15,2,14,16
00160500,CHAMINADE UNIV OF HONOLULU              ,HI,96816-1578,Private      ,7,25,32,2249,2335,4584
00160600,BRIGHAM YOUNG UNIV-HAWAII CAMPUS        ,HI,96762-1294,Private      ,11,14,25,2169,991,3160
00161000,UNIVERSITY OF HAWAII AT MANOA           ,HI,96822-2399,Public       ,35,67,102,14592,9210,23802
00161100,UNIVERSITY OF HAWAII AT HILO            ,HI,96720-4091,Public       ,7,18,25,3643,2800,6443
00161200,HONOLULU COMMUNITY COLLEGE              ,HI,96817-4598,Public       ,12,38,50,2204,2782,4986
00161300,KAPIOLANI COMMUNITY COLLEGE             ,HI,96816-4421,Public       ,26,51,77,3415,3821,7236
00161400,KAUAI COMMUNITY COLLEGE                 ,HI,96766-9591,Public       ,8,9,17,613,793,1406
00161500,UNIVERSITY OF HAWAII MAUI COLLEGE       ,HI,96732-1644,Public       ,6,23,29,1730,2547,4277
00454900,LEEWARD COMMUNITY COLLEGE               ,HI,96782-3393,Public       ,23,55,78,3154,3822,6976
00525800,HAWAII COMMUNITY COLLEGE                ,HI,96720-4075,Public       ,8,14,22,1643,2330,3973
00723401,HEALD COLLEGE - HONOLULU                ,HI,96814-0000,Proprietary  ,0,0,0,457,849,1306
00727900,HAWAII PACIFIC UNIVERSITY               ,HI,96813-2882,Private      ,9,58,67,4803,3350,8153
01122000,WINDWARD COMMUNITY COLLEGE              ,HI,96744-0000,Public       ,13,16,29,1006,1568,2574
02100300,MED-ASSIST SCHOOL OF HAWAII             ,HI,96813-0000,Proprietary  ,2,8,10,103,271,374
02107800,UNIVERSITY OF HAWAII - WEST OAHU        ,HI,96707-0000,Public       ,9,26,35,2109,2576,4685
02139500,HAWAII INSTITUTE OF HAIR DESIGN         ,HI,96817-5195,Proprietary  ,4,14,18,89,254,343
03017800,TRAVEL INSTITUTE OF THE PACIFIC         ,HI,96814-1946,Proprietary  ,0,7,7,57,163,220
03072500,WORLD MEDICINE INSTITUTE                ,HI,96826-0000,Private      ,0,1,1,47,157,204
03735300,INST OF CLINICAL ACUPUNCTURE & ORIENT MD,HI,96813-2307,Proprietary  ,0,2,2,13,108,121
04165200,MAUNA LOA HELICOPTERS                   ,HI,96740-2650,Proprietary  ,0,1,1,37,81,118
04175100,PAUL MITCHELL THE SCHOOL HONOLULU       ,HI,96816-2433,Proprietary  ,4,12,16,144,261,405
04182200,HAWAII MEDICAL INSTITUTE                ,HI,96814-3518,Proprietary  ,17,56,73,347,965,1312
04252700,PACIFIC RIM CHRISTIAN UNIVERSITY        ,HI,96819-2228,Private      ,2,1,3,12,21,33
00161600,BOISE STATE UNIVERSITY                  ,ID,83725-1000,Public       ,26,185,211,14239,11428,25667
00161700,"COLLEGE OF IDAHO, THE                   ",ID,83605-4432,Private      ,1,6,7,1931,567,2498
00161900,COLLEGE OF SOUTHERN IDAHO               ,ID,83301-0000,Public       ,11,56,67,3299,3456,6755
00162000,IDAHO STATE UNIVERSITY                  ,ID,83209-5377,Public       ,67,88,155,6387,7607,13994
00162100,LEWIS-CLARK STATE COLLEGE               ,ID,83501-2698,Public       ,6,21,27,2766,2350,5116
00162300,NORTH IDAHO COLLEGE                     ,ID,83814-2199,Public       ,26,65,91,3033,3999,7032
00162400,NORTHWEST NAZARENE UNIVERSITY           ,ID,83686-5897,Private      ,3,36,39,1572,1556,3128
00162500,BRIGHAM YOUNG UNIVERSITY-IDAHO          ,ID,83460-1650,Private      ,227,289,516,17485,15106,32591
00162600,UNIVERSITY OF IDAHO                     ,ID,83844-4291,Public       ,11,52,63,9685,4450,14135
00732915,ITT TECHNICAL INSTITUTE                 ,ID,83713-1529,Proprietary  ,19,122,141,434,2221,2655
00987300,AVEDA INSTITUTE TWIN FALLS              ,ID,83301-4154,Proprietary  ,1,8,9,36,92,128
01113300,EASTERN IDAHO TECHNICAL COLLEGE         ,ID,83404-5788,Public       ,5,17,22,454,1092,1546
02218000,CARRINGTON COLLEGE                      ,ID,83704-0000,Proprietary  ,25,73,98,542,1939,2481
02234500,BOISE BIBLE COLLEGE                     ,ID,83714-1220,Private      ,0,2,2,174,117,291
02275800,MR LEONS SCHOOL OF HAIR DESIGN          ,ID,83843-8384,Proprietary  ,4,6,10,26,71,97
02275801,MR. LEON'S SCHOOL OF HAIR DESIGN        ,ID,83501-1910,Proprietary  ,0,1,1,5,21,26
02314000,SCHOOL OF HAIRSTYLING (THE)             ,ID,83202-0000,Proprietary  ,0,5,5,7,47,54
02319800,TONI&GUY HAIRDRESSING ACADEMY           ,ID,83814-2822,Proprietary  ,3,1,4,62,144,206
02319801,TONI&GUY HAIRDRESSING ACADEMY - BOISE   ,ID,83705-2636,Proprietary  ,1,5,6,98,180,278
02349200,HEADMASTERS SCHOOL OF HAIR DESIGN       ,ID,83501-0000,Proprietary  ,0,1,1,21,55,76
02559500,NICHOLAS JAY SALON & SPA ACADEMY        ,ID,83686-5104,Proprietary  ,0,7,7,68,154,222
02607100,PAUL MITCHELL THE SCHOOL BOISE          ,ID,83709-1662,Proprietary  ,7,32,39,213,372,585
03098700,ACADEMY OF COURT REPORTING              ,ID,83704-8320,Proprietary  ,11,26,37,153,486,639
03832400,COSMETOLOGY SCHOOL OF ARTS & SCIENCES   ,ID,83318-1327,Proprietary  ,2,3,5,22,74,96
04051323,ART INSTITUTE OF PHOENIX (THE) - BROWN M,ID,83709-2746,Proprietary  ,0,2,2,53,176,229
04134300,EVANS HAIRSTYLING COLLEGE               ,ID,83440-5277,Proprietary  ,1,0,1,74,60,134
04144500,HAIR ACDMY PAUL MITCHELL PARTNER SCHOOL ,ID,83440-2600,Proprietary  ,6,9,15,130,145,275
04150600,D & L ACADEMY OF HAIR DESIGN            ,ID,83301-6229,Proprietary  ,0,2,2,22,50,72
04155200,OLIVER FINLEY ACADEMY OF COSMETOLOGY    ,ID,83704-8011,Proprietary  ,11,8,19,209,282,491
04163800,MASTER EDUCATORS BEAUTY SCHOOL          ,ID,83301-4118,Proprietary  ,3,7,10,34,62,96
04168600,COLLEGE OF MASSAGE THERAPY              ,ID,83221-1758,Proprietary  ,0,0,0,18,59,77
04176700,AVEDA INSTITUTE BOISE                   ,ID,83704-4406,Proprietary  ,2,2,4,43,80,123
04194800,VELVET TOUCH ACADEMY OF COSMETOLOGY     ,ID,83687-5020,Proprietary  ,0,0,0,24,39,63
04203200,BOISE BARBER COLLEGE                    ,ID,83704-5919,Proprietary  ,0,4,4,30,153,183
04203500,AUSTIN KADE ACADEMY                     ,ID,83404-5540,Proprietary  ,7,20,27,90,324,414
04207200,ACADEMY DI FIRENZE                      ,ID,83338-2329,Proprietary  ,0,1,1,6,24,30
04211800,COLLEGE OF WESTERN IDAHO                ,ID,83687-5505,Public       ,58,186,244,4728,7959,12687
00149912,EVEREST UNIVERSITY - EVEREST COLLEGE - K,MO,64114-3246,Private      ,2,6,8,116,650,766
00163200,AQUINAS INSTITUTE OF THEOLOGY           ,MO,63108-3323,Private      ,0,0,0,2,73,75
00244900,AVILA UNIVERSITY                        ,MO,64145-1698,Private      ,7,29,36,1553,1736,3289
00245000,CALVARY BIBLE COLLEGE                   ,MO,64147-1341,Private      ,0,3,3,175,219,394
00245300,CENTRAL METHODIST UNIVERSITY            ,MO,65248-1198,Private      ,4,56,60,1893,2563,4456
00245400,UNIVERSITY OF CENTRAL MISSOURI          ,MO,64093-5178,Public       ,30,132,162,9405,5139,14544
00245600,COLUMBIA COLLEGE                        ,MO,65216-4581,Private      ,29,643,672,3254,21615,24869
00245700,CONCORDIA SEMINARY                      ,MO,63105-3199,Private      ,0,13,13,2,433,435
00245800,COTTEY COLLEGE                          ,MO,64772-2790,Private      ,0,1,1,395,75,470
00245900,CROWDER COLLEGE                         ,MO,64850-9165,Public       ,41,68,109,2838,3144,5982
00246000,CULVER STOCKTON COLLEGE                 ,MO,63435-1299,Private      ,0,9,9,1467,236,1703
00246100,DRURY UNIVERSITY                        ,MO,65802-3791,Private      ,31,116,147,2444,3632,6076
00246200,EDEN THEOLOGICAL SEMINARY               ,MO,63119-0000,Private      ,0,2,2,2,158,160
00246300,EVANGEL UNIVERSITY                      ,MO,65802-2125,Private      ,6,20,26,2308,1198,3506
00246400,FONTBONNE UNIVERSITY                    ,MO,63105-3098,Private      ,1,18,19,1268,2001,3269
00246600,HARRIS - STOWE STATE UNIVERSITY         ,MO,63103-2199,Public       ,17,36,53,1668,2049,3717
00246700,CONCEPTION SEMINARY COLLEGE             ,MO,64433-0502,Private      ,1,1,2,60,10,70
00246800,JEFFERSON COLLEGE                       ,MO,63050-2441,Public       ,45,74,119,2834,2938,5772
00247100,ST LOUIS COMMUNITY COLLEGE              ,MO,63102-0000,Public       ,109,373,482,11153,15577,26730
00247300,KANSAS CITY ART INSTITUTE               ,MO,64111-1874,Private      ,1,7,8,1184,398,1582
00247400,KANSAS CITY UNIV OF MED AND BIOSCIENCES ,MO,64106-0000,Private      ,0,4,4,100,1305,1405
00247600,KENRICK-GLENNON SEMINARY                ,MO,63119-4330,Private      ,0,1,1,33,12,45
00247700,A.T. STILL UNIV OF HEALTH SCIENCES      ,MO,63501-0000,Private      ,0,23,23,25,3219,3244
00247900,LINCOLN UNIVERSITY                      ,MO,65101-3500,Public       ,105,34,139,2918,1807,4725
00248000,LINDENWOOD UNIVERSITY                   ,MO,63301-1695,Private      ,13,182,195,7389,8257,15646
00248200,MARYVILLE UNIVERSITY                    ,MO,63141-7299,Private      ,10,203,213,2764,6097,8861
00248400,METROPOLITAN COMMUNITY COLLEGE          ,MO,64111-2408,Public       ,178,417,595,9664,13370,23034
00248500,MIDWESTERN BAPTIST THEOL SEMINARY       ,MO,64118-4697,Private      ,1,11,12,144,566,710
00248600,MINERAL AREA COLLEGE                    ,MO,63601-1000,Public       ,28,37,65,1967,2230,4197
00248800,MISSOURI SOUTHERN STATE UNIVERSITY      ,MO,64801-1595,Public       ,40,64,104,4804,3832,8636
00248900,MISSOURI VALLEY COLLEGE                 ,MO,65340-3197,Private      ,10,3,13,1808,484,2292
00249000,MISSOURI WESTERN STATE UNIVERSITY       ,MO,64507-2294,Public       ,22,28,50,4490,2562,7052
00249100,MOBERLY AREA COMMUNITY COLLEGE          ,MO,65270-1304,Public       ,100,106,206,3192,3123,6315
00249400,NAZARENE THEOLOGICAL SEMINARY           ,MO,64131-1246,Private      ,0,1,1,7,169,176
00249500,TRUMAN STATE UNIVERSITY                 ,MO,63501-4221,Public       ,12,2,14,5903,672,6575
00249600,NORTHWEST MISSOURI STATE UNIV           ,MO,64468-6001,Public       ,16,38,54,6330,1390,7720
00249800,PARK UNIVERSITY                         ,MO,64152-3795,Private      ,15,385,400,1491,9749,11240
00249900,ROCKHURST UNIVERSITY                    ,MO,64110-2561,Private      ,5,35,40,2370,1238,3608
00250000,COLLEGE OF THE OZARKS                   ,MO,65726-2502,Private      ,3,5,8,3587,408,3995
00250100,SOUTHEAST MISSOURI STATE UNIV           ,MO,63701-4799,Public       ,37,74,111,9149,4619,13768
00250200,SOUTHWEST BAPTIST UNIVERSITY            ,MO,65613-2597,Private      ,3,42,45,2201,1812,4013
00250300,MISSOURI STATE UNIVERSITY               ,MO,65897-0094,Public       ,81,164,245,17664,9242,26906
00250400,ST LOUIS COLLEGE OF PHARMACY            ,MO,63110-1088,Private      ,0,6,6,805,879,1684
00250600,SAINT LOUIS UNIVERSITY                  ,MO,63103-2097,Private      ,23,96,119,10240,7379,17619
00250900,SAINT PAUL SCHOOL OF THEOLOGY           ,MO,64127-2499,Private      ,0,1,1,1,104,105
00251200,STEPHENS COLLEGE                        ,MO,65215-0001,Private      ,1,12,13,1074,673,1747
00251400,NORTH CENTRAL MISSOURI COLLEGE          ,MO,64683-1824,Public       ,25,31,56,1025,934,1959
00251600,UNIVERSITY OF MISSOURI - COLUMBIA       ,MO,65211-1600,Public       ,62,132,194,28418,8913,37331
00251700,MISSOURI UNIVERSITY OF SCIENCE & TECHNOL,MO,65409-0250,Public       ,9,15,24,6774,1604,8378
00251800,UNIVERSITY OF MISSOURI-KANSAS CITY      ,MO,64110-2497,Public       ,27,124,151,8379,9514,17893
00251900,UNIVERSITY OF MISSOURI-ST LOUIS         ,MO,63121-4499,Public       ,22,126,148,7095,10234,17329
00252000,WASHINGTON UNIVERSITY                   ,MO,63130-4899,Private      ,9,37,46,15922,5608,21530
00252001,WASHINGTON UNIV-SCHOOL OF MEDICINE      ,MO,63110-0000,Private      ,0,7,7,175,1468,1643
00252100,WEBSTER UNIVERSITY                      ,MO,63119-3194,Private      ,10,153,163,3560,11670,15230
00252200,WENTWORTH MILITARY ACADEMY              ,MO,64067-1799,Private      ,7,11,18,299,238,537
00252300,WESTMINSTER COLLEGE                     ,MO,65251-1299,Private      ,3,0,3,1252,160,1412
00252400,WILLIAM JEWELL COLLEGE                  ,MO,64068-1896,Private      ,2,8,10,1271,312,1583
00252500,WILLIAM WOODS UNIVERSITY                ,MO,65251-2388,Private      ,5,80,85,1106,1653,2759
00405704,NATIONAL AMERICAN UNIVERSITY            ,MO,64057-1791,Proprietary  ,0,8,8,51,669,720
00470300,LOGAN COLLEGE OF CHIROPRACTIC           ,MO,63006-0000,Private      ,1,15,16,68,1004,1072
00470700,COVENANT THEOLOGICAL SEMINARY           ,MO,63141-8697,Private      ,0,7,7,5,458,463
00471100,STATE TECHNICAL COLLEGE OF MISSOURI     ,MO,65051-9607,Public       ,21,5,26,1483,496,1979
00471300,THREE RIVERS COMMUNITY COLLEGE          ,MO,63901-2393,Public       ,52,108,160,2166,3735,5901
00528800,KIRKSVILLE AREA TECHNICAL CENTER        ,MO,63501-0000,Public       ,0,0,0,33,83,116
00528900,WAYNESVILLE CAREER CENTER               ,MO,65583-2131,Public       ,0,2,2,57,161,218
00542400,SOUTH CENTRAL CAREER CENTER             ,MO,65775-3052,Public       ,1,0,1,60,178,238
00542600,SIKESTON CAREER AND TECHNOLOGY CTR      ,MO,63801-0000,Public       ,1,6,7,95,274,369
00542900,ROLLA TECHNICAL INSTITUTE               ,MO,65401-3601,Public       ,0,5,5,246,365,611
00543000,POPLAR BLUFF TECHNICAL CAREER CNTR      ,MO,63901-0000,Public       ,1,3,4,86,261,347
00543800,SALINE COUNTY CAREER CENTER             ,MO,65340-0000,Public       ,0,1,1,15,62,77
00544500,TRUMAN MEDICAL CENTER SCHOOL OF NURSE AN,MO,64108-2677,Private      ,0,0,0,50,96,146
00553100,GRAND RIVER TECHNICAL SCHOOL            ,MO,64601-1299,Public       ,0,0,0,73,63,136
00553200,CAPE GIRARDEAU CAREER & TECHNOLOGY CENTE,MO,63703-7511,Public       ,2,14,16,297,605,902
00638900,BARNES JEWISH COLLEGE OF NURSING AND ALL,MO,63110-1091,Private      ,2,9,11,598,1120,1718
00639200,RESEARCH COLLEGE OF NURSING             ,MO,64132-1199,Proprietary  ,1,9,10,156,348,504
00639201,RESEARCH MEDICAL CENTER - COLLEGE OF NUR,MO,64132-1199,Proprietary  ,1,2,3,58,151,209
00639202,RESEARCH MED CTR SCHL OF RAD TECH       ,MO,64132-0000,Proprietary  ,1,2,3,33,89,122
00666600,LUTHERAN SCHOOL OF NURSING              ,MO,63118-3909,Proprietary  ,0,5,5,61,223,284
00732923,ITT TECHNICAL INSTITUTE                 ,MO,63045-1122,Proprietary  ,33,281,314,667,3981,4648
00754000,MISSOURI BAPTIST UNIVERSITY             ,MO,63141-8698,Private      ,16,72,88,2028,2618,4646
00808000,STATE FAIR COMMUNITY COLLEGE            ,MO,65301-0000,Public       ,60,115,175,2632,3733,6365
00826900,HILLYARD TECHNICAL CENTER               ,MO,64506-0000,Public       ,1,5,6,184,250,434
00855200,STEVENS INSTITUTE OF BUSINESS & ARTS    ,MO,63103-0000,Proprietary  ,1,6,7,112,242,354
00886200,EAST CENTRAL COLLEGE                    ,MO,63084-0529,Public       ,35,61,96,2025,2309,4334
00908900,HANNIBAL-LAGRANGE COLLEGE               ,MO,63401-1999,Private      ,3,9,12,741,604,1345
00952000,NATIONAL ACADEMY OF BEAUTY ARTS         ,MO,63128-1307,Proprietary  ,3,5,8,88,220,308
00959000,INDEPENDENCE COLLEGE OF COSMETOLOGY     ,MO,64055-1105,Proprietary  ,2,2,4,46,114,160
00960700,HOUSE OF HEAVILIN BEAUTY COLLEGE        ,MO,64110-2826,Proprietary  ,1,4,5,38,139,177
00978200,SAINT LUKE'S COLLEGE OF HEALTH SCIENCES ,MO,64114-3237,Private      ,0,4,4,281,534,815
00979500,MISSOURI COLLEGE                        ,MO,63144-2901,Proprietary  ,8,37,45,237,723,960
01027900,HICKEY COLLEGE                          ,MO,63146-0000,Proprietary  ,0,7,7,601,453,1054
01040500,PINNACLE CAREER INSTITUTE               ,MO,64131-3367,Proprietary  ,9,107,116,186,1633,1819
01040501,PINNACLE CAREER INSTITUTE - NORTH KANSAS,MO,64153-1151,Proprietary  ,5,14,19,63,370,433
01050303,WICHITA TECHNICAL INSTITUTE - WTI JOPLIN,MO,64801-2970,Proprietary  ,2,19,21,47,291,338
01102600,WARRENSBURG AREA VOC TECH SCH           ,MO,64093-0000,Public       ,0,1,1,48,85,133
01173500,PIKE/LINCOLN TECHNICAL CENTER           ,MO,63344-0000,Public       ,0,0,0,13,46,59
01250000,RANKEN TECHNICAL COLLEGE                ,MO,63113-2811,Private      ,22,33,55,1776,2158,3934
01258000,ST LOUIS CHRISTIAN COLLEGE              ,MO,63033-6499,Private      ,0,3,3,111,187,298
01320800,BAPTIST BIBLE COLLEGE                   ,MO,65803-3498,Private      ,1,3,4,319,247,566
02056100,FOUR RIVERS CAREER CENTER               ,MO,63090-0000,Public       ,0,1,1,26,81,107
02068200,COX HEALTH - COX COLLEGE                ,MO,65802-0000,Private      ,3,19,22,385,1250,1635
02119200,COURT REPORTING INSTITUTE OF ST LOUIS   ,MO,63105-3329,Proprietary  ,0,12,12,26,360,386
02119204,COURT REPORTING INSTITUTE OF DALLAS - CO,MO,63105-3329,Proprietary  ,0,0,0,1,20,21
02121100,MIDWEST INSTITUTE                       ,MO,63122-0000,Proprietary  ,3,17,20,84,264,348
02124500,FRANKLIN TECHNOLOGY CENTER              ,MO,64801-0000,Public       ,0,6,6,101,400,501
02142200,LEX LA RAY TECHNICAL CENTER             ,MO,64067-0000,Public       ,0,1,1,21,77,98
02154900,MISSOURI SCH OF BARB & HAIR             ,MO,63031-0000,Proprietary  ,0,1,1,19,77,96
02164200,FOREST INSTITUTE OF PROFESSIONAL PSYCHOL,MO,65807-1445,Private      ,0,0,0,13,104,117
02165900,CHILLICOTHE BEAUTY ACADEMY              ,MO,64601-0000,Proprietary  ,1,1,2,14,18,32
02180200,METRO BUSINESS COLLEGE                  ,MO,63701-0000,Proprietary  ,4,21,25,113,612,725
02188100,NORTHLAND CAREER CENTER                 ,MO,64079-8333,Public       ,1,1,2,26,63,89
02202700,OZARK CHRISTIAN COLLEGE                 ,MO,64801-0000,Private      ,0,1,1,654,245,899
02203400,NEVADA REGIONAL TECHNICAL CENTER        ,MO,64772-0000,Public       ,1,1,2,49,87,136
02205200,SANFORD-BROWN COLLEGE                   ,MO,63026-7305,Proprietary  ,0,0,0,10,28,38
02214500,SALEM COLLEGE OF HAIRSTYLING            ,MO,65401-0000,Proprietary  ,1,8,9,24,58,82
02239200,ANTHEM COLLEGE                          ,MO,63043-0000,Proprietary  ,0,0,0,11,34,45
02250600,EVEREST COLLEGE                         ,MO,65807-2446,Private      ,4,27,31,91,620,711
02263400,LAKE CAREER AND TECHNICAL CENTER        ,MO,65020-0000,Public       ,0,0,0,8,53,61
02266400,CENTRAL CHRISTIAN CLG OF THE BIBLE      ,MO,65270-0000,Private      ,0,0,0,216,137,353
02277500,HOUSE OF HEAVILIN BEAUTY COLLEGE        ,MO,64014-3953,Proprietary  ,6,8,14,101,228,329
02289200,COLUMBIA AREA CAREER CENTER             ,MO,65203-0000,Public       ,2,9,11,182,502,684
02295700,MISSOURI BEAUTY ACADEMY                 ,MO,63640-1827,Proprietary  ,1,4,5,28,109,137
02300105,EVEREST COLLEGE - EARTH CITY            ,MO,63045-1100,Private      ,0,0,0,11,57,68
02304000,MISSOURI TECH                           ,MO,63303-3887,Proprietary  ,0,0,0,63,122,185
02309100,AMERICAN COLLEGE OF HAIR DESIGN         ,MO,65301-2144,Proprietary  ,1,4,5,31,67,98
02313000,CASS CAREER CENTER                      ,MO,64701-0000,Public       ,1,1,2,13,79,92
02340500,ST LOUIS COLLEGE OF HEALTH CAREERS      ,MO,63110-0000,Proprietary  ,6,50,56,309,1453,1762
02342100,CAREER & TECHNOLOGY CTR AT FT OSAGE     ,MO,64058-0000,Public       ,0,1,1,13,85,98
02361600,CONCORDE CAREER COLLEGE                 ,MO,64111-0000,Proprietary  ,16,63,79,404,1594,1998
02497500,CLINTON TECHNICAL SCHOOL                ,MO,64735-2966,Public       ,0,2,2,16,92,108
02520800,MERRELL UNIV OF BTY ARTS & SCIENCES     ,MO,65109-0000,Proprietary  ,2,6,8,75,174,249
02530600,SAINT CHARLES COMMUNITY COLLEGE         ,MO,63376-0975,Public       ,54,77,131,4622,3221,7843
02543800,PARIS II EDUCATIONAL CENTER (THE)       ,MO,64118-0000,Proprietary  ,0,0,0,41,100,141
02564700,ELAINE STEVEN BEAUTY COLLEGE            ,MO,63136-0000,Proprietary  ,4,20,24,90,313,403
02564702,ELAINE STEVEN BEAUTY COLLEGE - ADVANCE B,MO,63401-2269,Proprietary  ,0,1,1,11,25,36
02568500,GRABBER SCHOOL OF HAIR DESIGN           ,MO,63011-0000,Proprietary  ,1,8,9,114,170,284
02599700,VATTEROTT COLLEGE                       ,MO,63134-2900,Proprietary  ,10,105,115,438,2123,2561
02599701,VATTEROTT COLLEGE - KANSAS CITY         ,MO,64117-0000,Proprietary  ,15,67,82,227,1099,1326
02599702,VATTEROTT COLLEGE - SPRINGFIELD LOCATION,MO,65807-5340,Proprietary  ,0,48,48,178,963,1141
02599703,VATTEROTT COLLEGE - JOPLIN              ,MO,64801-5033,Proprietary  ,2,23,25,95,680,775
02599705,VATTEROTT COLLEGE - SUNSET HILLS        ,MO,63127-1516,Proprietary  ,5,34,39,137,820,957
02599712,VATTEROTT COLLEGE - O'FALLON            ,MO,63366-2748,Proprietary  ,8,34,42,142,644,786
02599714,VATTEROTT COLLEGE - EX'TREME INSTITUTE B,MO,63102-2115,Proprietary  ,6,41,47,285,721,1006
02603101,CRAVE BEAUTY ACADEMY-BALLWIN            ,MO,63011-3125,Proprietary  ,1,5,6,9,41,50
02608000,NEOSHO BEAUTY COLLEGE                   ,MO,64850-1525,Proprietary  ,0,0,0,18,46,64
02609202,VATTEROTT COLLEGE-ST JOSEPH             ,MO,64501-2911,Proprietary  ,1,7,8,63,313,376
02609203,VATTEROTT COLLEGE - L'ECOLE CULINAIRE   ,MO,63124-1103,Proprietary  ,6,27,33,125,501,626
02609206,VATTEROTT COLLEGE - L'ECOLE CULINAIRE   ,MO,64112-2110,Proprietary  ,0,32,32,102,483,585
02611004,HERITAGE COLLEGE-KANSAS CITY            ,MO,64131-4203,Proprietary  ,15,58,73,182,818,1000
03066300,BRYAN CAREER COLLEGE                    ,MO,65806-2507,Proprietary  ,2,86,88,79,855,934
03066303,BRYAN COLLEGE - COLUMBIA                ,MO,65201-8248,Proprietary  ,2,20,22,82,343,425
03068600,SPECIAL SCHOOL DISTRICT OF ST. LOUIS CO.,MO,63127-1324,Public       ,0,8,8,65,452,517
03070200,CENTRAL COLLEGE OF COSMETOLOGY          ,MO,65583-0000,Proprietary  ,4,6,10,47,110,157
03070900,SE MO HOSP CLG NURSING & HEALTH SCI     ,MO,63703-4507,Private      ,2,4,6,177,438,615
03077200,COSMETOLOGY CONCEPTS INSTITUTE          ,MO,65202-1972,Proprietary  ,4,14,18,79,165,244
03083000,OZARKS TECHNICAL COMMUNITY COLLEGE      ,MO,65802-3601,Public       ,140,324,464,8206,11990,20196
03097600,ST LOUIS HAIR ACADEMY                   ,MO,63107-1737,Proprietary  ,1,2,3,50,144,194
03101000,NEW DIMENSION SCHOOL OF HAIR DESIGN     ,MO,64801-5017,Proprietary  ,0,1,1,20,88,108
03106000,MISSOURI STATE UNIVERSITY - WEST PLAINS ,MO,65775-2715,Public       ,31,36,67,1411,1349,2760
03110900,HOUSE OF HEAVILIN BEAUTY COLLEGE        ,MO,64083-9195,Proprietary  ,2,1,3,31,52,83
03519300,MISSOURI COLLEGE OF COSMETOLOGY NORTH   ,MO,65803-0000,Proprietary  ,1,7,8,65,185,250
03579300,TEXAS COUNTY TECHNICAL INSTITUTE        ,MO,65483-2700,Private      ,2,13,15,42,259,301
03616300,AVIATION INSTITUTE OF MAINTENANCE       ,MO,64129-1811,Proprietary  ,5,29,34,76,332,408
03878300,PROFESSIONAL MASSAGE TRAINING CENTER    ,MO,65803-2939,Proprietary  ,0,0,0,13,53,66
03916300,ECLIPS SCHOOL OF COSMETOLOGY AND BARBERI,MO,63703-5809,Proprietary  ,0,8,8,32,162,194
03924300,HAIR ACADEMY 110 (THE)                  ,MO,63501-2915,Proprietary  ,0,1,1,16,25,41
03970400,WELLSPRING SCHOOL OF ALLIED HEALTH      ,MO,64114-3313,Proprietary  ,4,15,19,65,334,399
04037500,ACADEMY OF HAIR DESIGN                  ,MO,65804-2303,Proprietary  ,2,10,12,127,383,510
04051329,ART INSTITUTE OF PHOENIX (THE) - BROWN M,MO,63026-2564,Proprietary  ,1,3,4,103,200,303
04118700,AMERICAN BUSINESS & TECHNOLOGY UNIVERSIT,MO,64506-2961,Proprietary  ,4,30,34,47,551,598
04119100,CITY VISION COLLEGE                     ,MO,64141-3188,Private      ,0,5,5,20,190,210
04122300,GRANTHAM UNIVERSITY                     ,MO,64153-2262,Proprietary  ,47,708,755,684,13798,14482
04130600,"CENTER FOR HEALING ARTS (THE), LLC      ",MO,63143-2103,Proprietary  ,2,12,14,20,194,214
04133300,TREND SETTERS SCHOOL OF COSMETOLOGY     ,MO,63702-7607,Proprietary  ,0,1,1,29,103,132
04145200,TRANSFORMED BARBER AND COSMETOLOGY ACADE,MO,64137-1207,Proprietary  ,2,12,14,45,212,257
04145700,THE SYSTEM A PAUL MITCHELL PARTNER SCHL ,MO,65807-5969,Proprietary  ,4,6,10,111,222,333
04146100,URSHAN GRADUATE SCHOOL OF THEOLOGY      ,MO,63031-7526,Private      ,0,0,0,29,50,79
04152200,CARTHAGE R-9 SCHOOL DISTRICT/CARTHAGE TE,MO,64836-1332,Public       ,0,0,0,9,66,75
04170600,SALON PROFESSIONAL ACADEMY (THE)        ,MO,63301-1021,Proprietary  ,3,3,6,59,130,189
04170700,PAUL MITCHELL THE SCHOOL ST LOUIS       ,MO,63108-1554,Proprietary  ,10,9,19,249,323,572
04173900,COSMETOLOGY COLLEGE OF FRANKLIN COUNTY  ,MO,63077-3448,Proprietary  ,0,1,1,13,49,62
04174000,SKIN INSTITUTE                          ,MO,63128-1307,Proprietary  ,3,0,3,45,119,164
04174800,AMERICAN TRADE SCHOOL                   ,MO,63074-1807,Proprietary  ,0,4,4,44,171,215
04179000,"SALON PROFESSIONAL ACADEMY, THE         ",MO,65616-7216,Proprietary  ,0,0,0,1,4,5
04184400,SEYMOUR BEAUTY ACADEMY                  ,MO,65746-8743,Proprietary  ,3,2,5,11,43,54
04187000,DONNA'S ACADEMY OF HAIR DESIGN          ,MO,64089-9042,Proprietary  ,0,1,1,33,32,65
04212100,ACADEMY OF SALON PROFESSIONALS          ,MO,65301-6910,Proprietary  ,0,2,2,25,100,125
04218400,CITY POINTE BEAUTY ACADEMY              ,MO,64870-2502,Proprietary  ,2,4,6,48,129,177
04236300,BEYOND THE BASICS SCHOOL OF COSMETOLOGY ,MO,65706-0003,Proprietary  ,0,1,1,0,18,18
04243000,ESSENTIALS ACADEMY OF COSMETOLOGY       ,MO,64850-9104,Proprietary  ,0,0,0,5,11,16
04247100,ACADEMY OF COSMETOLOGY AND ESTHETICS    ,MO,64772-2805,Proprietary  ,3,6,9,12,26,38
04247400,EA LA MAR'S COSMETOLOGY & BARBER COLLEGE,MO,64127-1912,Proprietary  ,0,4,4,8,34,42
04249500,LEBANON COLLEGE OF COSMETOLOGY          ,MO,65536-3800,Proprietary  ,1,0,1,6,13,19
00314600,WESTERN OKLAHOMA STATE COLLEGE          ,OK,73521-1397,Public       ,10,42,52,616,1069,1685
00314700,BACONE COLLEGE                          ,OK,74403-1597,Private      ,9,19,28,870,774,1644
00314900,SOUTHERN NAZARENE UNIVERSITY            ,OK,73008-2694,Private      ,5,43,48,1304,2241,3545
00315000,CAMERON UNIVERSITY                      ,OK,73505-6377,Public       ,23,112,135,2218,4025,6243
00315100,OKLAHOMA WESLEYAN UNIVERSITY            ,OK,74006-6299,Private      ,7,14,21,1195,1330,2525
00315200,UNIV OF CENTRAL OKLAHOMA                ,OK,73034-5209,Public       ,64,158,222,10761,8414,19175
00315300,CONNORS STATE COLLEGE                   ,OK,74469-2204,Public       ,21,55,76,1427,1763,3190
00315400,EAST CENTRAL UNIVERSITY                 ,OK,74820-6999,Public       ,18,63,81,3089,2655,5744
00315500,EASTERN OKLAHOMA STATE COLLEGE          ,OK,74578-4999,Public       ,10,46,56,865,1216,2081
00315600,REDLANDS COMMUNITY COLLEGE              ,OK,73036-5304,Public       ,15,41,56,811,1148,1959
00315700,LANGSTON UNIVERSITY                     ,OK,73050-0000,Public       ,22,51,73,3619,2140,5759
00315800,MURRAY STATE COLLEGE                    ,OK,73460-3137,Public       ,14,51,65,1413,1705,3118
00316000,NORTHEASTERN OKLAHOMA A & M COLLEGE     ,OK,74354-6497,Public       ,57,43,100,1927,1296,3223
00316100,NORTHEASTERN STATE UNIVERSITY           ,OK,74464-2399,Public       ,18,86,104,5349,6280,11629
00316200,NORTHERN OKLAHOMA COLLEGE               ,OK,74653-0310,Public       ,39,63,102,2133,2048,4181
00316300,NORTHWESTERN OKLAHOMA STATE UNIV        ,OK,73717-2799,Public       ,7,25,32,1490,1074,2564
00316400,OKLAHOMA BAPTIST UNIVERSITY             ,OK,74801-2590,Private      ,6,4,10,2935,566,3501
00316500,OKLAHOMA CHRISTIAN UNIVERSITY           ,OK,73131-0000,Private      ,7,20,27,2661,1104,3765
00316600,OKLAHOMA CITY UNIVERSITY                ,OK,73106-1493,Private      ,15,38,53,2829,3002,5831
00316700,UNIV OF SCIENCE & ARTS OF OKLAHOMA      ,OK,73018-5322,Public       ,5,10,15,874,468,1342
00316800,ROGERS STATE UNIVERSITY                 ,OK,74017-3252,Public       ,14,69,83,2841,2951,5792
00317000,OKLAHOMA STATE UNIVERSITY               ,OK,74078-1026,Public       ,103,119,222,20480,8665,29145
00317200,OKLAHOMA STATE UNIVERSITY-OKMULGEE      ,OK,74447-3901,Public       ,23,50,73,1975,2052,4027
00317400,OKLAHOMA PANHANDLE STATE UNIVERSITY     ,OK,73939-0000,Public       ,3,10,13,886,441,1327
00317600,CARL ALBERT STATE COLLEGE               ,OK,74953-5208,Public       ,12,45,57,1334,1904,3238
00317800,SEMINOLE STATE COLLEGE                  ,OK,74818-0351,Public       ,24,44,68,1084,1272,2356
00317900,SOUTHEASTERN OKLAHOMA STATE UNIV        ,OK,74701-0609,Public       ,19,81,100,2502,2648,5150
00318000,SOUTHWESTERN CHRISTIAN UNIVERSITY       ,OK,73008-2335,Private      ,4,20,24,490,623,1113
00318100,SOUTHWESTERN OKLAHOMA STATE UNIV        ,OK,73096-3098,Public       ,15,63,78,3559,2414,5973
00318101,SOUTHWESTERN OK STATE UNIV AT SAYRE     ,OK,73662-0000,Public       ,1,11,12,169,223,392
00318300,ST GREGORY'S UNIVERSITY                 ,OK,74804-2499,Private      ,1,5,6,524,481,1005
00318308,SAINT GREGORY'S UNIVERSITY - IPD TULSA  ,OK,74135-2499,Private      ,0,1,1,44,154,198
00318400,UNIVERSITY OF OKLAHOMA                  ,OK,73019-4078,Public       ,86,219,305,19719,10842,30561
00318401,UNIVERSITY OF OKLAHOMA-HLTH SCI CTR     ,OK,73190-0000,Public       ,9,40,49,791,3338,4129
00318500,UNIVERSITY OF TULSA                     ,OK,74104-3189,Private      ,10,21,31,3932,2051,5983
00398500,ORAL ROBERTS UNIVERSITY                 ,OK,74171-0001,Private      ,11,67,78,3218,2220,5438
00531100,TULSA COUNTY AREA VOC TECH SCHOOL       ,OK,74145-0000,Public       ,10,51,61,756,1883,2639
00531200,RED RIVER TECHNOLOGY CENTER             ,OK,73533-2700,Public       ,1,6,7,46,201,247
00533900,METRO TECHNOLOGY CENTERS SCH DIST22     ,OK,73111-0000,Public       ,3,33,36,241,1174,1415
00533903,METRO TECHNOLOGY CENTERS SCH DIST22     ,OK,73129-0000,Public       ,4,23,27,167,797,964
00694200,MID-AMERICA CHRISTIAN UNIVERSITY        ,OK,73170-4504,Private      ,4,128,132,632,3481,4113
00767800,SPARTAN COLLEGE OF AERONAUTICS AND TECHN,OK,74115-5800,Proprietary  ,23,49,72,972,978,1950
00791100,VIRGILS BEAUTY COLLEGE                  ,OK,74401-6802,Proprietary  ,0,2,2,14,77,91
00834300,AUTRY TECHNOLOGY CENTER                 ,OK,73703-2598,Public       ,1,6,7,90,265,355
00861900,TRI COUNTY TECHNOLOGY CENTER            ,OK,74006-6029,Public       ,0,0,0,19,65,84
00918500,ROSE STATE COLLEGE                      ,OK,73110-2799,Public       ,51,206,257,3190,5749,8939
00920400,KIAMICHI TECHNOLOGY CENTER              ,OK,74578-0548,Public       ,3,21,24,278,905,1183
00961800,TULSA WELDING SCHOOL                    ,OK,74104-0000,Proprietary  ,132,263,395,2604,3675,6279
00964700,"OKLAHOMA STATE UNIV, OKLA CITY          ",OK,73107-6159,Public       ,50,203,253,3176,6853,10029
00970800,EVES COLLEGE OF HAIRSTYLING             ,OK,73501-0000,Proprietary  ,2,14,16,23,187,210
00976300,TULSA COMMUNITY COLLEGE                 ,OK,74135-6198,Public       ,87,373,460,8868,13097,21965
00996300,CADDO KIOWA VOC TECH CENTER             ,OK,73038-0000,Public       ,0,6,6,80,292,372
00996400,CENTRAL OKLAHOMA AREA VOC TECH SCH      ,OK,74030-9613,Public       ,2,14,16,107,324,431
00996500,CANADIAN VALLEY TECHNOLOGY CENTER       ,OK,73036-9117,Public       ,2,10,12,99,386,485
00996800,GORDON COOPER TECHNOLOGY CENTER         ,OK,74804-9913,Public       ,1,9,10,137,464,601
01005300,INDIAN CAPITAL TECHNOLGY CENTER #4      ,OK,74403-9907,Public       ,4,15,19,253,721,974
01026600,HILLSDALE FREE WILL BAPTIST COLLEGE     ,OK,73153-0000,Private      ,0,1,1,266,157,423
01034200,SOUTHERN OKLAHOMA TECHNOLOGY CENTER     ,OK,73401-2100,Public       ,2,7,9,87,319,406
01039100,OKLAHOMA CITY COMMUNITY COLLEGE         ,OK,73159-4444,Public       ,87,336,423,6037,10415,16452
01050304,WTI TULSA CAMPUS                        ,OK,74112-3140,Proprietary  ,4,52,56,49,406,455
01071700,GREAT PLAINS TECHNOLOGY CENTER SCHOOL DI,OK,73505-8399,Public       ,2,16,18,205,622,827
01076200,WESTERN OK AREA VOC TECH SCH DIST12     ,OK,73624-1469,Public       ,0,7,7,48,149,197
01120600,PIONEER TECHNOLOGY CENTER               ,OK,74601-1106,Public       ,0,3,3,34,209,243
01128200,OKLAHOMA STATE UNV CLG OSTEOPTHC MD     ,OK,74107-0000,Public       ,0,12,12,152,788,940
01153700,MID-AMERICA TECHNOLOGY CENTER           ,OK,73095-0210,Public       ,0,2,2,48,128,176
01227200,MOORE-NORMAN TECHNOLOGY CENTER          ,OK,73069-8399,Public       ,3,18,21,273,988,1261
02052700,NORTHEAST TECHNOLOGY CENTER             ,OK,74361-0487,Public       ,1,4,5,161,526,687
02060800,MERIDIAN TECHNOLOGY CENTER              ,OK,74074-0000,Public       ,3,7,10,144,321,465
02126500,ENID BEAUTY COLLEGE                     ,OK,73701-0000,Proprietary  ,1,5,6,26,59,85
02184400,SAND SPRINGS BEAUTY COLLEGE             ,OK,74063-0000,Proprietary  ,3,7,10,32,109,141
02197300,HOLLYWOOD COSMETOLOGY CENTER            ,OK,73189-0000,Proprietary  ,0,2,2,26,106,132
02222700,FRANCIS TUTTLE TECHNOLOGY CENTER        ,OK,73142-0000,Public       ,11,30,41,394,1679,2073
02238500,CENTRAL STATE BEAUTY ACADEMY            ,OK,73162-6007,Proprietary  ,3,20,23,109,443,552
02250900,E OK COUNTY AREA VO-TECH                ,OK,73020-0000,Public       ,0,3,3,55,102,157
02256200,"BROKEN ARROW BEAUTY COLLEGE, INC        ",OK,74012-0000,Proprietary  ,3,16,19,78,252,330
02282100,HIGH PLAINS AREA VOC-TECH               ,OK,73801-0000,Public       ,0,3,3,32,121,153
02306800,PLATT COLLEGE                           ,OK,74145-0000,Proprietary  ,26,131,157,300,1766,2066
02306811,PLATT COLLEGE - LAWTON                  ,OK,73501-3808,Proprietary  ,8,42,50,96,583,679
02510300,BEAUTY TECHNICAL COLLEGE                ,OK,74465-0000,Proprietary  ,0,6,6,15,71,86
02531200,WOODWARD BEAUTY COLLEGE                 ,OK,73801-0000,Proprietary  ,0,3,3,9,58,67
02556500,YUKON BEAUTY COLLEGE                    ,OK,73099-4108,Proprietary  ,0,3,3,7,52,59
02560200,PHILLIPS THEOLOGICAL SEMINARY -         ,OK,74116-5612,Private      ,0,1,1,2,127,129
02581100,CLAREMORE BEAUTY COLLEGE                ,OK,74017-7034,Proprietary  ,1,5,6,18,53,71
02581200,CC'S COSMETOLOGY COLLEGE                ,OK,74129-0000,Proprietary  ,0,16,16,49,213,262
02591101,CAREER POINT INSTITUTE                  ,OK,74146-0000,Proprietary  ,0,7,7,76,391,467
02596501,ATI-CAREER TRAINING CENTER - OKLAHOMA CI,OK,73107-2442,Proprietary  ,1,5,6,14,118,132
02596502,ATI- CAREER TRAINING CENTER - OKLAHOMA C,OK,76101-2740,Proprietary  ,1,7,8,27,156,183
02597400,PONTOTOC TECHNOLOGY CENTER SCHOOL       ,OK,74820-8621,Public       ,0,4,4,81,184,265
02599706,VATTEROTT COLLEGE - TULSA               ,OK,74146-2205,Proprietary  ,3,21,24,64,504,568
02600000,NORTHWEST TECHNOLOG CTR SCH DIST 10     ,OK,73717-9600,Public       ,0,0,0,19,56,75
02600500,WES WATKINS TECHNOLOGY CENTER           ,OK,74883-9660,Public       ,0,1,1,24,112,136
02609205,VATTEROTT COLLEGE - OKLAHOMA CITY       ,OK,73127-2103,Proprietary  ,2,43,45,79,905,984
03008700,SOUTHWEST TECHNOLOGY CENTER             ,OK,73521-1527,Public       ,0,3,3,54,191,245
03024700,STILLWATER BEAUTY ACADEMY               ,OK,74075-3467,Proprietary  ,0,0,0,16,50,66
03030700,OKLAHOMA SCHOOL OF PHOTOGRAPHY          ,OK,73160-3320,Proprietary  ,0,2,2,32,104,136
03030800,AMERICAN BROADCASTING SCHOOL            ,OK,73115-3334,Proprietary  ,0,25,25,40,292,332
03051100,CHISHOLM TRAIL TECHNOLOGY CENTER        ,OK,73764-6335,Public       ,0,0,0,13,73,86
03078500,TECH INST OF COSMETOLOGY ARTS & SCI     ,OK,74120-3610,Proprietary  ,0,0,0,35,97,132
03103800,SOUTHERN SCHOOL OF BEAUTY               ,OK,74701-5008,Proprietary  ,2,7,9,25,58,83
03109800,PONCA CITY BEAUTY COLLEGE               ,OK,74601-4201,Proprietary  ,1,2,3,13,70,83
03109801,BARTLESVILLE BEAUTY COLLEGE             ,OK,74003-2835,Proprietary  ,0,3,3,10,42,52
03115100,HERITAGE COLLEGE                        ,OK,73119-0000,Proprietary  ,21,75,96,252,1195,1447
03124901,IMAGINE -  PAUL MITCHELL PARTNER SCHOOL ,OK,73072-4831,Proprietary  ,6,16,22,117,265,382
03126200,GREEN COUNTRY AREA VOC TECH SCHOOL      ,OK,74447-1217,Public       ,2,5,7,71,186,257
03198400,MID-DEL AREA VOCATIONAL & TECH SCH      ,OK,73110-4825,Public       ,0,4,4,57,204,261
03329400,PRYOR BEAUTY COLLEGE                    ,OK,74361-0000,Proprietary  ,1,3,4,10,38,48
03329401,PRYOR BEAUTY COLLEGE - GROVE BEAUTY COLL,OK,74345-0009,Proprietary  ,0,2,2,1,27,28
03329402,PRYOR BEAUTY COLLEGE - NORTH EAST OKLAHO,OK,74338-0000,Proprietary  ,0,0,0,0,1,1
03367400,COMMUNITY CARE COLLEGE                  ,OK,74145-6420,Proprietary  ,34,174,208,632,2507,3139
03453400,SHAWNEE BEAUTY COLLEGE                  ,OK,74801-7014,Proprietary  ,1,2,3,9,47,56
03676300,FAMILY OF FAITH COLLEGE                 ,OK,74802-1805,Private      ,0,0,0,8,30,38
03831300,INSTITUTE OF HAIR DESIGN                ,OK,74804-0000,Proprietary  ,3,4,7,13,39,52
03928300,CENTRAL STATE MASSAGE ACADEMY           ,OK,73162-6007,Proprietary  ,0,1,1,16,99,115
04051324,ART INSTITUTE OF PHOENIX (THE) - BROWN M,OK,74146-5234,Proprietary  ,2,6,8,62,304,366
04060300,AMERICAN INSTITUTE OF MEDICAL TECHNOLOGY,OK,74146-5201,Proprietary  ,0,7,7,111,330,441
04133600,CUTTER'S EDGE SCHOOL OF COSMETOLOGY     ,OK,74023-2905,Proprietary  ,0,0,0,4,18,22
04144400,ACADEMY OF HAIR DESIGN (THE)            ,OK,73120-6808,Proprietary  ,2,15,17,61,238,299
04184300,PAUL MITCHELL THE SCHOOL ARDMORE        ,OK,73401-3912,Proprietary  ,2,4,6,19,75,94
04213600,RIVER VALLEY COSMETOLOGY INSTITUTE      ,OK,74953-5260,Proprietary  ,1,5,6,16,82,98
04224700,JB'S HAIR DESIGN AND BARBER COLLEGE     ,OK,73139-1602,Proprietary  ,2,15,17,40,212,252
04224900,COLLEGE OF THE MUSCOGEE NATION          ,OK,74447-0917,Public       ,1,19,20,142,233,375
04225100,COMANCHE NATION COLLEGE                 ,OK,73501-7434,Public       ,0,5,5,23,122,145
04240500,PAUL MITCHELL THE SCHOOL TULSA          ,OK,74134-1410,Proprietary  ,5,14,19,121,263,384
00163700,BETHANY THEOLOGICAL SEMINARY            ,IN,47374-0000,Private      ,0,0,0,3,48,51
00178400,ANCILLA COLLEGE-FINANCIAL AID OFFC      ,IN,46513-0001,Private      ,2,7,9,564,422,986
00178500,ANDERSON UNIVERSITY                     ,IN,46012-3495,Private      ,6,16,22,2609,1203,3812
00178600,BALL STATE UNIVERSITY                   ,IN,47306-0880,Public       ,17,176,193,24277,9659,33936
00178700,BETHEL COLLEGE INC                      ,IN,46545-5591,Private      ,5,26,31,1819,1457,3276
00178800,BUTLER UNIVERSITY                       ,IN,46208-3487,Private      ,5,36,41,8299,2404,10703
00178900,CHRISTIAN THEOLOGICAL SEMINARY          ,IN,46208-0000,Private      ,0,2,2,15,282,297
00179200,DEPAUW UNIVERSITY                       ,IN,46135-0037,Private      ,3,1,4,3361,191,3552
00179300,EARLHAM COLLEGE                         ,IN,47374-4095,Private      ,1,2,3,1631,177,1808
00179301,EARLHAM SCHOOL OF RELIGION              ,IN,47374-0000,Private      ,0,0,0,14,58,72
00179500,UNIVERSITY OF EVANSVILLE                ,IN,47722-0002,Private      ,3,17,20,3423,885,4308
00179800,FRANKLIN COLLEGE OF INDIANA             ,IN,46131-2623,Private      ,0,4,4,1989,376,2365
00179900,GOSHEN COLLEGE                          ,IN,46526-4794,Private      ,0,5,5,910,577,1487
00180000,GRACE COLLEGE & THEO SEMINARY           ,IN,46590-1224,Private      ,1,11,12,2279,836,3115
00180100,HANOVER COLLEGE                         ,IN,47243-0108,Private      ,1,1,2,2238,136,2374
00180300,HUNTINGTON UNIVERSITY                   ,IN,46750-1299,Private      ,0,3,3,1304,627,1931
00180400,UNIVERSITY OF INDIANAPOLIS              ,IN,46227-3697,Private      ,10,53,63,6961,5174,12135
00180500,INDIANA INSTITUTE OF TECHNOLOGY         ,IN,46803-1297,Private      ,24,352,376,3058,10333,13391
00180700,INDIANA STATE UNIVERSITY                ,IN,47809-2501,Public       ,28,128,156,15286,8288,23574
00180800,UNIVERSITY OF SOUTHERN INDIANA          ,IN,47712-3596,Public       ,16,43,59,8661,3823,12484
00180900,INDIANA UNIVERSITY-BLOOMINGTON          ,IN,47405-7000,Public       ,38,115,153,35723,11789,47512
00181100,INDIANA UNIV-EAST                       ,IN,47374-1289,Public       ,5,66,71,2113,3165,5278
00181300,INDIANA UNIV-PURDUE UNIV INDPLS         ,IN,46202-2896,Public       ,35,208,243,24994,23569,48563
00181301,INDIANA UNIVERSITY - PURDUE UNIVERSITY I,IN,47203-1769,Public       ,6,18,24,2172,2031,4203
00181400,INDIANA UNIV KOKOMO                     ,IN,46902-3557,Public       ,11,26,37,2890,2704,5594
00181500,INDIANA UNIV-NORTHWEST                  ,IN,46408-1197,Public       ,11,56,67,4337,5241,9578
00181600,INDIANA UNIVERSITY - SOUTH BEND         ,IN,46615-0000,Public       ,14,53,67,5325,5259,10584
00181700,INDIANA UNIVERSITY-SOUTHEAST            ,IN,47150-6405,Public       ,21,74,95,4497,4153,8650
00182000,MANCHESTER UNIVERSITY                   ,IN,46962-1276,Private      ,0,1,1,2687,582,3269
00182100,MARIAN UNIVERSITY                       ,IN,46222-1997,Private      ,3,37,40,2583,3603,6186
00182200,INDIANA WESLEYAN UNIVERSITY             ,IN,46953-4974,Private      ,10,308,318,4489,18334,22823
00182300,ASSOCIATED MENNONITE BIBLICAL SEM       ,IN,46517-1999,Private      ,0,0,0,4,80,84
00182400,OAKLAND CITY UNIVERSITY                 ,IN,47660-1099,Private      ,2,23,25,493,711,1204
00182500,PURDUE UNIVERSITY                       ,IN,47907-2050,Public       ,78,113,191,36364,8279,44643
00182600,PURDUE UNIV NORTH CENTRAL CAMPUS        ,IN,46391-9542,Public       ,5,15,20,3470,2308,5778
00182700,PURDUE UNIV CALUMET                     ,IN,46323-2094,Public       ,15,96,111,6093,6731,12824
00182800,INDIANA UNIV-PURDUE UNIV FORT WAYNE     ,IN,46805-1499,Public       ,13,64,77,9955,7084,17039
00183000,ROSE HULMAN INSTITUTE OF TECHNOLOGY     ,IN,47803-3999,Private      ,0,0,0,3401,226,3627
00183200,UNIVERSITY OF SAINT FRANCIS             ,IN,46808-3994,Private      ,2,45,47,2364,2271,4635
00183300,ST JOSEPH'S COLLEGE                     ,IN,47978-0000,Private      ,5,3,8,1515,228,1743
00183400,CALUMET COLLEGE OF SAINT JOSEPH         ,IN,46394-2195,Private      ,0,13,13,591,824,1415
00183500,SAINT MARY-OF-THE-WOODS COLLEGE         ,IN,47876-0067,Private      ,2,16,18,448,1105,1553
00183600,ST MARY'S COLLEGE                       ,IN,46556-5007,Private      ,0,1,1,1945,206,2151
00183800,TAYLOR UNIVERSITY                       ,IN,46989-1001,Private      ,3,10,13,2536,282,2818
00183900,TRINE UNIVERSITY                        ,IN,46703-1764,Private      ,1,19,20,3052,1255,4307
00184000,UNIVERSITY OF NOTRE DAME                ,IN,46556-5602,Private      ,9,12,21,14180,3238,17418
00184200,VALPARAISO UNIVERSITY                   ,IN,46383-6493,Private      ,4,16,20,5886,2054,7940
00184300,VINCENNES UNIVERSITY                    ,IN,47591-1523,Public       ,43,107,150,7691,5140,12831
00184400,WABASH COLLEGE                          ,IN,47933-0352,Private      ,0,1,1,1323,87,1410
00457900,INTERNATIONAL BUSINESS COLLEGE          ,IN,46804-0000,Proprietary  ,0,5,5,648,415,1063
00457901,INTERNATIONAL BUSINESS COLLEGE          ,IN,46256-0000,Proprietary  ,1,6,7,661,540,1201
00512731,BROWN MACKIE COLLEGE-CINCINNATI - BROWN ,IN,46360-4362,Proprietary  ,0,1,1,46,121,167
00625700,SAINT ELIZABETH SCHOOL OF NURSING       ,IN,47904-2198,Private      ,0,3,3,163,373,536
00638510,CHAMBERLAIN COLLEGE OF NURSING - INDIANA,IN,46240-2158,Proprietary  ,1,26,27,211,1965,2176
00726300,HOLY CROSS COLLEGE                      ,IN,46556-0308,Private      ,1,2,3,748,137,885
00727600,SAINT MEINRAD SCHOOL OF THEOLOGY        ,IN,47577-1002,Private      ,0,1,1,1,100,101
00732900,ITT TECHNICAL INSTITUTE                 ,IN,46268-1119,Proprietary  ,296,1531,1827,3933,21657,25590
00732933,ITT TECHNICAL INSTITUTE                 ,IN,46635-1512,Proprietary  ,2,5,7,306,847,1153
00732962,ITT TECHNICAL INSTITUTE                 ,IN,47630-7430,Proprietary  ,31,281,312,697,4134,4831
00732968,ITT TECHNICAL INSTITUTE                 ,IN,46410-0000,Proprietary  ,10,39,49,250,908,1158
00732993,ITT TECHNICAL INSTITUTE                 ,IN,46825-2393,Proprietary  ,29,134,163,929,3212,4141
00736200,MEDTECH COLLEGE                         ,IN,46250-3970,Proprietary  ,1,22,23,286,1618,1904
00736202,MEDTECH COLLEGE - GREENWOOD             ,IN,46143-6478,Proprietary  ,0,7,7,104,610,714
00736204,MEDTECH COLLEGE - FORT WAYNE            ,IN,46804-2209,Proprietary  ,0,14,14,200,1017,1217
00793800,LINCOLN COLLEGE OF TECHNOLOGY           ,IN,46202-0000,Proprietary  ,55,51,106,1869,1282,3151
00951500,J MICHAEL HARROLD BEAUTY ACADEMY        ,IN,47807-3390,Proprietary  ,2,4,6,55,153,208
00961200,"APEX SCHOOL OF BEAUTY CULTURE, INC      ",IN,46016-0000,Proprietary  ,0,1,1,24,67,91
00961300,MERRILLVILLE BEAUTY COLLEGE             ,IN,46410-3401,Proprietary  ,1,5,6,44,195,239
00967300,RUDAE'S SCHOOL OF BEAUTY CULTURE        ,IN,46825-5444,Proprietary  ,3,12,15,162,275,437
00991700,IVY TECH COMMUNITY COLLEGE OF INDIANA   ,IN,46208-1763,Public       ,413,1639,2052,43482,85966,129448
01015100,VINCENNES BEAUTY COLLEGE                ,IN,47591-1297,Proprietary  ,3,3,6,95,98,193
01040900,TRICOCI U OF BEAUTY CULTURE-LAFAYETTE   ,IN,47901-1149,Proprietary  ,7,12,19,94,242,336
01048900,NATIONAL COLLEGE                        ,IN,46250-1930,Proprietary  ,4,23,27,63,473,536
01048910,NATIONAL COLLEGE - SOUTH BEND           ,IN,46617-3123,Proprietary  ,0,4,4,63,367,430
01048911,NATIONAL COLLEGE - FORT WAYNE           ,IN,46826-4905,Proprietary  ,0,5,5,48,236,284
01061800,MID-AMERICA CLG FUNERAL SERVICE         ,IN,47130-9990,Private      ,1,2,3,64,132,196
01072733,DEVRY UNIVERSITY - MERRILLVILLE         ,IN,46410-5673,Proprietary  ,0,11,11,2,25,27
01150500,CREATIVE HAIR STYLING ACADEMY           ,IN,46322-1554,Proprietary  ,9,17,26,152,244,396
02084800,RAVENSCROFT BEAUTY COLLEGE              ,IN,46815-0000,Proprietary  ,8,15,23,138,311,449
02087600,CONCORDIA THEOLOGICAL SEMINARY          ,IN,46825-0000,Private      ,0,11,11,12,240,252
02100402,EVEREST INSTITUTE - EVEREST COLLEGE     ,IN,46410-7064,Proprietary  ,0,0,0,71,280,351
02140800,MARTIN UNIVERSITY                       ,IN,46218-0000,Private      ,2,37,39,160,1232,1392
02158400,HARRISON COLLEGE                        ,IN,46204-2611,Proprietary  ,12,116,128,676,3402,4078
02158401,HARRISON COLLEGE - COLUMBUS             ,IN,47203-1843,Proprietary  ,5,27,32,167,714,881
02158402,HARRISON COLLEGE - LAFAYETTE            ,IN,47905-4859,Proprietary  ,1,26,27,194,732,926
02158403,INDIANA BUSINESS COLLEGE                ,IN,47303-0000,Proprietary  ,0,0,0,87,223,310
02158405,HARRISON COLLEGE - TERRE HAUTE          ,IN,47802-0000,Proprietary  ,2,25,27,125,749,874
02158407,HARRISON COLLEGE - ANDERSON             ,IN,46013-0000,Proprietary  ,8,34,42,172,716,888
02158409,HARRISON COLLEGE - EVANSVILLE           ,IN,47715-3901,Proprietary  ,6,25,31,194,667,861
02158410,HARRISON COLLEGE - EAST                 ,IN,46239-8903,Proprietary  ,3,56,59,262,1388,1650
02158412,HARRISON COLLEGE - FORT WAYNE           ,IN,46825-0000,Proprietary  ,1,37,38,156,747,903
02158413,HARRISON COLLEGE - NORTHWEST            ,IN,46278-0000,Proprietary  ,3,9,12,252,518,770
02158416,HARRISON COLLEGE - ELKHART              ,IN,46516-0000,Proprietary  ,2,12,14,73,378,451
02158800,DON ROBERTS BEAUTY SCHOOLS              ,IN,46383-0000,Proprietary  ,0,5,5,41,90,131
02164300,DON ROBERTS SCHOOL OF HAIR DESIGN       ,IN,46375-9999,Proprietary  ,1,4,5,31,106,137
02180108,ROSS MEDICAL EDUCATION CENTER -         ,IN,46530-4479,Proprietary  ,0,3,3,63,228,291
02201800,KAPLAN COLLEGE                          ,IN,46324-3347,Proprietary  ,9,40,49,268,1004,1272
02201806,KAPLAN COLLEGE - SOUTHEAST INDIANAPOLIS ,IN,46227-1493,Proprietary  ,24,91,115,507,2261,2768
02241700,PJ'S COLLEGE OF COSMETOLOGY             ,IN,47129-0000,Proprietary  ,5,9,14,84,204,288
02245505,FORTIS COLLEGE - INDIANAPOLIS CAMPUS    ,IN,46268-0000,Proprietary  ,1,20,21,107,753,860
02304800,PJ'S COLLEGE OF COSMETOLOGY             ,IN,47374-0000,Proprietary  ,1,4,5,54,107,161
02308900,MASTER'S OF COSMETOLOGY COLLEGE         ,IN,46809-0000,Proprietary  ,0,0,0,101,147,248
02339600,ROGER'S ACADEMY OF HAIR DESIGN          ,IN,47712-0000,Proprietary  ,2,12,14,86,190,276
02351300,KNOX BEAUTY COLLEGE                     ,IN,46534-0000,Proprietary  ,0,0,0,13,33,46
02490500,HAIR FASHIONS BY KAYE BEAUTY CLG        ,IN,46250-0000,Proprietary  ,2,16,18,92,384,476
02490800,HAIR FASHIONS BY KAYE BEAUTY CLG        ,IN,46060-0000,Proprietary  ,4,6,10,38,86,124
02607000,HAIR ARTS ACADEMY                       ,IN,47404-2419,Proprietary  ,0,8,8,72,149,221
02615800,COLLEGE OF COURT REPORTING              ,IN,46342-5969,Proprietary  ,2,20,22,45,316,361
03176300,AVIATION INSTITUTE OF MAINTENANCE       ,IN,46241-1445,Proprietary  ,2,23,25,160,445,605
03456700,CROSSROADS BIBLE COLLEGE                ,IN,46219-4912,Private      ,0,4,4,63,453,516
03538300,ALEXANDRIA SCH OF SCIENTIFIC THERAP     ,IN,46001-0287,Proprietary  ,1,0,1,22,74,96
04038700,IDEAL BEAUTY ACADEMY                    ,IN,47130-4215,Proprietary  ,2,2,4,20,72,92
04051304,ART INSTITUTE OF PHOENIX (THE) - ART  IN,IN,46268-1170,Proprietary  ,8,18,26,1070,1128,2198
04051311,ART INSTITUTE OF PHOENIX (THE) - BROWN M,IN,46410-5608,Proprietary  ,5,18,23,144,686,830
04051318,ART INSTITUTE OF PHOENIX (THE) - BROWN M,IN,46204-1017,Proprietary  ,6,28,34,273,1454,1727
04051321,ART INSTITUTE OF PHOENIX (THE) - BROWN M,IN,46635-1176,Proprietary  ,1,11,12,155,628,783
04051322,ART INSTITUTE OF PHOENIX (THE) - BROWN M,IN,46805-0000,Proprietary  ,4,15,19,183,686,869
04100300,SUCCESS SCHOOLS                         ,IN,46410-5310,Proprietary  ,0,9,9,87,271,358
04121000,TECHSKILLS - INDIANAPOLIS               ,IN,46240-4302,Proprietary  ,6,54,60,131,799,930
04130900,TRICOCI UNIVERSITY OF BEAUTY CULTURE    ,IN,46256-3317,Proprietary  ,3,14,17,129,347,476
04155900,AVEDA FREDRIC'S INSTITUTE               ,IN,46250-4746,Proprietary  ,2,5,7,208,316,524
04166700,REM SPA INC                             ,IN,46013-3136,Proprietary  ,2,4,6,73,182,255
04171700,AVANT GARD THE SCHOOL                   ,IN,46214-6500,Proprietary  ,0,3,3,29,92,121
04172700,SALON PROFESSIONAL ACADEMY (THE)        ,IN,47715-7822,Proprietary  ,3,8,11,133,182,315
04184000,PAUL MITCHELL THE SCHOOL INDIANAPOLIS   ,IN,46227-6252,Proprietary  ,5,9,14,187,349,536
04186600,SALON PROFESSIONAL ACADEMY (THE)        ,IN,46901-6248,Proprietary  ,3,9,12,75,179,254
04205500,LIL LOU'S BARBER COLLEGE                ,IN,46409-2645,Proprietary  ,0,8,8,49,225,274
04230300,EXCEL ACADEMIES OF COSMETOLOGY - MERRILL,IN,46410-5540,Proprietary  ,4,4,8,85,115,200
04256200,KENNY'S ACADEMY OF BARBERING            ,IN,46222-2327,Proprietary  ,0,5,5,0,5,5
00190100,ALLEN COUNTY COMMUNITY COLLEGE          ,KS,66749-1607,Public       ,12,41,53,1152,1401,2553
00190200,COWLEY COUNTY COMMUNITY COLLEGE & AREA V,KS,67005-2662,Public       ,34,66,100,1616,2239,3855
00190300,BAKER UNIVERSITY                        ,KS,66006-0065,Private      ,4,67,71,1359,2114,3473
00190400,BETHANY COLLEGE                         ,KS,67456-1897,Private      ,4,2,6,951,149,1100
00190500,BETHEL COLLEGE                          ,KS,67117-8061,Private      ,3,1,4,755,179,934
00190600,BUTLER COUNTY COMMUNITY COLLEGE         ,KS,67042-3280,Public       ,54,143,197,4516,5409,9925
00190700,CENTRAL BAPTIST THEOLOGY SEMINARY       ,KS,66226-3513,Private      ,0,1,1,0,55,55
00190800,CENTRAL CHRISTIAN COLLEGE OF KANSAS     ,KS,67460-5799,Private      ,3,79,82,400,1354,1754
00190900,CLOUD COUNTY COMMUNITY COLLEGE          ,KS,66901-1002,Public       ,9,33,42,772,1032,1804
00191000,COFFEYVILLE COMMUNITY COLLEGE           ,KS,67337-5064,Public       ,62,14,76,1087,576,1663
00191100,COLBY COMMUNITY COLLEGE                 ,KS,67701-4099,Public       ,14,19,33,605,583,1188
00191300,DODGE CITY COMMUNITY COLLEGE            ,KS,67801-2399,Public       ,56,36,92,985,782,1767
00191400,DONNELLY COLLEGE                        ,KS,66102-4298,Private      ,2,18,20,301,534,835
00191500,FORT HAYS STATE UNIVERSITY              ,KS,67601-4099,Public       ,12,205,217,4636,7485,12121
00191600,FORT SCOTT COMMUNITY COLLEGE            ,KS,66701-3199,Public       ,62,25,87,1216,895,2111
00191700,BARCLAY COLLEGE                         ,KS,67059-0288,Private      ,2,1,3,172,170,342
00191800,FRIENDS UNIVERSITY                      ,KS,67213-3397,Private      ,9,22,31,1339,2054,3393
00191900,GARDEN CITY COMMUNITY COLLEGE           ,KS,67846-6398,Public       ,75,34,109,1388,761,2149
00192000,HESSTON COLLEGE                         ,KS,67062-2093,Private      ,0,2,2,394,176,570
00192100,HIGHLAND COMMUNITY COLLEGE              ,KS,66035-4062,Public       ,45,40,85,1341,1396,2737
00192300,HUTCHINSON COMMUNITY COLLEGE            ,KS,67501-5894,Public       ,64,122,186,2372,2849,5221
00192400,INDEPENDENCE COMMUNITY COLLEGE          ,KS,67301-0708,Public       ,81,39,120,758,474,1232
00192500,KANSAS CITY KANSAS COMMUNITY CLG        ,KS,66112-9978,Public       ,31,137,168,2222,4762,6984
00192600,PITTSBURG STATE UNIVERSITY              ,KS,66762-7500,Public       ,9,70,79,5562,2755,8317
00192700,EMPORIA STATE UNIVERSITY                ,KS,66801-5415,Public       ,4,43,47,3673,2872,6545
00192800,KANSAS STATE UNIVERSITY                 ,KS,66506-1104,Public       ,31,129,160,16934,7018,23952
00192900,KANSAS WESLEYAN UNIVERSITY              ,KS,67401-6196,Private      ,2,8,10,1035,322,1357
00193000,LABETTE COMMUNITY COLLEGE               ,KS,67357-4299,Public       ,13,26,39,620,865,1485
00193100,MANHATTAN CHRISTIAN COLLEGE             ,KS,66502-4081,Private      ,1,0,1,345,121,466
00193300,MCPHERSON COLLEGE                       ,KS,67460-3899,Private      ,1,3,4,898,195,1093
00193600,NEOSHO COUNTY COMMUNITY COLLEGE         ,KS,66720-2699,Public       ,11,34,45,770,1149,1919
00193700,OTTAWA UNIVERSITY                       ,KS,66067-3399,Private      ,6,91,97,1115,2692,3807
00193800,PRATT COMMUNITY COLLEGE                 ,KS,67124-8432,Public       ,9,23,32,592,628,1220
00193900,NEWMAN UNIVERSITY                       ,KS,67213-2084,Private      ,4,43,47,1203,1594,2797
00194000,SOUTHWESTERN COLLEGE                    ,KS,67156-2499,Private      ,4,33,37,719,1356,2075
00194300,UNIVERSITY OF ST MARY                   ,KS,66048-5023,Private      ,6,40,46,872,975,1847
00194500,STERLING COLLEGE                        ,KS,67579-1533,Private      ,1,5,6,979,173,1152
00194600,TABOR COLLEGE                           ,KS,67063-1799,Private      ,2,5,7,823,304,1127
00194800,UNIVERSITY OF KANSAS                    ,KS,66045-7535,Public       ,55,196,251,18615,10357,28972
00194900,WASHBURN UNIVERSITY                     ,KS,66621-1110,Public       ,7,56,63,3782,3976,7758
00194901,WASHBURN INSTITUTE OF TECHNOLOGY        ,KS,66604-2199,Public       ,4,34,38,404,1038,1442
00195000,WICHITA STATE UNIVERSITY                ,KS,67208-0000,Public       ,49,184,233,9069,8512,17581
00460800,BARTON COUNTY COMMUNITY COLLEGE         ,KS,67530-9283,Public       ,10,102,112,1009,2647,3656
00526400,FLINT HILLS TECHNICAL COLLEGE           ,KS,66801-5999,Public       ,3,4,7,304,409,713
00526500,NORTH CENTRAL KANSAS TECH COLG          ,KS,67420-0000,Public       ,6,4,10,403,314,717
00526700,NORTHWEST KANSAS TECHNICAL SCHOOL       ,KS,67735-3441,Public       ,1,2,3,355,107,462
00549800,WICHITA AREA TECHNICAL COLLEGE          ,KS,67211-2099,Public       ,32,112,144,970,3129,4099
00549900,SALINA AREA TECHNICAL COLLEGE           ,KS,67401-8195,Public       ,2,4,6,174,305,479
00550000,MANHATTAN AREA TECHNICAL COLLEGE        ,KS,66503-2499,Public       ,4,7,11,400,703,1103
00675500,BROWN MACKIE COLLEGE (THE)              ,KS,67401-7307,Proprietary  ,23,120,143,572,2765,3337
00703200,MID AMERICA NAZARENE UNIVERSITY         ,KS,66062-1899,Private      ,3,52,55,1146,1451,2597
00822800,SEWARD CO COMM CO/AREA TECHNICAL SCHOOL ,KS,67905-0000,Public       ,7,19,26,582,522,1104
00824400,JOHNSON COUNTY COMMUNITY COLLEGE        ,KS,66210-1299,Public       ,46,189,235,6087,7474,13561
00833200,MARINELLO SCHOOL OF BEAUTY              ,KS,66502-6082,Proprietary  ,0,1,1,38,113,151
00833201,MARINELLO SCHOOL OF BEAUTY - LAWRENCE   ,KS,66046-2743,Proprietary  ,0,0,0,18,35,53
00869423,RASMUSSEN COLLEGE - OVERLAND PARK       ,KS,66210-2786,Proprietary  ,1,12,13,38,326,364
00869424,RASMUSSEN COLLEGE - TOPEKA              ,KS,66606-2339,Proprietary  ,2,12,14,65,470,535
01025600,BENEDICTINE COLLEGE                     ,KS,66002-1499,Private      ,2,3,5,2533,194,2727
01043800,HASKELL INDIAN NATIONS UNIVERSITY       ,KS,66046-4800,Public       ,7,5,12,973,684,1657
01050300,WICHITA TECHNICAL INSTITUTE             ,KS,67213-1927,Proprietary  ,15,85,100,224,1080,1304
01050302,WICHITA TECHNICAL INSTITUTE - WTI TOPEKA,KS,66609-1217,Proprietary  ,2,22,24,59,373,432
01050305,WICHITA TECHNICAL INSTITUTE - EAST CAMPU,KS,67208-4243,Proprietary  ,4,12,16,80,366,446
02090700,CLEVELAND CHIROPRACTIC COLLEGE          ,KS,66210-1613,Private      ,1,4,5,53,543,596
02134800,OLD TOWN BARBER AND BEAUTY COLLEGE      ,KS,67211-0000,Proprietary  ,3,7,10,44,143,187
02168900,KANSAS CITY COLLEGE & BIBLE SCHOOL      ,KS,66204-1975,Private      ,3,7,10,28,79,107
02257700,HAYS ACADEMY OF HAIR DESIGN             ,KS,67601-3685,Proprietary  ,4,5,9,51,67,118
02257702,HAYS ACADEMY OF HAIR DESIGN -           ,KS,67401-0000,Proprietary  ,2,6,8,50,64,114
02340700,LABARON HAIRDRESSING ACADEMY            ,KS,66204-0000,Proprietary  ,0,1,1,10,54,64
02590900,WRIGHT CAREER COLLEGE                   ,KS,66212-0000,Private      ,0,3,3,344,2852,3196
02599709,VATTEROTT COLLEGE - WICHITA             ,KS,67226-1304,Proprietary  ,0,27,27,77,529,606
02603100,CRAVE BEAUTY ACADEMY                    ,KS,67203-5428,Proprietary  ,1,11,12,111,248,359
02606300,PAUL MITCHELL THE SCHOOL WICHITA        ,KS,67226-2803,Proprietary  ,5,9,14,145,198,343
02611005,HERITAGE COLLEGE - WICHITA              ,KS,67210-1879,Proprietary  ,16,56,72,197,769,966
02613000,PINNACLE CAREER INSTITUTE               ,KS,66046-2703,Proprietary  ,5,17,22,65,289,354
03066200,BRYAN COLLEGE                           ,KS,66604-2496,Proprietary  ,4,12,16,41,274,315
03450300,MARINELLO SCHOOL OF BEAUTY              ,KS,66611-1101,Proprietary  ,0,1,1,50,142,192
03450301,MARINELLO SCHOOL OF BEAUTY - WICHITA    ,KS,67207-5148,Proprietary  ,0,1,1,44,117,161
03450302,MARINELLO SCHOOL OF BEAUTY - OVERLAND PA,KS,66212-5451,Proprietary  ,0,1,1,63,212,275
03529300,SIDNEY'S HAIRDRESSING COLLEGE           ,KS,67501-7094,Proprietary  ,1,4,5,18,34,52
04132900,Z HAIR ACADEMY                          ,KS,66046-4040,Proprietary  ,2,7,9,72,93,165
04162700,ERIC FISHER ACADEMY                     ,KS,67212-3376,Proprietary  ,11,17,28,205,267,472
04179600,ENTOURAGE INSTITUTE OF BEAUTY AND ESTHET,KS,66215-3803,Proprietary  ,0,4,4,31,140,171
04205300,MITSU SATO HAIR ACADEMY                 ,KS,66212-1457,Proprietary  ,1,4,5,16,52,68
04209300,PAUL MITCHELL THE SCHOOL - OVERLAND PARK,KS,66212-4050,Proprietary  ,5,14,19,142,227,369
00203300,UNIVERSITY OF MAINE-PRESQUE ISLE        ,ME,04769-2888,Public       ,1,4,5,1106,517,1623
00203600,BATES COLLEGE                           ,ME,04240-6028,Private      ,2,3,5,3246,136,3382
00203800,BOWDOIN COLLEGE                         ,ME,04011-8451,Private      ,1,0,1,4002,127,4129
00203900,COLBY COLLEGE                           ,ME,04901-8841,Private      ,4,2,6,3710,114,3824
00204000,UNIVERSITY OF MAINE-FARMINGTON          ,ME,04938-1990,Public       ,2,5,7,2611,507,3118
00204100,UNIVERSITY OF MAINE-FORT KENT           ,ME,04743-1292,Public       ,2,6,8,728,669,1397
00204300,HUSSON UNIVERSITY                       ,ME,04401-2999,Private      ,10,20,30,3343,1621,4964
00204307,HUSSON UNIVERSITY - NEW ENGLAND SCHOOL O,ME,04401-0000,Private      ,0,0,0,165,78,243
00204400,MAINE MARITIME ACADEMY                  ,ME,04420-0001,Public       ,1,1,2,1218,207,1425
00205000,UNIVERSITY OF NEW ENGLAND               ,ME,04005-9599,Private      ,3,56,59,4997,5665,10662
00205100,SAINT JOSEPH'S COLLEGE                  ,ME,04084-5236,Private      ,3,18,21,1782,1459,3241
00205200,THOMAS COLLEGE                          ,ME,04901-5097,Private      ,2,0,2,1311,311,1622
00205300,UNIVERSITY OF MAINE                     ,ME,04469-0001,Public       ,23,24,47,14164,3008,17172
00205400,UNIVERSITY OF SOUTHERN MAINE            ,ME,04104-0000,Public       ,6,24,30,5782,5258,11040
00205500,UNIVERSITY OF MAINE-MACHIAS             ,ME,04654-1397,Public       ,2,8,10,603,418,1021
00458615,KAPLAN UNIVERSITY - PORTLAND            ,ME,04106-2415,Proprietary  ,4,24,28,105,965,1070
00458616,KAPLAN UNIVERSITY - LEWISTON            ,ME,04240-0000,Proprietary  ,2,35,37,102,1047,1149
00458617,KAPLAN UNIVERSITY - AUGUSTA             ,ME,04330-8038,Proprietary  ,4,52,56,146,1201,1347
00520400,BEAL COLLEGE                            ,ME,04401-6896,Proprietary  ,0,12,12,215,685,900
00527600,CENTRAL MAINE COMMUNITY COLLEGE         ,ME,04210-6498,Public       ,3,8,11,1633,2051,3684
00527700,EASTERN MAINE COMMUNITY COLLEGE         ,ME,04401-4280,Public       ,7,18,25,1764,1876,3640
00552500,SOUTHERN MAINE COMMUNITY  COLLEGE       ,ME,04106-1698,Public       ,14,36,50,3869,4120,7989
00576000,NORTHERN MAINE COMMUNITY COLLEGE        ,ME,04769-2016,Public       ,3,2,5,487,527,1014
00630500,CENTRAL MAINE MEDICAL CENTER COLLEGE OF ,ME,04243-9986,Private      ,0,1,1,122,293,415
00676000,UNIVERSITY OF MAINE-AUGUSTA             ,ME,04330-9410,Public       ,4,33,37,1559,5022,6581
00685800,UNITY COLLEGE                           ,ME,04988-9502,Private      ,2,0,2,1132,140,1272
00903800,MR BERNARD'S SCH HAIR FASHION INC       ,ME,04243-1163,Proprietary  ,0,0,0,1,3,4
00923100,WASHINGTON COUNTY COMMUNITY COLLEGE     ,ME,04619-9704,Public       ,1,1,2,292,282,574
00945900,EMPIRE BEAUTY SCHOOL                    ,ME,04101-3348,Proprietary  ,30,82,112,642,1701,2343
00982600,KENNEBEC VALLEY  COMMUNITY  COLLEGE     ,ME,04937-1367,Public       ,1,30,31,989,1900,2889
01138500,COLLEGE OF THE ATLANTIC                 ,ME,04609-1105,Private      ,1,1,2,604,90,694
01167300,MAINE COLLEGE OF ART                    ,ME,04101-3987,Private      ,1,1,2,799,236,1035
02104400,SPA TECH INSTITUTE                      ,ME,04093-0000,Proprietary  ,6,17,23,188,510,698
02361300,LANDING SCHOOL OF BOATBUILDING & DESIGN ,ME,04046-1490,Private      ,0,0,0,37,38,75
03122900,YORK COUNTY COMMUNITY COLLEGE           ,ME,04090-0529,Public       ,7,26,33,755,1050,1805
03429300,SEACOAST CAREER SCHOOLS                 ,ME,04073-0000,Proprietary  ,2,17,19,100,365,465
03612300,BIRTHWISE MIDWIFERY SCHOOL              ,ME,04009-1110,Proprietary  ,0,2,2,15,94,109
04177400,CAPILO SCHOOL OF HAIR DESIGN            ,ME,04330-0000,Proprietary  ,4,9,13,96,166,262
04185100,NORTHEAST TECHNICAL INSTITUTE           ,ME,04074-0000,Proprietary  ,8,49,57,134,752,886
04188800,INSTITUTE FOR DOCTORAL STUDIES IN THE VI,ME,04102-0000,Private      ,0,5,5,2,76,78
04214100,COSMOTECH SCHOOL OF COSMETOLOGY         ,ME,04092-2878,Proprietary  ,0,1,1,31,58,89
00209300,ST JOHN'S COLLEGE                       ,NM,87505-4599,Private      ,0,4,4,329,207,536
00264900,SANTA FE UNIVERSITY OF ART AND DESIGN   ,NM,87505-7634,Proprietary  ,6,2,8,1487,402,1889
00265000,UNIVERSITY OF THE SOUTHWEST             ,NM,88240-9129,Private      ,3,44,47,372,1042,1414
00265100,EASTERN NEW MEXICO UNIV PORTALES        ,NM,88130-6000,Public       ,15,74,89,3343,3175,6518
00265101,EASTERN NEW MEXICO UNIV-ROSWELL CAM     ,NM,88202-0000,Public       ,20,68,88,1019,1571,2590
00265300,NEW MEXICO HIGHLANDS UNIVERSITY         ,NM,87701-4436,Public       ,9,60,69,1952,2757,4709
00265400,NEW MEXICO INST OF MINING & TECH        ,NM,87801-4796,Public       ,6,4,10,1495,508,2003
00265500,NEW MEXICO JUNIOR COLLEGE               ,NM,88240-9123,Public       ,20,31,51,924,1073,1997
00265600,NEW MEXICO MILITARY INSTITUTE           ,NM,88201-5173,Public       ,2,1,3,469,55,524
00265700,NEW MEXICO STATE UNIVERSITY             ,NM,88003-8001,Public       ,60,94,154,11640,8010,19650
00265701,NEW MEXICO STATE UNIV-ALAMOGORDO        ,NM,88311-0000,Public       ,1,40,41,482,1175,1657
00265702,NEW MEXICO STATE UNIV.-DONA ANA CLG     ,NM,88003-0000,Public       ,23,97,120,3380,4460,7840
00265703,NEW MEXICO STATE UNIV-CARLSBAD          ,NM,88220-0000,Public       ,6,27,33,349,610,959
00265704,NEW MEXICO STATE UNIV-GRANTS            ,NM,87020-0000,Public       ,10,9,19,219,501,720
00266000,SAN JUAN COLLEGE                        ,NM,87402-4699,Public       ,26,154,180,2187,5396,7583
00266300,THE UNIVERSITY OF NEW MEXICO            ,NM,87131-0001,Public       ,145,363,508,19796,19180,38976
00266400,WESTERN NEW MEXICO UNIVERSITY           ,NM,88061-5417,Public       ,11,69,80,1441,2602,4043
00405701,NATIONAL AMERICAN UNIVERSITY            ,NM,87110-0000,Proprietary  ,0,16,16,72,622,694
00474200,CENTRAL NEW MEXICO COMMUNITY COLLEGE    ,NM,87106-4096,Public       ,164,636,800,9290,16266,25556
00474300,CLOVIS COMMUNITY COLLEGE                ,NM,88101-8381,Public       ,20,95,115,797,1912,2709
00996200,LUNA COMMUNITY COLLEGE                  ,NM,87701-0000,Public       ,8,13,21,450,541,991
01063200,DEWOLFF CLG HAIRSTYLING/COSMETOLOGY     ,NM,87112-4113,Proprietary  ,0,5,5,52,166,218
01300500,OLYMPIAN UNIVERSITY OF COSMETOLOGY      ,NM,88310-5051,Proprietary  ,33,96,129,464,1386,1850
02083900,NORTHERN NEW MEXICO COLLEGE             ,NM,87530-0000,Public       ,3,22,25,491,739,1230
02146400,INSTITUTE OF AMERICAN INDIAN ARTS       ,NM,87508-0000,Public       ,2,4,6,208,361,569
02218808,BROOKLINE COLLEGE - ALBUQUERQUE         ,NM,87105-1649,Proprietary  ,1,22,23,205,833,1038
02278100,SANTA FE COMMUNITY COLLEGE              ,NM,87507-0000,Public       ,16,72,88,1135,2559,3694
02293203,ATI CAREER TRAINING CENTER - ALBUQUERQUE,NM,87109-2016,Proprietary  ,3,11,14,53,203,256
02357600,NAVAJO TECHNICAL UNIVERSITY             ,NM,87313-0849,Public       ,14,56,70,613,1445,2058
02511000,SOUTHWESTERN INDIAN POLYTECH INST       ,NM,87184-0000,Public       ,10,30,40,333,495,828
02572003,COMPUTER CAREER CENTER - LAS CRUCES CAMP,NM,88011-8220,Proprietary  ,27,80,107,244,731,975
02622000,SOUTHWEST ACUPUNCTURE COLLEGE           ,NM,87505-0000,Proprietary  ,0,1,1,6,213,219
03076100,SOUTHWESTERN COLLEGE                    ,NM,87507-0000,Private      ,0,2,2,19,289,308
03206300,MESALANDS COMMUNITY COLLEGE             ,NM,88401-3352,Public       ,0,7,7,136,234,370
03430300,UNIVERSAL THERAPEUTIC MASSAGE INSTITUTE ,NM,87107-4403,Proprietary  ,1,8,9,53,226,279
03678300,PIMA MEDICAL INSTITUTE                  ,NM,87110-0000,Proprietary  ,7,40,47,378,853,1231
03944300,MASSAGE THERAPY TRAINING INSTITUTE      ,NM,88007-0000,Proprietary  ,0,1,1,58,150,208
04162400,TONI AND GUY HAIRDRESSING  ACADEMY      ,NM,87110-4404,Proprietary  ,2,20,22,145,290,435
04174500,AVEDA INSTITUTE OF NEW MEXICO (THE)     ,NM,87110-3640,Proprietary  ,4,18,22,186,339,525
04178500,VOGUE COLLEGE OF COSMETOLOGY            ,NM,87505-7636,Proprietary  ,9,9,18,75,141,216
00223400,ADRIAN COLLEGE                          ,MI,49221-2575,Private      ,3,8,11,3076,424,3500
00223500,ALBION COLLEGE                          ,MI,49224-1831,Private      ,5,1,6,2536,187,2723
00223600,ALMA COLLEGE                            ,MI,48801-1599,Private      ,2,1,3,2520,173,2693
00223700,ALPENA COMMUNITY COLLEGE                ,MI,49707-1495,Public       ,5,18,23,987,913,1900
00223800,ANDREWS UNIVERSITY                      ,MI,49104-0750,Private      ,3,30,33,1745,1333,3078
00223900,AQUINAS COLLEGE                         ,MI,49506-1799,Private      ,4,6,10,2707,676,3383
00224000,BAY DE NOC COMMUNITY COLLEGE            ,MI,49829-2524,Public       ,7,22,29,1043,1271,2314
00224100,CALVIN COLLEGE                          ,MI,49546-4388,Private      ,3,7,10,4772,652,5424
00224200,CALVIN THEOLOGICAL SEMINARY             ,MI,49546-4387,Private      ,0,0,0,14,167,181
00224300,CENTRAL MICHIGAN UNIVERSITY             ,MI,48859-0001,Public       ,29,191,220,23804,11314,35118
00224600,CLEARY UNIVERSITY                       ,MI,48105-0000,Private      ,1,24,25,328,604,932
00224800,CRANBROOK ACADEMY OF ART                ,MI,48303-0000,Private      ,0,0,0,39,247,286
00224900,DAVENPORT UNIVERSITY                    ,MI,49503-0000,Private      ,19,213,232,4301,10262,14563
00225100,DELTA COLLEGE                           ,MI,48710-0001,Public       ,24,96,120,5974,7373,13347
00225400,MICHIGAN STATE UNIVERSITY COLLEGE OF LAW,MI,48824-1300,Private      ,2,8,10,334,1790,2124
00225900,EASTERN MICHIGAN UNIVERSITY             ,MI,48197-2214,Public       ,59,198,257,19815,13844,33659
00226000,FERRIS STATE UNIVERSITY                 ,MI,49307-2251,Public       ,30,83,113,15424,7940,23364
00226100,CHARLES STEWART MOTT COMMUNITY CLG      ,MI,48503-2089,Public       ,38,168,206,5868,9006,14874
00226200,KETTERING UNIVERSITY                    ,MI,48504-4898,Private      ,7,20,27,2706,609,3315
00226300,GLEN OAKS COMMUNITY COLLEGE             ,MI,49032-9784,Public       ,8,28,36,629,747,1376
00226400,GOGEBIC COMMUNITY COLLEGE               ,MI,49938-1365,Public       ,3,5,8,659,503,1162
00226500,GRACE BIBLE COLLEGE                     ,MI,49509-1998,Private      ,5,66,71,554,1226,1780
00226600,CORNERSTONE UNIVERSITY                  ,MI,49525-5897,Private      ,4,56,60,2297,1955,4252
00226700,GRAND RAPIDS COMMUNITY COLLEGE          ,MI,49503-3295,Public       ,64,185,249,11037,10434,21471
00226800,GRAND VALLEY STATE UNIVERSITY           ,MI,49401-9403,Public       ,22,125,147,27458,8836,36294
00226900,GREAT LAKES CHRISTIAN COLLEGE           ,MI,48917-1299,Private      ,2,1,3,192,165,357
00227000,HENRY FORD COMMUNITY COLLEGE            ,MI,48128-1495,Public       ,75,293,368,10802,14563,25365
00227300,HOPE COLLEGE                            ,MI,49423-3607,Private      ,2,3,5,4892,230,5122
00227400,JACKSON COMMUNITY COLLEGE               ,MI,49201-8399,Public       ,29,138,167,4023,4568,8591
00227500,KALAMAZOO COLLEGE                       ,MI,49006-3295,Private      ,2,10,12,2348,330,2678
00227600,KELLOGG COMMUNITY COLLEGE               ,MI,49017-3397,Public       ,22,119,141,2705,4879,7584
00227700,LAKE MICHIGAN COLLEGE                   ,MI,49022-1899,Public       ,18,84,102,2181,2829,5010
00227800,LANSING COMMUNITY COLLEGE               ,MI,48933-1293,Public       ,96,235,331,9547,10211,19758
00227900,LAWRENCE TECHNOLOGICAL UNIVERSITY       ,MI,48075-1058,Private      ,8,28,36,2438,1345,3783
00228200,MADONNA UNIVERSITY                      ,MI,48150-1173,Private      ,8,38,46,1881,2962,4843
00228400,MARYGROVE COLLEGE                       ,MI,48221-2599,Private      ,6,62,68,1298,2768,4066
00228800,ROCHESTER COLLEGE                       ,MI,48307-2764,Private      ,2,18,20,971,927,1898
00229000,MICHIGAN STATE UNIVERSITY               ,MI,48824-1113,Public       ,98,328,426,42148,15211,57359
00229200,MICHIGAN TECHNOLOGICAL UNIV             ,MI,49931-1295,Public       ,7,5,12,6787,952,7739
00229300,LAKE SUPERIOR STATE UNIVERSITY          ,MI,49783-1691,Public       ,9,6,15,2594,904,3498
00229400,MONROE COUNTY COMMUNITY CLG             ,MI,48161-9746,Public       ,7,53,60,1751,2112,3863
00229500,MONTCALM COMMUNITY COLLEGE              ,MI,48885-9723,Public       ,15,34,49,996,1416,2412
00229700,MUSKEGON COMMUNITY COLLEGE              ,MI,49442-1432,Public       ,23,80,103,3202,3195,6397
00229900,NORTH CENTRAL MICHIGAN COLLEGE          ,MI,49770-8740,Public       ,10,27,37,1241,1351,2592
00230100,NORTHERN MICHIGAN UNIVERSITY            ,MI,49855-5316,Public       ,10,37,47,7916,2563,10479
00230200,NORTHWESTERN MICHIGAN COLLEGE           ,MI,49686-3061,Public       ,13,35,48,2659,2647,5306
00230301,OAKLAND COMMUNITY COLLEGE - ORCHARD RIDG,MI,48334-4579,Public       ,29,108,137,3718,5478,9196
00230302,OAKLAND COMMUNITY COLLEGE - ROYAL OAK CA,MI,48067-3898,Public       ,30,141,171,4839,7853,12692
00230303,OAKLAND COMMUNITY COLLEGE - SOUTHFIELD C,MI,48075-4793,Public       ,30,144,174,3698,8508,12206
00230304,OAKLAND COMMUNITY COLLEGE - AUBURN HILLS,MI,48323-2845,Public       ,35,138,173,5277,6337,11614
00230305,OAKLAND COMMUNITY COLLEGE - HIGHLAND LAK,MI,48327-4187,Public       ,24,82,106,2656,3775,6431
00230700,OAKLAND UNIVERSITY                      ,MI,48309-4401,Public       ,43,119,162,18310,10504,28814
00230800,OLIVET COLLEGE                          ,MI,49076-9902,Private      ,27,6,33,1702,251,1953
00231000,ST. CLAIR COUNTY COMMUNITY COLLEGE      ,MI,48061-0000,Public       ,17,44,61,2084,2231,4315
00231100,KUYPER COLLEGE                          ,MI,49525-9749,Private      ,1,1,2,351,170,521
00231300,SACRED HEART MAJOR SEMINARY             ,MI,48206-1799,Private      ,0,3,3,40,214,254
00231400,SAGINAW VALLEY STATE UNIV               ,MI,48710-0001,Public       ,15,36,51,10386,4182,14568
00231500,SCHOOLCRAFT COLLEGE                     ,MI,48152-2696,Public       ,52,166,218,7449,10137,17586
00231600,SIENA HEIGHTS UNIVERSITY                ,MI,49221-1796,Private      ,4,25,29,1912,2451,4363
00231700,SOUTHWESTERN MICHIGAN COLLEGE           ,MI,49047-9793,Public       ,14,27,41,2291,1624,3915
00231800,SPRING ARBOR UNIVERSITY                 ,MI,49283-9984,Private      ,2,107,109,2000,3326,5326
00232200,FINLANDIA UNIVERSITY                    ,MI,49930-1882,Private      ,17,3,20,812,265,1077
00232300,UNIVERSITY OF DETROIT MERCY             ,MI,48221-3038,Private      ,10,49,59,3825,3776,7601
00232303,UNIV OF DETROIT MERCY - LAW SCHOOL      ,MI,48226-0000,Private      ,1,3,4,67,624,691
00232330,UNIV OF DETROIT MERCY - DENTAL SCHOOL   ,MI,48208-2576,Private      ,1,9,10,214,714,928
00232500,UNIVERSITY OF MICHIGAN - ANN ARBOR      ,MI,48109-1316,Public       ,233,115,348,38851,12415,51266
00232501,UNIVERSITY OF MICHIGAN-MEDICAL SCH      ,MI,48109-0000,Public       ,4,4,8,345,1029,1374
00232503,UNIVERSITY OF MICHIGAN LAW SCHOOL       ,MI,48109-0000,Public       ,1,5,6,83,2162,2245
00232600,UNIVERSITY OF MICHIGAN-DEARBORN         ,MI,48128-2406,Public       ,28,73,101,7900,6056,13956
00232700,UNIVERSITY OF MICHIGAN-FLINT            ,MI,48502-1950,Public       ,25,73,98,5719,7063,12782
00232800,WASHTENAW COMMUNITY COLLEGE             ,MI,48106-0000,Public       ,59,230,289,5574,8170,13744
00232900,WAYNE STATE UNIVERSITY                  ,MI,48202-0000,Public       ,63,317,380,19945,21523,41468
00232901,WAYNE STATE UNIV SCH OF MEDICINE        ,MI,48201-3359,Public       ,5,18,23,837,2080,2917
00232902,WAYNE STATE UNIVERSITY - LAW SCHOOL     ,MI,48202-3424,Public       ,2,6,8,192,1034,1226
00233000,WESTERN MICHIGAN UNIVERSITY             ,MI,49008-3899,Public       ,46,145,191,22624,10690,33314
00233100,WESTERN THEOLOGICAL SEMINARY            ,MI,49423-0000,Private      ,0,1,1,3,183,186
00384256,CONCORDIA UNIVERSITY - WISCONSIN - ANN A,MI,48105-2750,Private      ,1,9,10,1069,428,1497
00407100,WALSH COLLEGE OF ACCT & BUS ADMN        ,MI,48007-7006,Private      ,3,74,77,401,2418,2819
00407200,NORTHWOOD UNIVERSITY                    ,MI,48640-2398,Private      ,5,42,47,2346,2242,4588
00467300,BAKER COLLEGE - FLINT                   ,MI,48507-5508,Private      ,29,159,188,2525,5960,8485
00467301,BAKER COLLEGE OF CADILLAC               ,MI,49601-0000,Private      ,6,40,46,616,1546,2162
00467302,BAKER COLLEGE OF CLINTON TOWNSHIP       ,MI,48035-0000,Private      ,20,89,109,1438,3949,5387
00467303,BAKER COLLEGE OF MUSKEGON               ,MI,49442-0000,Private      ,14,75,89,2035,3067,5102
00467304,BAKER COLLEGE OF OWOSSO                 ,MI,48867-0000,Private      ,19,40,59,1371,1778,3149
00467305,BAKER COLLEGE OF AUBURN HILLS           ,MI,48326-0000,Private      ,10,70,80,1044,2926,3970
00467306,BAKER COLLEGE OF PORT HURON             ,MI,48060-0000,Private      ,5,10,15,410,694,1104
00467309,BAKER COLLEGE OF JACKSON                ,MI,49202-0000,Private      ,12,67,79,876,2318,3194
00467311,BAKER COLLEGE-CASS CITY                 ,MI,48726-0000,Private      ,1,3,4,140,277,417
00467313,BAKER COLLEGE - GRADUATE ON-LINE        ,MI,48507-0000,Private      ,16,186,202,479,5438,5917
00467317,BAKER COLLEGE-ALLEN PARK                ,MI,48101-0000,Private      ,14,107,121,1293,4355,5648
00467330,BAKER COLLEGE - CULINARY INSTITUTE OF MI,MI,49440-1246,Private      ,0,7,7,504,275,779
00467343,BAKER COLLEGE - CULINARY INSTITUTE OF MI,MI,48060-0000,Private      ,0,3,3,192,140,332
00467348,BAKER COLLEGE - AUTO DIESEL INSTITUTE OF,MI,48867-0000,Private      ,0,8,8,419,225,644
00469200,DORSEY SCHOOL OF BUSINESS               ,MI,48195-2334,Proprietary  ,6,25,31,111,356,467
00469201,DORSEY SCHOOL OF BUSINESS               ,MI,48184-0000,Proprietary  ,6,45,51,102,417,519
00469202,DORSEY SCHOOL OF BUSINESS               ,MI,48071-0000,Proprietary  ,19,84,103,205,777,982
00469204,DORSEY SCHOOL OF BUSINESS               ,MI,48066-0000,Proprietary  ,23,88,111,295,980,1275
00469205,DORSEY BUSINESS SCHOOL - FARMINGTON HILL,MI,48334-3385,Proprietary  ,0,2,2,60,218,278
00469206,DORSEY BUSINESS SCHOOL - ROSEVILLE CULIN,MI,48066-4555,Proprietary  ,9,38,47,151,515,666
00469207,DORSEY BUSINESS SCHOOL - WATERFORD/PONTI,MI,48341-1037,Proprietary  ,6,47,53,118,494,612
00469208,DORSEY BUSINESS SCHOOL - SAGINAW CAMPUS ,MI,48603-5201,Proprietary  ,8,40,48,126,603,729
00469209,DORSEY SCHOOL OF BUSINESS - LANSING     ,MI,48911-5744,Proprietary  ,5,30,35,85,377,462
00469210,DORSEY SCHOOL OF BUSINESS - DEARBORN    ,MI,48228-3858,Proprietary  ,27,84,111,321,1019,1340
00676800,MID MICHIGAN COMMUNITY COLLEGE          ,MI,48625-9447,Public       ,8,47,55,2421,2585,5006
00677100,COLLEGE FOR CREATIVE STUDIES            ,MI,48202-4034,Private      ,3,22,25,2012,1004,3016
00694900,KALAMAZOO VALLEY COMMUNITY COLLEGE      ,MI,49003-4070,Public       ,37,132,169,5558,6417,11975
00717100,KIRTLAND COMMUNITY COLLEGE              ,MI,48653-0000,Public       ,11,43,54,858,1564,2422
00732991,ITT TECHNICAL INSTITUTE                 ,MI,49519-1851,Proprietary  ,23,139,162,517,2758,3275
00761700,CARNEGIE INSTITUTE                      ,MI,48083-1159,Proprietary  ,3,6,9,85,369,454
00795000,WEST SHORE COMMUNITY COLLEGE            ,MI,49454-0000,Public       ,0,5,5,626,781,1407
00817800,EMPIRE BEAUTY SCHOOL                    ,MI,49525-2440,Proprietary  ,44,118,162,777,1881,2658
00890600,MACOMB COMMUNITY COLLEGE                ,MI,48088-3896,Public       ,101,371,472,13691,15747,29438
00894600,PORT HURON COSMETOLOGY COLLEGE          ,MI,48329-1618,Proprietary  ,2,5,7,31,66,97
00923000,WAYNE COUNTY COMMUNITY CLG-DISTRICT     ,MI,48226-3010,Public       ,116,1069,1185,8045,24651,32696
00982800,EVEREST INSTITUTE                       ,MI,48033-4400,Private      ,19,85,104,226,1252,1478
00982801,EVEREST INSTITUTE- DEARBORN             ,MI,48124-1927,Private      ,1,10,11,192,796,988
00982803,EVEREST INSTITUTE - DETROIT             ,MI,48207-4291,Private      ,0,17,17,253,913,1166
01047000,KALAMAZOO BEAUTY ACADEMY                ,MI,49002-5220,Proprietary  ,1,3,4,30,66,96
01082700,DAVID PRESSLEY PROF SCH OF COSMTLGY     ,MI,48067-3219,Proprietary  ,7,15,22,160,335,495
01109800,FLINT INSTITUTE OF BARBERING            ,MI,48504-4395,Proprietary  ,0,1,1,50,183,233
01229100,WRIGHT BEAUTY ACADEMY                   ,MI,49015-2696,Proprietary  ,0,5,5,42,123,165
01262700,THOMAS M. COOLEY LAW SCHOOL             ,MI,48901-1586,Private      ,0,20,20,20,1983,2003
01321800,M J MURPHY BTY CLG MT PLEASANT          ,MI,48858-2502,Proprietary  ,3,8,11,53,93,146
02060300,MICHIGAN INSTITUTE OF AERONAUTICS       ,MI,48188-2533,Proprietary  ,15,36,51,512,642,1154
02099700,ROSS MEDICAL EDUCATION CENTER           ,MI,48532-0000,Proprietary  ,25,128,153,527,1706,2233
02099701,ROSS MEDICAL EDUCATION CENTER-SAGINAW   ,MI,48603-5227,Proprietary  ,1,2,3,50,183,233
02099702,ROSS MEDICAL EDUCATION CENTER-PORT HURON,MI,48060-1958,Proprietary  ,0,1,1,39,63,102
02099703,ROSS MEDICAL EDUCATION CENTER-ROOSEVELT ,MI,49441-4156,Proprietary  ,0,3,3,7,45,52
02100400,EVEREST INSTITUTE                       ,MI,49525-2301,Proprietary  ,0,0,0,48,192,240
02100401,EVEREST INSTITUTE - KALAMAZOO           ,MI,49009-3307,Proprietary  ,0,0,0,32,121,153
02125600,MICHIGAN COLLEGE OF BEAUTY              ,MI,48083-0000,Proprietary  ,7,15,22,169,362,531
02158600,MR BELA'S SCHOOL OF COSMETOLOGY         ,MI,48091-9101,Proprietary  ,3,8,11,50,154,204
02160303,INTERNATIONAL ACADEMY OF DESIGN AND TECH,MI,48083-2160,Proprietary  ,0,2,2,78,175,253
02180100,ROSS MEDICAL EDUCATION CENTER           ,MI,48092-0000,Proprietary  ,17,80,97,331,1139,1470
02180105,ROSS MEDICAL EDUCATION CENTER-REDFORD   ,MI,48239-1260,Proprietary  ,0,5,5,18,122,140
02198900,MICHIGAN SCHOOL OF PROFESSIONAL PSYCHOLO,MI,48334-4512,Private      ,0,2,2,20,236,256
02209200,TAYLORTOWN SCHOOL OF BEAUTY             ,MI,48180-0000,Proprietary  ,11,25,36,132,333,465
02237800,SPECS HOWARD SCHOOL OF MEDIA ARTS       ,MI,48075-0000,Proprietary  ,12,21,33,638,852,1490
02285700,BAYSHIRE BEAUTY ACADEMY                 ,MI,48708-5614,Proprietary  ,4,7,11,65,177,242
02324500,MICHIGAN COLLEGE OF BEAUTY              ,MI,48161-3901,Proprietary  ,0,7,7,90,167,257
02339700,ROSS MEDICAL EDUCATION CENTER           ,MI,48116-0000,Proprietary  ,28,150,178,364,1507,1871
02339701,ROSS MEDICAL EDUCATION CENTER-ANN ARBOR ,MI,48108-1411,Proprietary  ,1,1,2,41,131,172
02339703,ROSS MEDICAL EDUCATION CENTER - DAVISON ,MI,48423-1751,Proprietary  ,0,4,4,23,68,91
02361500,MICHIGAN BARBER COLLEGE                 ,MI,48204-2244,Private      ,3,19,22,117,523,640
02363800,YESHIVA GEDOLAH OF GREATER DETROIT      ,MI,48237-0000,Private      ,6,2,8,44,5,49
02491000,WEST MI COLG OF BARBERING & BEAUTY      ,MI,49008-0000,Proprietary  ,0,5,5,46,148,194
02531806,PAUL MITCHELL THE SCHOOL -MICHIGAN      ,MI,48313-0000,Proprietary  ,3,4,7,246,360,606
02533600,ROSS MEDICAL EDUCATION CENTER           ,MI,48917-2108,Proprietary  ,29,91,120,369,1114,1483
02533601,ROSS MEDICAL EDUCATION CENTER - GRAND RA,MI,49546-2430,Proprietary  ,3,8,11,79,251,330
02588200,DOUGLAS J AVEDA INSTITUTE               ,MI,48823-4351,Proprietary  ,28,19,47,796,803,1599
02588201,DOUGLAS J AVEDA INSTITUTE - ANN ARBOR   ,MI,48104-2211,Proprietary  ,0,0,0,105,105,210
02595700,HILLSDALE BEAUTY COLLEGE                ,MI,49242-0000,Proprietary  ,4,1,5,65,50,115
02618400,MICHIGAN CAREER & TECHNICAL INST        ,MI,49080-9254,Public       ,53,5,58,459,136,595
03005700,DETROIT BUSINESS INST. DOWNRIVER        ,MI,48193-6761,Proprietary  ,1,5,6,27,212,239
03066600,BAY MILLS COMMUNITY COLLEGE             ,MI,49715-9750,Public       ,3,13,16,211,487,698
03075200,TWIN CITY BEAUTY COLLEGE                ,MI,49085-3305,Proprietary  ,9,13,22,113,193,306
03075201,TWIN CITY BEAUTY COLLEGE - TRAVERSE CITY,MI,49686-5119,Proprietary  ,2,0,2,31,56,87
03090000,SHARP'S ACADEMY OF HAIRSTYLING          ,MI,48439-1838,Proprietary  ,0,0,0,33,47,80
03109700,HOUGHTON LAKE INST OF COSMETOLOGY       ,MI,48629-0669,Proprietary  ,0,1,1,27,66,93
03110300,THE SCHOOL OF CREATIVE HAIR DESIGN      ,MI,49036-1139,Proprietary  ,4,2,6,40,84,124
03124000,NORTHWESTERN TECHNOLOGICAL INST         ,MI,48075-2412,Proprietary  ,6,49,55,125,571,696
03284300,MICHIGAN JEWISH INSTITUTE               ,MI,48237-0000,Private      ,0,0,0,1400,1872,3272
03490303,PAUL MITCHELL THE SCH CHICAGO - ESCANABA,MI,49829-0000,Proprietary  ,3,5,8,3,6,9
03588300,IRENE'S MYOMASSOLOGY INSTITUTE          ,MI,48033-2404,Proprietary  ,2,6,8,65,328,393
03704300,BLUE WATER COLLEGE OF COSMETOLOGY       ,MI,48040-2093,Proprietary  ,0,0,0,15,35,50
03772300,SAGINAW CHIPPEWA TRIBAL COLLEGE         ,MI,48858-0000,Public       ,0,0,0,48,123,171
03815300,IN SESSION-ARTS OF COSMETOLOGY BEAU     ,MI,48609-0000,Proprietary  ,2,3,5,49,160,209
03907300,PAUL MITCHELL THE SCHOOL GREAT LAKES    ,MI,48060-0000,Proprietary  ,2,7,9,92,103,195
03915300,CAREER QUEST LEARNING CENTER            ,MI,48910-4732,Proprietary  ,20,88,108,149,868,1017
03915301,CAREER QUEST LEARNING CENTER - JACKSON  ,MI,49201-2475,Proprietary  ,9,48,57,98,507,605
03915302,CAREER QUEST LEARNING CENTER - KALAMAZOO,MI,49002-1711,Proprietary  ,0,0,0,6,26,32
03968300,LAKEWOOD SCHOOL OF THERAPEUTIC MASSAGE  ,MI,48060-0000,Proprietary  ,1,0,1,19,65,84
03976500,ANN ARBOR INSTITUTE OF MASSAGE THERAPY  ,MI,48103-0000,Proprietary  ,0,1,1,47,112,159
04002400,ECUMENICAL THEOLOGICAL SEMINARY         ,MI,48201-3035,Private      ,0,6,6,9,147,156
04006300,NUVO COLLEGE OF COSMETOLOGY             ,MI,49441-3822,Proprietary  ,0,6,6,43,93,136
04014300,P&A SCHOLARS BEAUTY SCHOOL              ,MI,48204-0000,Proprietary  ,6,34,40,204,668,872
04055300,CREATIVE HAIR SCHOOL OF COSMETOLOGY     ,MI,48504-1234,Proprietary  ,2,5,7,9,27,36
04094300,ROBERT B. MILLER COLLEGE (THE)          ,MI,49017-3306,Private      ,0,4,4,104,404,508
04121100,GALLERY COLLEGE OF BEAUTY (THE)         ,MI,48036-3591,Proprietary  ,2,7,9,44,173,217
04136300,FOCUS:  HOPE INFORMATION TECHNOLOGIES CE,MI,48238-2949,Private      ,0,10,10,123,457,580
04138400,SCHOOL OF DESIGNING ARTS                ,MI,49015-2853,Proprietary  ,0,10,10,65,134,199
04140900,INTERNATIONAL COSMETOLOGY ACADEMY       ,MI,49508-1308,Proprietary  ,3,7,10,63,118,181
04141100,FRENCH ACADEMY OF COSMETOLOGY           ,MI,49456-3207,Proprietary  ,3,4,7,41,79,120
04158400,L'ESPRIT ACADEMY                        ,MI,48150-0000,Proprietary  ,3,9,12,118,169,287
04159300,MARKETTI ACADEMY OF COSMETOLOGY         ,MI,48329-3506,Proprietary  ,1,1,2,66,85,151
04163300,COMPASS COLLEGE OF CINEMATIC ARTS       ,MI,49503-4227,Private      ,1,1,2,172,94,266
04164700,KEWEENAW BAY OJIBWA COMMUNITY COLLEGE   ,MI,49908-0000,Public       ,2,7,9,29,87,116
04183300,ABCOTT INSTITUTE                        ,MI,48075-5227,Proprietary  ,5,27,32,51,256,307
04184700,PROTEGE ACADEMY                         ,MI,48823-8660,Proprietary  ,3,7,10,69,151,220
04207000,SCHOOL OF MISSIONARY AVIATION TECHNOLOGY,MI,48846-7412,Private      ,0,1,1,17,34,51
04211200,BRIGHTON INSTITUTE OF COSMETOLOGY       ,MI,48116-8360,Proprietary  ,2,3,5,29,44,73
04222300,MANTHANO CHRISTIAN COLLEGE              ,MI,48185-1919,Private      ,0,1,1,5,58,63
04230200,EXCEL ACADEMIES OF COSMETOLOGY          ,MI,48085-1300,Proprietary  ,0,0,0,39,53,92
04230400,EXCEL ACADEMIES OF COSMETOLOGY          ,MI,48912-4686,Proprietary  ,1,3,4,41,93,134
04230500,EXCEL ACADEMIES OF COSMETOLOGY          ,MI,49512-1781,Proprietary  ,2,1,3,54,45,99
04231800,PRINCESS BEAUTY SCHOOL                  ,MI,48127-2999,Proprietary  ,2,3,5,66,135,201
00233200,ANOKA-RAMSEY CC-CAMBRIDGE/COONRAPID     ,MN,55433-3499,Public       ,40,113,153,3865,4546,8411
00233400,AUGSBURG COLLEGE                        ,MN,55454-1351,Private      ,28,42,70,3226,2453,5679
00233500,RIVERLAND COMMUNITY COLLEGE             ,MN,55912-1473,Public       ,15,30,45,953,1589,2542
00233600,BEMIDJI STATE UNIVERSITY                ,MN,56601-2699,Public       ,11,45,56,3827,2390,6217
00233700,BETHANY LUTHERAN COLLEGE INC            ,MN,56001-6163,Private      ,0,0,0,605,79,684
00233900,CENTRAL LAKES COLG-BRAINERD/STAPLES     ,MN,56401-3900,Public       ,18,44,62,1210,1756,2966
00234000,CARLETON COLLEGE                        ,MN,55057-4001,Private      ,1,1,2,3483,96,3579
00234100,COLLEGE OF ST BENEDICT                  ,MN,56374-2099,Private      ,1,0,1,2192,74,2266
00234200,ST. CATHERINE UNIVERSITY                ,MN,55105-1789,Private      ,5,88,93,2819,3573,6392
00234300,COLLEGE OF ST SCHOLASTICA               ,MN,55811-4199,Private      ,7,126,133,2531,2936,5467
00234500,UNIVERSITY OF ST THOMAS                 ,MN,55105-1096,Private      ,6,126,132,6696,3587,10283
00234600,CONCORDIA COLLEGE-MOORHEAD              ,MN,56562-0001,Private      ,1,4,5,2496,213,2709
00234700,"CONCORDIA UNIVERSITY, ST PAUL, MN       ",MN,55104-5494,Private      ,8,114,122,1892,4304,6196
00235000,VERMILION COMMUNITY COLLEGE             ,MN,55731-1996,Public       ,8,2,10,455,153,608
00235300,GUSTAVUS ADOLPHUS COLLEGE               ,MN,56082-1498,Private      ,3,1,4,3315,116,3431
00235400,HAMLINE UNIVERSITY                      ,MN,55104-1284,Private      ,3,94,97,3709,2553,6262
00235500,HIBBING COMMUNITY COLLEGE               ,MN,55746-3300,Public       ,5,22,27,576,1010,1586
00235600,ITASCA COMMUNITY COLLEGE                ,MN,55744-3397,Public       ,5,16,21,750,601,1351
00235700,LUTHER SEMINARY                         ,MN,55108-0000,Private      ,0,2,2,5,316,321
00235800,MACALESTER COLLEGE                      ,MN,55105-1899,Private      ,3,4,7,3637,182,3819
00236000,"MINNESOTA STATE UNIVERSITY, MANKATO     ",MN,56002-0000,Public       ,29,96,125,12140,4546,16686
00236100,MARTIN LUTHER COLLEGE                   ,MN,56073-3965,Private      ,1,2,3,701,71,772
00236200,MINNEAPOLIS COMM AND TECH COLLEGE       ,MN,55403-1779,Public       ,44,180,224,4017,9309,13326
00236500,MINNEAPOLIS COLLEGE OF ART & DESIGN     ,MN,55404-4343,Private      ,3,3,6,1001,545,1546
00236600,CROSSROADS COLLEGE                      ,MN,55902-2382,Private      ,0,2,2,92,80,172
00236700,MINNESOTA STATE UNIVERSITY MOORHEAD     ,MN,56563-0001,Public       ,15,91,106,4367,2547,6914
00236900,NORTH CENTRAL UNIVERSITY                ,MN,55404-1391,Private      ,2,8,10,1170,489,1659
00237000,NORTH HENNEPIN COMMUNITY COLLEGE        ,MN,55445-2299,Public       ,38,132,170,3212,5735,8947
00237100,UNIVERSITY OF NORTHWESTERN- ST PAUL     ,MN,55113-1598,Private      ,11,38,49,2227,930,3157
00237300,ROCHESTER COMMUNITY/TECH COLLEGE        ,MN,55904-4999,Public       ,29,103,132,2710,3612,6322
00237500,SOUTHWEST MINNESOTA STATE UNIVERSITY    ,MN,56258-1598,Public       ,1,26,27,2054,1138,3192
00237700,ST CLOUD STATE UNIVERSITY               ,MN,56301-4498,Public       ,27,115,142,9636,5245,14881
00237900,SAINT JOHNS UNIVERSITY                  ,MN,56321-2000,Private      ,1,1,2,1922,98,2020
00238000,SAINT MARY'S UNIVERSITY                 ,MN,55987-1399,Private      ,4,175,179,1670,4125,5795
00238200,ST OLAF COLLEGE                         ,MN,55057-1098,Private      ,1,1,2,4134,154,4288
00238300,CROWN COLLEGE                           ,MN,55375-9001,Private      ,4,20,24,819,775,1594
00238500,NORTHLAND COMMUNITY & TECHNICAL CLG     ,MN,56701-2598,Public       ,9,34,43,1324,1712,3036
00238600,UNITED THEOLGCL SEMINRY TWIN CITIES     ,MN,55112-0000,Private      ,0,4,4,2,100,102
00238800,"UNIVERSITY OF MINNESOTA, DULUTH         ",MN,55812-2496,Public       ,11,30,41,9984,2262,12246
00238900,"UNIVERSITY OF MINNESOTA, MORRIS         ",MN,56267-2113,Public       ,6,2,8,2319,317,2636
00239100,MITCHELL HAMLINE SCHOOL OF LAW          ,MN,55105-3076,Private      ,0,3,3,5,1003,1008
00239300,MINNESOTA STATE COLLEGE-SE TECH         ,MN,55987-0409,Public       ,4,33,37,754,1340,2094
00239400,WINONA STATE UNIVERSITY                 ,MN,55987-5838,Public       ,13,43,56,7347,1880,9227
00396900,UNIVERSITY OF MINNESOTA-TWIN CITIES     ,MN,55455-0422,Public       ,51,223,274,35091,16238,51329
00400900,MESABI RANGE CMNTY & TECH COLLEGE       ,MN,55792-0000,Public       ,3,18,21,506,654,1160
00405708,NATIONAL AMERICAN UNIVERSITY            ,MN,55113-0000,Proprietary  ,1,2,3,30,328,358
00405715,NATIONAL AMERICAN UNIVERSITY - BLOOMINGT,MN,55425-5550,Proprietary  ,0,6,6,44,417,461
00406900,UNIVERSITY OF MINNESOTA-CROOKSTON       ,MN,56716-5001,Public       ,1,22,23,1040,1145,2185
00438600,VETERAN'S MEDICAL CTR- SCH RAD TECH     ,MN,55417-2399,Public       ,1,1,2,9,21,30
00464100,DUNWOODY COLLEGE OF TECHNOLOGY          ,MN,55403-1192,Private      ,4,18,22,763,1276,2039
00464200,GLOBE UNIVERSITY                        ,MN,55125-5408,Proprietary  ,7,56,63,833,2615,3448
00464500,MINNEAPOLIS BUSINESS COLLEGE            ,MN,55113-4036,Proprietary  ,1,2,3,231,188,419
00464600,MINNESOTA SCHOOL OF BUSINESS            ,MN,55423-0000,Proprietary  ,7,33,40,631,2005,2636
00525200,RIDGEWATER COLLEGE                      ,MN,56201-2098,Public       ,22,30,52,1888,1820,3708
00526300,MINNESOTA WEST CMNTY & TECH COLG        ,MN,56241-1096,Public       ,20,44,64,804,1357,2161
00553300,"SAINT PAUL COLLEGE, COMMUNITY/TECHNICAL ",MN,55102-1800,Public       ,52,202,254,3636,7179,10815
00553400,SAINT CLOUD TECHNICAL COLLEGE AND COMMUN,MN,56303-1240,Public       ,25,68,93,3020,2904,5924
00553500,PINE TECHNICAL COLLEGE                  ,MN,55063-2198,Public       ,4,20,24,257,759,1016
00553700,SOUTH CENTRAL COLLEGE                   ,MN,56003-0000,Public       ,22,24,46,1611,1936,3547
00554100,MINNESOTA STATE COMMUNITY AND TECHNICAL ,MN,56573-1405,Public       ,28,97,125,2242,3277,5519
00554400,ALEXANDRIA TECHNICAL COLLEGE            ,MN,56308-3799,Public       ,6,28,34,1184,901,2085
00575700,LAKE SUPERIOR COLLEGE                   ,MN,55811-3399,Public       ,15,61,76,1957,2800,4757
00575900,NORTHWEST TECHNICAL COLLEGE - BEMIDJI   ,MN,56601-4907,Public       ,6,16,22,330,860,1190
00677500,RAINY RIVER COMMUNITY COLLEGE           ,MN,56649-2187,Public       ,1,1,2,169,125,294
00735000,ANOKA-HENNEPIN TECHNICAL COLLEGE        ,MN,55303-1590,Public       ,10,60,70,982,2458,3440
00735100,BROWN COLLEGE                           ,MN,55120-1004,Proprietary  ,0,3,3,74,351,425
00795400,NORMANDALE COMMUNITY COLLEGE            ,MN,55431-4399,Public       ,52,113,165,4924,5499,10423
00869400,RASMUSSEN COLLEGE - ST. CLOUD           ,MN,56301-3713,Proprietary  ,4,30,34,256,1396,1652
00869401,RASMUSSEN COLLEGE - BROOKLYN PARK       ,MN,55445-1512,Proprietary  ,4,37,41,163,1218,1381
00869406,RASMUSSEN COLLEGE - EAGAN               ,MN,55122-1346,Proprietary  ,4,30,34,167,1107,1274
00869407,RASMUSSEN COLLEGE - BLOOMINGTON         ,MN,55435-5444,Proprietary  ,2,34,36,236,1591,1827
00869409,RASMUSSEN COLLEGE - MANKATO             ,MN,56001-8658,Proprietary  ,2,17,19,246,950,1196
00869412,RASMUSSEN COLLEGE - LAKE ELMO           ,MN,55042-8624,Proprietary  ,3,22,25,141,836,977
00869416,RASMUSSEN COLLEGE - MOORHEAD            ,MN,56560-4513,Proprietary  ,1,16,17,165,697,862
00869417,RASMUSSEN COLLEGE - BLAINE              ,MN,55014-0000,Proprietary  ,5,17,22,192,1238,1430
00905800,BETHEL UNIVERSITY                       ,MN,55112-6999,Private      ,3,76,79,2993,2360,5353
00960000,COSMETOLOGY CAREERS UNLTD-DULUTH        ,MN,55802-2031,Proprietary  ,0,1,1,17,53,70
00974000,INVER HILLS COMMUNITY COLLEGE           ,MN,55076-3224,Public       ,34,88,122,2411,3663,6074
00983100,MODEL COLLEGE OF HAIR DESIGN            ,MN,56301-4280,Proprietary  ,4,3,7,78,101,179
00989200,"DULUTH BUSINESS UNIV, INC.              ",MN,55807-0000,Proprietary  ,0,6,6,82,291,373
00999200,OAK HILLS CHRISTIAN COLLEGE             ,MN,56601-0000,Private      ,0,1,1,127,78,205
01024800,ART INSTITUTES INTL MINNESOTA           ,MN,55402-3137,Proprietary  ,11,21,32,825,770,1595
01037400,METROPOLITAN STATE UNIVERSITY           ,MN,55106-5000,Public       ,27,172,199,2520,9739,12259
01040200,DAKOTA COUNTY TECHNICAL COLLEGE         ,MN,55068-2999,Public       ,36,41,77,1250,2006,3256
01049000,REGENCY BEAUTY INSTITUTE                ,MN,55428-0000,Proprietary  ,151,444,595,3275,6624,9899
01049100,HENNEPIN TECHNICAL COLLEGE              ,MN,55445-2399,Public       ,24,139,163,1898,5679,7577
01054600,CENTURY COLLEGE                         ,MN,55110-1894,Public       ,50,193,243,4741,7010,11751
01173200,"MAYO CLINIC, COLLEGE OF MEDICINE        ",MN,55905-0000,Private      ,1,2,3,69,434,503
01173201,MAYO SCHOOL OF HEALTH-RELATED SCIEN     ,MN,55905-0000,Private      ,0,1,1,86,227,313
01173206,MAYO GRAD SCHOOL                        ,MN,55901-0000,Private      ,0,2,2,4,44,48
01173207,MAYO MEDICAL SCHOOL                     ,MN,55901-0000,Private      ,0,1,1,27,169,196
01232800,NORTHWESTERN HEALTH SCIENCES UNIV       ,MN,55431-1599,Private      ,3,18,21,88,919,1007
02050300,ACADEMY COLLEGE                         ,MN,55420-1554,Proprietary  ,0,2,2,54,196,250
02097300,HASTINGS BEAUTY SCHOOL                  ,MN,55033-1205,Proprietary  ,1,0,1,22,43,65
02123200,AVEDA INSTITUTE                         ,MN,55414-0000,Proprietary  ,13,21,34,425,504,929
02159800,COSMETOLOGY CAREERS UNLTD - HIBBING     ,MN,55746-0000,Proprietary  ,1,4,5,16,37,53
02160901,PCI ACADEMY - PCI ACADEMY               ,MN,55446-4928,Proprietary  ,1,2,3,43,107,150
02238100,MINNESOTA SCHOOL OF COSMETOLOGY         ,MN,55125-0000,Proprietary  ,4,6,10,156,271,427
02260500,SUMMIT ACAD OPPORTUNITIES IND CTR       ,MN,55405-0000,Private      ,14,64,78,126,907,1033
02504200,WALDEN UNIVERSITY                       ,MN,55401-2511,Proprietary  ,9,2321,2330,318,64907,65225
02514100,AMERICAN INDIAN OPPORTUNITIES CTR       ,MN,55404-0000,Private      ,1,5,6,16,125,141
03001200,MCNALLY SMITH COLLEGE OF MUSIC          ,MN,55101-2220,Proprietary  ,2,4,6,520,254,774
03051900,ALFRED ADLER GRADUATE SCHOOL            ,MN,55305-0000,Private      ,0,6,6,2,345,347
03096400,LEECH LAKE TRIBAL COLLEGE               ,MN,56633-0000,Public       ,0,1,1,67,401,468
03129100,FOND DU LAC TRIBAL & COMMUNITY CLG      ,MN,55720-2984,Public       ,5,31,36,461,887,1348
03267300,CAPELLA UNIVERSITY                      ,MN,55402-3389,Proprietary  ,24,1996,2020,462,59653,60115
03833300,AMERICAN ACADEMY OF ACUPUNCTURE AND ORIE,MN,55113-0000,Proprietary  ,0,9,9,3,77,80
03921400,WHITE EARTH TRIBAL AND COMMUNITY COLLEGE,MN,56557-0478,Private      ,1,1,2,17,112,129
04044300,HAZELDEN GRADUATE SCHOOL OF ADDICTION ST,MN,55012-0000,Private      ,0,3,3,1,224,225
04130200,INST. OF PRODUCTION AND RECORDING       ,MN,55401-1315,Proprietary  ,1,5,6,289,293,582
04148800,CENTERPOINT MASSAGE & SHIATSU THERAPY SC,MN,55414-4525,Proprietary  ,1,6,7,32,151,183
04157600,NOVA ACADEMY OF COSMETOLOGY             ,MN,55906-4103,Proprietary  ,0,3,3,36,84,120
04160500,AVALON SCHOOL OF COSMETOLOGY            ,MN,56187-1930,Proprietary  ,4,1,5,24,43,67
04174400,ROCHESTER SCHOOL OF HAIR DESIGN         ,MN,55901-4310,Proprietary  ,0,1,1,19,45,64
04175600,PARK AVENUE SCHOOL OF COSMETOLOGY       ,MN,56470-3361,Proprietary  ,1,7,8,27,103,130
04227800,BETHANY GLOBAL UNIVERSITY               ,MN,55438-2849,Private      ,0,1,1,171,70,241
00239600,ALCORN STATE UNIVERSITY                 ,MS,39096-7500,Public       ,161,114,275,4806,3834,8640
00239700,BELHAVEN UNIVERSITY                     ,MS,39202-1789,Private      ,32,335,367,2297,6617,8914
00239800,BLUE MOUNTAIN COLLEGE                   ,MS,38610-9370,Private      ,2,12,14,547,368,915
00240100,COAHOMA COMMUNITY COLLEGE               ,MS,38614-9799,Public       ,249,72,321,2039,2070,4109
00240200,COPIAH-LINCOLN COMMUNITY COLLEGE        ,MS,39191-0649,Public       ,100,75,175,2345,2148,4493
00240300,DELTA STATE UNIVERSITY                  ,MS,38733-0000,Public       ,64,124,188,3740,3138,6878
00240400,EAST CENTRAL COMMUNITY COLLEGE          ,MS,39327-0129,Public       ,62,46,108,2107,1707,3814
00240500,EAST MISSISSIPPI COMM COLLEGE           ,MS,39358-0000,Public       ,144,111,255,3740,2966,6706
00240700,HINDS COMMUNITY COLLEGE                 ,MS,39154-9799,Public       ,274,323,597,8493,10721,19214
00240800,HOLMES COMMUNITY COLLEGE                ,MS,39079-0000,Public       ,198,220,418,4445,6102,10547
00240900,ITAWAMBA COMMUNITY COLLEGE              ,MS,38843-1099,Public       ,133,123,256,4286,3413,7699
00241000,JACKSON STATE UNIVERSITY                ,MS,39217-0001,Public       ,232,234,466,10427,11012,21439
00241100,JONES COUNTY JUNIOR COLLEGE             ,MS,39437-3999,Public       ,104,109,213,4209,2858,7067
00241300,MERIDIAN COMMUNITY COLLEGE              ,MS,39307-5890,Public       ,31,86,117,2262,2866,5128
00241400,MILLSAPS COLLEGE                        ,MS,39201-0000,Private      ,12,19,31,1758,781,2539
00241500,MISSISSIPPI COLLEGE                     ,MS,39058-0001,Private      ,23,73,96,3316,3558,6874
00241501,MISSISSIPPI COLLEGE - SCHOOL OF LAW     ,MS,39201-1391,Private      ,1,11,12,104,752,856
00241600,MISSISSIPPI DELTA CMTY COLLEGE          ,MS,38761-0000,Public       ,136,74,210,2382,2064,4446
00241700,MISSISSIPPI GULF CST CLG                ,MS,39573-0000,Public       ,136,309,445,5937,7820,13757
00242200,MISSISSIPPI UNIV FOR WOMEN              ,MS,39701-5818,Public       ,28,85,113,1943,2671,4614
00242300,MISSISSIPPI STATE UNIVERSITY            ,MS,39762-9698,Public       ,232,200,432,19770,8254,28024
00242400,MISSISSIPPI VALLEY STATE UNIVERSITY     ,MS,38941-1400,Public       ,182,85,267,3506,2916,6422
00242600,NORTHEAST MS CMNTY COLLEGE              ,MS,38829-1731,Public       ,67,45,112,3138,1966,5104
00242700,NORTHWEST MISSISSIPPI COMMUNITY CLG     ,MS,38668-1703,Public       ,131,128,259,6409,5543,11952
00243000,PEARL RIVER COMMUNITY COLLEGE           ,MS,39470-2201,Public       ,113,88,201,3741,3468,7209
00243300,RUST COLLEGE                            ,MS,38635-2328,Private      ,39,22,61,1557,757,2314
00243500,SOUTHEASTERN BAPTIST COLLEGE            ,MS,39440-0000,Private      ,0,2,2,24,86,110
00243600,SOUTHWEST MISSISSIPPI CMNTY CLG         ,MS,39666-8099,Public       ,39,33,72,1647,1516,3163
00243900,TOUGALOO COLLEGE                        ,MS,39174-9799,Private      ,26,23,49,1535,890,2425
00244000,UNIVERSITY OF MISSISSIPPI               ,MS,38677-1848,Public       ,166,161,327,18628,7215,25843
00244001,UNIVERSITY OF MISSISSIPPI - MED CTR     ,MS,39216-0000,Public       ,8,35,43,804,2812,3616
00244100,UNIVERSITY OF SOUTHERN MISSISSIPPI      ,MS,39406-0001,Public       ,150,238,388,12959,10477,23436
00244700,WILLIAM CAREY UNIVERSITY                ,MS,39401-5499,Private      ,30,124,154,2305,4880,7185
00489809,MCCANN SCHOOL OF BUSINESS & TECHNOLOGY -,MS,39503-3167,Proprietary  ,1,8,9,33,206,239
01289101,ANTONELLI COLLEGE - JACKSON             ,MS,39232-9514,Proprietary  ,3,89,92,151,1727,1878
01289102,ANTONELLI COLLEGE - HATTIESBURG         ,MS,39401-3056,Proprietary  ,2,36,38,158,831,989
02074900,CHRIS' BEAUTY COLLEGE                   ,MS,39501-0000,Proprietary  ,2,15,17,45,179,224
02160500,NORTH MISSISSIPPI MED CTR MED TECH      ,MS,38801-0000,Private      ,2,10,12,48,162,210
02235900,ACADEMY OF HAIR DESIGN #4               ,MS,39208-0000,Proprietary  ,3,10,13,58,159,217
02244300,ACADEMY OF HAIR DESIGN #1               ,MS,39204-5008,Proprietary  ,7,11,18,110,349,459
02244305,ACADEMY OF HAIR DESIGN #1-ACADEMY OF HAI,MS,38901-5108,Proprietary  ,2,9,11,47,122,169
02249900,DELTA BEAUTY COLLEGE                    ,MS,38701-0000,Proprietary  ,0,5,5,33,108,141
02251600,ACADEMY OF HAIR DESIGN #6               ,MS,39401-7581,Proprietary  ,6,15,21,107,276,383
02251700,FOSTER'S COSMETOLOGY COLLEGE            ,MS,38663-0000,Proprietary  ,3,3,6,13,71,84
02302800,MISSISSIPPI COLLEGE OF BEAUTY CULT      ,MS,39440-0000,Proprietary  ,0,9,9,35,111,146
02320800,MAGNOLIA COLLEGE OF COSMETOLOGY         ,MS,39206-0000,Proprietary  ,7,24,31,117,388,505
02502100,CREATIONS COLLEGE OF COSMETOLOGY        ,MS,38803-0000,Proprietary  ,0,0,0,19,60,79
02516200,WESLEY BIBLICAL SEMINARY                ,MS,39206-0000,Private      ,0,4,4,5,157,162
02586000,J & J HAIR DESIGN COLLEGE               ,MS,39051-3716,Proprietary  ,1,0,1,31,102,133
03010603,VIRGINIA COLLEGE - JACKSON              ,MS,39206-5602,Proprietary  ,6,18,24,154,791,945
03010610,VIRGINIA COLLEGE - BILOXI               ,MS,39532-2124,Proprietary  ,1,15,16,103,502,605
03032400,KC'S SCHOOL OF HAIR DESIGN              ,MS,38863-0000,Proprietary  ,0,3,3,33,105,138
03263300,TRAXLER'S SCHOOL OF HAIR                ,MS,39212-2529,Proprietary  ,1,8,9,26,125,151
03294305,BLUE CLIFF COLLEGE - GULFPORT           ,MS,39503-0000,Proprietary  ,9,46,55,138,633,771
03464300,ACADEMY OF HAIR DESIGN                  ,MS,39562-0000,Proprietary  ,0,0,0,14,44,58
03848300,DAY SPA CAREER COLLEGE                  ,MS,39564-0000,Proprietary  ,0,3,3,22,108,130
03963300,HEALING TOUCH CAREER COLLEGE            ,MS,39402-1300,Proprietary  ,1,12,13,53,365,418
04131300,CORINTH ACADEMY OF COSMETOLOGY          ,MS,38834-4813,Proprietary  ,5,24,29,52,210,262
04140200,"MISSISSIPPI INSTITUTE OF AESTHETICS, NAI",MS,39056-5628,Proprietary  ,2,4,6,43,136,179
00252600,CARROLL COLLEGE                         ,MT,59625-0002,Private      ,4,2,6,2449,253,2702
00252700,UNIVERSITY OF GREAT FALLS               ,MT,59405-4996,Private      ,2,17,19,1058,615,1673
00252800,MILES COMMUNITY COLLEGE                 ,MT,59301-4799,Public       ,1,6,7,263,247,510
00252900,DAWSON COMMUNITY COLLEGE                ,MT,59330-1405,Public       ,2,5,7,201,139,340
00253000,MONTANA STATE UNIVERSITY - BILLINGS     ,MT,59101-0298,Public       ,11,71,82,2724,3296,6020
00253100,MONTANA TECH OF THE UNIV OF MONTANA     ,MT,59701-8997,Public       ,2,6,8,1604,1353,2957
00253200,MONTANA STATE UNIVERSITY - BOZEMAN      ,MT,59717-4160,Public       ,19,81,100,13504,4870,18374
00253300,MONTANA STATE UNIVERSITY-NORTHERN       ,MT,59501-3148,Public       ,4,16,20,858,843,1701
00253400,ROCKY MOUNTAIN COLLEGE                  ,MT,59102-1796,Private      ,3,2,5,1287,493,1780
00253600,UNIVERSITY OF MONTANA (THE)             ,MT,59812-0001,Public       ,14,83,97,8599,7302,15901
00253700,UNIVERSITY OF MONTANA WESTERN (THE)     ,MT,59725-3598,Public       ,3,4,7,1427,638,2065
00677700,FLATHEAD VALLEY COMMUNITY COLLEGE       ,MT,59901-2699,Public       ,9,31,40,928,1495,2423
00757000,HELENA COLLEGE OF TECHNOLOGY            ,MT,59601-3098,Public       ,3,15,18,502,944,1446
00790000,BUTTE ACADEMY OF BEAUTY CULTURE         ,MT,59701-9197,Proprietary  ,1,0,1,35,54,89
00931400,GREAT FALLS COLLEGE MONTANA STATE UNIVER,MT,59405-4907,Public       ,7,52,59,679,1737,2416
02143400,SALISH KOOTENAI COLLEGE                 ,MT,59855-0000,Public       ,8,9,17,368,876,1244
02286600,LITTLE BIG HORN COLLEGE                 ,MT,59022-0000,Public       ,1,1,2,107,168,275
02343000,FT PECK COMMUNITY COLLEGE               ,MT,59255-0000,Public       ,0,3,3,68,197,265
02510600,BLACKFEET COMMUNITY COLLEGE             ,MT,59417-0000,Private      ,3,6,9,178,472,650
02517500,FORT BELKNAP COLLEGE                    ,MT,59526-0000,Public       ,0,0,0,62,132,194
02545200,CHIEF DULL KNIFE COLLEGE                ,MT,59043-0098,Public       ,0,2,2,65,133,198
02610900,STONE CHILD COLLEGE                     ,MT,59521-9796,Public       ,9,20,29,93,216,309
02621300,ACADEMY OF COSMETOLOGY                  ,MT,59715-3544,Proprietary  ,0,0,0,50,54,104
03205300,MODERN BEAUTY SCHOOL                    ,MT,59801-8386,Proprietary  ,0,1,1,43,78,121
03763400,BOLD BEAUTY ACADEMY                     ,MT,59101-0000,Proprietary  ,3,6,9,82,178,260
03778300,HEALTH WORKS INSTITUTE                  ,MT,59715-0000,Proprietary  ,2,4,6,57,131,188
04163700,BITTERROOT SCHOOL OF COSMETOLOGY        ,MT,59840-3118,Proprietary  ,0,1,1,15,46,61
04164100,MONTANA ACADEMY OF SALON                ,MT,59405-0000,Proprietary  ,0,7,7,61,109,170
04187700,CREVIER'S SCHOOL OF COSMETOLOGY         ,MT,59901-4402,Proprietary  ,1,4,5,57,141,198
00253900,CHADRON STATE COLLEGE                   ,NE,69337-2690,Public       ,3,68,71,1879,1487,3366
00254000,COLLEGE OF ST MARY                      ,NE,68106-2606,Private      ,3,19,22,616,1188,1804
00254100,CONCORDIA UNIVERSITY                    ,NE,68434-1594,Private      ,2,101,103,1474,1636,3110
00254200,CREIGHTON UNIVERSITY                    ,NE,68178-0315,Private      ,4,44,48,6509,5390,11899
00254400,DOANE COLLEGE                           ,NE,68333-2421,Private      ,2,91,93,1666,1351,3017
00254700,GRACE UNIVERSITY                        ,NE,68108-3629,Private      ,2,13,15,398,422,820
00254800,HASTINGS COLLEGE                        ,NE,68901-7621,Private      ,2,6,8,1526,306,1832
00255100,UNIVERSITY OF NEBRASKA AT KEARNEY       ,NE,68849-0001,Public       ,9,103,112,4449,2367,6816
00255200,MCCOOK COMMUNITY COLLEGE                ,NE,69001-2631,Public       ,0,0,0,23,17,40
00255300,MIDLAND UNIVERSITY                      ,NE,68025-4254,Private      ,4,6,10,1686,399,2085
00255400,UNIVERSITY OF NEBRASKA-OMAHA            ,NE,68182-0001,Public       ,45,136,181,9899,7613,17512
00255500,NEBRASKA WESLEYAN UNIVERSITY            ,NE,68504-2796,Private      ,4,18,22,2021,930,2951
00255700,MID-PLAINS COMM. COLLEGE-ALL CAMPUSES   ,NE,69101-9420,Public       ,8,38,46,667,876,1543
00255900,PERU STATE COLLEGE                      ,NE,68421-0010,Public       ,10,58,68,1232,1149,2381
00256000,WESTERN NEBRASKA COMMUNITY COLLEGE      ,NE,69361-1815,Public       ,8,30,38,720,848,1568
00256300,UNION COLLEGE                           ,NE,68506-4387,Private      ,1,1,2,891,429,1320
00256500,UNIVERSITY OF NEBRASKA-LINCOLN          ,NE,68588-0419,Public       ,43,71,114,17010,5323,22333
00256596,UNIVERSITY OF NEBRASKA - CURTIS         ,NE,69025-9522,Public       ,0,1,1,291,63,354
00256600,WAYNE STATE COLLEGE                     ,NE,68787-1172,Public       ,7,37,44,3068,981,4049
00256700,YORK COLLEGE                            ,NE,68467-2699,Private      ,2,0,2,405,121,526
00443600,REGNL WST MEDCL CTR SCHL RAD            ,NE,69361-0000,Private      ,0,0,0,18,12,30
00458608,KAPLAN UNIVERSITY - OMAHA               ,NE,68134-1002,Proprietary  ,5,67,72,165,1782,1947
00458609,KAPLAN UNIVERSITY - LINCOLN             ,NE,68508-2668,Proprietary  ,3,34,37,123,1214,1337
00639900,BRYANLGH COLLEGE OF HEALTH SCIENCES     ,NE,68506-1398,Private      ,0,2,2,428,485,913
00640400,NEBR METHODIST CLG OF NURS ALLD HLTH    ,NE,68114-2852,Private      ,3,19,22,503,1150,1653
00689500,UNIVERSITY OF NEBRASKA-MED CTR          ,NE,68198-4265,Public       ,5,19,24,732,2649,3381
00750100,VATTEROTT COLLEGE                       ,NE,68137-1237,Proprietary  ,0,0,0,24,179,203
00849200,ALEGENT HEALTH SCHOOLS                  ,NE,68114-2767,Private      ,1,5,6,75,241,316
00952300,BAHNER COLLEGE OF HAIRSTYLING           ,NE,68025-3297,Proprietary  ,0,0,0,16,38,54
00961700,CAPITOL BEAUTY SCHOOL                   ,NE,68144-0000,Proprietary  ,5,3,8,163,217,380
00974300,BELLEVUE UNIVERSITY                     ,NE,68005-0000,Private      ,10,264,274,871,9095,9966
00986200,CLARKSON COLLEGE                        ,NE,68131-2739,Private      ,2,40,42,540,1463,2003
01151900,JOSEPH'S COLLEGE OF BEAUTY/ALL CAMPUSES ,NE,68510-2226,Proprietary  ,11,22,33,212,341,553
01166700,NORTHEAST COMMUNITY COLLEGE             ,NE,68702-0000,Public       ,11,35,46,2025,1382,3407
01258600,METROPOLITAN COMMUNITY COLLEGE          ,NE,68103-0000,Public       ,103,440,543,5305,11601,16906
01297600,NEBRASKA CHRISTIAN COLLEGE              ,NE,68046-4256,Private      ,0,1,1,133,63,196
02079700,COLLEGE OF HAIR DESIGN                  ,NE,68508-0000,Proprietary  ,8,13,21,150,243,393
02099500,CENTRAL COMMUNITY COLLEGE-ALL CAMPUSES  ,NE,68801-7299,Public       ,17,91,108,1988,2572,4560
02508300,SOUTHEAST COMM. COLLEGE-ALL CAMPUSES    ,NE,68520-0000,Public       ,28,56,84,4477,5655,10132
02550800,NEBRASKA INDIAN COMMUNITY COLLEGE       ,NE,68039-0000,Public       ,1,15,16,34,147,181
02610500,XENON INTERNATIONAL ACADEMY II          ,NE,68127-3522,Proprietary  ,5,15,20,214,296,510
03164300,THE CREATIVE CENTER                     ,NE,68164-2911,Proprietary  ,0,1,1,107,88,195
03279300,MYOTHERAPY INSTITUTE                    ,NE,68516-0000,Proprietary  ,0,5,5,32,65,97
03323300,LITTLE PRIEST TRIBAL COLLEGE            ,NE,68071-0000,Private      ,0,1,1,36,124,160
03821400,UNIVERSAL COLLEGE OF HEALING ARTS       ,NE,68112-1810,Proprietary  ,1,6,7,24,142,166
04240800,SUMMIT CHRISTIAN COLLEGE                ,NE,69341-2306,Private      ,0,0,0,10,7,17
00256800,UNIVERSITY OF NEVADA RENO               ,NV,89557-0002,Public       ,56,61,117,19338,7805,27143
00256900,UNIVERSITY OF NEVADA-LAS VEGAS          ,NV,89154-1001,Public       ,92,266,358,23441,20165,43606
00697700,GREAT BASIN COLLEGE                     ,NV,89801-3348,Public       ,9,27,36,801,1495,2296
00732954,ITT TECHNICAL INSTITUTE                 ,NV,89014-6712,Proprietary  ,9,56,65,297,1006,1303
00736700,MARINELLO SCHOOLS OF BEAUTY             ,NV,89110-3563,Proprietary  ,0,6,6,189,640,829
00736701,MARINELLO SCHOOLS OF BEAUTY -           ,NV,89014-2244,Proprietary  ,1,2,3,89,223,312
00737100,MARINELLO SCHOOL OF BEAUTY              ,NV,89502-6530,Proprietary  ,1,6,7,158,310,468
00919200,SIERRA NEVADA COLLEGE                   ,NV,89451-0000,Private      ,1,38,39,612,867,1479
01036200,COLLEGE OF SOUTHERN NEVADA              ,NV,89146-1139,Public       ,169,632,801,17807,30354,48161
01036300,WESTERN NEVADA COLLEGE                  ,NV,89703-0000,Public       ,22,56,78,1322,2915,4237
01246110,LINCOLN TECHNICAL INSTITUTE-EUPH INST OF,NV,89117-8803,Proprietary  ,8,20,28,188,436,624
01246111,LINCOLN TECHNICAL INSTITUTE-EUPH INS OFB,NV,89052-4964,Proprietary  ,1,3,4,86,177,263
01323200,ACADEMY OF HAIR DESIGN                  ,NV,89146-1617,Proprietary  ,13,40,53,234,655,889
02107700,TRUCKEE MEADOWS COMMUNITY CLG           ,NV,89512-0000,Public       ,47,131,178,4772,7312,12084
02237500,EVEREST COLLEGE                         ,NV,89103-0000,Private      ,6,66,72,535,1833,2368
02338512,GLENDALE CAREER COLLEGE - NEVADA CAREER ,NV,89131-3268,Proprietary  ,0,6,6,80,323,403
02616703,SCOTTSDALE CULINARY INSTITUTE - LE CORDO,NV,89144-7047,Proprietary  ,0,3,3,162,394,556
02621500,CAREER COLLEGE OF NORTHERN NEVADA       ,NV,89434-7905,Proprietary  ,8,50,58,299,955,1254
03030603,UTAH CLG OF MASSAGE THERAPY-NSMT        ,NV,89123-0000,Proprietary  ,7,48,55,164,549,713
03031405,INTERNATIONAL ACADEMY OF DESIGN AND TECH,NV,89074-7750,Proprietary  ,1,2,3,120,226,346
03043200,KAPLAN COLLEGE                          ,NV,89102-8618,Proprietary  ,27,126,153,800,2718,3518
03787300,EXPERTISE SCHOOL OF BEAUTY              ,NV,89106-2516,Private      ,4,35,39,93,410,503
03838500,NORTHWEST HEALTH CAREERS                ,NV,89128-0255,Proprietary  ,15,78,93,285,958,1243
03975300,INSTITUTE OF PROFESSIONAL CAREERS       ,NV,89119-7825,Proprietary  ,1,13,14,116,505,621
04051303,ART INSTITUTE OF PHOENIX (THE) - ART INS,NV,89074-7737,Proprietary  ,1,13,14,409,493,902
04065300,ROSEMAN UNIVERSITY OF HEALTH SCIENCES   ,NV,89014-2333,Private      ,3,13,16,173,1905,2078
04114300,NEVADA STATE COLLEGE                    ,NV,89002-9455,Public       ,34,69,103,2648,4527,7175
04142601,TOURO UNIVERSITY - NEVADA               ,NV,89014-8800,Private      ,0,8,8,147,1040,1187
04144800,INTERNATIONAL ACADEMY OF STYLE          ,NV,89509-3450,Proprietary  ,3,9,12,101,200,301
04147600,AVEDA INSTITUTE LAS VEGAS               ,NV,89119-6103,Proprietary  ,1,17,18,228,556,784
04171000,ADVANCED TRAINING INSTITUTE             ,NV,89115-7504,Proprietary  ,17,64,81,301,1117,1418
04180500,ADVANCED BEAUTY SCHOOL OF COSMETOLOGY   ,NV,89103-5864,Proprietary  ,0,0,0,80,231,311
04186300,PAUL MITCHELL THE SCHOOL LAS VEGAS      ,NV,89123-8014,Proprietary  ,14,23,37,352,571,923
04190300,AMERICAN INSTITUTE OF MEDICAL SONOGRAPHY,NV,89146-6597,Proprietary  ,0,0,0,92,208,300
04191100,DESTINATION ACADEMY FOR SPA AND SALON PR,NV,89147-8397,Proprietary  ,0,0,0,5,20,25
04203100,PAUL MITCHELL THE SCHOOL RENO           ,NV,89501-3356,Proprietary  ,3,12,15,152,260,412
04226200,HEALTHCARE PREPARATORY INSTITUTE        ,NV,89130-2580,Proprietary  ,1,12,13,169,550,719
00257200,COLBY-SAWYER COLLEGE                    ,NH,03257-4648,Private      ,3,2,5,2221,132,2353
00257300,DARTMOUTH COLLEGE                       ,NH,03755-3529,Private      ,3,5,8,11441,1775,13216
00257500,FRANKLIN PIERCE UNIVERSITY              ,NH,03461-0060,Private      ,11,33,44,3274,1355,4629
00257900,NEW ENGLAND COLLEGE                     ,NH,03242-3293,Private      ,6,77,83,2557,2418,4975
00258000,SOUTHERN NEW HAMPSHIRE UNIVERSITY       ,NH,03106-1045,Private      ,400,5106,5506,11241,86056,97297
00258100,NHTI  - CONCORD'S COMMUNITY COLLEGE     ,NH,03301-7412,Public       ,6,18,24,2771,2151,4922
00258200,MANCHESTER COMMUNITY COLLEGE            ,NH,03102-8518,Public       ,9,24,33,1584,2103,3687
00258300,GREAT BAY COMMUNITY COLLEGE             ,NH,03801-0000,Public       ,4,21,25,1118,1411,2529
00258600,RIVIER UNIVERSITY                       ,NH,03060-5086,Private      ,1,41,42,1360,1325,2685
00258700,SAINT ANSELM COLLEGE                    ,NH,03102-1310,Private      ,2,2,4,4011,190,4201
00258900,UNIVERSITY OF NEW HAMPSHIRE             ,NH,03824-2511,Public       ,5,21,26,22135,4063,26198
00258903,UNIVERSITY OF NEW HAMPSHIRE - SCHOOL OF ,NH,03301-4115,Public       ,0,0,0,0,14,14
00259000,KEENE STATE COLLEGE                     ,NH,03431-0000,Public       ,3,5,8,7105,675,7780
00259100,PLYMOUTH STATE UNIVERSITY               ,NH,03264-1595,Public       ,5,16,21,6934,1476,8410
00301004,ANTIOCH UNIVERSITY                      ,NH,03431-0000,Private      ,0,7,7,13,776,789
00472900,MOUNT WASHINGTON COLLEGE                ,NH,03103-7230,Proprietary  ,1,5,6,190,933,1123
00472901,HESSER COLLEGE - NASHUA CAMPUS          ,NH,03063-1286,Proprietary  ,0,0,0,0,2,2
00473100,DANIEL WEBSTER COLLEGE                  ,NH,03063-1300,Proprietary  ,0,8,8,853,379,1232
00529100,WHITE MOUNTAINS COMMUNITY COLLEGE       ,NH,03570-3799,Public       ,1,7,8,397,576,973
00702500,LEBANON COLLEGE                         ,NH,03766-0000,Private      ,0,0,0,0,1,1
00755500,LAKES REGION COMMUNITY COLLEGE          ,NH,03246-1326,Public       ,4,5,9,661,741,1402
00756000,RIVER VALLEY COMMUNITY COLLEGE          ,NH,03743-9707,Public       ,1,11,12,366,835,1201
00864500,EMPIRE BEAUTY SCHOOL                    ,NH,03220-0000,Proprietary  ,4,6,10,143,212,355
00923600,NASHUA COMMUNITY COLLEGE                ,NH,03063-2052,Public       ,4,9,13,1196,1118,2314
01318900,CONTINENTAL ACADEMIE OF HAIR DESIGN     ,NH,03051-3754,Proprietary  ,0,1,1,52,40,92
02140400,ST JOSEPH SCH OF PRAC NRSG              ,NH,03060-0000,Private      ,1,9,10,64,277,341
02174800,MICHAEL'S SCHOOL OF HAIR DESIGN & ESTHET,NH,03110-0000,Proprietary  ,3,4,7,115,145,260
02179600,EMPIRE BEAUTY SCHOOL                    ,NH,03878-0000,Proprietary  ,8,13,21,93,193,286
02211600,PORTSMOUTH BTY SCH OF HAIR DESIGN       ,NH,03801-4084,Proprietary  ,1,1,2,49,45,94
02223300,NORTHEAST CATHOLIC COLLEGE              ,NH,03278-4012,Private      ,0,0,0,89,14,103
02245400,KEENE BEAUTY ACADEMY                    ,NH,03431-0000,Proprietary  ,1,1,2,47,63,110
02247000,NEW ENGLAND SCHOOL OF HAIR DESIGN       ,NH,03784-0000,Proprietary  ,1,1,2,21,44,65
03043100,THOMAS MORE COLLEGE OF LIBERAL ARTS     ,NH,03054-4818,Private      ,0,0,0,101,13,114
03101300,GRANITE STATE COLLEGE                   ,NH,03301-6400,Public       ,3,18,21,484,2739,3223
03182300,NEW HAMPSHIRE INSTITUTE OF ART          ,NH,03104-4858,Private      ,0,3,3,620,226,846
03437300,UPPER VALLEY TEACHER TRANING PROGRAM    ,NH,03766-1358,Private      ,0,1,1,1,39,40
03729300,NH INSTITUTE FOR THERAPEUTIC ARTS       ,NH,03051-4906,Proprietary  ,0,0,0,11,54,65
04162200,LAIRD INSTITUTE OF SPA THERAPY          ,NH,03102-5263,Proprietary  ,0,3,3,32,86,118
00267000,SUMMIT UNIVERSITY OF PENNSYLVANIA       ,PA,18411-1297,Private      ,5,8,13,553,485,1038
00322800,BRYN ATHYN COLLEGE OF THE NEW CHURCH    ,PA,19009-0717,Private      ,1,0,1,339,57,396
00322900,ALBRIGHT COLLEGE                        ,PA,19612-5234,Private      ,9,22,31,4837,1230,6067
00323000,ALLEGHENY COLLEGE                       ,PA,16335-3902,Private      ,1,1,2,3388,157,3545
00323100,COMMUNITY COLLEGE OF ALLEGHENY COUNTY   ,PA,15233-1804,Public       ,61,206,267,3129,6108,9237
00323101,COMMUNITY COLLEGE OF ALLEGHENY COUNTY - ,PA,15146-1348,Public       ,10,46,56,1502,2505,4007
00323102,COMMUNITY COLLEGE OF ALLEGHENY COUNTY - ,PA,15237-5353,Public       ,14,55,69,1915,2513,4428
00323103,COMMUNITY COLLEGE OF ALLEGHENY COUNTY - ,PA,15122-3029,Public       ,14,31,45,1716,2167,3883
00323300,ALVERNIA UNIVERSITY                     ,PA,19607-1799,Private      ,6,48,54,2416,1856,4272
00323500,ARCADIA UNIVERSITY                      ,PA,19038-3295,Private      ,4,7,11,6453,1897,8350
00323700,BRYN MAWR COLLEGE                       ,PA,19010-2899,Private      ,0,4,4,1965,515,2480
00323800,BUCKNELL UNIVERSITY                     ,PA,17837-2122,Private      ,4,1,5,6607,225,6832
00323900,BUCKS COUNTY COMMUNITY COLLEGE          ,PA,18940-1320,Public       ,24,88,112,4174,3999,8173
00324000,BUTLER COUNTY COMMUNITY COLLEGE         ,PA,16001-0000,Public       ,14,48,62,2024,1855,3879
00324100,CABRINI COLLEGE                         ,PA,19087-3698,Private      ,3,54,57,2239,894,3133
00324200,CARNEGIE MELLON UNIVERSITY              ,PA,15213-3890,Private      ,8,11,19,13640,1614,15254
00324201,CARNEGIE MELLON UNIV- THE HEINZ COLLEGE ,PA,15213-0000,Private      ,0,5,5,158,606,764
00324202,CARNEGIE MELLON- TEPPER SCHOOL OF BUSINE,PA,15213-0000,Private      ,1,4,5,260,509,769
00324300,CEDAR CREST COLLEGE                     ,PA,18104-6196,Private      ,5,21,26,1171,1430,2601
00324400,CHATHAM UNIVERSITY                      ,PA,15232-2826,Private      ,2,17,19,1100,1806,2906
00324500,CHESTNUT HILL COLLEGE                   ,PA,19118-2693,Private      ,8,32,40,1702,2175,3877
00324700,MISERICORDIA  UNIVERSITY                ,PA,18612-1008,Private      ,3,18,21,2533,1492,4025
00324900,COMMUNITY COLLEGE OF PHILADELPHIA       ,PA,19130-3991,Public       ,103,478,581,13181,24096,37277
00325100,CURTIS INSTITUTE OF MUSIC               ,PA,19103-6187,Private      ,0,1,1,286,145,431
00325200,DELAWARE VALLEY UNIVERSITY              ,PA,18901-2697,Private      ,8,14,22,2820,550,3370
00325300,DICKINSON COLLEGE                       ,PA,17013-2896,Private      ,1,0,1,3724,197,3921
00325600,DREXEL UNIVERSITY                       ,PA,19104-2875,Private      ,50,237,287,25262,17664,42926
00325800,DUQUESNE UNIVERSITY                     ,PA,15282-0001,Private      ,14,60,74,8371,3735,12106
00325900,EASTERN UNIVERSITY                      ,PA,19087-3696,Private      ,3,55,58,2324,2529,4853
00326200,ELIZABETHTOWN COLLEGE                   ,PA,17022-2298,Private      ,3,7,10,2879,785,3664
00326300,EVANGELICAL SCHOOL OF THEOLOGY          ,PA,17067-0000,Private      ,0,0,0,1,98,99
00326500,FRANKLIN & MARSHALL COLLEGE             ,PA,17604-0000,Private      ,2,2,4,4209,227,4436
00326600,GANNON UNIVERSITY                       ,PA,16541-0001,Private      ,7,15,22,3733,1370,5103
00326700,GENEVA COLLEGE                          ,PA,15010-3599,Private      ,1,5,6,1838,813,2651
00326800,GETTYSBURG COLLEGE                      ,PA,17325-1486,Private      ,2,4,6,4515,224,4739
00326900,GROVE CITY COLLEGE                      ,PA,16127-2104,Private      ,0,3,3,1738,63,1801
00327000,GWYNEDD MERCY UNIVERSITY                ,PA,19437-0901,Private      ,11,59,70,1615,2104,3719
00327200,HARCUM COLLEGE                          ,PA,19010-3476,Private      ,2,23,25,896,1931,2827
00327300,HARRISBURG AREA COMMUNITY COLLEGE       ,PA,17110-2999,Public       ,126,397,523,9907,15820,25727
00327400,HAVERFORD COLLEGE                       ,PA,19041-1392,Private      ,0,3,3,2214,78,2292
00327500,HOLY FAMILY UNIVERSITY                  ,PA,19114-2094,Private      ,2,23,25,2051,1885,3936
00327600,IMMACULATA UNIVERSITY                   ,PA,19345-0647,Private      ,2,26,28,1624,1503,3127
00327700,INDIANA UNIVERSITY OF PENNSYLVANIA      ,PA,15705-1097,Public       ,89,72,161,14268,3821,18089
00327900,JUNIATA COLLEGE                         ,PA,16652-2196,Private      ,2,1,3,2443,128,2571
00328000,KEYSTONE COLLEGE                        ,PA,18440-0200,Private      ,8,9,17,1616,612,2228
00328200,KINGS COLLEGE                           ,PA,18711-0801,Private      ,5,5,10,3144,606,3750
00328300,LACKAWANNA COLLEGE                      ,PA,18509-9961,Private      ,12,17,29,1683,1183,2866
00328400,LAFAYETTE COLLEGE                       ,PA,18042-1768,Private      ,1,2,3,4718,170,4888
00328500,LANCASTER BIBLE COLLEGE                 ,PA,17601-5036,Private      ,1,28,29,943,1254,2197
00328600,LANCASTER THEOLOGICAL SEMINARY          ,PA,17603-0000,Private      ,0,3,3,3,128,131
00328700,LASALLE UNIVERSITY                      ,PA,19141-1199,Private      ,19,69,88,6413,4207,10620
00328800,LEBANON VALLEY COLLEGE                  ,PA,17003-1400,Private      ,3,3,6,3003,292,3295
00328900,LEHIGH UNIVERSITY                       ,PA,18015-1588,Private      ,3,14,17,9281,898,10179
00329000,LINCOLN UNIVERSITY                      ,PA,19352-0999,Public       ,23,7,30,3756,1255,5011
00329100,LUTHERAN THEOLOG SEMINARY-GETTYSBRG     ,PA,17325-0000,Private      ,0,0,0,1,77,78
00329200,LUTHERAN THEOLOGICAL SEMINARY           ,PA,19119-0000,Private      ,0,2,2,2,195,197
00329300,LYCOMING COLLEGE                        ,PA,17701-5192,Private      ,2,1,3,1977,172,2149
00329400,MANOR COLLEGE                           ,PA,19046-3399,Private      ,1,3,4,751,622,1373
00329600,MARYWOOD UNIVERSITY                     ,PA,18509-1598,Private      ,4,25,29,2754,1428,4182
00329700,MERCYHURST UNIVERSITY                   ,PA,16546-0001,Private      ,5,15,20,3730,1584,5314
00329800,MESSIAH COLLEGE                         ,PA,17027-0000,Private      ,2,10,12,3384,640,4024
00330000,MOORE COLLEGE OF ART & DESIGN           ,PA,19103-1179,Private      ,1,4,5,723,366,1089
00330100,MORAVIAN COLLEGE                        ,PA,18018-6650,Private      ,6,5,11,2717,528,3245
00330101,MORAVIAN THEOLOGICAL SEMINARY           ,PA,18018-0000,Private      ,0,0,0,10,92,102
00330200,MOUNT ALOYSIUS COLLEGE                  ,PA,16630-1999,Private      ,10,11,21,1381,810,2191
00330300,CARLOW UNIVERSITY                       ,PA,15213-3165,Private      ,2,26,28,1358,2119,3477
00330400,MUHLENBERG COLLEGE                      ,PA,18104-5586,Private      ,2,8,10,3883,429,4312
00330600,UNIVERSITY OF VALLEY FORGE              ,PA,19460-2399,Private      ,5,25,30,820,509,1329
00330900,PEIRCE COLLEGE                          ,PA,19102-4699,Private      ,8,95,103,515,2783,3298
00331100,SALUS UNIVERSITY                        ,PA,19027-1598,Private      ,0,4,4,27,1280,1307
00331300,WIDENER UNIVERSITY                      ,PA,19013-5792,Private      ,6,56,62,5096,3042,8138
00331302,WIDENER UNIV SCH OF LAW- HARRISBURG     ,PA,17106-9381,Private      ,0,5,5,28,454,482
00331500,BLOOMSBURG UNIVERSITY OF PA             ,PA,17815-1301,Public       ,62,13,75,13331,2299,15630
00331600,CALIFORNIA UNIV OF PENNSYLVANIA         ,PA,15419-1394,Public       ,20,73,93,6068,4834,10902
00331700,CHEYNEY UNIVERSITY OF PENNSYLVANIA      ,PA,19319-0200,Public       ,7,8,15,1547,815,2362
00331800,CLARION UNIVERSITY OF PENNSYLVANIA      ,PA,16214-1232,Public       ,5,31,36,4654,2360,7014
00332000,EAST STROUDSBURG UNIVERSITY             ,PA,18301-2999,Public       ,64,42,106,8348,2271,10619
00332100,EDINBORO UNIVERSITY OF PENNSYLVANIA     ,PA,16444-0001,Public       ,14,60,74,5725,3097,8822
00332200,KUTZTOWN UNIVERSITY OF PENNSYLVANIA     ,PA,19530-9339,Public       ,20,30,50,11316,2310,13626
00332300,LOCK HAVEN UNIV OF PENNSYLVANIA         ,PA,17745-2439,Public       ,59,12,71,5332,1417,6749
00332400,MANSFIELD UNIVERSITY                    ,PA,16933-1123,Public       ,40,15,55,2790,733,3523
00332500,MILLERSVILLE UNIVERSITY OF PA           ,PA,17551-1800,Public       ,13,28,41,8685,2637,11322
00332600,SHIPPENSBURG UNIVERSITY                 ,PA,17257-2299,Public       ,105,31,136,8656,1805,10461
00332700,SLIPPERY ROCK UNIVERSITY                ,PA,16057-1326,Public       ,16,83,99,8817,2406,11223
00332800,WEST CHESTER UNIVERSITY                 ,PA,19383-0001,Public       ,92,69,161,18157,5601,23758
00332900,PENNSYLVANIA STATE UNIVERSITY (THE)     ,PA,16802-1503,Public       ,613,519,1132,77810,31799,109609
00335000,UNIVERSITY OF THE ARTS (THE)            ,PA,19102-9493,Private      ,1,8,9,2937,695,3632
00335100,CAIRN UNIVERSITY                        ,PA,19047-2942,Private      ,1,8,9,805,418,1223
00335200,PHILADELPHIA CLG OSTEOPATHIC MED        ,PA,19131-0000,Private      ,0,6,6,50,3489,3539
00335300,UNIVERSITY OF THE SCIENCES IN PHILADELPH,PA,19104-4495,Private      ,2,9,11,3151,1674,4825
00335400,PHILADELPHIA UNIVERSITY                 ,PA,19144-5497,Private      ,6,43,49,4287,2843,7130
00335600,PITTSBURGH THEOLOGICAL SEMINARY         ,PA,15206-0000,Private      ,0,1,1,6,186,192
00335700,POINT PARK UNIVERSITY                   ,PA,15222-1912,Private      ,6,61,67,3915,2609,6524
00335800,REFORMED PRESBYTERIAN THEOL SEMINAR     ,PA,15208-0000,Private      ,0,0,0,1,25,26
00335900,ROBERT MORRIS UNIVERSITY                ,PA,15108-1189,Private      ,6,40,46,5422,2110,7532
00336000,ROSEMONT COLLEGE                        ,PA,19010-1699,Private      ,2,21,23,750,667,1417
00336200,SETON HILL UNIVERSITY                   ,PA,15601-1599,Private      ,0,10,10,2156,890,3046
00336400,ST. CHARLES BORROMEO SEMINARY           ,PA,19096-0000,Private      ,0,3,3,31,31,62
00336600,SAINT FRANCIS UNIVERSITY                ,PA,15940-0600,Private      ,4,17,21,2249,854,3103
00336700,SAINT JOSEPH'S UNIVERSITY               ,PA,19131-1395,Private      ,8,137,145,7934,3986,11920
00336800,ST VINCENT COLLEGE                      ,PA,15650-2690,Private      ,5,2,7,2125,283,2408
00336900,SUSQUEHANNA UNIVERSITY                  ,PA,17870-1001,Private      ,1,0,1,3949,142,4091
00337000,SWARTHMORE COLLEGE                      ,PA,19081-1397,Private      ,0,5,5,4223,139,4362
00337100,TEMPLE UNIVERSITY                       ,PA,19122-6003,Private      ,65,195,260,38162,20306,58468
00337500,THEOLOGICAL SEMINARY REFORMED EPISCOPAL ,PA,19422-1257,Private      ,0,0,0,0,3,3
00337600,THIEL COLLEGE                           ,PA,16125-2181,Private      ,5,1,6,1577,120,1697
00337800,UNIVERSITY OF PENNSYLVANIA              ,PA,19104-6216,Private      ,25,102,127,23906,12282,36188
00337900,UNIVERSITY OF PITTSBURGH                ,PA,15260-0000,Public       ,40,113,153,32729,9961,42690
00337906,UNIVERSITY OF PITTSBURGH - SCHOOL OF MED,PA,15261-0001,Public       ,3,2,5,217,940,1157
00337907,UNIVERSITY OF PITTSBURGH - SCHOOL OF DEN,PA,15261-2523,Public       ,0,2,2,103,369,472
00338400,UNIVERSITY OF SCRANTON                  ,PA,18510-4622,Private      ,11,51,62,8181,1632,9813
00338500,URSINUS COLLEGE                         ,PA,19426-1000,Private      ,1,0,1,2731,101,2832
00338600,VALLEY FORGE MILITARY COLLEGE           ,PA,19087-3695,Private      ,2,1,3,537,87,624
00338800,VILLANOVA UNIVERSITY                    ,PA,19085-1699,Private      ,3,66,69,12879,3276,16155
00338801,VILLANOVA UNIV SCH OF LAW               ,PA,19085-0000,Private      ,1,11,12,37,989,1026
00338900,WASHINGTON & JEFFERSON COLLEGE          ,PA,15301-4801,Private      ,2,2,4,2753,125,2878
00339100,WAYNESBURG UNIVERSITY                   ,PA,15370-1222,Private      ,4,11,15,1966,617,2583
00339200,WESTMINSTER COLLEGE                     ,PA,16172-0002,Private      ,3,0,3,1856,178,2034
00339300,WESTMINSTER THEOLOGICAL SEMINARY        ,PA,19038-0000,Private      ,0,0,0,7,283,290
00339400,WILKES UNIVERSITY                       ,PA,18766-0998,Private      ,7,62,69,3656,2265,5921
00339500,PENNSYLVANIA COLLEGE OF TECHNOLOGY      ,PA,17701-5779,Public       ,4,12,16,4953,2272,7225
00339600,WILSON COLLEGE                          ,PA,17201-1285,Private      ,2,15,17,625,543,1168
00339900,YORK COLLEGE OF PENNSYLVANIA            ,PA,17405-7199,Private      ,11,7,18,7138,1225,8363
00398600,DESALES UNIVERSITY                      ,PA,18034-9568,Private      ,2,28,30,2873,1637,4510
00398700,LA ROCHE COLLEGE                        ,PA,15237-5898,Private      ,3,13,16,1240,579,1819
00398800,NEUMANN UNIVERSITY                      ,PA,19014-1298,Private      ,4,43,47,2847,1620,4467
00405800,GRATZ COLLEGE                           ,PA,19027-3097,Private      ,0,6,6,3,103,106
00445200,MONTGOMERY COUNTY COMMUNITY COLLEGE     ,PA,19422-6300,Public       ,42,138,180,5426,6162,11588
00488900,CAMBRIA-ROWE BUSINESS COLLEGE           ,PA,15902-2494,Proprietary  ,1,7,8,76,130,206
00488901,CAMBRIA ROWE BUSINESS COLLEGE - INDIANA ,PA,15701-2804,Proprietary  ,0,5,5,68,118,186
00488902,CAMBRIA ROWE BUSINESS COLLEGE - SCHOOL O,PA,15904-1945,Proprietary  ,0,0,0,14,32,46
00489000,CENTRAL PENN COLLEGE                    ,PA,17093-0309,Proprietary  ,8,14,22,991,1769,2760
00489300,DU BOIS BUSINESS COLLEGE                ,PA,15801-2401,Proprietary  ,1,0,1,123,196,319
00489800,MCCANN SCHOOL OF BUSINESS & TECHNOL     ,PA,17901-1335,Proprietary  ,62,383,445,1337,5391,6728
00489807,MCCANN SCHOOL OF BUSINESS & TECHNOLOGY -,PA,17013-3180,Proprietary  ,2,5,7,58,175,233
00489900,MERCY HOSP SCH OF NURSING               ,PA,15219-5166,Private      ,0,1,1,125,192,317
00490200,PENN COMMERCIAL BUSINESS/TECHNICAL SCHOO,PA,15301-2871,Proprietary  ,6,12,18,248,471,719
00491000,KAPLAN CAREER INSTITUTE                 ,PA,17111-3571,Proprietary  ,18,53,71,201,735,936
00491001,THOMPSON INSTITUTE-PHILADEPHIA CAMPUS   ,PA,19104-3386,Proprietary  ,13,53,66,304,880,1184
00500701,WEST VIRGINIA CAREER INSTITUTE          ,PA,15456-0000,Proprietary  ,2,11,13,62,128,190
00531000,PITTSBURGH INST OF AERONAUTICS          ,PA,15236-0000,Private      ,3,10,13,383,333,716
00533000,FAYETTE CNTY AREA VOC TECH PRC NRSG     ,PA,15401-0000,Public       ,0,4,4,39,122,161
00533500,CENTRAL PENN INST OF SCI & TECH PNP     ,PA,16823-0000,Public       ,2,3,5,107,257,364
00536500,YORK CO AREA VOC-TECH SCH-PRAC NSG      ,PA,17402-0000,Public       ,2,5,7,110,355,465
00653400,CITIZENS SCHOOL OF NURSING              ,PA,15068-6591,Private      ,1,2,3,105,186,291
00653700,CONEMAUGH VLY MEM HOSP SCH NRSNG        ,PA,15905-4398,Proprietary  ,1,0,1,95,99,194
00655100,ST MARGARET SCHL OF NURSING             ,PA,15238-3205,Private      ,3,0,3,81,169,250
00656000,OHIO VALLEY HOSP SCH OF NURSING         ,PA,15136-1694,Private      ,0,0,0,45,57,102
00656500,READING HOSPITAL SCHOOL OF HEALTH SCIENC,PA,19611-1744,Private      ,1,7,8,242,470,712
00657400,"ST LUKE'S HOSPITAL OF BETHLEHEM, PA     ",PA,18015-1065,Private      ,1,7,8,106,266,372
00657700,UPMC SHADYSIDE SCHOOL OF NURSING        ,PA,15232-1381,Private      ,2,4,6,245,366,611
00657800,SHARON REGIONAL HEALTH SYSTEM SCHOOL OF ,PA,16146-3395,Proprietary  ,0,0,0,35,61,96
00658200,WASHINGTON HOSP SCH OF NURSING          ,PA,15301-3398,Private      ,1,0,1,52,90,142
00658202,WASHINGTON HOSP SCH OF RAD TECH         ,PA,15301-3398,Private      ,0,0,0,11,21,32
00658300,WESTERN PENN HOSP-SCH OF NURSING        ,PA,15224-1790,Private      ,1,0,1,146,212,358
00680700,COMMUNITY COLLEGE OF BEAVER COUNTY      ,PA,15061-2588,Public       ,25,46,71,1195,1537,2732
00681000,LEHIGH CARBON COMMUNITY COLLEGE         ,PA,18078-2598,Public       ,19,57,76,3579,4125,7704
00681100,LUZERNE COUNTY COMMUNITY COLLEGE        ,PA,18634-3899,Public       ,23,79,102,3018,3794,6812
00708700,ABINGTON MEM HOSP SCHL OF NURSING       ,PA,19090-1284,Private      ,0,1,1,125,334,459
00709100,EVEREST INSTITUTE                       ,PA,15222-1320,Private      ,0,0,0,86,407,493
00711000,DELAWARE COUNTY COMMUNITY COLLEGE       ,PA,19063-1094,Public       ,66,222,288,6364,9006,15370
00719100,NORTHAMPTON COMMUNITY COLLEGE           ,PA,18020-7599,Public       ,48,106,154,6679,6613,13292
00730305,LINCOLN TECHNICAL INSTITUTE - PHILADELPH,PA,19136-1530,Proprietary  ,14,31,45,322,589,911
00732955,ITT TECHNICAL INSTITUTE                 ,PA,19406-1212,Proprietary  ,7,61,68,212,780,992
00743000,ANTONELLI INST OF ART & PHOTOGRAPHY     ,PA,19038-8242,Proprietary  ,0,0,0,247,42,289
00743600,KAPLAN CAREER INSTITUTE - ICM CAMPUS    ,PA,15222-1977,Proprietary  ,5,44,49,211,978,1189
00743700,PITTSBURGH TECHNICAL INSTITUTE          ,PA,15071-3205,Proprietary  ,6,13,19,2333,1448,3781
00746900,"HUSSIAN SCHOOL OF ART, INC.             ",PA,19106-0000,Proprietary  ,0,0,0,109,43,152
00747000,"ART INSTITUTE OF PITTSBURGH, THE        ",PA,15219-1328,Proprietary  ,116,788,904,3265,13504,16769
00752900,"CHESTER COUNTY INTERMEDIATE UNIT, PNP   ",PA,19335-3043,Public       ,0,1,1,45,164,209
00777900,LANSDALE SCHOOL OF BUSINESS             ,PA,19454-4114,Proprietary  ,2,17,19,66,391,457
00778000,NEW CASTLE SCHOOL OF TRADES             ,PA,16143-0000,Proprietary  ,6,52,58,360,802,1162
00778100,CHI INSTITUTE/RETS CAMPUS               ,PA,19008-3516,Proprietary  ,4,43,47,141,432,573
00783900,TRIANGLE TECH                           ,PA,15214-3897,Proprietary  ,16,29,45,217,380,597
00791200,THADDEUS STEVENS CLG OF TECHNOLOGY      ,PA,17602-0000,Public       ,6,3,9,1284,599,1883
00791600,FRANKLIN CNTY CAREER & TECH CTR-PNP     ,PA,17201-0000,Public       ,0,3,3,44,121,165
00793807,LINCOLN TECHNICAL INSITUTE - ALLENTOWN  ,PA,18104-3212,Proprietary  ,16,54,70,326,746,1072
00820000,JAMESON MEMORIAL HOSP SCH NURSING       ,PA,16105-2595,Private      ,0,0,0,35,77,112
00835000,ART INSTITUTE OF PHILADELPHIA           ,PA,19103-5198,Proprietary  ,14,40,54,2196,2258,4454
00844100,ANTHEM INSTITUTE                        ,PA,19064-1243,Proprietary  ,0,0,0,5,24,29
00856800,VET TECH INSTITUTE                      ,PA,15222-3400,Proprietary  ,1,6,7,382,244,626
00865300,JEFFERSON CO DUBOIS VOC TECH-PR NSG     ,PA,15851-0000,Public       ,0,0,0,13,21,34
00895500,SALON PROFESSIONAL ACADEMY (THE)        ,PA,16602-0000,Proprietary  ,1,3,4,29,56,85
00915705,WYOTECH - BLAIRSVILLE                   ,PA,15717-8060,Private      ,39,31,70,558,516,1074
00918600,DEAN INSTITUTE OF TECHNOLOGY            ,PA,15226-1197,Proprietary  ,1,13,14,51,153,204
00944900,PENNCO TECH                             ,PA,19007-0000,Proprietary  ,12,24,36,259,508,767
00966400,EMPIRE BEAUTY SCHOOL                    ,PA,18052-5730,Proprietary  ,30,99,129,692,1725,2417
00972100,BRADFORD SCHOOL                         ,PA,15219-2602,Proprietary  ,1,0,1,559,194,753
00972300,ARIA HEALTH SCHOOL OF NURSING           ,PA,19053-6939,Private      ,0,7,7,153,344,497
00986300,PENNSYLVANIA COLLEGE OF HEALTH SCIENCES ,PA,17602-4955,Private      ,5,28,33,710,1218,1928
01000600,GREATER JOHNSTOWN AREA VOC TECH SCH     ,PA,15904-0000,Public       ,1,15,16,74,264,338
01005500,CRAWFORD CNTY AREA VO-TECH PRAC NUR     ,PA,16335-0000,Public       ,0,0,0,14,34,48
01017600,WESTMORELAND COUNTY COMMUNITY CLG       ,PA,15697-1895,Public       ,35,108,143,3069,3436,6505
01038800,READING AREA COMMUNITY COLLEGE          ,PA,19603-1706,Public       ,47,183,230,2331,3946,6277
01054200,EMPIRE BEAUTY SCHOOL                    ,PA,18701-0000,Proprietary  ,37,118,155,763,1864,2627
01081400,PITTSBURGH INST MORTUARY SCIENCE        ,PA,15206-3706,Private      ,4,5,9,121,332,453
01086000,GREATER ALTOONA CAREER/TECH CENTER      ,PA,16602-0000,Public       ,0,1,1,96,223,319
01096300,GREENE COUNTY VOC-TECH SCHOOL           ,PA,15370-0000,Public       ,0,0,0,14,44,58
01099800,PENNSYLVANIA INSTITUTE OF TECH          ,PA,19063-4098,Private      ,8,65,73,377,1118,1495
01162100,AUTOMOTIVE TRAINING CENTER              ,PA,19341-1310,Proprietary  ,130,26,156,1072,454,1526
01162200,WELDER TRAINING & TESTING INST          ,PA,18109-3253,Proprietary  ,0,1,1,36,122,158
01171500,SCHUYLKILL HEALTH SCHOOL OF NURSING     ,PA,17901-3692,Private      ,0,0,0,60,71,131
01191900,BEAVER FALLS BEAUTY ACADEMY             ,PA,15010-4208,Proprietary  ,4,7,11,35,56,91
01205000,ROSEDALE TECHNICAL INSTITUTE            ,PA,15205-9791,Private      ,10,31,41,370,458,828
01239300,THOMAS JEFF UNIV-CLG ALLIED HEALTH      ,PA,19107-0000,Private      ,0,13,13,301,1593,1894
01239301,THOMAS JEFFERSON UNIVERSITY - JEFFERSON ,PA,19107-5001,Private      ,3,14,17,422,2536,2958
01239303,THOMAS JEFFERSON UNIVERSITY - COLLEGE OF,PA,19107-6731,Private      ,2,11,13,242,845,1087
01246104,LINCOLN TECHNICAL INSTITUTE             ,PA,19104-0202,Proprietary  ,13,57,70,331,837,1168
01246105,LINCOLN TECHNICAL INSTITUTE - NORTHEAST ,PA,19116-4202,Proprietary  ,5,18,23,244,636,880
01252300,TALMUDICAL YESHIVA OF PHILA             ,PA,19131-1296,Private      ,0,0,0,48,2,50
01260600,EMPIRE BEAUTY SCHOOL                    ,PA,17901-3859,Proprietary  ,36,88,124,620,1491,2111
01292900,SOUTH HILLS BEAUTY ACADEMY              ,PA,15216-2335,Proprietary  ,1,14,15,80,208,288
01313400,YESHIVATH BETH MOSHE                    ,PA,18505-2196,Private      ,1,0,1,43,5,48
01321400,ROXBOROUGH MEM HOSP SCH OF NURSING      ,PA,19128-0000,Proprietary  ,0,3,3,104,400,504
01326300,SOUTH HILLS SCHOOL OF BUSINESS & TECHNOL,PA,16801-4516,Proprietary  ,1,1,2,433,432,865
02061000,VENUS BEAUTY ACADEMY                    ,PA,19079-0000,Proprietary  ,2,3,5,48,80,128
02068300,DOUGLAS SCHOOL OF BUSINESS              ,PA,15062-0000,Proprietary  ,8,14,22,255,276,531
02090200,TRIANGLE TECH                           ,PA,16502-0000,Proprietary  ,3,15,18,63,84,147
02092500,LAUREL TECHNICAL INSTITUTE              ,PA,16146-0000,Proprietary  ,4,21,25,186,311,497
02092502,BUSINESS INSTITUTE OF PENNSYLVANIA      ,PA,16335-0000,Proprietary  ,0,1,1,17,25,42
02104003,HARRIS SCHOOL OF BUSINESS - UPPER DARBY ,PA,19082-2528,Proprietary  ,1,1,2,13,68,81
02107300,PENNSYLVANIA ACADEMY OF FINE ARTS       ,PA,19102-1424,Private      ,0,4,4,317,312,629
02112200,GREAT LAKES INSTITUTE OF TECHNOLOGY     ,PA,16509-0000,Proprietary  ,4,14,18,304,467,771
02114200,JOHNSON COLLEGE                         ,PA,18508-0000,Private      ,1,3,4,470,311,781
02118000,LEVITTOWN BEAUTY ACADEMY LLC            ,PA,19054-1713,Proprietary  ,3,4,7,29,50,79
02119300,PA ACAD OF COSMETOLOGY ARTS & SCI       ,PA,15904-0000,Proprietary  ,7,5,12,66,100,166
02120800,"YORKTOWNE BUSINESS INSTITUTE, INC.      ",PA,17404-0000,Proprietary  ,0,0,0,55,88,143
02127400,YORK TECHNICAL INSTITUTE                ,PA,17402-0000,Proprietary  ,23,51,74,1071,1382,2453
02129000,TRIANGLE TECH                           ,PA,15601-0000,Proprietary  ,27,22,49,306,313,619
02129001,TRIANGLE TECH - BUSINESS CAREERS INSTITU,PA,15601-3304,Proprietary  ,1,0,1,15,13,28
02144000,BEAUTY INSTITUTE (THE)                  ,PA,18109-1629,Proprietary  ,0,7,7,52,153,205
02151500,CENTRAL SUSQUEHANNA LPN CENTER          ,PA,17837-8818,Public       ,1,0,1,64,144,208
02158300,JUNIATA-MIFFLIN CO AREA VOC TECH        ,PA,17044-0000,Public       ,0,0,0,18,56,74
02161400,NORTHEASTERN HOSP SCH OF NRSG           ,PA,19134-0000,Private      ,0,2,2,43,182,225
02169600,CLEARFIELD CTY CAREER AND TECH CNTR     ,PA,16830-0000,Public       ,0,0,0,51,96,147
02174400,TRIANGLE TECH                           ,PA,15801-0000,Proprietary  ,11,24,35,333,242,575
02178900,ACADEMY OF HAIR DESIGN                  ,PA,18202-1465,Proprietary  ,17,35,52,133,376,509
02183000,ORLEANS TECHNICAL INSTITUTE             ,PA,19111-0000,Private      ,14,42,56,180,526,706
02192800,WALNUT HILL COLLEGE                     ,PA,19104-0000,Proprietary  ,2,7,9,532,414,946
02202300,PITTSBURGH CAREER INSTITUTE             ,PA,15219-1907,Proprietary  ,4,26,30,145,397,542
02203900,ERIE INSTITUTE OF TECHNOLOGY            ,PA,16565-1002,Proprietary  ,4,23,27,185,339,524
02206200,BEAUTY INSTITUTE (THE)                  ,PA,19002-4527,Proprietary  ,2,11,13,155,220,375
02206300,STROUDSBURG SCHOOL OF COSMETOLOGY       ,PA,18360-0000,Proprietary  ,1,3,4,59,75,134
02212700,LANCASTER SCHOOL OF COSMETOLOGY         ,PA,17602-0000,Proprietary  ,2,5,7,72,178,250
02234200,ACADEMY OF MEDICAL ARTS & BUSINESS      ,PA,17112-0000,Proprietary  ,7,27,34,193,351,544
02251200,SCHUYLKILL COUNTY AREA VOC TECH SCH     ,PA,17931-0000,Public       ,0,3,3,19,76,95
02251202,SCHUYLKILL COUNTY AREA VOC TECH SCH     ,PA,17931-0000,Public       ,0,1,1,2,22,24
02253900,BERKS TECHNICAL INSTITUTE               ,PA,19610-1168,Proprietary  ,34,105,139,925,2279,3204
02269900,PENNSYLVANIA COLLEGE OF ART & DESIGN    ,PA,17603-3528,Private      ,2,1,3,430,119,549
02270500,BUCKS COUNTY SCHOOL OF BEAUTY CULT      ,PA,19053-0000,Proprietary  ,1,1,2,35,57,92
02273400,RECONSTRUCTIONIST RABBINICAL COLLEG     ,PA,19095-0000,Private      ,0,0,0,0,36,36
02276600,HANOVER PUBLIC SCH DIST PRAC NURSG      ,PA,17331-0000,Public       ,0,0,0,0,1,1
02282500,LENAPE SCHOOL OF PRACTICAL NURSING      ,PA,16226-0000,Public       ,0,4,4,69,222,291
02289500,PACE INSTITUTE                          ,PA,19601-0000,Proprietary  ,0,0,0,2,0,2
02289600,CONSOLIDATED SCHOOL OF BUSINESS         ,PA,17404-0000,Proprietary  ,3,13,16,80,193,273
02289700,ACADEMY OF CREATIVE HAIR DESIGN         ,PA,18702-0000,Proprietary  ,7,23,30,114,276,390
02289800,CHI INSTITUTE - FRANKLIN MILLS          ,PA,19154-0000,Proprietary  ,22,59,81,323,801,1124
02290400,"ALTOONA BEAUTY SCHOOL, INC              ",PA,16602-0000,Proprietary  ,2,3,5,34,64,98
02292700,LANSDALE SCHOOL OF COSMETOLOGY          ,PA,19446-0000,Proprietary  ,1,1,2,20,35,55
02299300,TRINITY EPISCOPAL SCHOOL MINISTRY       ,PA,15003-0000,Private      ,0,0,0,1,91,92
02301300,PRISM CAREER INSTITUTE                  ,PA,19082-2448,Proprietary  ,0,0,0,45,173,218
02306200,VENANGO COUNTY AREA VOC TECH SCHOOL     ,PA,16301-0000,Public       ,1,1,2,37,60,97
02310800,LANCASTER COUNTY CAREER & TECH CTR      ,PA,17584-0000,Public       ,6,21,27,207,607,814
02323000,BIBLICAL THEOLOGICAL SEMINARY           ,PA,19440-2421,Private      ,0,3,3,1,107,108
02330300,LEBANON CO CAREER & TECHNOLOGY CTR      ,PA,17042-0000,Public       ,0,3,3,77,240,317
02330600,PENNSYLVANIA GUNSMITH SCHOOL            ,PA,15202-0000,Proprietary  ,0,5,5,62,100,162
02350100,WESTERN AREA CAREER & TECHNOLOGY CT     ,PA,15317-0000,Public       ,1,0,1,27,80,107
02350200,INDIANA COUNTY TECH CTR SCH PR NSG      ,PA,15701-1465,Public       ,0,2,2,50,135,185
02353100,NORTHERN TIER CAREER CENTER             ,PA,18848-0000,Public       ,1,0,1,22,55,77
02362300,MERCER COUNTY AREA VOC TECH SCHOOL      ,PA,16137-0000,Public       ,0,1,1,13,47,60
02492600,EASTERN CTR ARTS AND TECH PR NSG        ,PA,19090-0000,Public       ,0,4,4,31,178,209
02495500,ALL-STATE CAREER SCHOOL                 ,PA,19029-0000,Proprietary  ,28,154,182,245,1290,1535
02529800,WILKES BARRE AREA CAREER AND TECHNICAL C,PA,18705-0000,Public       ,2,4,6,95,245,340
02536600,COMMONWEALTH TECH INSTIT @ HIRAM G      ,PA,15905-0000,Public       ,33,10,43,233,91,324
02544300,BUTLER BEAUTY SCHOOL                    ,PA,16001-0000,Proprietary  ,7,13,20,44,116,160
02546200,LAUREL BUSINESS INSTITUTE               ,PA,15401-0877,Proprietary  ,4,18,22,182,240,422
02550000,CLARION CO AREA VOC-TECH PRAC NRSG      ,PA,16254-4637,Public       ,0,0,0,30,73,103
02554500,HAZLETON AREA CAREER CENTER PRACTICAL NU,PA,18201-0000,Public       ,0,0,0,36,72,108
02557800,ART INSTITUTE OF YORK (THE) - PENNSYLVAN,PA,17402-9012,Proprietary  ,0,1,1,360,180,540
02574800,PENNSYLVANIA INSTITUTE OF TAXIDERMY     ,PA,15931-0000,Proprietary  ,0,0,0,7,18,25
02609500,CAREER TRAINING ACADEMY                 ,PA,15068-3504,Proprietary  ,9,41,50,120,340,460
02609501,CAREER TRAINING ACADEMY                 ,PA,15146-0000,Proprietary  ,0,1,1,23,41,64
02616100,JEAN MADELINE ED CTR FOR COSM           ,PA,19147-1542,Proprietary  ,6,17,23,237,368,605
02617507,EVEREST COLLEGE - EVEREST INSTITUTE - BE,PA,19020-2062,Private      ,0,2,2,13,57,70
03010800,FORTIS INSTITUTE                        ,PA,16506-1013,Proprietary  ,64,195,259,671,2103,2774
03011500,FORTIS INSTITUTE                        ,PA,18702-0000,Proprietary  ,1,18,19,71,229,300
03011600,FORTIS INSTITUTE                        ,PA,18509-2903,Proprietary  ,1,25,26,192,519,711
03029900,CONSOLIDATED SCHOOL OF BUSINESS         ,PA,17603-2389,Proprietary  ,3,4,7,96,130,226
03067000,ANTONELLI MEDICAL & PROF INST           ,PA,19464-9244,Proprietary  ,3,13,16,55,215,270
03072600,DCI CAREER INSTITUTE                    ,PA,15061-2307,Proprietary  ,1,6,7,30,98,128
03081900,YTI CAREER INSTITUTE - ALTOONA          ,PA,16602-4457,Proprietary  ,0,11,11,226,410,636
03090800,LAKE ERIE COLL OF OSTEOPATHIC MED       ,PA,16509-0000,Private      ,0,6,6,69,4402,4471
03098600,CAREER TECH CTR OF LACKAWANNA CNTY      ,PA,18508-0000,Public       ,0,3,3,70,181,251
03101400,FORBES ROAD CAREER & TECHNOLOGY CTR     ,PA,15146-1550,Public       ,0,0,0,22,31,53
03101500,BIDWELL TRAINING CENTER                 ,PA,15233-2233,Private      ,0,1,1,40,144,184
03103300,JNA INSTITUTE OF CULINARY ARTS          ,PA,19146-3119,Proprietary  ,3,11,14,94,216,310
03109100,METROPOLITAN CAREER CENTER              ,PA,19144-0000,Private      ,0,3,3,21,130,151
03110700,AVIATION INSTITUTE OF MAINTENANCE       ,PA,19114-1017,Proprietary  ,13,45,58,235,590,825
03120400,REGIONAL CAREER & TECHNICAL CENTER      ,PA,16509-4699,Public       ,0,1,1,12,26,38
03128400,DELAWARE COUNTY TECHNICAL SCHOOL        ,PA,19008-1928,Public       ,0,3,3,46,175,221
03180400,PENNSYLVANIA HIGHLANDS COMMUNITY COLLEGE,PA,15904-2927,Public       ,13,26,39,999,878,1877
03236400,L T INTERNATIONAL BEAUTY SCHOOL         ,PA,19130-2235,Proprietary  ,0,6,6,42,135,177
03353300,ACADEMY OF VOCAL ARTS                   ,PA,19103-6685,Private      ,0,1,1,52,92,144
03380301,STAR CAREER ACADEMY - STAR PHILADELPHIA ,PA,19114-2204,Proprietary  ,27,101,128,423,1466,1889
03380304,STAR CAREER ACADEMY - STAR NORRISTOWN   ,PA,19403-2422,Proprietary  ,0,0,0,81,261,342
03493302,ALL-STATE CAREER - WEST MIFFLIN CAMPUS  ,PA,15122-0000,Proprietary  ,0,2,2,18,74,92
03535300,HUNTINGDON COUNTY CAREER AND TECHNO     ,PA,17060-0905,Public       ,0,0,0,17,28,45
03561400,SUSQUEHANNA COUNTY CAREER & TECHNOL     ,PA,18816-0000,Public       ,0,1,1,30,65,95
03766300,PENNSYLVANIA SCHOOL OF MUSCLE THERAPY   ,PA,19406-3101,Proprietary  ,4,9,13,74,288,362
03781300,PRINCETON INFORMATION TECHNOLOGY CENTER ,PA,19038-4535,Proprietary  ,1,7,8,29,319,348
03923300,PRECISION MANUFACTURING INSTITUTE       ,PA,16335-8380,Private      ,0,9,9,27,95,122
03948300,HARRISBURG UNIVERSITY OF SCIENCE AND TEC,PA,17101-2116,Private      ,21,11,32,556,291,847
03949300,WON INSTITUTE OF GRADUATE STUDIES       ,PA,19038-4535,Private      ,0,0,0,1,58,59
03950500,NORTHWEST REGIONAL TECHNOLOGY INSTITUTE ,PA,16508-2820,Proprietary  ,0,0,0,18,82,100
03952300,NATIONAL MASSAGE THERAPY INSTITUTE      ,PA,19116-3965,Proprietary  ,0,0,0,18,52,70
04024300,EDUCATION AND TECHNOLOGY INSTITUTE      ,PA,15601-9214,Private      ,0,0,0,12,21,33
04041300,BERKS CAREER & TECHNOLOGY CENTER        ,PA,19533-9112,Public       ,0,1,1,32,80,112
04118000,BYZANTINE CATHOLIC SEMINARY OF SAINTS CY,PA,15214-2229,Private      ,0,0,0,1,11,12
04124600,PROFESSIONAL ACADEMY OF COSMETOLOGY     ,PA,19401-0000,Proprietary  ,0,0,0,2,12,14
04127500,CDE CAREER INSTITUTE                    ,PA,18372-9034,Proprietary  ,3,5,8,45,135,180
04145800,PULSE BEAUTY ACADEMY A PAUL MITCHELL PAR,PA,19335-0000,Proprietary  ,1,3,4,61,89,150
04149800,SOMERSET COUNTY TECHNOLOGY CENTER       ,PA,15501-1444,Public       ,0,1,1,31,101,132
04151700,BELLA CAPELLI ACADEMY                   ,PA,15146-2388,Proprietary  ,3,8,11,79,76,155
04151701,BELLA CAPELLI ACADEMY -                 ,PA,15205-2388,Proprietary  ,4,0,4,108,141,249
04155100,INSTITUTE OF MEDICAL CAREERS            ,PA,15235-3718,Proprietary  ,1,22,23,52,263,315
04158000,METRO BEAUTY ACADEMY                    ,PA,18106-9693,Proprietary  ,0,6,6,104,182,286
04164900,BARONE BEAUTY ACADEMY                   ,PA,17701-5316,Proprietary  ,0,2,2,20,48,68
04167200,COMMONWEALTH MEDICAL COLLEGE (THE)      ,PA,18509-3240,Private      ,0,2,2,13,773,786
04175900,LEWISTOWN HOSPITAL SCHOOL OF NURSING    ,PA,17044-1167,Private      ,0,1,1,16,49,65
04215500,CHAMP'S BARBER SCHOOL                   ,PA,17603-3809,Proprietary  ,2,4,6,12,69,81
04221300,PHILADELPHIA TECHNICIAN TRAINING        ,PA,19138-1324,Private      ,3,17,20,102,511,613
04224600,BARBER SCHOOL OF PITTSBURGH             ,PA,15220-5537,Proprietary  ,4,8,12,53,163,216
04226300,DIVINE CROWN ACADEMY OF COSMETOLOGY     ,PA,17104-2103,Proprietary  ,2,2,4,29,84,113
04232000,STUDIO INCAMMINATI                      ,PA,19107-1105,Private      ,0,0,0,3,11,14
04236800,FOUNTAIN OF YOUTH ACADEMY OF COSMETOLOGY,PA,16046-2430,Proprietary  ,0,3,3,6,15,21
04252300,PREMIER BARBER INSTITUTE                ,PA,19401-5163,Proprietary  ,0,1,1,0,1,1
00267813,BRYANT & STRATTON COLLEGE - MIL DOWNTOWN,WI,53203-2608,Proprietary  ,9,102,111,678,2608,3286
00383200,ALVERNO COLLEGE                         ,WI,53234-3922,Private      ,5,25,30,1430,2302,3732
00383500,BELOIT COLLEGE                          ,WI,53511-5595,Private      ,1,3,4,2399,156,2555
00383700,CARDINAL STRITCH UNIVERSITY             ,WI,53217-9884,Private      ,5,59,64,1290,2987,4277
00383800,CARROLL UNIVERSITY                      ,WI,53186-5593,Private      ,5,11,16,3988,964,4952
00383900,CARTHAGE COLLEGE                        ,WI,53141-0000,Private      ,5,24,29,5306,880,6186
00384000,WESTERN TECHNICAL COLLEGE               ,WI,54601-0908,Public       ,14,77,91,2110,2443,4553
00384200,CONCORDIA UNIVERSITY WISCONSIN          ,WI,53097-2402,Private      ,25,111,136,3590,5044,8634
00384800,EDGEWOOD COLLEGE                        ,WI,53711-1958,Private      ,3,27,30,1803,1254,3057
00385000,SILVER LAKE COLLEGE                     ,WI,54220-9319,Private      ,4,3,7,235,316,551
00385400,LAKELAND COLLEGE                        ,WI,53082-0000,Private      ,2,65,67,1231,2081,3312
00385600,LAWRENCE UNIVERSITY                     ,WI,54912-0599,Private      ,2,4,6,2459,126,2585
00386100,MARIAN UNIVERSITY                       ,WI,54935-4699,Private      ,2,31,33,1551,1026,2577
00386300,MARQUETTE UNIVERSITY                    ,WI,53201-1881,Private      ,31,44,75,15942,3866,19808
00386600,MILWAUKEE AREA TECH COLLEGE             ,WI,53233-1443,Public       ,69,343,412,6845,16189,23034
00386800,MILWAUKEE SCHOOL OF ENGINEERING         ,WI,53202-3109,Private      ,3,7,10,3141,933,4074
00386900,MOUNT MARY UNIVERSITY                   ,WI,53222-4597,Private      ,3,24,27,961,1257,2218
00387400,NASHOTAH HOUSE                          ,WI,53058-0000,Private      ,0,1,1,0,45,45
00387500,NORTHLAND COLLEGE                       ,WI,54806-3999,Private      ,2,0,2,789,129,918
00388400,RIPON COLLEGE                           ,WI,54971-0248,Private      ,1,1,2,1393,86,1479
00389200,ST. NORBERT COLLEGE                     ,WI,54115-2099,Private      ,0,5,5,3141,152,3293
00389500,UNIVERSITY OF WISCONSIN-MADISON         ,WI,53715-1382,Public       ,33,67,100,26808,9222,36030
00389600,UNIVERSITY OF WISCONSIN-MILWAUKEE       ,WI,53201-3165,Public       ,123,185,308,18518,13270,31788
00389700,UNIVERSITY OF WISCONSIN COLLEGES        ,WI,53708-8680,Public       ,9,28,37,4435,2414,6849
00389701,UNIVERSITY OF WISCONSIN-BARABOO         ,WI,53913-1098,Public       ,1,3,4,416,207,623
00389702,UNIVERSITY OF WISCONSIN-BARRON          ,WI,54868-2497,Public       ,1,6,7,402,230,632
00389703,UNIVERSITY OF WISCONSIN-FOND DU LAC     ,WI,54935-2998,Public       ,2,1,3,497,253,750
00389704,UNIVERSITY OF WISCONSIN-FOX VALLEY      ,WI,54952-1297,Public       ,4,4,8,1137,471,1608
00389705,UNIVERSITY OF WISCONSIN-MANITOWOC       ,WI,54220-6699,Public       ,2,2,4,328,149,477
00389706,UNIVERSITY OF WISCONSIN-MARATHON        ,WI,54401-5396,Public       ,1,4,5,676,306,982
00389707,UNIVERSITY OF WISCONSIN-MARINETTE       ,WI,54143-4299,Public       ,0,0,0,303,141,444
00389708,UNIVERSITY OF WISCONSIN-MARSHFIELD      ,WI,54449-3310,Public       ,0,4,4,311,180,491
00389709,UNIVERSITY OF WISCONSIN-RICHLAND        ,WI,53581-1399,Public       ,0,1,1,254,121,375
00389710,UNIVERSITY OF WISCONSIN COLLEGES - ROCK ,WI,53546-5699,Public       ,2,9,11,806,577,1383
00389711,UNIVERSITY OF WISCONSIN-SHEBOYGAN       ,WI,53081-4789,Public       ,1,2,3,497,316,813
00389712,UNIVERSITY OF WISCONSIN-WASHINGTON      ,WI,53095-3699,Public       ,1,4,5,613,265,878
00389713,UNIVERSITY OF WISCONSIN-WAUKESHA        ,WI,53188-2799,Public       ,6,16,22,1791,716,2507
00389900,UNIVERSITY OF WISCONSIN-GREEN BAY       ,WI,54311-7001,Public       ,9,25,34,4413,2802,7215
00391100,VITERBO UNIVERSITY                      ,WI,54601-4777,Private      ,3,47,50,1716,1341,3057
00391500,UNIVERSITY OF WISCONSIN-STOUT           ,WI,54751-0790,Public       ,6,40,46,6582,2334,8916
00391700,UNIVERSITY OF WISCONSIN-EAU CLAIRE      ,WI,54702-4004,Public       ,19,30,49,9403,1923,11326
00391900,UNIVERSITY OF WISCONSIN-LA CROSSE       ,WI,54601-3742,Public       ,12,18,30,9355,1773,11128
00392000,UNIVERSITY OF WISCONSIN-OSHKOSH         ,WI,54901-8604,Public       ,14,37,51,9060,3341,12401
00392100,UNIVERSITY OF WISCONSIN-PLATTEVILLE     ,WI,53818-3099,Public       ,11,38,49,7602,1850,9452
00392300,UNIVERSITY OF WISCONSIN-RIVER FALLS     ,WI,54022-5013,Public       ,10,36,46,4778,1473,6251
00392400,UNIVERSITY OF WISCONSIN-STEVENS POINT   ,WI,54481-3897,Public       ,8,11,19,8391,2043,10434
00392500,UNIVERSITY OF WISCONSIN-SUPERIOR        ,WI,54880-2898,Public       ,7,25,32,1589,1438,3027
00392600,UNIVERSITY OF WISCONSIN-WHITEWATER      ,WI,53190-1792,Public       ,38,54,92,10756,2893,13649
00400700,MADISON AREA TECHNICAL COLLEGE          ,WI,53704-2599,Public       ,37,135,172,5175,7851,13026
00501500,UNIVERSITY OF WISCONSIN-PARKSIDE        ,WI,53141-2000,Public       ,16,28,44,3928,2401,6329
00529400,WAUKESHA COUNTY TECHNICAL COLLEGE       ,WI,53072-4696,Public       ,7,34,41,1624,3279,4903
00530100,NORTHEAST WISCONSIN TECHNICAL COLLEGE   ,WI,54307-9042,Public       ,84,174,258,3324,5273,8597
00530400,CHIPPEWA VALLEY TECHNICAL COLLEGE       ,WI,54701-6162,Public       ,10,27,37,2359,3196,5555
00538000,MID-STATE TECHNICAL COLLEGE             ,WI,54494-5512,Public       ,7,38,45,929,1950,2879
00538400,NICOLET AREA TECHNICAL COLLEGE          ,WI,54501-0000,Public       ,6,15,21,469,719,1188
00538700,NORTHCENTRAL TECHNICAL COLLEGE          ,WI,54401-1899,Public       ,9,35,44,1590,3041,4631
00538900,GATEWAY TECHNICAL COLLEGE               ,WI,53144-1690,Public       ,21,63,84,2572,6364,8936
00539000,BLACKHAWK TECHNICAL COLLEGE             ,WI,53547-5009,Public       ,7,71,78,1036,2508,3544
00663900,BELLIN COLLEGE                          ,WI,54305-0000,Private      ,6,6,12,315,237,552
00732934,ITT TECHNICAL INSTITUTE                 ,WI,53220-4612,Proprietary  ,15,129,144,285,1722,2007
00766900,SOUTHWEST WISCONSIN TECH COLLEGE        ,WI,53809-0000,Public       ,3,7,10,748,907,1655
00821700,PAUL MITCHELL THE SCHOOL GREEN BAY      ,WI,54324-0257,Proprietary  ,2,3,5,93,123,216
00869405,RASMUSSEN COLLEGE - WAUSAU              ,WI,54401-7804,Proprietary  ,1,13,14,92,615,707
00869414,RASMUSSEN COLLEGE - GREEN BAY           ,WI,54303-2349,Proprietary  ,0,12,12,138,770,908
00869419,RASMUSSEN COLLEGE - APPLETON            ,WI,54915-7305,Proprietary  ,0,16,16,76,596,672
00919400,LAKESHORE TECHNICAL COLLEGE             ,WI,53015-1412,Public       ,4,21,25,691,1499,2190
00925600,MORAINE PARK TECHNICAL COLLEGE          ,WI,54936-0000,Public       ,5,30,35,1033,2405,3438
00941900,STATE CLG OF BEAUTY CULT-WAUSAU         ,WI,54403-4667,Proprietary  ,3,6,9,38,56,94
00962100,HERZING UNIVERSITY                      ,WI,53718-4236,Proprietary  ,76,735,811,1242,13193,14435
00974400,FOX VALLEY TECHNICAL COLLEGE            ,WI,54913-0000,Public       ,32,116,148,3102,5210,8312
01091300,MADISON MEDIA INSTITUTE                 ,WI,53718-6787,Proprietary  ,14,28,42,499,509,1008
01148400,ADVANCED INSTITUTE OF HAIR DESIGN       ,WI,53225-0000,Proprietary  ,3,15,18,199,221,420
01182400,WISCONSIN INDIANHEAD TECH CLG WITC      ,WI,54871-9300,Public       ,12,53,65,1055,2051,3106
02077100,MILWAUKEE INST OF ART & DESIGN          ,WI,53202-0000,Private      ,0,2,2,980,338,1318
02078000,SACRED HEART SCHOOL OF THEOLOGY         ,WI,53130-0000,Private      ,0,0,0,0,3,3
02136600,WISCONSIN LUTHERAN COLLEGE              ,WI,53226-0000,Private      ,4,20,24,1233,455,1688
02271300,WI SCH OF PROFESSIONAL PSYCHOLOGY       ,WI,53225-0000,Private      ,1,3,4,27,168,195
02317200,MARANATHA BAPTIST UNIVERSITY            ,WI,53094-7638,Private      ,4,7,11,780,201,981
02453500,MEDICAL COLLEGE OF WISCONSIN            ,WI,53226-0000,Private      ,1,6,7,109,1167,1276
02494300,GILL-TECH ACADEMY OF HAIR DESIGN        ,WI,54911-0000,Proprietary  ,2,3,5,25,53,78
02532200,LAC COURTE OREILLES OJIBWA CMTY CLG     ,WI,54843-0000,Public       ,3,10,13,59,489,548
03061200,MIDWEST COLLEGE OF ORIENTAL MEDICINE    ,WI,53403-9747,Proprietary  ,2,5,7,33,243,276
03125100,COLLEGE OF MENOMINEE NATION             ,WI,54135-0000,Private      ,0,5,5,90,412,502
03125102,COLLEGE OF  THE MENOMINEE NATION - GREEN,WI,54304-4964,Private      ,0,7,7,36,191,227
03220300,"SALON PROFESSIONAL ACADEMY, THE         ",WI,54701-7633,Proprietary  ,1,2,3,38,68,106
03309300,MONTESSORI INSTITUTE OF MILWAUKEE       ,WI,53207-0000,Private      ,0,1,1,11,38,49
03808300,INSTITUTE OF BEAUTY AND WELLNESS (AIM)  ,WI,53202-5715,Proprietary  ,3,11,14,228,340,568
03822300,PAUL MITCHELL THE SCH-MONROE AND MADISON,WI,53566-0000,Proprietary  ,5,1,6,58,60,118
03872500,NORTHLAND INTERNATIONAL UNIVERSITY      ,WI,54119-9285,Private      ,0,1,1,44,11,55
03925300,BLUE SKY SCHOOL OF PROFESSIONAL MASSAGE ,WI,53024-9699,Private      ,0,0,0,3,6,9
03925301,BLUE SKY SCHOOL OF PROFESSIONAL MASSAGE ,WI,54115-7407,Private      ,0,0,0,4,13,17
03925303,BLUE SKY SCHOOL OF PROFESSIONAL MASSAGE ,WI,53713-2366,Private      ,0,0,0,11,37,48
04117400,MILWAUKEE CAREER COLLEGE                ,WI,53222-4305,Proprietary  ,10,18,28,299,504,803
04118600,ACADEMY OF COSMETOLOGY                  ,WI,53548-3307,Proprietary  ,0,8,8,52,90,142
04124800,VISIONS IN HAIR DESIGN INSTITUTE OF COSM,WI,53210-1120,Proprietary  ,0,0,0,0,1,1
04132600,WISCONSIN ACADEMY (THE)                 ,WI,54157-1726,Proprietary  ,3,2,5,46,45,91
04137900,BRENSTEN EDUCATION                      ,WI,53186-0000,Proprietary  ,0,0,0,24,248,272
04138200,SALON PROFESSIONAL ACADEMY (THE)        ,WI,54914-3921,Proprietary  ,4,5,9,58,85,143
04157700,SALON PROFESSIONAL ACADEMY (THE)        ,WI,54650-8699,Proprietary  ,6,6,12,64,86,150
04159400,COLUMBIA COLLEGE OF NURSING             ,WI,53211-2952,Private      ,0,6,6,218,291,509
04165300,PAUL MITCHELL THE SCHOOL MILWAUKEE      ,WI,53072-5524,Proprietary  ,1,3,4,87,124,211
04179200,ADVANCED COLLEGE OF COSMETOLOGY         ,WI,53963-0000,Proprietary  ,0,0,0,28,25,53
04182100,FIRST CLASS COSMETOLOGY SCHOOL          ,WI,52511-0000,Proprietary  ,2,10,12,53,113,166
04183600,SALON PROFESSIONAL ACADEMY OF KENOSHA (T,WI,53142-4950,Proprietary  ,2,1,3,60,133,193
04193800,SHEPHERDS COLLEGE                       ,WI,53182-1527,Private      ,0,0,0,26,23,49
04202800,PANACHE ACADEMY OF BEAUTY               ,WI,53913-2596,Proprietary  ,0,4,4,29,75,104
04219300,EAST-WEST HEALING ARTS INSTITUTE        ,WI,53719-1133,Proprietary  ,1,1,2,28,101,129
04231400,BELLA ACADEMY OF COSMETOLOGY            ,WI,54901-4738,Proprietary  ,0,0,0,24,41,65
04237400,WRIGHT GRADUATE UNIVERSITY FOR THE REALI,WI,53121-2556,Private      ,0,1,1,16,51,67
00290500,NORTH CAROLINA A&T STATE UNIV           ,NC,27411-0001,Public       ,95,84,179,16286,7315,23601
00290600,APPALACHIAN STATE UNIVERSITY            ,NC,28608-2059,Public       ,39,67,106,18259,5327,23586
00290700,UNIVERSITY OF NC AT ASHEVILLE           ,NC,28804-3299,Public       ,5,14,19,4818,1955,6773
00290800,BARTON COLLEGE                          ,NC,27893-3104,Private      ,4,19,23,1561,878,2439
00291000,BELMONT ABBEY COLLEGE                   ,NC,28012-1802,Private      ,10,16,26,1575,991,2566
00291100,BENNETT COLLEGE                         ,NC,27401-3239,Private      ,19,11,30,1015,447,1462
00291200,BREVARD COLLEGE                         ,NC,28712-3306,Private      ,1,2,3,1343,229,1572
00291300,CAMPBELL UNIVERSITY                     ,NC,27506-0036,Private      ,17,91,108,5645,5094,10739
00291400,CATAWBA COLLEGE                         ,NC,28144-2488,Private      ,11,15,26,2041,681,2722
00291500,CENTRAL PIEDMONT COMMUNITY COLLEGE      ,NC,28204-2297,Public       ,118,385,503,11701,18432,30133
00291600,CHOWAN UNIVERSITY                       ,NC,27855-1850,Private      ,9,8,17,2493,497,2990
00291700,COLLEGE OF THE ALBEMARLE                ,NC,27909-2327,Public       ,11,33,44,941,1671,2612
00291800,DAVIDSON COLLEGE                        ,NC,28035-7157,Private      ,5,3,8,3707,295,4002
00291900,DAVIDSON COUNTY COMMUNITY COLLEGE       ,NC,27293-0000,Public       ,17,55,72,1902,4391,6293
00292000,DUKE UNIVERSITY                         ,NC,27708-0397,Private      ,26,24,50,18173,2909,21082
00292001,DUKE UNIVERSITY - MEDICAL SCHOOL        ,NC,27710-3067,Private      ,3,1,4,276,1018,1294
00292002,DUKE UNIVERSITY - LAW SCHOOL            ,NC,27708-0363,Private      ,1,4,5,81,1892,1973
00292003,DUKE UNIVERSITY - GRADUATE SCHOOL       ,NC,27708-0061,Private      ,0,7,7,228,737,965
00292004,DUKE UNIVERSITY - FUQUA SCHOOL OF BUSINE,NC,27708-0128,Private      ,1,5,6,199,985,1184
00292005,DUKE UNIVERSITY - SCHOOL OF ENVIRONMENT ,NC,27708-0330,Private      ,0,0,0,52,342,394
00292006,DUKE UNIVERSITY - DIVINITY SCHOOL       ,NC,27708-0969,Private      ,0,2,2,844,856,1700
00292007,DUKE UNIVERSITY - SCHOOL OF NURSING     ,NC,27710-3322,Private      ,1,7,8,209,1568,1777
00292010,DUKE UNIVERSITY - SCHOOL OF PUBLIC POLIC,NC,27708-0239,Private      ,0,0,0,35,229,264
00292300,EAST CAROLINA UNIVERSITY                ,NC,27858-1818,Public       ,69,237,306,26237,13655,39892
00292600,ELIZABETH CITY STATE UNIVERSITY         ,NC,27909-7806,Public       ,11,19,30,2345,1212,3557
00292700,ELON UNIVERSITY                         ,NC,27244-2010,Private      ,9,9,18,7630,1328,8958
00292800,FAYETTEVILLE STATE UNIVERSITY           ,NC,28301-4298,Public       ,41,159,200,5550,8155,13705
00292900,GARDNER-WEBB UNIVERSITY                 ,NC,28017-0000,Private      ,8,51,59,2904,3710,6614
00293000,GREENSBORO COLLEGE                      ,NC,27401-1875,Private      ,9,18,27,1794,1177,2971
00293100,GUILFORD COLLEGE                        ,NC,27410-4171,Private      ,13,34,47,2797,2452,5249
00293300,HIGH POINT UNIVERSITY                   ,NC,27262-4221,Private      ,17,20,37,7370,854,8224
00293400,ISOTHERMAL COMMUNITY COLLEGE            ,NC,28160-0804,Public       ,5,44,49,933,1390,2323
00293500,LAUREL UNIVERSITY                       ,NC,27265-3197,Private      ,0,2,2,99,213,312
00293600,JOHNSON C SMITH UNIVERSITY              ,NC,28216-5398,Private      ,10,46,56,2739,1894,4633
00293700,KING'S COLLEGE-CHARLOTTE                ,NC,28204-2435,Proprietary  ,4,14,18,713,680,1393
00293900,LEES MCRAE COLLEGE                      ,NC,28604-0000,Private      ,5,1,6,1219,552,1771
00294000,LENOIR COMMUNITY COLLEGE                ,NC,28502-0188,Public       ,14,90,104,1088,2657,3745
00294100,LENOIR-RHYNE UNIVERSITY                 ,NC,28603-0000,Private      ,8,16,24,3189,1391,4580
00294200,LIVINGSTONE COLLEGE                     ,NC,28144-5298,Private      ,98,18,116,2269,741,3010
00294300,LOUISBURG COLLEGE                       ,NC,27549-2398,Private      ,56,8,64,1316,260,1576
00294400,MARS HILL COLLEGE                       ,NC,28754-0000,Private      ,3,16,19,2264,541,2805
00294500,MEREDITH COLLEGE                        ,NC,27607-5298,Private      ,6,20,26,2263,1103,3366
00294600,METHODIST UNIVERSITY                    ,NC,28311-1420,Private      ,16,36,52,3203,2142,5345
00294700,MITCHELL COMMUNITY COLLEGE              ,NC,28677-5264,Public       ,20,69,89,1284,2119,3403
00294800,MONTREAT COLLEGE                        ,NC,28757-1267,Private      ,8,12,20,638,744,1382
00294900,UNIVERSITY OF MOUNT OLIVE               ,NC,28365-1299,Private      ,11,162,173,1596,4294,5890
00295000,NORTH CAROLINA CENTRAL UNIVERSITY       ,NC,27707-3198,Public       ,54,122,176,10689,7950,18639
00295100,NORTH CAROLINA WESLEYAN COLLEGE         ,NC,27804-8699,Private      ,7,34,41,1673,2155,3828
00295300,WILLIAM PEACE UNIVERSITY                ,NC,27604-1194,Private      ,2,14,16,1517,829,2346
00295400,UNIV OF NORTH CAROLINA AT PEMBROKE      ,NC,28372-1510,Public       ,29,80,109,7512,4650,12162
00295500,PFEIFFER UNIVERSITY                     ,NC,28109-0000,Private      ,6,17,23,1035,1281,2316
00295600,PIEDMONT INTERNATIONAL UNIVERSITY       ,NC,27101-5025,Private      ,3,7,10,185,454,639
00295700,QUEENS UNIVERSITY OF CHARLOTTE          ,NC,28274-0001,Private      ,13,62,75,2435,2405,4840
00295800,ROCKINGHAM COMMUNITY COLLEGE            ,NC,27375-0000,Public       ,3,30,33,839,1393,2232
00296000,SALEM COLLEGE                           ,NC,27108-0000,Private      ,5,3,8,1057,837,1894
00296100,SANDHILLS COMMUNITY COLLEGE             ,NC,28374-8283,Public       ,25,64,89,1783,3145,4928
00296200,SHAW UNIVERSITY                         ,NC,27601-2393,Private      ,28,27,55,2728,2004,4732
00296300,SOUTHEASTERN BAPTIST THEOL SEMINARY     ,NC,27588-0000,Private      ,0,3,3,156,276,432
00296400,SOUTHEASTERN COMMUNITY COLLEGE          ,NC,28472-5422,Public       ,13,57,70,730,1238,1968
00296800,ST AUGUSTINES COLLEGE                   ,NC,27610-2298,Private      ,13,15,28,1581,793,2374
00297000,SURRY COMMUNITY COLLEGE                 ,NC,27017-0304,Public       ,7,29,36,1349,1748,3097
00297200,NORTH CAROLINA STATE UNIV-RALEIGH       ,NC,27695-7001,Public       ,54,153,207,29244,11446,40690
00297300,GASTON COLLEGE                          ,NC,28034-1499,Public       ,32,130,162,2497,4668,7165
00297400,UNIVERSITY OF N C-CHAPEL HILL           ,NC,27514-0000,Public       ,44,156,200,28132,13434,41566
00297500,UNIVERSITY OF NC AT CHARLOTTE           ,NC,28223-0001,Public       ,75,161,236,27971,14669,42640
00297600,UNIVERSITY OF N C - GREENSBORO          ,NC,27412-0001,Public       ,43,129,172,18143,11346,29489
00297800,WAKE FOREST UNIV - UNDERGRADUATE        ,NC,27109-7246,Private      ,6,7,13,8338,541,8879
00297801,WAKE FOREST UNIV - SCH OF MEDICINE      ,NC,27157-1090,Private      ,2,2,4,134,1278,1412
00297803,WAKE FOREST GRAD SCHOOLS OF BUSINESS    ,NC,27109-7659,Private      ,1,9,10,79,736,815
00297805,WAKE FOREST UNIV - SCH OF LAW           ,NC,27109-7206,Private      ,1,4,5,43,1164,1207
00297806,WAKE FOREST UNIV - GRAD A&S/DIVINITY    ,NC,27109-7246,Private      ,0,29,29,48,850,898
00297900,WARREN WILSON COLLEGE                   ,NC,28815-0000,Private      ,3,4,7,1203,410,1613
00298000,WAYNE COMMUNITY COLLEGE                 ,NC,27533-0000,Public       ,19,77,96,1465,3112,4577
00298100,WESTERN CAROLINA UNIVERSITY             ,NC,28723-9731,Public       ,131,82,213,11231,4601,15832
00298200,WESTERN PIEDMONT COMMUNITY COLLEGE      ,NC,28655-4504,Public       ,18,51,69,1119,1596,2715
00298300,WILKES COMMUNITY COLLEGE                ,NC,28697-2100,Public       ,22,51,73,1171,1475,2646
00298400,UNIVERSITY OF N C-WILMINGTON            ,NC,28403-3297,Public       ,39,107,146,15910,6926,22836
00298500,WINGATE UNIVERSITY                      ,NC,28174-0159,Private      ,6,10,16,4991,1586,6577
00298600,WINSTON-SALEM STATE UNIVERSITY          ,NC,27102-0000,Public       ,27,69,96,7866,5151,13017
00398100,UNC SCHOOL OF THE ARTS                  ,NC,27127-2188,Public       ,1,10,11,1610,538,2148
00403300,ASHEVILLE BUNCOMBE TECH CMTY CLG        ,NC,28801-4897,Public       ,32,137,169,2688,5268,7956
00406200,PITT COMMUNITY COLLEGE                  ,NC,28590-0000,Public       ,37,185,222,4663,8147,12810
00483500,CALDWELL COMMUNITY CLG & TECH INST      ,NC,28638-2626,Public       ,10,42,52,1493,2234,3727
00483800,GUILFORD TECHNICAL COMMUNITY CLG        ,NC,27282-0309,Public       ,57,218,275,6349,12682,19031
00484400,WAKE TECHNICAL COMMUNITY COLLEGE        ,NC,27603-5696,Public       ,101,274,375,10824,18954,29778
00484500,WILSON COMMUNITY COLLEGE                ,NC,27893-3310,Public       ,13,73,86,726,2171,2897
00499201,MILLER-MOTTE TECHNICAL COLLEGE - MILLER-,NC,27511-9209,Proprietary  ,4,42,46,111,747,858
00499202,MILLER-MOTTE TECHNICAL COLLEGE - MILLER-,NC,27604-6072,Proprietary  ,11,46,57,375,1518,1893
00499203,MILLER-MOTTE TECHNICAL COLLEGE - FAYETTE,NC,28311-7651,Proprietary  ,11,107,118,307,2269,2576
00499205,MILLER-MOTTE TECHNICAL COLLEGE - MILLER-,NC,28540-5901,Proprietary  ,3,56,59,175,1338,1513
00531600,COASTAL CAROLINA COMMUNITY COLLEGE      ,NC,28546-6816,Public       ,26,174,200,1734,5551,7285
00531700,FORSYTH TECHNICAL COMMUNITY COLLEGE     ,NC,27103-5197,Public       ,36,157,193,4120,8435,12555
00531800,CATAWBA VALLEY COMMUNITY COLLEGE        ,NC,28602-8302,Public       ,22,66,88,2555,3440,5995
00532000,CAPE FEAR COMMUNITY COLLEGE             ,NC,28401-3910,Public       ,39,129,168,4676,6669,11345
00544700,RANDOLPH COMMUNITY COLLEGE              ,NC,27204-1009,Public       ,13,58,71,1280,2212,3492
00544800,DURHAM TECHNICAL CMNTY COLLEGE          ,NC,27703-5023,Public       ,22,154,176,2300,6193,8493
00544900,CENTRAL CAROLINA COMMUNITY COLLEGE      ,NC,27330-9000,Public       ,18,90,108,1865,4220,6085
00546300,ALAMANCE COMMUNITY COLLEGE              ,NC,27253-0000,Public       ,20,79,99,1933,3679,5612
00546400,RICHMOND COMMUNITY COLLEGE              ,NC,28345-4522,Public       ,11,47,58,935,2091,3026
00575400,ROWAN-CABARRUS COMMUNITY COLLEGE        ,NC,28146-8357,Public       ,36,110,146,2437,4971,7408
00647700,CABARRUS COLLEGE OF HEALTH SCIENCES     ,NC,28025-0000,Private      ,2,12,14,392,854,1246
00647800,MERCY HOSP SCH OF NURSING               ,NC,28207-0000,Public       ,2,8,10,143,509,652
00648300,WATTS SCHOOL OF NURSING                 ,NC,27704-0000,Private      ,3,5,8,101,336,437
00679900,CRAVEN COMMUNITY COLLEGE                ,NC,28562-0000,Public       ,13,81,94,1087,3555,4642
00703100,PAMLICO COMMUNITY COLLEGE               ,NC,28529-0000,Public       ,2,12,14,83,396,479
00764000,FAYETTEVILLE TECHNICAL CMTY COLLEGE     ,NC,28303-0236,Public       ,65,470,535,4208,15665,19873
00768700,JAMES SPRUNT COMMUNITY COLLEGE          ,NC,28349-0398,Public       ,6,23,29,455,1051,1506
00781400,BROOKSTONE COLLEGE OF BUSINESS          ,NC,28262-1294,Proprietary  ,0,0,0,77,331,408
00781401,BROOKSTONE COLLEGE OF BUSINESS          ,NC,27409-0000,Proprietary  ,0,0,0,36,198,234
00789200,SAMPSON COMMUNITY COLLEGE               ,NC,28328-0000,Public       ,3,17,20,615,1152,1767
00798500,SOUTH PIEDMONT COMMUNITY COLLEGE        ,NC,28135-9703,Public       ,11,36,47,866,1755,2621
00798600,HALIFAX COMMUNITY COLLEGE               ,NC,27890-0089,Public       ,5,17,22,543,1059,1602
00798700,BLADEN COMMUNITY COLLEGE                ,NC,28332-0266,Public       ,4,27,31,584,1380,1964
00798800,MARTIN COMMUNITY COLLEGE                ,NC,27892-8307,Public       ,2,10,12,252,633,885
00808100,CARTERET COMMUNITY COLLEGE              ,NC,28557-2989,Public       ,7,35,42,657,1503,2160
00808200,CLEVELAND COMMUNITY COLLEGE             ,NC,28150-0000,Public       ,13,73,86,961,2353,3314
00808300,HAYWOOD COMMUNITY COLLEGE               ,NC,28721-0000,Public       ,10,53,63,556,1400,1956
00808500,MCDOWELL TECHNICAL COMMUNITY CLG        ,NC,28752-8728,Public       ,7,21,28,337,793,1130
00808700,MONTGOMERY COMMUNITY COLLEGE            ,NC,27371-0787,Public       ,0,18,18,316,706,1022
00846600,SOUTHWESTERN COMMUNITY COLLEGE          ,NC,28779-8581,Public       ,9,34,43,885,1601,2486
00855700,NASH COMMUNITY COLLEGE                  ,NC,27804-0488,Public       ,18,74,92,1520,3452,4972
00855800,BEAUFORT COUNTY COMMUNITY COLLEGE       ,NC,27889-7889,Public       ,4,24,28,644,1630,2274
00861200,ROBESON COMMUNITY COLLEGE               ,NC,28359-2151,Public       ,10,53,63,1200,2638,3838
00861300,ROANOKE-CHOWAN COMMUNITY COLLEGE        ,NC,27910-9522,Public       ,2,12,14,294,710,1004
00885500,EDGECOMBE COMMUNITY COLLEGE             ,NC,27886-9399,Public       ,9,91,100,848,3430,4278
00933600,JOHNSTON COMMUNITY COLLEGE              ,NC,27577-0000,Public       ,15,65,80,1697,3157,4854
00943000,TRI-COUNTY COMMUNITY COLLEGE            ,NC,28906-7919,Public       ,5,21,26,323,736,1059
00964600,PIEDMONT COMMUNITY COLLEGE              ,NC,27573-1197,Public       ,3,29,32,493,1048,1541
00968400,BLUE RIDGE COMMUNITY COLLEGE            ,NC,28731-9624,Public       ,7,33,40,761,1513,2274
00974701,GORDON-CONWELL THEO SEM - CHARLOTTE     ,NC,28273-0000,Private      ,1,1,2,10,242,252
00990300,VANCE-GRANVILLE CMTY COLLEGE            ,NC,27536-0917,Public       ,14,83,97,1177,2760,3937
01019804,ECPI UNIVERSITY - GREENSBORO            ,NC,27409-9048,Proprietary  ,3,20,23,234,943,1177
01019805,ECPI UNIVERSITY - CHARLOTTE             ,NC,28208-5886,Proprietary  ,4,47,51,385,1942,2327
01019810,ECPI UNIVERSITY - RALEIGH               ,NC,27613-7387,Proprietary  ,9,83,92,390,1674,2064
01019812,ECPI UNIVERSITY - CONCORD               ,NC,28262-0000,Proprietary  ,2,11,13,127,542,669
01026400,SOUTH COLLEGE                           ,NC,28803-3152,Proprietary  ,9,54,63,191,915,1106
01119400,STANLY COMMUNITY COLLEGE                ,NC,28001-7458,Public       ,8,45,53,860,2359,3219
01119700,MAYLAND COMMUNITY COLLEGE               ,NC,28777-2777,Public       ,2,13,15,393,495,888
01179900,PAUL MITCHELL THE SCHOOL FAYETTEVILLE   ,NC,28303-5364,Proprietary  ,5,27,32,138,547,685
01192600,LEON'S BEAUTY SCHOOL                    ,NC,27403-2812,Proprietary  ,2,10,12,153,343,496
01303918,SOUTH UNIVERSITY - THE ART INSTITUTE OF ,NC,28217-4536,Proprietary  ,12,14,26,1317,1253,2570
02056500,MITCHELL'S HAIR STYLING ACADEMY         ,NC,27893-0000,Proprietary  ,0,5,5,30,93,123
02056501,MITCHELL'S HAIR STYLING ACADEMY - MITCHE,NC,27606-3326,Proprietary  ,1,5,6,67,217,284
02158414,HARRISON COLLEGE - THE CHEF'S ACADEMY - ,NC,27560-0000,Proprietary  ,1,2,3,138,296,434
02170700,BRUNSWICK COMMUNITY COLLEGE             ,NC,28422-0000,Public       ,7,32,39,711,1167,1878
02205000,COLLEGE OF WILMINGTON                   ,NC,28403-0000,Proprietary  ,10,46,56,324,724,1048
02210400,FAYETTEVILLE BEAUTY COLLEGE             ,NC,28303-0000,Proprietary  ,0,0,0,69,368,437
02227800,MITCHELL'S HAIR STYLING ACADEMY         ,NC,27534-0000,Proprietary  ,0,6,6,27,94,121
02280900,MID-ATLANTIC CHRISTIAN UNIVERSITY       ,NC,27909-0000,Private      ,2,5,7,212,174,386
02326203,KAPLAN CAREER INSTITUTE - KAPLAN COLLEGE,NC,28212-6830,Proprietary  ,16,86,102,267,1640,1907
02560600,PINNACLE INSTITUTE OF COSMETOLOGY       ,NC,28115-8020,Proprietary  ,2,5,7,41,111,152
02614201,MILLER-MOTTE BUSINESS COLLEGE           ,NC,28403-0000,Proprietary  ,39,305,344,547,5577,6124
02614205,MILLER - MOTTE TECHNICAL COLLEGE - MILLE,NC,27834-5052,Proprietary  ,4,48,52,196,1073,1269
03009500,WINSTON-SALEM BARBER SCHOOL             ,NC,27107-0000,Proprietary  ,1,12,13,76,171,247
03064400,REGENCY BEAUTY INSTITUTE                ,NC,27127-0000,Proprietary  ,4,6,10,112,314,426
03089300,HERITAGE BIBLE COLLEGE                  ,NC,28335-0000,Private      ,1,2,3,22,81,103
03104200,CAROLINAS COLLEGE OF HEALTH SCIENCE     ,NC,28232-2861,Public       ,2,24,26,519,1417,1936
03109000,LIVING ARTS COLLEGE                     ,NC,27614-7076,Proprietary  ,7,12,19,451,623,1074
03237300,ANSON COLLEGE OF COSMETOLOGY            ,NC,28170-2147,Proprietary  ,1,0,1,2,3,5
03361300,MEDICAL ARTS MASSAGE SCHOOL             ,NC,27616-6453,Proprietary  ,2,24,26,60,420,480
03513400,APEX SCHOOL OF THEOLOGY                 ,NC,27703-8024,Private      ,3,36,39,33,1500,1533
03555300,SOUTHEASTERN INSTITUTE                  ,NC,28217-0000,Proprietary  ,10,50,60,139,725,864
03570300,CAROLINA CHRISTIAN COLLEGE              ,NC,27105-3241,Private      ,0,2,2,30,151,181
03663300,HOOD THEOLOGICAL SEMINARY               ,NC,28144-5768,Private      ,0,1,1,5,188,193
03748500,DURHAM BEAUTY ACADEMY                   ,NC,27707-3569,Proprietary  ,1,26,27,59,252,311
03777300,PAUL MITCHELL THE SCHOOL GASTONIA       ,NC,28054-0460,Proprietary  ,10,34,44,283,527,810
03827300,CHARLOTTE CHRISTIAN COLLEGE AND THEOLOGI,NC,28205-1648,Private      ,0,5,5,31,298,329
04073300,JUNG TAO SCHOOL OF CLASSICAL CHINESE MED,NC,28679-9657,Private      ,0,0,0,0,56,56
04101300,CAROLINA SCHOOL OF BROADCASTING         ,NC,28214-8085,Proprietary  ,0,5,5,114,334,448
04115700,REGINA'S COLLEGE OF BEAUTY              ,NC,28110-2831,Proprietary  ,0,3,3,49,202,251
04120300,HEALTH AND STYLE INSTITUTE              ,NC,27265-3114,Proprietary  ,21,51,72,161,571,732
04129400,CENTER FOR MASSAGE & NATURAL HEALTH     ,NC,28787-8331,Proprietary  ,2,5,7,24,108,132
04140700,AVEDA INSTITUTE CHAPEL HILL             ,NC,27516-2559,Proprietary  ,10,15,25,231,347,578
04143500,CHARLOTTE SCHOOL OF LAW                 ,NC,28208-2816,Proprietary  ,1,10,11,96,1972,2068
04146400,DAOIST TRADITIONS COLLEGE OF CHINESE MED,NC,28801-1060,Proprietary  ,0,1,1,10,115,125
04149300,PARK WEST BARBER SCHOOL                 ,NC,27701-4022,Proprietary  ,0,1,1,187,945,1132
04154200,CAROLINA COLLEGE OF BIBLICAL STUDIES    ,NC,29303-5157,Private      ,0,11,11,28,326,354
04172800,BODY THERAPY INSTITUTE                  ,NC,27344-6728,Proprietary  ,0,1,1,20,90,110
04173000,SHEPHERDS THEOLOGICAL SEMINARY          ,NC,27518-9316,Private      ,0,1,1,4,30,34
04173700,GRACE COLLEGE OF DIVINITY               ,NC,28314-2343,Private      ,2,9,11,47,184,231
04178100,CAROLINA COLLEGE OF HAIR DESIGN         ,NC,28802-1232,Proprietary  ,2,5,7,37,137,174
04204700,PAUL MITCHELL THE SCHOOL RALEIGH        ,NC,27612-7358,Proprietary  ,7,6,13,161,267,428
04206500,MYCOMPUTERCAREER.COM                    ,NC,27606-3365,Proprietary  ,10,163,173,110,1250,1360
04214600,GRACE COLLEGE OF BARBERING              ,NC,28513-7178,Private      ,0,2,2,13,45,58
04219100,ALEXANDER PAUL INSTITUTE OF HAIR DESIGN ,NC,27858-3344,Proprietary  ,1,4,5,52,90,142
04227600,SHERRILL'S UNIVERSITY OF BARBER & COSMET,NC,27610-2431,Proprietary  ,5,15,20,60,277,337
04228400,BEYOND MEASURE BARBERING INSTITUTE      ,NC,27302-2323,Proprietary  ,1,6,7,16,84,100
00298800,BISMARCK STATE COLLEGE                  ,ND,58501-1299,Public       ,31,47,78,1804,1543,3347
00298900,DICKINSON STATE UNIVERSITY              ,ND,58601-4896,Public       ,4,11,15,812,559,1371
00299000,UNIVERSITY OF JAMESTOWN                 ,ND,58405-3401,Private      ,1,13,14,1041,247,1288
00299100,LAKE REGION STATE COLLEGE               ,ND,58301-1598,Public       ,5,31,36,413,502,915
00299200,UNIVERSITY OF MARY                      ,ND,58504-9652,Private      ,7,49,56,1747,1406,3153
00299300,MAYVILLE STATE UNIVERSITY               ,ND,58257-1299,Public       ,3,20,23,718,401,1119
00299400,MINOT STATE UNIVERSITY                  ,ND,58707-0001,Public       ,9,43,52,1496,1480,2976
00299500,DAKOTA COLLEGE AT BOTTINEAU             ,ND,58318-1159,Public       ,4,17,21,345,252,597
00299600,NORTH DAKOTA STATE CLG OF SCIENCE       ,ND,58076-0002,Public       ,12,14,26,1727,756,2483
00299700,NORTH DAKOTA STATE UNIV - FARGO         ,ND,58102-0000,Public       ,36,43,79,10457,3293,13750
00299702,NORTH DAKOTA STATE UNIV NURSING         ,ND,58501-4425,Public       ,0,0,0,3,4,7
00300500,UNIVERSITY OF NORTH DAKOTA              ,ND,58202-8193,Public       ,34,134,168,8493,5945,14438
00300700,WILLISTON STATE COLLEGE                 ,ND,58802-1326,Public       ,8,20,28,343,494,837
00300800,VALLEY CITY STATE UNIVERSITY            ,ND,58072-0000,Public       ,4,21,25,798,421,1219
00484601,RASMUSSEN COLLEGE - BISMARCK            ,ND,58503-0000,Proprietary  ,0,0,0,34,187,221
00775600,JOSEF'S SCHOOL OF HAIR DESIGN INC       ,ND,58102-4977,Proprietary  ,3,1,4,64,83,147
00869408,RASMUSSEN COLLEGE - FARGO               ,ND,58103-7196,Proprietary  ,4,24,28,127,646,773
01040600,JOSEF'S SCHOOL OF HAIR DESIGN           ,ND,58201-6394,Proprietary  ,3,3,6,52,115,167
01205900,TRINITY BIBLE COLLEGE                   ,ND,58436-7150,Private      ,0,0,0,219,87,306
01229500,JZ TREND ACADEMY PAUL MITCHELL PARTNER S,ND,58501-0000,Proprietary  ,0,2,2,27,53,80
02188200,SITTING BULL COLLEGE                    ,ND,58538-9701,Public       ,0,19,19,99,378,477
02236500,LITTLE HOOP COMMUNITY COLLEGE           ,ND,58335-0000,Public       ,3,10,13,43,232,275
02242900,UNITED TRIBES TECHNICAL COLLEGE         ,ND,58504-0000,Private      ,1,27,28,221,699,920
02298200,HEADQUARTERS ACADEMY OF HAIR DESIGN     ,ND,58701-0000,Proprietary  ,1,4,5,21,84,105
02301100,TURTLE MTN CMNTY COLG-FIN AID OFC       ,ND,58316-0000,Private      ,21,55,76,281,563,844
02553700,FORT BERTHOLD COMMUNITY COLLEGE         ,ND,58763-0000,Public       ,2,6,8,81,217,298
03087200,MOLER BARBER CLG OF HAIRSTYLING         ,ND,58103-0000,Proprietary  ,1,4,5,5,35,40
04031300,SALON PROFESSIONAL ACADEMY (THE)        ,ND,58103-3337,Proprietary  ,1,3,4,84,82,166
04139400,HAIR ACADEMY (THE)                      ,ND,58501-4929,Proprietary  ,2,4,6,53,42,95
04223500,LYNNES WELDING TRAINING                 ,ND,58102-4018,Proprietary  ,0,0,0,34,75,109
00301005,ANTIOCH UNIV/SEATTLE                    ,WA,98121-0000,Private      ,2,7,9,97,1223,1320
00376900,BELLEVUE COLLEGE                        ,WA,98007-6484,Public       ,35,113,148,5659,8221,13880
00377000,BIG BEND COMMUNITY COLLEGE              ,WA,98837-3299,Public       ,11,27,38,1292,1932,3224
00377100,CENTRAL WASHINGTON UNIVERSITY           ,WA,98926-7495,Public       ,41,133,174,13725,7174,20899
00377200,CENTRALIA COLLEGE                       ,WA,98531-4099,Public       ,7,24,31,1345,2396,3741
00377300,CLARK COLLEGE                           ,WA,98663-3598,Public       ,19,87,106,5441,8909,14350
00377400,COLUMBIA BASIN COLLEGE                  ,WA,99301-3379,Public       ,42,93,135,3713,5120,8833
00377500,EASTERN WASHINGTON UNIVERSITY           ,WA,99004-2447,Public       ,20,75,95,14228,8068,22296
00377600,EVERETT COMMUNITY COLLEGE               ,WA,98201-1352,Public       ,20,86,106,4076,7671,11747
00377700,HERITAGE UNIVERSITY                     ,WA,98948-9562,Private      ,1,40,41,801,1596,2397
00377800,GONZAGA UNIVERSITY                      ,WA,99258-0083,Private      ,17,53,70,8417,4014,12431
00377900,GRAYS HARBOR COLLEGE                    ,WA,98520-7599,Public       ,2,29,31,904,1884,2788
00378000,GREEN RIVER COMMUNITY COLLEGE           ,WA,98092-3622,Public       ,39,135,174,3767,6102,9869
00378100,HIGHLINE COMMUNITY COLLEGE              ,WA,98198-9800,Public       ,40,149,189,4004,7000,11004
00378200,LOWER COLUMBIA COLLEGE                  ,WA,98632-0310,Public       ,7,28,35,1375,3504,4879
00378300,NORTHWEST UNIVERSITY                    ,WA,98083-0000,Private      ,1,17,18,1670,1605,3275
00378400,OLYMPIC COLLEGE                         ,WA,98337-1600,Public       ,11,62,73,2311,6251,8562
00378500,PACIFIC LUTHERAN UNIVERSITY             ,WA,98447-0003,Private      ,4,25,29,5069,2622,7691
00378600,PENINSULA COLLEGE                       ,WA,98362-6660,Public       ,5,13,18,731,1965,2696
00378700,SEATTLE CENTRAL COMMUNITY COLLEGE       ,WA,98122-2413,Public       ,38,144,182,3759,8303,12062
00378703,SEATTLE VOCATIONAL INSTITUTE            ,WA,98144-0000,Public       ,4,30,34,170,824,994
00378800,SEATTLE PACIFIC UNIVERSITY              ,WA,98119-1997,Private      ,12,25,37,8152,3278,11430
00379000,SEATTLE UNIVERSITY                      ,WA,98122-1090,Private      ,16,40,56,10558,7043,17601
00379100,SHORELINE COMMUNITY COLLEGE             ,WA,98133-5696,Public       ,14,78,92,3009,5425,8434
00379200,SKAGIT VALLEY COLLEGE                   ,WA,98273-5899,Public       ,7,41,48,2026,3943,5969
00379300,SPOKANE COMMUNITY COLLEGE               ,WA,99207-5399,Public       ,18,98,116,4513,10332,14845
00379400,ST MARTIN'S UNIVERSITY                  ,WA,98503-7500,Private      ,5,15,20,1554,1493,3047
00379600,TACOMA COMMUNITY COLLEGE                ,WA,98466-6100,Public       ,55,181,236,4709,11258,15967
00379700,UNIVERSITY OF PUGET SOUND               ,WA,98416-1039,Private      ,3,22,25,5769,2022,7791
00379800,UNIVERSITY OF WASHINGTON                ,WA,98195-1122,Public       ,65,153,218,44825,31626,76451
00379900,WALLA WALLA UNIVERSITY                  ,WA,99324-1198,Private      ,11,12,23,1994,782,2776
00380000,WASHINGTON STATE UNIVERSITY             ,WA,99164-1035,Public       ,69,153,222,31978,15706,47684
00380100,WENATCHEE VALLEY COLLEGE                ,WA,98801-1799,Public       ,15,64,79,1910,2736,4646
00380200,WESTERN WASHINGTON UNIVERSITY           ,WA,98225-5946,Public       ,42,62,104,19575,5932,25507
00380300,WHITMAN COLLEGE                         ,WA,99362-2067,Private      ,0,3,3,2974,183,3157
00380400,WHITWORTH UNIVERSITY                    ,WA,99251-0001,Private      ,4,24,28,4620,1742,6362
00380500,YAKIMA VALLEY COMMUNITY COLLEGE         ,WA,98907-2520,Public       ,20,64,84,3158,5061,8219
00499900,BELLINGHAM TECHNICAL COLLEGE            ,WA,98225-0000,Public       ,13,32,45,1378,3341,4719
00500000,PIERCE COLLEGE                          ,WA,98498-1919,Public       ,27,149,176,3990,9465,13455
00500100,EDMONDS COMMUNITY COLLEGE               ,WA,98036-5999,Public       ,15,65,80,2956,5460,8416
00500600,WALLA WALLA COMMUNITY COLLEGE           ,WA,99362-9267,Public       ,11,71,82,2050,2847,4897
00530600,BATES TECHNICAL COLLEGE                 ,WA,98405-0000,Public       ,18,134,152,1275,4598,5873
00537200,SOUTH PUGET SOUND COMMUNITY COLLEGE     ,WA,98512-6292,Public       ,11,75,86,2503,5584,8087
00537300,LAKE WASHINGTON TECHNICAL COLLEGE       ,WA,98034-8505,Public       ,9,37,46,961,2708,3669
00575200,CLOVER PARK TECHNICAL COLLEGE           ,WA,98499-0000,Public       ,13,96,109,1762,6539,8301
00815500,EVERGREEN STATE COLLEGE (THE)           ,WA,98505-0002,Public       ,15,31,46,4207,4712,8919
00907901,EVEREST COLLEGE                         ,WA,98684-6950,Private      ,0,6,6,204,535,739
00938700,PERRY TECHNICAL INSTITUTE               ,WA,98903-1239,Private      ,34,50,84,997,1282,2279
00954400,SPOKANE FALLS COMMUNITY COLLEGE         ,WA,99224-5204,Public       ,13,81,94,4825,7344,12169
00970400,NORTH SEATTLE COMMUNITY COLLEGE         ,WA,98103-3599,Public       ,14,122,136,2169,6293,8462
00970600,SOUTH SEATTLE COMMUNITY COLLEGE         ,WA,98106-1499,Public       ,24,112,136,2651,5280,7931
00973900,GLEN DOW ACAD OF HAIR DESIGN            ,WA,99201-0209,Proprietary  ,1,11,12,126,311,437
01036400,WHATCOM COMMUNITY COLLEGE               ,WA,98226-8003,Public       ,14,27,41,2484,3636,6120
01043400,RENTON TECHNICAL COLLEGE                ,WA,98056-0000,Public       ,6,60,66,1361,3790,5151
01148100,DIVERS INSTITUTE OF TECHNOLOGY          ,WA,98107-0000,Proprietary  ,14,43,57,265,821,1086
01231500,CORNISH COLLEGE OF THE ARTS             ,WA,98121-4604,Private      ,0,1,1,1534,573,2107
01249600,TONI & GUY HAIRDRESSING ACADEMY         ,WA,98133-5615,Proprietary  ,0,4,4,59,101,160
01302200,CITY UNIVERSITY OF SEATTLE              ,WA,98121-1851,Private      ,4,39,43,390,2583,2973
01309400,BELLINGHAM BEAUTY SCHOOL                ,WA,98226-5515,Proprietary  ,0,0,0,15,11,26
02105300,EVERGREEN BEAUTY AND BARBER COLLEGE     ,WA,98007-3722,Proprietary  ,0,11,11,96,246,342
02106700,TRINITY LUTHERAN COLLEGE                ,WA,98201-3569,Private      ,0,1,1,374,151,525
02180000,NORTHWEST INDIAN COLLEGE                ,WA,98226-9278,Public       ,3,24,27,205,1031,1236
02184200,PAROBA COLLEGE OF COSMETOLOGY           ,WA,98208-0000,Proprietary  ,2,14,16,76,265,341
02202200,STYLEMASTERS COLLEGE OF HAIR DESIGN     ,WA,98632-0000,Proprietary  ,1,8,9,38,176,214
02203300,GENE JUAREZ BEAUTY SCHOOLS              ,WA,98043-5427,Proprietary  ,11,26,37,341,510,851
02222900,INTERNATIONAL AIR & HOSPITALITY ACADEMY ,WA,98661-4835,Proprietary  ,14,39,53,393,842,1235
02236800,PROFESSIONAL BEAUTY SCHOOL              ,WA,98902-0000,Proprietary  ,2,1,3,61,152,213
02242500,BASTYR UNIVERSITY                       ,WA,98028-0000,Private      ,3,11,14,259,1901,2160
02291300,ART INSTITUTE OF SEATTLE                ,WA,98121-1622,Proprietary  ,10,34,44,1989,2116,4105
02300100,EVEREST COLLEGE                         ,WA,98367-1835,Private      ,7,39,46,127,518,645
02300103,EVEREST COLLEGE - EVERETT               ,WA,98208-2610,Private      ,7,45,52,217,838,1055
02300104,EVEREST COLLEGE - TACOMA                ,WA,98402-3004,Private      ,11,92,103,444,1627,2071
02319802,BEAUTY INSTITUTE SCHWARZKOPF PROFESSIONA,WA,98225-4526,Proprietary  ,2,5,7,2,5,7
02326500,INTERFACE COLLEGE                       ,WA,99201-4326,Proprietary  ,0,0,0,50,208,258
02331400,NORTHWEST HAIR ACADEMY                  ,WA,98273-0000,Proprietary  ,0,0,0,30,95,125
02331402,NORTHWEST HAIR ACADEMY - EVERETT        ,WA,98204-0000,Proprietary  ,0,0,0,24,54,78
02331404,NORTHWEST HAIR ACADEMY - YAKIMA         ,WA,98901-2305,Proprietary  ,0,0,0,48,110,158
02504900,ACADEMY OF HAIR DESIGN (THE)            ,WA,98801-0000,Proprietary  ,1,4,5,39,117,156
02541900,BJ'S BEAUTY AND BARBER COLLEGE          ,WA,98409-0000,Proprietary  ,2,10,12,83,386,469
02602100,NORTHWEST COLLEGE OF ART & DESIGN       ,WA,98370-8625,Proprietary  ,0,0,0,209,87,296
02606200,EVEREST COLLEGE                         ,WA,98055-2990,Private      ,0,7,7,209,638,847
02617500,EVEREST COLLEGE                         ,WA,98133-9018,Private      ,10,41,51,222,561,783
03031406,INTERNATIONAL ACADEMY OF DESIGN & TECH  ,WA,98188-3319,Proprietary  ,0,3,3,199,376,575
03065000,LUCAS MARC ACADEMY                      ,WA,99352-9700,Proprietary  ,5,9,14,91,224,315
03071800,ITT TECHNICAL INSTITUTE                 ,WA,99216-1589,Proprietary  ,5,51,56,341,1436,1777
03071805,ITT TECHNICAL INSTITUTE - SEATTLE       ,WA,98168-3346,Proprietary  ,15,132,147,584,2531,3115
03099000,CORTIVA INSTITUTE - SEATTLE             ,WA,98109-5474,Proprietary  ,3,10,13,126,469,595
03110800,BAKKE GRADUATE UNIVERSITY               ,WA,98104-1222,Private      ,0,1,1,18,81,99
03139500,MONTESSORI SCHOOLS OF WASHINGTON        ,WA,98203-6600,Private      ,0,1,1,6,39,45
03280300,SEATTLE INST OF ORIENTAL MEDICINE       ,WA,98115-0000,Proprietary  ,0,3,3,48,151,199
03283300,NORTHWEST HVAC/R ASSOCIATION & TRAINING ,WA,99207-2125,Private      ,0,1,1,34,147,181
03466400,SEATTLE SCHOOL OF THEOLOGY AND PSYCHOLOG,WA,98121-1177,Private      ,1,4,5,93,510,603
03483500,CASCADIA COMMUNITY COLLEGE              ,WA,98011-9510,Public       ,12,14,26,1628,1665,3293
03490400,EMIL FRIES PIANO HOSPITAL & TRAININ     ,WA,98661-4323,Private      ,0,2,2,4,31,35
03670301,TONI&GUY HAIRDRESSING ACADEMY -         ,WA,98225-4526,Proprietary  ,0,2,2,88,155,243
03689400,FAITH EVANGELICAL COLLEGE & SEMINARY    ,WA,98407-2607,Private      ,0,4,4,26,392,418
03724300,DIGIPEN INSTITUTE OF TECHNOLOGY         ,WA,98052-5170,Proprietary  ,2,1,3,1334,534,1868
03917300,EVERGREEN BEAUTY AND BARBER COLLEGE     ,WA,98208-3759,Proprietary  ,4,15,19,205,547,752
03932500,TOTAL COSMETOLOGY TRAINING CENTER       ,WA,99217-6231,Proprietary  ,0,1,1,56,217,273
04120000,SUNNYSIDE BEAUTY ACADEMY                ,WA,98944-8711,Proprietary  ,1,1,2,16,36,52
04127200,VICTORIA'S ACADEMY OF COSMETOLOGY       ,WA,99336-3826,Proprietary  ,2,7,9,83,249,332
04130500,PACIFIC NORTHWEST UNIV OF HEALTH SCIENCE,WA,98901-1471,Private      ,0,6,6,54,703,757
04130800,CASCADE BEAUTY COLLEGE                  ,WA,98002-5504,Proprietary  ,0,2,2,43,126,169
04132800,INLAND MASSAGE INSTITUTE                ,WA,99218-5016,Proprietary  ,0,5,5,49,191,240
04149400,GARY MANUEL AVEDA INSTITUTE             ,WA,98122-3807,Proprietary  ,3,14,17,211,439,650
04155000,NORTHWEST SCHOOL OF WOODEN BOAT BUILDING,WA,98339-8706,Private      ,0,1,1,14,100,114
04161200,PINCHOT UNIVERSITY                      ,WA,98104-2617,Private      ,0,0,0,16,118,134
04170100,SUMMIT SALON ACADEMY                    ,WA,98409-7360,Proprietary  ,0,5,5,126,358,484
04172900,ACADEMY OF COSMETOLOGY                  ,WA,99354-2651,Proprietary  ,0,0,0,39,55,94
04188900,NORTHWEST INSTITUTE OF LITERARY ARTS    ,WA,98249-0000,Private      ,0,0,0,7,41,48
04191900,PAUL MITCHELL THE SCHOOL SPOKANE        ,WA,99037-5041,Proprietary  ,4,7,11,177,315,492
04223600,ACADEMY OF INTERACTIVE ENTERTAINMENT    ,WA,98109-4623,Private      ,0,6,6,298,263,561
04231000,STUDIO BEAUTY SCHOOL                    ,WA,99205-3357,Proprietary  ,0,5,5,59,146,205
04250400,FOSBRE ACADEMY OF HAIR DESIGN           ,WA,98501-1018,Proprietary  ,7,8,15,21,32,53
04252900,INTERNATIONAL BEAUTY EDUCATION CENTER   ,WA,99001-0000,Proprietary  ,1,5,6,1,19,20
04258000,SEATTLE FILM INSTITUTE                  ,WA,98119-1707,Proprietary  ,0,6,6,0,6,6
00340100,BROWN UNIVERSITY                        ,RI,02912-9127,Private      ,6,3,9,19090,996,20086
00340101,BROWN UNIVERSITY - GRADUATE SCHOOL      ,RI,02912-1827,Private      ,0,3,3,68,1516,1584
00340102,BROWN MEDICAL SCHOOL                    ,RI,02912-0000,Private      ,1,0,1,66,606,672
00340200,BRYANT UNIVERSITY                       ,RI,02917-1284,Private      ,5,2,7,6057,601,6658
00340400,JOHNSON & WALES UNIVERSITY              ,RI,02903-3703,Private      ,68,83,151,19615,5360,24975
00340600,PROVIDENCE COLLEGE                      ,RI,02918-0001,Private      ,5,8,13,8441,1028,9469
00340700,RHODE ISLAND COLLEGE                    ,RI,02908-1991,Public       ,12,37,49,8521,5145,13666
00340800,COMMUNITY COLLEGE OF RI - WARWICK       ,RI,02906-0000,Public       ,37,167,204,9347,12216,21563
00340900,RHODE ISLAND SCHOOL OF DESIGN           ,RI,02903-2784,Private      ,5,3,8,2916,1059,3975
00341000,ROGER WILLIAMS UNIVERSITY               ,RI,02809-2921,Private      ,4,14,18,9069,1713,10782
00341100,SALVE REGINA UNIVERSITY                 ,RI,02840-4192,Private      ,0,9,9,4336,708,5044
00341400,UNIVERSITY OF RHODE ISLAND              ,RI,02881-0000,Public       ,23,56,79,24484,4700,29184
00659100,ST. JOSEPH HOSP SCH OF NURSING          ,RI,02904-5199,Proprietary  ,1,3,4,70,316,386
00784500,NEW ENGLAND INSTITUTE OF TECHNOLOGY     ,RI,02886-0000,Private      ,7,18,25,2744,3204,5948
01246116,LINCOLN TECHNICAL INSTITUTE - LINCOLN   ,RI,02865-4211,Proprietary  ,12,57,69,384,990,1374
02531802,PAUL MITCHELL THE SCHOOL-CRANSTON       ,RI,02920-0000,Proprietary  ,5,7,12,137,167,304
02584400,NEW ENGLAND TRACTOR TRAILER TRAINING SCH,RI,02860-1752,Proprietary  ,32,236,268,242,1930,2172
03080000,NEWPORT SCHOOL OF HAIRDRESSING          ,RI,02860-4038,Proprietary  ,1,2,3,10,46,56
03732300,INTERNATIONAL YACHT RESTORATION SCH     ,RI,02840-6720,Private      ,0,1,1,48,69,117
04141200,TONI & GUY HAIRDRESSING ACADEMY         ,RI,02920-0000,Proprietary  ,2,6,8,134,145,279
04246000,MKG BEAUTY & BUSINESS                   ,RI,02920-4358,Proprietary  ,1,8,9,46,87,133
00294102,LENOIR-RHYNE UNIVERSITY - LUTHERAN THEOL,SC,29203-5863,Private      ,0,0,0,23,84,107
00341700,ALLEN UNIVERSITY                        ,SC,29204-1085,Private      ,9,15,24,1068,673,1741
00341800,ANDERSON UNIVERSITY                     ,SC,29621-4035,Private      ,12,48,60,3654,1631,5285
00341900,CHARLESTON SOUTHERN UNIVERSITY          ,SC,29406-2160,Private      ,46,58,104,5059,2856,7915
00342000,BENEDICT COLLEGE                        ,SC,29204-1086,Private      ,26,32,58,3649,1889,5538
00342100,BOB JONES UNIVERSITY                    ,SC,29614-1000,Proprietary  ,3,9,12,2662,436,3098
00342200,SOUTHERN WESLEYAN UNIVERSITY            ,SC,29630-1020,Private      ,6,43,49,1018,1744,2762
00342300,THE CITADEL                             ,SC,29409-0002,Public       ,12,37,49,3170,1371,4541
00342400,CLAFLIN UNIVERSITY                      ,SC,29115-4498,Private      ,121,30,151,3055,1283,4338
00342500,CLEMSON UNIVERSITY                      ,SC,29634-0001,Public       ,69,107,176,22999,4651,27650
00342600,UNIV OF SC AT SUMTER                    ,SC,29150-2498,Public       ,6,26,32,914,847,1761
00342700,COKER COLLEGE                           ,SC,29550-3797,Private      ,9,29,38,1289,1038,2327
00342800,COLLEGE OF CHARLESTON                   ,SC,29424-0100,Public       ,32,40,72,12832,3429,16261
00342900,COLUMBIA INTERNATIONAL UNIVERSITY       ,SC,29203-1599,Private      ,1,15,16,657,716,1373
00343000,COLUMBIA COLLEGE                        ,SC,29203-5998,Private      ,8,77,85,1250,2493,3743
00343100,CONVERSE COLLEGE                        ,SC,29302-1931,Private      ,1,15,16,1241,681,1922
00343200,ERSKINE COLLEGE                         ,SC,29639-0000,Private      ,0,2,2,846,66,912
00343201,ERSKINE THEOLOGICAL SEMINARY            ,SC,29639-0000,Private      ,0,2,2,7,106,113
00343400,FURMAN UNIVERSITY                       ,SC,29613-5253,Private      ,15,10,25,3936,547,4483
00343500,LANDER UNIVERSITY                       ,SC,29649-2099,Public       ,10,8,18,3778,918,4696
00343600,LIMESTONE COLLEGE                       ,SC,29340-3799,Private      ,8,59,67,2351,3274,5625
00343800,MEDICAL UNIV OF SOUTH CAROLINA - FA     ,SC,29425-1760,Public       ,3,26,29,443,3700,4143
00343900,MORRIS COLLEGE                          ,SC,29150-3599,Private      ,12,15,27,1108,624,1732
00344000,NEWBERRY COLLEGE                        ,SC,29108-2197,Private      ,6,8,14,1874,367,2241
00344100,NORTH GREENVILLE COLLEGE                ,SC,29688-1892,Private      ,8,6,14,2788,784,3572
00344500,PRESBYTERIAN COLLEGE                    ,SC,29325-2503,Private      ,3,3,6,1755,442,2197
00344600,SOUTH CAROLINA STATE UNIVERSITY         ,SC,29117-4427,Public       ,34,26,60,4154,2148,6302
00344700,SPARTANBURG METHODIST COLLEGE           ,SC,29301-5899,Private      ,6,5,11,1412,283,1695
00344800,UNIVERSITY OF SOUTH CAROLINA            ,SC,29208-3999,Public       ,85,233,318,32199,13844,46043
00344900,UNIVERSITY OF SOUTH CAROLINA AIKEN      ,SC,29801-6399,Public       ,13,32,45,3772,1881,5653
00345000,UNIV OF SC AT BEAUFORT                  ,SC,29902-0000,Public       ,12,18,30,2502,1420,3922
00345100,COASTAL CAROLINA UNIVERSITY             ,SC,29528-0000,Public       ,124,104,228,15772,3546,19318
00345300,UNIV OF SC AT LANCASTER                 ,SC,29721-0889,Public       ,3,15,18,1128,784,1912
00345400,UNIV OF SC SYSTEM SALKEHATCHIE          ,SC,29810-0617,Public       ,12,11,23,720,605,1325
00345500,VOORHEES COLLEGE                        ,SC,29042-0000,Private      ,8,2,10,764,323,1087
00345600,WINTHROP UNIVERSITY                     ,SC,29733-0001,Public       ,27,35,62,6971,2417,9388
00345700,WOFFORD COLLEGE                         ,SC,29303-3663,Private      ,4,0,4,2810,245,3055
00399000,FLORENCE-DARLINGTON TECH COLLEGE        ,SC,29501-0548,Public       ,52,174,226,3360,6514,9874
00399100,GREENVILLE TECHNICAL COLLEGE            ,SC,29607-2439,Public       ,88,310,398,7930,11418,19348
00399200,PIEDMONT TECHNICAL COLLEGE              ,SC,29648-1467,Public       ,40,157,197,2624,5399,8023
00399300,MIDLANDS TECHNICAL COLLEGE              ,SC,29202-0000,Public       ,91,265,356,7801,11804,19605
00399400,SPARTANBURG COMMUNITY COLLEGE           ,SC,29305-0000,Public       ,27,92,119,3462,4512,7974
00399500,CENTRAL CAROLINA TECHNICAL COLLEGE      ,SC,29150-2499,Public       ,41,146,187,1987,4268,6255
00399600,YORK TECHNICAL COLLEGE                  ,SC,29730-3395,Public       ,36,115,151,3228,5009,8237
00492000,TRIDENT TECHNICAL COLLEGE               ,SC,29423-8067,Public       ,120,454,574,7352,15166,22518
00492300,CLINTON JR COLLEGE                      ,SC,29730-5152,Private      ,2,4,6,166,214,380
00492400,FORREST COLLEGE                         ,SC,29624-2405,Proprietary  ,4,24,28,43,288,331
00492500,HORRY-GEORGETOWN TECH COLLEGE           ,SC,29526-9521,Public       ,63,134,197,4279,6819,11098
00492600,TRI-COUNTY TECHNICAL COLLEGE            ,SC,29670-9133,Public       ,33,78,111,4523,3660,8183
00492700,UNIV OF SC AT UNION                     ,SC,29379-0729,Public       ,2,4,6,260,300,560
00499204,MILLER-MOTTE TECHNICAL COLLEGE - CONWAY ,SC,29526-9508,Proprietary  ,11,88,99,325,1496,1821
00536300,DENMARK TECHNICAL COLLEGE               ,SC,29042-0000,Public       ,11,43,54,560,1608,2168
00681500,ORANGEBURG-CALHOUN TECHNICAL COLG       ,SC,29118-8299,Public       ,38,87,125,1754,2844,4598
00695100,UNIVERSITY OF SOUTH CAROLINA UPSTATE    ,SC,29303-9972,Public       ,19,51,70,6378,3519,9897
00760200,NORTHEASTERN TECHNICAL COLLEGE          ,SC,29520-7015,Public       ,20,45,65,670,1179,1849
00922600,FRANCIS MARION UNIVERSITY               ,SC,29501-0000,Public       ,19,51,70,4704,2211,6915
00932200,WILLIAMSBURG TECHNICAL COLLEGE          ,SC,29556-4197,Public       ,39,25,64,309,652,961
00991000,TECHNICAL COLLEGE OF THE LOWCOUNTRY     ,SC,29902-5441,Public       ,19,85,104,1177,3081,4258
00991100,UNIV OF SC-REGIONAL CAMPUSES ADMIN      ,SC,29208-0001,Public       ,0,8,8,221,323,544
01005600,AIKEN TECHNICAL COLLEGE                 ,SC,29802-0696,Public       ,15,91,106,1741,3435,5176
01019806,ECPI UNIVERSITY - GREENVILLE            ,SC,29615-4232,Proprietary  ,4,47,51,138,937,1075
01019809,ECPI UNIVERSITY - CHARLESTON            ,SC,29420-4264,Proprietary  ,4,22,26,128,861,989
01019811,ECPI UNIVERSITY - COLUMBIA              ,SC,29210-6467,Proprietary  ,3,21,24,70,581,651
01179901,PAUL MITCHELL THE SCHOOL COLUMBIA       ,SC,29201-3126,Proprietary  ,11,15,26,183,358,541
01179902,PAUL MITCHELL THE SCHOOL CHARLESTON     ,SC,29418-6993,Proprietary  ,4,16,20,153,284,437
01179903,PAUL MITCHELL THE SCHOOL FAYETTEVILLE - ,SC,29607-0000,Proprietary  ,1,12,13,110,225,335
01209200,KENNETH SHULER SCHOOL OF COSMETOLOGY    ,SC,29732-2169,Proprietary  ,8,29,37,170,479,649
01303907,SOUTH UNIVERSITY                        ,SC,29203-6400,Proprietary  ,16,189,205,465,3150,3615
02063700,SHERMAN CLG STRAIGHT CHIROPRACTIC       ,SC,29316-0000,Private      ,0,0,0,17,509,526
02338600,CHARZANNE BEAUTY COLLEGE                ,SC,29649-0000,Proprietary  ,1,5,6,24,99,123
02341100,KENNETH SHULER SCHOOL OF COSMETOLOGY & N,SC,29210-0000,Proprietary  ,17,60,77,297,880,1177
02356600,CHARLESTON COSMETOLOGY INSTITUTE        ,SC,29420-0000,Proprietary  ,1,6,7,70,188,258
02552400,ACADEMY OF HAIR TECHNOLOGY              ,SC,29615-2363,Proprietary  ,2,13,15,54,185,239
02567600,SUMTER BEAUTY COLLEGE                   ,SC,29150-0000,Proprietary  ,0,6,6,35,119,154
02614202,MILLER - MOTTE TECHNICAL COLLEGE - NORTH,SC,29406-9239,Proprietary  ,4,61,65,253,1401,1654
03010614,VIRGINIA COLLEGE - GOLF ACADEMY OF AMERI,SC,29579-0000,Proprietary  ,2,3,5,96,148,244
03010617,VIRGINIA COLLEGE - GREENVILLE           ,SC,29607-7200,Proprietary  ,3,17,20,141,730,871
03010620,VIRGINIA COLLEGE - CHARLESTON           ,SC,29406-4999,Proprietary  ,2,17,19,132,629,761
03010621,VIRGINIA COLLEGE - COLUMBIA             ,SC,29223-7527,Proprietary  ,2,21,23,153,843,996
03052300,KENNETH SHULER SCH COSM & HAIR DESG     ,SC,29841-2013,Proprietary  ,12,37,49,189,526,715
03293300,STRAND COLLEGE OF HAIR DESIGN           ,SC,29572-4310,Proprietary  ,1,4,5,34,117,151
03304300,CENTURA COLLEGE                         ,SC,29406-9235,Proprietary  ,10,43,53,116,710,826
03555400,SOUTHEASTERN INSTITUTE                  ,SC,29406-0000,Proprietary  ,8,27,35,82,349,431
03709301,EDWARD VIA VIRGINIA COLLEGE OF OSTEOPATH,SC,29303-3639,Private      ,0,2,2,13,715,728
03746300,LEGRAND INSTITUTE OF COSMETOLOGY        ,SC,29020-0000,Proprietary  ,0,2,2,25,39,64
03746400,SOUTHEASTERN INSTITUTE                  ,SC,29210-0000,Proprietary  ,2,26,28,78,413,491
03768400,STYLETRENDS BARBER AND HAIRSTYLING ACADE,SC,29730-4511,Proprietary  ,0,0,0,13,53,66
04083300,MARION COUNTY TECHNICAL EDUCATION CENTER,SC,29571-0000,Public       ,1,0,1,35,156,191
04096300,CHARLESTON SCHOOL OF LAW                ,SC,29402-0535,Proprietary  ,0,2,2,37,783,820
04158100,AIKEN SCHOOL OF COSMETOLOGY             ,SC,29801-4554,Proprietary  ,1,5,6,53,126,179
04166900,COSMETIC ARTS INSTITUTE                 ,SC,29488-4216,Proprietary  ,0,1,1,31,54,85
04172600,SALON 496 BARBER ACADEMY                ,SC,29607-2548,Proprietary  ,0,0,0,27,102,129
04192600,PALMETTO BEAUTY SCHOOL                  ,SC,29307-1424,Proprietary  ,3,9,12,45,104,149
04202900,JOLEI'S HAIR INSTITUTE                  ,SC,29114-9337,Proprietary  ,0,0,0,0,9,9
04222000,ARCLABS                                 ,SC,29673-6729,Proprietary  ,5,26,31,27,110,137
04228600,TOP OF THE LINE BARBER COLLEGE          ,SC,29407-2228,Proprietary  ,0,4,4,2,10,12
04239000,B-UNIQUE BEAUTY AND BARBER ACADEMY      ,SC,29607-2314,Proprietary  ,0,4,4,4,42,46
04243500,BARBER TECH ACADEMY                     ,SC,29115-6069,Proprietary  ,2,17,19,17,54,71
04244100,CONSTRUCTION TRAINING CENTER            ,SC,29015-9083,Proprietary  ,1,26,27,6,110,116
00345800,AUGUSTANA UNIVERSITY                    ,SD,57197-0001,Private      ,2,15,17,1546,345,1891
00345900,BLACK HILLS STATE UNIVERSITY            ,SD,57799-9670,Public       ,2,18,20,2178,1623,3801
00346100,DAKOTA WESLEYAN UNIVERSITY              ,SD,57301-4398,Private      ,3,5,8,739,350,1089
00346300,DAKOTA STATE UNIVERSITY                 ,SD,57042-1799,Public       ,2,18,20,1383,1070,2453
00346500,MOUNT MARTY COLLEGE                     ,SD,57078-3724,Private      ,4,17,21,495,369,864
00346600,NORTHERN STATE UNIVERSITY               ,SD,57401-7198,Public       ,3,8,11,1485,769,2254
00346700,PRESENTATION COLLEGE                    ,SD,57401-1299,Private      ,5,26,31,514,605,1119
00346900,UNIVERSITY OF SIOUX FALLS               ,SD,57105-1699,Private      ,2,14,16,1375,617,1992
00347000,SOUTH DAKOTA SCH OF MINES & TECH        ,SD,57701-3995,Public       ,2,9,11,2134,715,2849
00347100,SOUTH DAKOTA STATE UNIVERSITY           ,SD,57007-2298,Public       ,14,23,37,8326,2951,11277
00347400,UNIVERSITY OF SOUTH DAKOTA              ,SD,57069-2390,Public       ,3,43,46,5498,4137,9635
00405600,SIOUX FALLS SEMINARY                    ,SD,57105-2729,Private      ,0,1,1,5,89,94
00405700,NATIONAL AMERICAN UNIVERSITY            ,SD,57701-3692,Proprietary  ,8,95,103,655,10931,11586
00405707,NATIONAL AMERICAN UNIVERSITY - SIOUX FAL,SD,57108-4293,Proprietary  ,0,4,4,61,678,739
00492900,MCKENNAN HOSP-RADOLOGICAL TECH          ,SD,57101-0000,Private      ,0,1,1,14,29,43
00530900,LAKE AREA TECHNICAL INSTITUTE           ,SD,57201-0730,Public       ,5,7,12,1320,643,1963
00598700,AVERA SACRED HEART HOSPITAL SCHOOL OF RA,SD,57078-3899,Private      ,0,0,0,14,9,23
00776400,SOUTHEAST TECHNICAL INST                ,SD,57107-0000,Public       ,11,32,43,1329,1526,2855
00828400,MITCHELL TECHNICAL INSTITUTE            ,SD,57301-9931,Public       ,1,4,5,795,402,1197
01013800,STEWART SCHOOL                          ,SD,57104-0000,Proprietary  ,3,5,8,103,107,210
01014804,COLORADO TECHNICAL UNIVERSITY           ,SD,57108-2272,Proprietary  ,0,3,3,33,163,196
01017000,WESTERN DAKOTA TECHNICAL INSTITUTE      ,SD,57701-4018,Public       ,6,36,42,455,1026,1481
01147700,SANFORD MEDICAL CENTER                  ,SD,57117-5039,Private      ,0,0,0,20,38,58
01465900,OGLALA LAKOTA COLLEGE                   ,SD,57752-0490,Public       ,3,18,21,327,1594,1921
02137100,BLACK HILLS BEAUTY COLLEGE              ,SD,57701-0000,Proprietary  ,1,5,6,97,139,236
02143700,SINTE GLESKA UNIVERSITY                 ,SD,57570-0000,Public       ,2,28,30,120,601,721
02144600,KILIAN COMMUNITY COLLEGE                ,SD,57103-7020,Private      ,0,1,1,83,255,338
02277300,SISSETON WAHPETON COLLEGE               ,SD,57262-0000,Public       ,0,1,1,32,133,165
02297800,HEADLINES ACADEMY                       ,SD,57701-2733,Proprietary  ,4,6,10,67,139,206
00347700,AQUINAS COLLEGE                         ,TN,37205-2086,Private      ,4,7,11,333,577,910
00347800,AUSTIN PEAY STATE UNIVERSITY            ,TN,37044-0002,Public       ,30,191,221,9621,8833,18454
00347900,BELMONT UNIVERSITY                      ,TN,37212-3757,Private      ,10,37,47,8829,3741,12570
00348000,BETHEL UNIVERSITY                       ,TN,38201-1705,Private      ,7,240,247,2233,7638,9871
00348100,CARSON - NEWMAN UNIVERSITY              ,TN,37760-2204,Private      ,4,26,30,4051,1484,5535
00348200,CHRISTIAN BROTHERS UNIVERSITY           ,TN,38104-5581,Private      ,12,29,41,2787,2098,4885
00348300,COLUMBIA STATE COMMUNITY COLLEGE        ,TN,38401-5653,Public       ,17,70,87,4754,3595,8349
00348500,CUMBERLAND UNIVERSITY                   ,TN,37087-3554,Private      ,3,20,23,1693,1287,2980
00348600,LIPSCOMB UNIVERSITY                     ,TN,37204-3951,Private      ,13,75,88,4293,2986,7279
00348700,EAST TENNESSEE STATE UNIV - MAIN CAMPUS ,TN,37614-2857,Public       ,37,158,195,13604,8526,22130
00348701,EAST TENNESSEE STATE UNIV - MEDICINE    ,TN,37614-1708,Public       ,2,8,10,382,707,1089
00348709,EAST TENNESSEE STATE UNIV - PHARMACY    ,TN,37614-1704,Public       ,1,3,4,160,466,626
00349000,FISK UNIVERSITY                         ,TN,37208-3045,Private      ,6,10,16,2148,868,3016
00349200,FREED-HARDEMAN UNIVERSITY               ,TN,38340-2399,Private      ,3,29,32,1754,1065,2819
00349400,HIWASSEE COLLEGE                        ,TN,37354-4001,Private      ,0,1,1,514,217,731
00349500,JOHNSON UNIVERSITY                      ,TN,37998-9775,Private      ,1,7,8,1216,827,2043
00349600,KING UNIVERSITY                         ,TN,37620-2699,Private      ,7,83,90,1552,3382,4934
00349900,LANE COLLEGE                            ,TN,38301-4598,Private      ,49,14,63,2194,1125,3319
00350000,LEE UNIVERSITY                          ,TN,37320-0000,Private      ,9,39,48,4499,2065,6564
00350100,LEMOYNE-OWEN COLLEGE                    ,TN,38126-6510,Private      ,15,37,52,1962,2527,4489
00350200,LINCOLN MEMORIAL UNIVERSITY             ,TN,37752-7920,Private      ,4,61,65,2078,4108,6186
00350400,MARTIN METHODIST COLLEGE                ,TN,38478-2799,Private      ,1,8,9,1155,500,1655
00350500,MARYVILLE COLLEGE                       ,TN,37804-5907,Private      ,4,3,7,2051,421,2472
00350600,MEHARRY MEDICAL COLLEGE                 ,TN,37208-0000,Private      ,1,7,8,147,1374,1521
00350700,MEMPHIS COLLEGE OF ART                  ,TN,38104-2764,Private      ,5,8,13,972,533,1505
00350900,UNIVERSITY OF MEMPHIS (THE)             ,TN,38152-4611,Public       ,85,263,348,19756,18053,37809
00351000,MIDDLE TENNESSEE STATE UNIV             ,TN,37130-0000,Public       ,55,185,240,24078,13840,37918
00351100,MILLIGAN COLLEGE                        ,TN,37682-4001,Private      ,0,9,9,1175,675,1850
00351105,MILLIGAN COLLEGE - JOHNSON CITY         ,TN,37601-9483,Private      ,0,0,0,4,33,37
00351700,SOUTHERN COLLEGE OF OPTOMETRY           ,TN,38104-2222,Private      ,0,5,5,65,680,745
00351800,SOUTHERN ADVENTIST UNIVERSITY           ,TN,37315-0370,Private      ,3,16,19,2773,1160,3933
00351900,RHODES COLLEGE                          ,TN,38112-1690,Private      ,5,9,14,3513,730,4243
00352200,TENNESSEE STATE UNIVERSITY              ,TN,37209-1561,Public       ,42,137,179,12523,9633,22156
00352300,TENNESSEE TECHNOLOGICAL UNIV            ,TN,38505-0001,Public       ,25,63,88,11436,3845,15281
00352400,TENNESSEE TEMPLE UNIVERSITY             ,TN,37404-3587,Private      ,0,3,3,260,343,603
00352500,TENNESSEE WESLEYAN COLLEGE              ,TN,37371-0040,Private      ,0,15,15,1309,663,1972
00352600,TREVECCA NAZARENE UNIVERSITY            ,TN,37210-2877,Private      ,3,101,104,2002,2609,4611
00352700,TUSCULUM COLLEGE                        ,TN,37743-0001,Private      ,5,33,38,2072,1602,3674
00352800,UNION UNIVERSITY                        ,TN,38305-3697,Private      ,3,72,75,2705,3233,5938
00352900,UNIVERSITY OF TENNESSEE-CHATTANOOGA     ,TN,37403-2598,Public       ,48,71,119,15815,5762,21577
00353000,UNIVERSITY OF TENNESSEE-KNOXVILLE       ,TN,37996-0150,Public       ,87,109,196,31533,10818,42351
00353100,UNIVERSITY OF TENNESSEE-MARTIN          ,TN,38238-0002,Public       ,18,65,83,7617,3774,11391
00353400,UNIVERSITY OF THE SOUTH                 ,TN,37383-1000,Private      ,3,17,20,2818,172,2990
00353500,VANDERBILT UNIVERSITY                   ,TN,37240-0001,Private      ,25,51,76,20784,7271,28055
00353501,VANDERBILT UNIV MED CTR ALLIEDHEAL      ,TN,37232-5510,Private      ,1,6,7,282,638,920
00353600,BRYAN COLLEGE                           ,TN,37321-7000,Private      ,3,11,14,1107,843,1950
00399800,CHATTANOOGA STATE COMMUNITY COLLEGE     ,TN,37406-1097,Public       ,36,197,233,7934,10057,17991
00399900,CLEVELAND STATE COMMUNITY COLLEGE       ,TN,37312-2858,Public       ,19,62,81,2783,2859,5642
00402500,TENNESSEE COLLEGE OF APPLIED TECHNOLOGY ,TN,37919-2327,Public       ,3,21,24,1350,2498,3848
00402600,TENNESSEE COLLEGE OF APPLIED TECHNOLOGY ,TN,38555-4142,Public       ,1,14,15,421,615,1036
00461700,NATIONAL COLLEGE                        ,TN,37211-6605,Proprietary  ,10,75,85,228,1486,1714
00493400,DAYMAR INSTITUTE                        ,TN,37217-1056,Proprietary  ,8,57,65,121,688,809
00493401,DAYMAR INSTITUTE - CLARKSVILLE          ,TN,37040-6718,Proprietary  ,14,148,162,291,1553,1844
00493404,DAYMAR COLLEGE - MURFREESBORO           ,TN,37128-5508,Proprietary  ,10,41,51,169,637,806
00493700,JACKSON STATE COMMUNITY COLLEGE         ,TN,38301-3797,Public       ,20,71,91,4176,3983,8159
00493800,SOUTH COLLEGE                           ,TN,37909-3323,Proprietary  ,12,83,95,843,2827,3670
00494700,WEST TENNESSEE BUSINESS COLLEGE         ,TN,38301-3256,Proprietary  ,4,18,22,154,613,767
00528000,TENNESSEE COLLEGE OF APPLIED TECHNOLOGY ,TN,38019-0249,Public       ,0,4,4,242,476,718
00528100,TENNESSEE COLLEGE OF APPLIED TECHNOLOGY ,TN,37643-6054,Public       ,2,16,18,553,1044,1597
00528200,TENNESSEE COLLEGE OF APPLIED TECHNOLOGY-,TN,37074-2032,Public       ,2,7,9,391,430,821
00528300,TENNESSEE COLLEGE OF APPLIED TECHNOLOGY ,TN,38059-1198,Public       ,1,13,14,288,651,939
00530700,TENNESSEE COLLEGE OF APPLIED TECHNOLOGY-,TN,37110-1322,Public       ,1,8,9,345,451,796
00535100,TENNESSEE COLLEGE OF APPLIED TECHNOLOGY ,TN,37813-2094,Public       ,1,17,18,724,1198,1922
00535200,TENNESSEE COLLEGE OF APPLIED TECHNOLOGY-,TN,38201-1620,Public       ,2,4,6,207,303,510
00535300,TENNESSEE COLLEGE OF APPLIED TECHNOLOGY-,TN,38570-1291,Public       ,0,8,8,477,485,962
00535400,TENNESSEE COLLEGE OF APPLIED TECHNOLOGY-,TN,38301-9609,Public       ,0,20,20,650,1308,1958
00535600,TENNESSEE COLLEGE OF APPLIED TECHNOLOGY ,TN,38462-2201,Public       ,3,7,10,389,469,858
00535700,TENNESSEE COLLEGE OF APPLIED TECHNOLOGY ,TN,38327-3402,Public       ,4,9,13,225,424,649
00535800,TENNESSEE COLLEGE OF APPLIED TECHNOLOGY ,TN,37371-0848,Public       ,1,3,4,431,450,881
00535900,TENNESSEE COLLEGE OF APPLIED TECHNOLOGY ,TN,37209-4515,Public       ,4,22,26,1077,2400,3477
00536000,TENNESSEE COLLEGE OF APPLIED TECHNOLOGY-,TN,38105-3604,Public       ,14,57,71,1499,3194,4693
00537800,NORTHEAST STATE COMMUNITY COLLEGE       ,TN,37617-0246,Public       ,18,81,99,4459,4522,8981
00537900,TENNESSEE COLLEGE OF APPLIED TECHNOLOGY-,TN,37160-3697,Public       ,1,15,16,584,765,1349
00672500,UNIV OF TENNESSEE HEALTH SCIENCE CENTER ,TN,38163-4900,Public       ,5,21,26,756,4174,4930
00683500,DYERSBURG STATE COMMUNITY COLLEGE       ,TN,38024-0000,Public       ,7,64,71,2203,2586,4789
00683600,MOTLOW STATE COMMUNITY COLLEGE          ,TN,37388-7972,Public       ,14,67,81,5362,3516,8878
00732941,ITT TECHNICAL INSTITUTE                 ,TN,37932-3343,Proprietary  ,56,228,284,1065,3968,5033
00732958,ITT TECHNICAL INSTITUTE                 ,TN,37214-3717,Proprietary  ,9,114,123,722,2650,3372
00743900,FOUNTAINHEAD COLLEGE OF TECHNOLOGY      ,TN,37918-2583,Proprietary  ,0,7,7,211,547,758
00778200,TENNESSEE COLLEGE OF APPLIED TECHNOLOGY ,TN,37055-2556,Public       ,1,6,7,648,1012,1660
00778300,MIDDLE TENNESSEE SCH OF ANESTHESIA      ,TN,37116-0000,Private      ,0,0,0,28,191,219
00793803,NASHVILLE AUTO DIESEL COLLEGE - NASHVILL,TN,37206-3210,Proprietary  ,71,41,112,2486,924,3410
00814500,NASHVILLE STATE TECH CMNTY COLLEGE      ,TN,37209-0000,Public       ,47,183,230,7562,10889,18451
00865500,GENESIS CAREER COLLEGE                  ,TN,38501-1959,Proprietary  ,8,49,57,179,497,676
00885900,JOHN A GUPTON COLLEGE                   ,TN,37203-2934,Private      ,0,4,4,116,203,319
00886300,WALTERS STATE COMMUNITY COLLEGE         ,TN,37813-6899,Public       ,13,70,83,5424,4190,9614
00946400,TENNESSEE COLLEGE OF APPLIED TECHNOLOGY-,TN,38478-4541,Public       ,2,3,5,305,398,703
00956700,TENNESSEE SCHOOL OF BEAUTY              ,TN,37921-3303,Proprietary  ,8,10,18,246,465,711
00971000,TENNESSEE COLLEGE OF APPLIED TECHNOLOGY ,TN,37756-4149,Public       ,0,2,2,154,268,422
00991200,VOLUNTEER STATE COMMUNITY COLLEGE       ,TN,37066-3188,Public       ,26,105,131,6422,5178,11600
00991400,ROANE STATE COMMUNITY COLLEGE           ,TN,37748-8664,Public       ,15,76,91,5118,4890,10008
01021700,INTERNATIONAL ACADEMY OF DESIGN & TECH  ,TN,37212-0000,Proprietary  ,0,0,0,107,145,252
01032600,TENNESSEE COLLEGE OF APPLIED TECHNOLOGY ,TN,37748-5849,Public       ,2,2,4,356,443,799
01043900,SOUTHWEST TENNESSEE COMMUNITY COLLG     ,TN,38104-3322,Public       ,77,286,363,10574,14192,24766
01046000,AMERICAN BAPTIST THEOLOGICAL SEMINA     ,TN,37207-4994,Private      ,0,2,2,67,263,330
01052900,MEMPHIS THEOLOGICAL SEMINARY            ,TN,38104-0000,Private      ,0,2,2,35,366,401
01070000,TENNESSEE COLLEGE OF APPLIED TECHNOLOGY-,TN,37757-2461,Public       ,2,10,12,248,365,613
01155300,WM R MOORE COLLEGE OF TECHNOLOGY        ,TN,38104-0000,Private      ,4,7,11,225,465,690
01216400,TENNESSEE COLLEGE OF APPLIED TECHNOLOGY ,TN,38063-7359,Public       ,0,5,5,115,304,419
01269300,PELLISSIPPI STATE COMMUNITY COLLEGE     ,TN,37933-0990,Public       ,59,92,151,8886,6935,15821
02069303,VATTEROTT COLLEGE -                     ,TN,38016-5877,Proprietary  ,13,42,55,184,728,912
02092800,TENNESSEE COLLEGE OF APPLIED TECHNOLOGY ,TN,38075-0489,Public       ,0,6,6,219,339,558
02103500,TENNESSEE COLLEGE OF APPLIED TECHNOLOGY ,TN,37129-3311,Public       ,7,16,23,832,1243,2075
02106400,O'MORE COLLEGE OF DESIGN                ,TN,37064-0000,Private      ,1,2,3,184,109,293
02125300,NASHVILLE CLG OF MEDICAL CAREERS        ,TN,37115-0000,Proprietary  ,2,3,5,60,249,309
02153100,JON NAVE UNIVERSITY OF COSMETOLOGY      ,TN,37013-3347,Proprietary  ,7,11,18,130,264,394
02157100,CONCORDE CAREER COLLEGE                 ,TN,38137-0000,Proprietary  ,35,142,177,1000,3578,4578
02188300,PENTECOSTAL THEOLOGICAL SEMINARY        ,TN,37320-0000,Private      ,0,5,5,9,351,360
02204200,"CHATTANOOGA COLLEGE - MEDICAL, DENTAL AN",TN,37411-0000,Proprietary  ,4,35,39,310,1006,1316
02237900,TENNESSEE COLLEGE OF APPLIED TECHNOLOGY-,TN,38242-5023,Public       ,0,12,12,252,582,834
02255000,KNOXVILLE INSTITUTE OF HAIR DESIGN      ,TN,37917-0000,Proprietary  ,0,8,8,83,232,315
02257400,ARNOLD'S BEAUTY SCHOOL                  ,TN,38358-0000,Proprietary  ,2,3,5,62,110,172
02275500,REUBEN-ALLEN COLLEGE                    ,TN,37922-0000,Proprietary  ,4,13,17,130,331,461
02278700,MR WAYNES SCH OF UNISEX HAIR DESIGN     ,TN,38501-0000,Proprietary  ,1,1,2,52,64,116
02293900,VOLUNTEER BEAUTY ACADEMY-NASHVILLE      ,TN,37115-2112,Proprietary  ,1,3,4,23,84,107
02294000,VOLUNTEER BEAUTY ACADEMY-DYERSBURG      ,TN,38024-1622,Proprietary  ,0,2,2,34,85,119
02326200,KAPLAN CAREER INSTITUTE                 ,TN,37212-5318,Proprietary  ,10,56,66,247,1438,1685
02326300,MEDVANCE INSTITUTE                      ,TN,38501-4305,Proprietary  ,5,20,25,110,405,515
02335900,VOLUNTEER BEAUTY ACADEMY-NASHVILLE      ,TN,37209-3033,Proprietary  ,4,6,10,81,172,253
02539800,QUEEN CITY COLLEGE                      ,TN,37042-0000,Proprietary  ,3,13,16,77,406,483
02540000,TENNESSEE ACADEMY OF COSMETOLOGY        ,TN,38133-0000,Proprietary  ,5,18,23,200,477,677
02578200,NOSSI COLLEGE OF ART                    ,TN,37115-5138,Proprietary  ,3,5,8,437,349,786
02595000,FAYETTEVILLE BEAUTY SCHOOL              ,TN,37334-2909,Proprietary  ,2,3,5,40,80,120
02599710,VATTEROTT COLLEGE - MEMPHIS             ,TN,38132-1714,Proprietary  ,17,132,149,460,1934,2394
02609204,VATTEROTT COLLEGE - VATTEROTT CAREER COL,TN,38133-4727,Proprietary  ,13,70,83,362,1148,1510
02614200,MILLER MOTTE BUSINESS COLLEGE           ,TN,37040-6023,Proprietary  ,5,40,45,241,1080,1321
02614203,MILLER - MOTTE TECHNICAL COLLEGE - CHATT,TN,37421-7220,Proprietary  ,9,48,57,286,1140,1426
02614204,MILLER - MOTTE TECHNICAL COLLEGE - MADIS,TN,37072-1870,Proprietary  ,5,44,49,162,658,820
03001800,FREE WILL BAPTIST BIBLE COLLEGE         ,TN,37205-2498,Private      ,2,1,3,267,138,405
03008800,FRANKLIN ACADEMY                        ,TN,37312-3939,Private      ,1,8,9,37,128,165
03010606,VIRGINIA COLLEGE - SCH OF BUSNSS & HLTH ,TN,37411-5600,Proprietary  ,13,79,92,243,1226,1469
03024900,TENNESSEE ACADEMY OF COSMETOLOGY        ,TN,38125-3442,Proprietary  ,8,22,30,254,504,758
03026517,REMINGTON COLLEGE - MEMPHIS             ,TN,38132-2107,Private      ,5,17,22,424,1173,1597
03061100,GENESIS CAREER COLLEGE: LEBANON CAMPUS  ,TN,37087-2718,Proprietary  ,8,26,34,113,277,390
03079100,NORTH CENTRAL INSTITUTE                 ,TN,37042-3116,Proprietary  ,2,4,6,66,225,291
03088800,"WATKINS COLLEGE OF ART, DESIGN & FILM   ",TN,37228-1306,Private      ,1,4,5,580,295,875
03126900,STYLES & PROFILES BEAUTY COLLEGE        ,TN,38375-2109,Proprietary  ,0,3,3,13,35,48
03253300,PAUL MITCHELL THE SCHOOL MEMPHIS        ,TN,38133-4067,Proprietary  ,4,5,9,154,240,394
03355400,RICHMONT GRADUATE UNIVERSITY            ,TN,37404-0000,Private      ,0,0,0,12,263,275
03440300,BAPTIST MEMORIAL COLLEGE OF HEALTH      ,TN,38104-3104,Private      ,6,28,34,1215,2398,3613
03480303,FORTIS INSTITUTE - NASHVILLE            ,TN,37211-1536,Proprietary  ,8,27,35,149,742,891
03513500,WILLIAMSON CHRISTIAN COLLEGE            ,TN,37067-8237,Private      ,0,0,0,46,60,106
03647300,NEW CONCEPTS SCHOOL OF COSMETOLOGY      ,TN,37311-7373,Proprietary  ,0,1,1,27,83,110
03683300,INTERNATIONAL BARBER & STYLE COLLEGE    ,TN,37209-2205,Proprietary  ,3,11,14,56,197,253
03701300,MEMPHIS INSTITUTE OF BARBERING          ,TN,38107-4334,Proprietary  ,15,42,57,225,512,737
03774400,SHEAR ACADEMY                           ,TN,38555-4177,Proprietary  ,0,1,1,22,68,90
03830300,SAE INSTITUTE OF TECHNOLOGY             ,TN,37203-4310,Proprietary  ,13,49,62,325,563,888
03840300,OXFORD GRADUATE SCHOOL                  ,TN,37321-6736,Private      ,0,1,1,8,41,49
03841300,CAREER BEAUTY COLLEGE                   ,TN,38464-3634,Proprietary  ,1,5,6,21,72,93
03920300,INSTITUTE OF HAIR DESIGN                ,TN,38310-1801,Proprietary  ,0,0,0,25,40,65
03930300,BUCHANAN BEAUTY COLLEGE                 ,TN,37160-2741,Proprietary  ,0,2,2,40,96,136
03982300,VISIBLE SCHOOL - MUSIC AND WORSHIPS ARTS,TN,38104-5814,Private      ,1,0,1,158,146,304
04035300,TENNESSEE CAREER INSTITUTE              ,TN,38401-6335,Proprietary  ,6,8,14,128,242,370
04124100,ELITE COLLEGE OF COSMETOLOGY            ,TN,38351-1431,Proprietary  ,2,3,5,34,84,118
04142000,AUSTIN'S BEAUTY COLLEGE                 ,TN,37040-3107,Proprietary  ,1,4,5,29,121,150
04157200,LOVE BEAUTY SCHOOL                      ,TN,37355-2950,Proprietary  ,3,9,12,38,77,115
04165000,MERIDIAN INSTITUTE OF SURGICAL ASSISTING,TN,37080-0758,Proprietary  ,1,38,39,12,553,565
04174600,NASHVILLE BARBER AND STYLE ACADEMY      ,TN,37208-2826,Proprietary  ,0,6,6,63,197,260
04203600,FRANKLIN HAIR ACADEMY SCHOOL OF COSMETOL,TN,37064-2126,Proprietary  ,0,6,6,9,34,43
04210200,MID-SOUTH CHRISTIAN COLLEGE             ,TN,38118-3151,Private      ,0,3,3,76,200,276
04213800,SALON PROFESSIONAL ACADEMY (THE)        ,TN,37214-2163,Proprietary  ,1,3,4,91,146,237
04215200,VIBE BARBER COLLEGE                     ,TN,38107-2538,Proprietary  ,1,13,14,70,201,271
04223900,MIND BODY INSTITUTE                     ,TN,37214-1012,Proprietary  ,0,4,4,26,156,182
04236400,SANDRA ACADEMY OF SALON SERVICES        ,TN,37825-7239,Proprietary  ,0,6,6,15,80,95
04238600,GOULD'S ACADEMY                         ,TN,38119-5317,Proprietary  ,4,4,8,144,265,409
04240700,IMAGE MAKER BEAUTY INSTITUTE            ,TN,37075-4488,Proprietary  ,2,0,2,12,20,32
04244800,HUNTINGTON COLLEGE OF HEALTH SCIENCES   ,TN,37918-8230,Proprietary  ,0,8,8,1,44,45
00353700,ABILENE CHRISTIAN UNIVERSITY            ,TX,79699-3701,Private      ,17,110,127,6614,1979,8593
00353900,ALVIN COMMUNITY COLLEGE                 ,TX,77511-4807,Public       ,42,132,174,1634,3134,4768
00354000,AMARILLO COLLEGE                        ,TX,79109-2446,Public       ,56,217,273,3962,6911,10873
00354100,ANGELO STATE UNIVERSITY                 ,TX,76909-5069,Public       ,47,119,166,6546,3678,10224
00354300,AUSTIN COLLEGE                          ,TX,75090-4440,Private      ,3,4,7,2289,322,2611
00354400,AUSTIN PRESBYTERIAN THEOLOGICAL SEM     ,TX,78705-5797,Private      ,0,1,1,2,149,151
00354500,BAYLOR UNIVERSITY                       ,TX,76798-7048,Private      ,86,91,177,26889,5470,32359
00354600,COASTAL BEND COLLEGE                    ,TX,78102-2197,Public       ,40,83,123,1905,2394,4299
00354900,BLINN COLLEGE                           ,TX,77833-4098,Public       ,170,122,292,15603,5976,21579
00355300,CISCO JUNIOR COLLEGE                    ,TX,76437-9803,Public       ,20,48,68,2020,2567,4587
00355400,CLARENDON COLLEGE                       ,TX,79226-0000,Public       ,9,37,46,552,788,1340
00355600,COMMONWEALTH INST OF FUNERAL SVC        ,TX,77090-5918,Private      ,5,9,14,93,557,650
00355700,CONCORDIA UNIVERSITY TEXAS              ,TX,78726-4141,Private      ,15,116,131,1790,3223,5013
00355800,NORTH CENTRAL TEXAS COLLEGE             ,TX,76240-4699,Public       ,58,138,196,4144,5581,9725
00356000,DALLAS BAPTIST UNIVERSITY               ,TX,75211-9299,Private      ,23,149,172,3774,4360,8134
00356100,CEDAR VALLEY COLLEGE                    ,TX,75134-0000,Public       ,43,178,221,2455,5122,7577
00356200,DALLAS THEOLOGICAL SEM                  ,TX,75204-0000,Private      ,0,18,18,37,971,1008
00356300,DEL MAR COLLEGE                         ,TX,78404-3897,Public       ,80,302,382,5632,8712,14344
00356400,EAST TEXAS BAPTIST UNIVERSITY           ,TX,75670-1423,Private      ,10,13,23,1790,551,2341
00356500,TEXAS A&M UNIVERSITY - COMMERCE         ,TX,75429-3011,Public       ,42,245,287,7831,9299,17130
00356600,EPISCOPAL THEOLOGICAL SEMINARY OF THE SO,TX,78705-3128,Private      ,0,0,0,2,67,69
00356800,FRANK PHILLIPS COLLEGE                  ,TX,79008-0000,Public       ,11,29,40,441,635,1076
00357000,GRAYSON COUNTY COLLEGE                  ,TX,75020-8299,Public       ,23,99,122,1839,3584,5423
00357100,HARDIN-SIMMONS UNIVERSITY               ,TX,79698-6050,Private      ,4,21,25,2021,1039,3060
00357200,TRINITY VALLEY COMMUNITY COLLEGE        ,TX,75751-2734,Public       ,50,136,186,2631,4427,7058
00357300,HILL COLLEGE                            ,TX,76645-2711,Public       ,15,61,76,1116,1437,2553
00357301,HILL COLLEGE                            ,TX,76031-0000,Public       ,15,52,67,1086,2081,3167
00357400,HOWARD COUNTY JUNIOR COLLEGE DISTRICT   ,TX,79720-0213,Public       ,14,88,102,1379,2386,3765
00357500,HOWARD PAYNE UNIVERSITY                 ,TX,76801-2715,Private      ,7,6,13,1566,475,2041
00357600,HOUSTON BAPTIST UNIVERSITY              ,TX,77074-3298,Private      ,31,81,112,6086,3994,10080
00357700,HUSTON - TILLOTSON UNIVERSITY           ,TX,78702-2795,Private      ,33,39,72,1276,1358,2634
00357800,UNIVERSITY OF THE INCARNATE WORD        ,TX,78209-6398,Private      ,23,129,152,7199,7771,14970
00357900,JACKSONVILLE COLLEGE                    ,TX,75766-4759,Private      ,3,7,10,285,248,533
00358000,KILGORE COLLEGE                         ,TX,75662-3299,Public       ,63,119,182,3108,4335,7443
00358100,LAMAR UNIVERSITY-BEAUMONT               ,TX,77710-0042,Public       ,59,514,573,9139,12945,22084
00358200,LAREDO COMMUNITY COLLEGE                ,TX,78040-4395,Public       ,93,68,161,6463,3611,10074
00358300,LEE COLLEGE                             ,TX,77520-4796,Public       ,33,123,156,2197,4250,6447
00358400,LETOURNEAU UNIVERSITY                   ,TX,75607-0000,Private      ,5,95,100,1618,2454,4072
00358600,LUBBOCK CHRISTIAN UNIVERSITY            ,TX,79407-2099,Private      ,2,30,32,1689,1650,3339
00358800,UNIVERSITY OF MARY HARDIN-BAYLOR        ,TX,76513-2599,Private      ,13,47,60,5796,1952,7748
00359000,MCLENNAN COMMUNITY COLLEGE              ,TX,76708-1498,Public       ,62,190,252,4704,7137,11841
00359100,MCMURRY UNIVERSITY                      ,TX,79697-0001,Private      ,8,23,31,1478,721,2199
00359200,MIDWESTERN STATE UNIVERSITY             ,TX,76308-2099,Public       ,23,87,110,5496,3355,8851
00359300,NAVARRO COLLEGE                         ,TX,75110-4818,Public       ,97,152,249,5113,6253,11366
00359400,UNIVERSITY OF NORTH TEXAS               ,TX,76203-5017,Public       ,147,345,492,35423,19848,55271
00359500,OBLATE SCHOOL OF THEOLOGY               ,TX,78216-0000,Private      ,0,4,4,12,73,85
00359600,ODESSA COLLEGE                          ,TX,79764-7127,Public       ,21,142,163,1742,3277,5019
00359800,OUR LADY OF THE LAKE UNIVERSITY         ,TX,78207-4689,Private      ,15,125,140,4135,4512,8647
00359900,UNIVERSITY OF TEXAS - PAN AMERICAN      ,TX,78541-2999,Public       ,385,264,649,23704,14159,37863
00360000,PANOLA COLLEGE                          ,TX,75633-2397,Public       ,15,66,81,1181,2296,3477
00360100,PARIS JR COLLEGE                        ,TX,75460-6298,Public       ,46,104,150,2167,3120,5287
00360200,PAUL QUINN COLLEGE                      ,TX,75241-4398,Private      ,65,47,112,781,853,1634
00360300,RANGER COLLEGE                          ,TX,76470-3298,Public       ,12,27,39,795,872,1667
00360305,RANGER COLLEGE-STEPHENVILE BEAUTY COLLEG,TX,76401-5136,Public       ,1,5,6,165,155,320
00360400,RICE UNIVERSITY                         ,TX,77251-1892,Private      ,28,35,63,11917,3230,15147
00360600,SAM HOUSTON STATE UNIVERSITY            ,TX,77340-0000,Public       ,107,264,371,23922,11763,35685
00360700,ALAMO CMTY CLG DISTRICT PROGRAM         ,TX,78207-0000,Public       ,0,0,0,1396,1878,3274
00360800,ST PHILLIPS COLLEGE                     ,TX,78203-2098,Public       ,57,213,270,6025,10908,16933
00360900,SAN JACINTO CLG-CENTRAL-NORTH-SOUTH     ,TX,77501-0000,Public       ,205,525,730,11855,17181,29036
00361000,SCHREINER UNIVERSITY                    ,TX,78028-5697,Private      ,1,13,14,1515,589,2104
00361100,SOUTH PLAINS COLLEGE                    ,TX,79336-6504,Public       ,62,114,176,5424,5835,11259
00361200,UNIV OF HOUSTON-DOWNTOWN                ,TX,77002-1001,Public       ,111,351,462,13588,20980,34568
00361300,SOUTHERN METHODIST UNIVERSITY           ,TX,75275-0181,Private      ,29,130,159,8841,5613,14454
00361400,SOUTHWEST TEXAS JR COLLEGE              ,TX,78801-6221,Public       ,74,88,162,2846,2920,5766
00361500,TEXAS STATE UNIVERSITY--SAN MARCOS      ,TX,78666-4602,Public       ,151,203,354,42505,16262,58767
00361600,SOUTHWESTERN ASSEMBLIES OF GOD UNIV     ,TX,75165-2397,Private      ,4,40,44,1727,1352,3079
00361800,SOUTHWESTERN CHRISTIAN COLLEGE          ,TX,75160-3400,Private      ,3,4,7,168,159,327
00361900,SOUTHWESTERN ADVENTIST UNIVERSITY       ,TX,76059-1922,Private      ,5,7,12,847,421,1268
00362000,SOUTHWESTERN UNIVERSITY                 ,TX,78626-6111,Private      ,3,7,10,2631,393,3024
00362100,ST EDWARDS UNIVERSITY                   ,TX,78704-0000,Private      ,13,35,48,6395,2561,8956
00362300,ST MARY'S UNIV OF SAN ANTONIO           ,TX,78228-8500,Private      ,16,53,69,5038,3416,8454
00362400,STEPHEN F AUSTIN STATE UNIVERSITY       ,TX,75962-0001,Public       ,130,143,273,15910,5699,21609
00362500,SUL ROSS STATE UNIVERSITY               ,TX,79832-0113,Public       ,49,83,132,2113,2152,4265
00362600,TARRANT COUNTY COLLEGE                  ,TX,76102-6599,Public       ,340,1043,1383,21633,35366,56999
00362700,TEMPLE COLLEGE                          ,TX,76504-7435,Public       ,48,186,234,2504,5515,8019
00362800,TEXARKANA COLLEGE                       ,TX,75599-0001,Public       ,40,102,142,1461,3549,5010
00363000,PRAIRIE VIEW A&M UNIVERSITY             ,TX,77446-2967,Public       ,110,97,207,12130,6580,18710
00363100,TARLETON STATE UNIVERSITY               ,TX,76402-0000,Public       ,66,146,212,11137,6713,17850
00363200,TEXAS A&M UNIVERSITY                    ,TX,77843-1246,Public       ,207,220,427,54401,15956,70357
00363208,TEXAS A&M UNIVERSITY - BRYAN            ,TX,77807-3260,Public       ,0,0,0,45,49,94
00363400,TEXAS STATE TECHNICAL CLG AT WACO       ,TX,76705-1695,Public       ,120,271,391,4514,5949,10463
00363410,TEXAS STATE TECHNICAL COLLEGE - HARLINGE,TX,78550-3697,Public       ,0,0,0,3999,3151,7150
00363412,TEXAS STATE TECHNICAL COLLEGE - SWEETWAT,TX,79556-4108,Public       ,0,0,0,510,960,1470
00363416,TEXAS STATE TECHNICAL COLLEGE - MARSHALL,TX,75672-7404,Public       ,0,0,0,468,493,961
00363500,TEXAS CHIROPRACTIC COLLEGE              ,TX,77505-1699,Private      ,0,6,6,16,365,381
00363600,TEXAS CHRISTIAN UNIVERSITY              ,TX,76129-0001,Private      ,53,63,116,14572,4618,19190
00363700,JARVIS CHRISTIAN COLLEGE                ,TX,75765-1470,Private      ,93,37,130,918,530,1448
00363800,TEXAS COLLEGE                           ,TX,75702-4500,Private      ,76,22,98,1209,1101,2310
00363900,TEXAS A&M UNIVERSITY-KINGSVILLE         ,TX,78363-8203,Public       ,66,112,178,11570,8191,19761
00364100,TEXAS LUTHERAN UNIVERSITY               ,TX,78155-5999,Private      ,5,4,9,2137,414,2551
00364200,TEXAS SOUTHERN UNIVERSITY               ,TX,77004-4598,Public       ,146,201,347,12120,13593,25713
00364400,TEXAS TECH UNIVERSITY                   ,TX,79409-2011,Public       ,155,233,388,32378,13129,45507
00364500,TEXAS WESLEYAN UNIVERSITY               ,TX,76105-1536,Private      ,19,42,61,2328,3249,5577
00364600,TEXAS WOMAN'S UNIVERSITY                ,TX,76204-5587,Public       ,36,205,241,10362,13707,24069
00364700,TRINITY UNIVERSITY                      ,TX,78212-7200,Private      ,6,22,28,3853,1062,4915
00364800,TYLER JUNIOR COLLEGE                    ,TX,75701-3436,Public       ,108,157,265,8913,7856,16769
00365100,UNIVERSITY OF DALLAS                    ,TX,75062-4799,Private      ,9,27,36,2717,1609,4326
00365200,UNIVERSITY OF HOUSTON                   ,TX,77204-2010,Public       ,182,383,565,37593,29705,67298
00365400,UNIVERSITY OF ST THOMAS                 ,TX,77006-4626,Private      ,29,101,130,1986,3032,5018
00365600,UNIVERSITY OF TEXAS-ARLINGTON           ,TX,76019-0125,Public       ,97,721,818,25413,35311,60724
00365800,UNIVERSITY OF TEXAS-AUSTIN              ,TX,78713-7758,Public       ,137,254,391,50709,20107,70816
00365900,UT HEALTH CENTER-SAN ANTONIO            ,TX,78229-3900,Public       ,6,71,77,1454,4574,6028
00366100,UNIVERSITY OF TEXAS-EL PASO             ,TX,79968-0629,Public       ,254,287,541,19533,15861,35394
00366200,VICTORIA COLLEGE                        ,TX,77901-4494,Public       ,26,104,130,1858,3090,4948
00366300,WAYLAND BAPTIST UNIVERSITY              ,TX,79072-6998,Private      ,10,169,179,1429,4470,5899
00366400,WEATHERFORD COLLEGE                     ,TX,76086-5699,Public       ,16,92,108,2525,3858,6383
00366500,WEST TEXAS A&M UNIVERSITY               ,TX,79016-0000,Public       ,45,163,208,7097,5215,12312
00366800,WHARTON COUNTY JR COLLEGE               ,TX,77488-3298,Public       ,48,89,137,3862,3346,7208
00366900,WILEY COLLEGE                           ,TX,75670-5199,Private      ,12,30,42,981,950,1931
00400300,CENTRAL TEXAS COLLEGE                   ,TX,76540-4199,Public       ,66,1069,1135,3431,22680,26111
00407221,NORTHWOOD UNIVERSITY                    ,TX,75104-0000,Private      ,0,16,16,101,563,664
00445300,EL CENTRO COLLEGE                       ,TX,75202-3604,Public       ,70,338,408,5460,12925,18385
00450303,EVEREST COLLEGE - FORT WORTH SOUTH      ,TX,76115-1407,Private      ,17,60,77,305,1276,1581
00494900,BAYLOR COLLEGE OF MEDICINE              ,TX,77030-0000,Private      ,17,17,34,1054,2230,3284
00495100,UNIV OF TEXAS HEALTH SCIENCE CENTER     ,TX,77225-0000,Public       ,11,61,72,1275,4876,6151
00495200,UNIV OF TEXAS MEDICAL BRANCH            ,TX,77550-0000,Public       ,6,45,51,1001,3206,4207
00497200,GALVESTON COLLEGE                       ,TX,77550-7447,Public       ,35,66,101,1137,1997,3134
00497700,SOUTH TEXAS COLLEGE OF LAW              ,TX,77002-0000,Private      ,5,5,10,136,1863,1999
00660600,BAPTIST HS SCHOOL OF HEALTH PROFESSIONS ,TX,78229-3234,Proprietary  ,1,15,16,309,1549,1858
00661200,COVENANT SCH OF NSG & ALLIED HEALTH     ,TX,79410-0000,Private      ,0,10,10,193,507,700
00666100,ANGELINA COLLEGE                        ,TX,75902-0000,Public       ,43,127,170,2591,3942,6533
00694100,DALLAS CHRISTIAN COLLEGE                ,TX,75234-7229,Private      ,2,28,30,410,639,1049
00709600,COLLEGE OF THE MAINLAND                 ,TX,77591-2499,Public       ,42,106,148,1420,3507,4927
00728700,BRAZOSPORT COLLEGE                      ,TX,77566-3199,Public       ,44,79,123,1659,2259,3918
00732907,ITT TECHNICAL INSTITUTE                 ,TX,77063-3751,Proprietary  ,13,53,66,446,1472,1918
00732913,ITT TECHNICAL INSTITUTE                 ,TX,76011-3919,Proprietary  ,22,124,146,500,2103,2603
00732975,ITT TECHNICAL INSTITUTE                 ,TX,78249-3303,Proprietary  ,13,56,69,396,1289,1685
00793804,LINCOLN COLLEGE OF TECHNOLOGY - GRAND PR,TX,75052-7605,Proprietary  ,81,68,149,1053,938,1991
00849800,MIMS CLASSIC BEAUTY COLLEGE             ,TX,78216-0000,Proprietary  ,0,1,1,39,100,139
00850300,MOUNTAIN VIEW COLLEGE                   ,TX,75211-6599,Public       ,60,215,275,4694,6982,11676
00850400,RICHLAND COLLEGE                        ,TX,75243-2199,Public       ,98,319,417,6567,10323,16890
00851000,EASTFIELD COLLEGE                       ,TX,75150-2099,Public       ,70,254,324,5318,8737,14055
00907905,EVEREST COLLEGE                         ,TX,75206-5209,Private      ,7,28,35,369,1575,1944
00908200,INTERNATIONAL BUSINESS COLLEGE          ,TX,79903-0000,Proprietary  ,11,34,45,164,475,639
00916300,SAN ANTONIO COLLEGE                     ,TX,78212-4299,Public       ,126,397,523,13571,20217,33788
00946600,KAPLAN COLLEGE                          ,TX,78216-1899,Proprietary  ,22,109,131,375,1549,1924
00946607,KAPLAN COLLEGE - MCALLEN                ,TX,78503-1622,Proprietary  ,24,33,57,496,778,1274
00946609,KAPLAN COLLEGE - CAREER CENTERS OF TEXAS,TX,78416-9900,Proprietary  ,8,50,58,269,1034,1303
00946610,KAPLAN COLLEGE - CAREER CENTERS OF TEXAS,TX,76103-2310,Proprietary  ,13,58,71,251,1087,1338
00954900,WESTERN TEXAS COLLEGE                   ,TX,79549-9501,Public       ,7,20,27,640,467,1107
00965100,TEXAS A&M INTERNATIONAL UNIVERSITY      ,TX,78041-1900,Public       ,81,52,133,7289,3648,10937
00974100,UNIVERSITY OF TEXAS AT DALLAS           ,TX,75083-0000,Public       ,47,141,188,15248,10916,26164
00976800,UNIVERSITY OF NORTH TEXAS HEALTH SCIENCE,TX,76107-2699,Public       ,5,28,33,538,3139,3677
00979700,MIDLAND COLLEGE                         ,TX,79705-6397,Public       ,21,115,136,1770,3131,4901
00982802,EVEREST INSTITUTE- AUSTIN               ,TX,78754-0000,Private      ,2,41,43,222,903,1125
00982812,EVEREST INSTITUTE - BISSONNET           ,TX,77036-8014,Private      ,26,124,150,425,1648,2073
00993000,UNIVERSITY OF TEXAS-PERMIAN BASIN       ,TX,79762-0001,Public       ,16,144,160,2696,4018,6714
01001900,UNIV OF TEXAS SOUTHWESTERN MED CTR      ,TX,75390-9096,Public       ,1,22,23,443,2301,2744
01006000,VERNON COLLEGE                          ,TX,76384-4092,Public       ,20,74,94,1357,2845,4202
01011500,UNIVERSITY OF TEXAS-SAN ANTONIO         ,TX,78249-0600,Public       ,158,268,426,37302,18931,56233
01013000,WADE COLLEGE                            ,TX,75207-3199,Proprietary  ,1,14,15,208,380,588
01038700,EL PASO COMMUNITY COLLEGE               ,TX,79998-0000,Public       ,214,361,575,16649,16445,33094
01050900,HALLMARK UNIVERSITY                     ,TX,78230-1736,Private      ,18,85,103,358,1324,1682
01050901,HALLMARK COLLEGE OF  TECHNOLOGY-        ,TX,78230-1736,Private      ,0,0,0,0,1,1
01062400,LIGHTHOUSE CAREER INSTITUTE             ,TX,75231-5033,Private      ,0,0,0,4,41,45
01063300,HOUSTON COMMUNITY COLLEGE               ,TX,77002-0000,Public       ,352,1486,1838,25856,57560,83416
01067400,TEXAS TECH U HEALTH SCIENCES CENTER     ,TX,79430-0000,Public       ,11,73,84,1778,5963,7741
01076100,DALLAS INSTITUTE OF FUNERAL SERVICE     ,TX,75227-4314,Private      ,4,8,12,112,435,547
01114500,LONE STAR COLLEGE SYSTEM                ,TX,77073-3499,Public       ,466,1478,1944,26643,46774,73417
01116100,TEXAS A&M UNIV CORPUS CHRISTI           ,TX,78412-5599,Public       ,65,138,203,14603,7198,21801
01116300,UNIVERSITY OF TEXAS AT TYLER            ,TX,75799-6699,Public       ,38,197,235,6028,7391,13419
01171100,UNIVERSITY OF HOUSTON-CLEAR LAKE        ,TX,77058-1002,Public       ,27,137,164,3828,8685,12513
01201500,AUSTIN COMMUNITY COLLEGE                ,TX,78752-4390,Public       ,235,695,930,17585,23700,41285
01202000,VICTORIA BEAUTY COLLEGE                 ,TX,77901-6233,Proprietary  ,6,8,14,64,212,276
01226800,BALDWIN BEAUTY SCHOOL #5                ,TX,78704-4785,Proprietary  ,10,29,39,160,417,577
01229700,LAREDO BEAUTY COLLEGE                   ,TX,78040-1051,Proprietary  ,11,15,26,146,264,410
01248200,ATI TECHNICAL TRAINING CENTER           ,TX,75235-4622,Proprietary  ,2,14,16,91,358,449
01248209,ATI CAREER TRAINING CENTER - GARLAND    ,TX,75041-2497,Proprietary  ,0,0,0,20,93,113
01248210,ATI CAREER TRAINING CENTER - WACO       ,TX,76711-1682,Proprietary  ,1,8,9,80,207,287
01248300,COSMETOLOGY CAREER CENTER-A PAUL MITCHEL,TX,75006-2567,Proprietary  ,32,64,96,691,1100,1791
01248800,INTERNATIONAL BEAUTY COLLEGE NO 3       ,TX,75040-0000,Proprietary  ,0,3,3,21,89,110
01276400,METROPLEX BEAUTY SCHOOL                 ,TX,75149-0000,Proprietary  ,0,4,4,28,149,177
01293000,CHARLES & SUE'S SCH OF HAIR DESIGN      ,TX,77801-0000,Proprietary  ,0,7,7,77,119,196
01293200,TINT SCHOOL OF MAKEUP & COSMETOLOGY     ,TX,75061-4235,Proprietary  ,5,23,28,118,249,367
01300300,NEILSON BEAUTY COLLEGE                  ,TX,75208-4637,Proprietary  ,4,5,9,45,146,191
01301600,OGLE SCHOOL HAIR SKIN NAILS             ,TX,76013-7400,Proprietary  ,37,88,125,478,1048,1526
01303912,SOUTH UNIVERSITY - THE ART INSTITUTE OF ,TX,75231-5993,Proprietary  ,4,28,32,1127,1073,2200
01303915,SOUTH UNIVERSITY - AUSTIN               ,TX,78729-8101,Proprietary  ,17,73,90,278,1167,1445
01323100,UNIVERSITY OF HOUSTON-VICTORIA          ,TX,77901-5731,Public       ,19,92,111,3263,4322,7585
02058600,CONLEE'S COLLEGE OF COSMETOLOGY         ,TX,78028-0000,Proprietary  ,0,0,0,13,57,70
02077400,NORTH LAKE COLLEGE                      ,TX,75038-0000,Public       ,40,189,229,3504,6767,10271
02081400,ARLINGTON BAPTIST COLLEGE               ,TX,76012-0000,Private      ,0,6,6,277,376,653
02098300,WESTERN TECHNICAL COLLEGE               ,TX,79927-2105,Proprietary  ,39,127,166,1113,2388,3501
02100200,BROOKHAVEN COLLEGE                      ,TX,75244-0000,Public       ,47,204,251,3288,6703,9991
02113610,AMERICAN INTERCONTINENTAL UNIV - HOUSTON,TX,77042-4516,Proprietary  ,2,42,44,233,1430,1663
02116008,SANFORD-BROWN COLLEGE - HOUSTON         ,TX,77042-8900,Proprietary  ,4,7,11,291,995,1286
02117100,ART INSTITUTE OF HOUSTON                ,TX,77056-0000,Proprietary  ,46,123,169,4392,4951,9343
02128302,INSTITUTE FOR BUSINESS & TECHNOLOGY - LA,TX,78230-2520,Proprietary  ,9,31,40,144,561,705
02144800,VET TECH INSTITUTE OF HOUSTON           ,TX,77027-9881,Proprietary  ,4,6,10,432,487,919
02176100,PIPO ACADEMY OF HAIR DESIGN             ,TX,79903-0000,Proprietary  ,1,1,2,58,140,198
02218300,SOUTHWEST SCHOOL OF BUSINESS & TECHNICAL,TX,78221-0000,Proprietary  ,13,35,48,115,356,471
02218305,SOUTHWEST SCHOOL OF BUSINESS AND TECHNIC,TX,78501-6053,Proprietary  ,4,8,12,60,126,186
02224600,TRI-STATE BEAUTY SCHOOL #1              ,TX,79915-0000,Proprietary  ,5,17,22,124,354,478
02230500,OGLE SCHOOL HAIR SKIN NAILS             ,TX,76132-3638,Proprietary  ,60,92,152,539,1265,1804
02230600,OGLE SCHOOL HAIR SKIN NAILS             ,TX,76053-4650,Proprietary  ,31,64,95,312,723,1035
02239100,CENTRAL TEXAS BEAUTY COLLEGE #2         ,TX,78664-4204,Proprietary  ,8,29,37,139,424,563
02248200,MILAN INSTITUTE OF COSMETOLOGY          ,TX,79103-0000,Proprietary  ,67,137,204,656,1700,2356
02250603,EVEREST COLLEGE - ARLINGTON             ,TX,76011-6630,Private      ,20,84,104,237,1093,1330
02254800,TEXAS VOCATIONAL SCHOOLS                ,TX,77901-0000,Proprietary  ,0,0,0,27,112,139
02259400,AMBERTON UNIVERSITY                     ,TX,75041-0000,Private      ,0,34,34,48,503,551
02261300,EVEREST INSTITUTE                       ,TX,78213-3841,Private      ,7,59,66,178,922,1100
02261302,EVEREST INSTITUTE - HOUSTON GREENSPOINT ,TX,77060-3249,Private      ,4,19,23,310,1271,1581
02261303,EVEREST INSTITUTE - HOUSTON HOBBY       ,TX,77087-2737,Private      ,24,59,83,254,974,1228
02267100,EXPOSITO SCHOOL OF HAIR DESIGN          ,TX,79109-0000,Proprietary  ,2,7,9,36,102,138
02285900,UNIVERSITY OF COSMETOLOGY ARTS&SCI      ,TX,78504-0000,Proprietary  ,34,84,118,323,709,1032
02298501,EVEREST COLLEGE- FORT WORTH             ,TX,76137-2472,Proprietary  ,0,0,0,67,292,359
02305300,PARKER COLLEGE OF CHIROPRACTIC          ,TX,75229-0000,Private      ,1,17,18,135,1522,1657
02306700,FORT WORTH BEAUTY SCHOOL                ,TX,76116-3299,Proprietary  ,7,17,24,103,374,477
02306809,SOUTH TEXAS VOCATIONAL TECHNICAL INSTITU,TX,78501-2400,Proprietary  ,39,53,92,495,617,1112
02306810,SOUTH TEXAS VOCATIONAL TECHNICAL INSTITU,TX,78416-1141,Proprietary  ,20,56,76,211,730,941
02312200,TEXAS SCHOOL OF BUSINESS                ,TX,77073-6032,Proprietary  ,14,31,45,375,1310,1685
02312202,TEXAS SCHOOL OF BUSINESS - FRIENDSWOOD C,TX,77546-8938,Proprietary  ,10,22,32,75,332,407
02313901,WESTWOOD COLLEGE - DALLAS               ,TX,75243-0000,Proprietary  ,0,0,0,84,286,370
02315400,NORTHEAST TEXAS COMMUNITY COLLEGE       ,TX,75456-0000,Public       ,59,88,147,1742,2440,4182
02318200,"KD STUDIO, ACTOR'S CONSERVATORY         ",TX,75207-2111,Proprietary  ,9,12,21,205,262,467
02320200,HOUSTON GRADUATE SCHOOL OF THEOLOGY     ,TX,77035-3602,Private      ,0,7,7,18,298,316
02326000,SAN ANTONIO BEAUTY COLLEGE NO 3         ,TX,78217-0000,Proprietary  ,2,8,10,90,207,297
02328602,ITT TECHNICAL INSTITUTE                 ,TX,77598-5418,Proprietary  ,0,0,0,0,1,1
02331200,BAPTIST MISSIONARY ASSN THEOL SEM       ,TX,75766-0000,Private      ,0,2,2,9,102,111
02331300,INTERACTIVE LEARNING SYSTEMS            ,TX,77502-1201,Proprietary  ,6,56,62,44,382,426
02331301,INTERACTIVE LEARNING SYSTEMS            ,TX,77081-0000,Proprietary  ,29,225,254,159,1258,1417
02331304,INTERACTIVE LEARNING SYSTEMS            ,TX,77060-0000,Proprietary  ,15,78,93,66,378,444
02341300,PALO ALTO COLLEGE                       ,TX,78224-0000,Public       ,60,147,207,6540,7936,14476
02348500,LAMAR STATE COLLEGE-PORT ARTHUR         ,TX,77640-0000,Public       ,17,37,54,1136,1896,3032
02357700,PAUL MITCHELL THE SCHOOL                ,TX,77043-3412,Proprietary  ,20,49,69,444,1020,1464
02358200,LAMAR STATE COLLEGE-ORANGE              ,TX,77630-0000,Public       ,15,57,72,998,2113,3111
02361400,COLLIN COUNTY COMMUNITY COLLEGE         ,TX,75071-0000,Public       ,118,352,470,9091,12537,21628
02362000,UNIVERSAL TECHNICAL INSTITUTE           ,TX,77073-0000,Proprietary  ,227,292,519,12573,10941,23514
02362800,AUSTIN GRADUATE SCHOOL OF THEOLOGY      ,TX,78752-1333,Private      ,1,3,4,24,117,141
02521200,ARLINGTON CAREER INSTITUTE              ,TX,75050-0000,Proprietary  ,1,11,12,91,480,571
02521800,SEGUIN BEAUTY SCHOOL                    ,TX,78155-0000,Proprietary  ,6,13,19,57,112,169
02527500,HOUSTON TRAINING SCHOOLS                ,TX,77029-0000,Proprietary  ,21,104,125,211,1222,1433
02530700,SEBRING CAREER SCHOOLS                  ,TX,77083-1510,Proprietary  ,2,19,21,39,204,243
02548800,SOUTH TEXAS VO-TECH INSTITUTE           ,TX,78596-0000,Proprietary  ,24,25,49,330,369,699
02548802,SOUTH TEXAS VOCATIONAL TECHNICAL INSTITU,TX,78520-8710,Proprietary  ,31,23,54,340,368,708
02555400,UNIV OF TX MD ANDERSON CANCER CTR       ,TX,77030-0000,Public       ,6,11,17,301,742,1043
02568100,TEXAS BARBER COLLEGE                    ,TX,77063-3949,Proprietary  ,24,56,80,159,683,842
02568101,TEXAS BARBER COLLEGES & HAIRSTYLING SCHO,TX,75228-3841,Proprietary  ,6,26,32,82,396,478
02568106,TEXAS BARBER COLLEGES & HAIRSTYLING SCHO,TX,77009-0000,Proprietary  ,7,26,33,108,498,606
02568107,TEXAS BARBER COLLEGES & HAIRSTYLING SCHO,TX,77063-3951,Proprietary  ,2,2,4,84,401,485
02568108,TEXAS BARBER COLLEGES & HAIRSTYLING SCHO,TX,75241-1327,Proprietary  ,5,31,36,97,451,548
02568109,TEXAS BARBER COLLEGES & HAIRSTYLING SCHO,TX,77301-4407,Proprietary  ,0,0,0,0,4,4
02569300,LE CORDON BLEU COLLEGE OF CULINARY ARTS ,TX,78758-3647,Proprietary  ,5,17,22,1049,2549,3598
02572000,COMPUTER CAREER CENTER                  ,TX,79925-2021,Proprietary  ,74,191,265,699,2144,2843
02572004,COMPUTER CAREER CENTER - AMARILLO CAMPUS,TX,79101-2404,Proprietary  ,13,52,65,96,564,660
02572005,COMPUTER CAREER CENTER - LUBBOCK CAMPUS ,TX,79414-3517,Proprietary  ,11,54,65,160,716,876
02572008,VISTA COLLEGE - BEAUMONT                ,TX,77701-3717,Proprietary  ,8,81,89,198,1083,1281
02572009,VISTA COLLEGE - LONGVIEW                ,TX,75604-1905,Proprietary  ,12,89,101,165,1031,1196
02572011,VISTA COLLEGE - KILLEEN                 ,TX,76541-7436,Proprietary  ,19,116,135,265,1902,2167
02572012,VISTA COLLEGE - COLLEGE STATION         ,TX,77840-5107,Proprietary  ,30,117,147,362,1054,1416
02591100,CAREER POINT COLLEGE                    ,TX,78201-2027,Proprietary  ,21,240,261,497,3996,4493
02591900,KAPLAN COLLEGE                          ,TX,79907-1525,Proprietary  ,29,74,103,454,1297,1751
02591905,KAPLAN COLLEGE - BROWNSVILLE            ,TX,78521-9905,Proprietary  ,28,45,73,276,500,776
02596500,ATI CAREER TRAINING CENTER              ,TX,76180-1599,Proprietary  ,0,6,6,20,124,144
02596503,ATI- CAREER TRAINING CENTER - HOUSTON (#,TX,77029-1978,Proprietary  ,0,5,5,47,270,317
02596600,ATI-CAREER TRAINING CENTER              ,TX,75220-4443,Proprietary  ,2,14,16,37,261,298
02596601,ATI CAREER TRAINING CENTER - RICHARDSON ,TX,75081-1948,Proprietary  ,0,7,7,16,90,106
02596602,ATI CAREER TRAINING CENTER - DALLAS (STE,TX,75247-6103,Proprietary  ,2,16,18,81,446,527
02600200,OCEAN CORPORATION (THE)                 ,TX,77099-3479,Proprietary  ,9,31,40,195,949,1144
02604700,CENTER FOR ADVANCED LEGAL STUDIES       ,TX,77098-0000,Proprietary  ,0,36,36,45,684,729
02615000,SANFORD-BROWN COLLEGE                   ,TX,75247-6931,Proprietary  ,2,7,9,163,719,882
03009400,SW SCH BUS & TECH CAREERS               ,TX,78212-2840,Proprietary  ,2,14,16,44,180,224
03010604,VIRGINIA COLLEGE - VIRGINIA COLLEGE AT A,TX,78723-0000,Proprietary  ,0,17,17,165,688,853
03011800,UNIVERSITY OF COSMETOLOGY ARTS & SCIENCE,TX,78226-1194,Proprietary  ,1,11,12,121,217,338
03019800,PCI HEALTH TRAINING CENTER              ,TX,75247-4720,Proprietary  ,11,47,58,232,772,1004
03019801,PCI HEALTH TRAINING CENTER - RICHARDSON ,TX,75081-2321,Proprietary  ,4,8,12,120,265,385
03021500,SW SCH BUS & TECH CAREERS               ,TX,78852-4859,Proprietary  ,11,14,25,213,284,497
03025000,TEXAS COLLEGE OF COSMETOLOGY            ,TX,79605-2001,Proprietary  ,12,20,32,124,368,492
03025001,TEXAS COLLEGE OF COSMETOLOGY - SAN ANGEL,TX,76903-4708,Proprietary  ,2,3,5,50,137,187
03026500,REMINGTON COLLEGE - HOUSTON CAMPUS      ,TX,77082-1849,Private      ,123,593,716,2086,7739,9825
03026501,REMINGTON COLLEGE - NORTH HOUSTON CAMPUS,TX,77067-1849,Private      ,1,17,18,207,778,985
03026506,REMINGTON COLLEGE - FT. WORTH CAMPUS    ,TX,76112-1280,Private      ,21,75,96,353,1289,1642
03028800,CIRCLE J BEAUTY SCHOOL                  ,TX,77587-3714,Proprietary  ,0,0,0,34,63,97
03030608,UTAH COLLEGE OF MASSAGE THERAPY - TEXAS ,TX,75801-4848,Proprietary  ,1,12,13,112,362,474
03030609,UTAH COLLEGE OF MASSAGE THERAPY - TEXAS ,TX,77040-6307,Proprietary  ,2,20,22,127,451,578
03031408,INTERNATIONAL ACADEMY OF DESIGN & TECHNO,TX,78229-2263,Proprietary  ,3,5,8,139,368,507
03032300,SCHOOL OF AUTOMOTIVE MACHINISTS         ,TX,77055-1803,Proprietary  ,3,17,20,176,392,568
03035200,TINT SCHOOL OF MAKEUP & COSMETOLOGY     ,TX,75229-3734,Proprietary  ,12,22,34,145,424,569
03035300,SOUTHERN CAREERS INSTITUTE              ,TX,78704-5252,Proprietary  ,195,681,876,1343,4797,6140
03035301,SOUTHERN CAREERS INSTITUTE-PHARR        ,TX,78577-2118,Proprietary  ,25,67,92,236,699,935
03035302,SOUTHERN CAREERS INSTITUTE - CORPUS CHRI,TX,78414-2904,Proprietary  ,2,21,23,158,869,1027
03035303,SOUTHERN CAREERS INSTITUTE - SAN ANTONIO,TX,78221-4351,Proprietary  ,1,12,13,72,271,343
03035305,SOUTHERN CAREERS INSTITUTE - BROWNSVILLE,TX,78520-8680,Proprietary  ,0,4,4,128,163,291
03035306,SOUTHERN CAREERS INSTITUTE - HARLINGEN  ,TX,78550-7911,Proprietary  ,6,7,13,118,206,324
03035308,SOUTHERN CAREERS INSTITUTE - SAN ANTONIO,TX,78238-4114,Proprietary  ,34,148,182,207,941,1148
03061800,STAR COLLEGE OF COSMETOLOGY             ,TX,75702-8214,Proprietary  ,7,9,16,111,284,395
03064600,UNIVERSITY OF TEXAS AT BROWNSVILLE      ,TX,78520-4993,Public       ,39,94,133,6187,5599,11786
03073402,ITT TECHNICAL INSTITUTE                 ,TX,75080-2208,Proprietary  ,0,0,0,0,3,3
03092600,MESSENGER COLLEGE                       ,TX,76040-4246,Private      ,2,0,2,115,105,220
03103400,SOUTH TEXAS COLLEGE                     ,TX,78501-6699,Public       ,450,489,939,17235,13970,31205
03108700,ROYAL BEAUTY CAREERS                    ,TX,77069-4611,Proprietary  ,0,0,0,50,185,235
03115800,KAPLAN COLLEGE                          ,TX,78238-4203,Proprietary  ,16,52,68,288,1333,1621
03115802,KAPLAN COLLEGE - LAREDO                 ,TX,78041-6181,Proprietary  ,14,19,33,276,425,701
03115803,KAPLAN COLLEGE - BEAUMONT               ,TX,77706-3706,Proprietary  ,18,36,54,154,662,816
03115804,KAPLAN COLLEGE - LUBBOCK                ,TX,79401-2601,Proprietary  ,3,15,18,101,509,610
03128100,COLLEGE OF HEALTH CARE PROFESSIONS (THE),TX,77092-8108,Proprietary  ,60,246,306,1165,4201,5366
03144300,NATIONAL BEAUTY COLLEGE                 ,TX,75043-4046,Proprietary  ,1,1,2,21,95,116
03153300,AMER COLL OF ACUPUNCTURE & O.M.         ,TX,77063-4104,Proprietary  ,2,4,6,22,203,225
03156400,AOMA                                    ,TX,78745-1479,Proprietary  ,2,1,3,22,276,298
03159300,ARLINGTON MEDICAL INSTITUTE             ,TX,76006-2317,Proprietary  ,3,9,12,165,492,657
03170300,TEXAS A&M UNIVERSITY-TEXARKANA          ,TX,75503-5518,Public       ,13,55,68,1662,2250,3912
03179500,TEXAS HEALTH AND SCIENCE UNIVERSITY     ,TX,78704-6748,Proprietary  ,4,9,13,358,653,1011
03237400,FARIS TECHNICAL INSTITUTE               ,TX,77627-3829,Proprietary  ,0,0,0,1,23,24
03272300,KAPLAN COLLEGE                          ,TX,75234-7288,Proprietary  ,21,72,93,387,1705,2092
03272303,KAPLAN COLLEGE - ARLINGTON              ,TX,76010-8121,Proprietary  ,13,53,66,223,1135,1358
03275300,COSMETOLOGY CAREER INSTITUTE            ,TX,75402-6314,Proprietary  ,6,16,22,60,195,255
03276300,ACADEMY OF HAIR DESIGN                  ,TX,75901-4900,Proprietary  ,4,14,18,73,288,361
03277300,ACADEMY OF HAIR DESIGN                  ,TX,77701-4650,Proprietary  ,1,7,8,41,185,226
03303300,NORTHWEST EDUCATIONAL CENTER            ,TX,77092-7055,Proprietary  ,6,65,71,67,520,587
03371300,TONI&GUY HAIRDRESSING ACADEMY           ,TX,75006-0000,Proprietary  ,5,13,18,163,262,425
03372300,NORTHWEST VISTA COLLEGE                 ,TX,78251-4217,Public       ,121,237,358,11254,11618,22872
03400300,CAREER QUEST                            ,TX,78229-3539,Proprietary  ,9,31,40,96,524,620
03412300,ADVANCED BARBER COLLEGE & HAIR DESI     ,TX,78596-0000,Proprietary  ,14,23,37,151,280,431
03416500,DALLAS NURSING INSTITUTE                ,TX,75243-5502,Private      ,9,55,64,338,1717,2055
03422300,MILAN INSTITUTE                         ,TX,78238-3327,Proprietary  ,82,264,346,930,2715,3645
03422400,COLLEGE OF BIBLICAL STUDIES-HOUSTON     ,TX,77036-3211,Private      ,1,25,26,104,1127,1231
03424400,MEDVANCE INSTITUTE                      ,TX,77057-7386,Proprietary  ,23,91,114,224,928,1152
03426300,COLLEGE OF HEALTH CARE PROFESSIONS (THE),TX,78752-3630,Proprietary  ,34,58,92,350,1049,1399
03480304,FORTIS COLLEGE - FORTIS INSTITUTE       ,TX,75050-2342,Proprietary  ,1,13,14,91,473,564
03520300,LUBBOCK HAIR ACADEMY                    ,TX,79410-3524,Proprietary  ,4,7,11,60,156,216
03542300,CONCORDE CAREER INSTITUTE               ,TX,76011-4016,Proprietary  ,13,59,72,368,1585,1953
03556400,KUSSAD INSTITUTE OF COURT REPORTING     ,TX,78704-5712,Proprietary  ,0,0,0,7,15,22
03573300,AVIATION INSTITUTE OF MAINTENANCE       ,TX,75062-6303,Proprietary  ,8,72,80,207,813,1020
03610300,MJ'S BEAUTY ACADEMY INC                 ,TX,75224-0000,Proprietary  ,5,13,18,79,274,353
03612400,VALLEY GRANDE INSTITUTE FOR ACADEMI     ,TX,78596-0000,Private      ,18,36,54,163,462,625
03627300,LAMAR INSTITUTE OF TECHNOLOGY           ,TX,77705-4142,Public       ,12,44,56,2081,3091,5172
03680300,JAY'S TECHNICAL INSTITUTE               ,TX,77031-3509,Proprietary  ,5,44,49,46,291,337
03682400,DALLAS BARBER & STYLIST COLLEGE         ,TX,75231-0000,Proprietary  ,7,52,59,143,762,905
03714300,TREND BARBER COLLEGE                    ,TX,77071-2104,Proprietary  ,7,38,45,86,503,589
03723300,CULINARY INST ALAIN & MARIE LENOTRE     ,TX,77022-4322,Proprietary  ,7,33,40,335,853,1188
03727600,AUGUSTE ESCOFFIER SCHOOL OF CULINARY ART,TX,78752-0000,Proprietary  ,10,16,26,444,519,963
03733300,BAPTIST UNIVERSITY OF THE AMERICAS      ,TX,78224-1336,Private      ,1,12,13,115,346,461
03922300,SOUTH TEXAS BARBER COLLEGE              ,TX,78415-3463,Proprietary  ,3,3,6,60,146,206
03944400,PROFESSIONAL CAREERS INSTITUTE          ,TX,77036-2252,Proprietary  ,0,3,3,33,175,208
03944401,PROFESSIONAL CAREERS INSTITUTE          ,TX,77090-3914,Proprietary  ,0,0,0,18,61,79
03970300,HANDS ON THERAPY                        ,TX,75149-2294,Proprietary  ,2,23,25,42,224,266
03987300,TEXAS HEALTH SCHOOL                     ,TX,77079-2106,Proprietary  ,9,19,28,299,742,1041
04036300,SOUTHEAST TEXAS CAREER INSTITUTE        ,TX,77656-8601,Proprietary  ,2,10,12,37,178,215
04045300,NORTHWEST BEAUTY SCHOOL                 ,TX,77091-1208,Proprietary  ,2,5,7,68,264,332
04045400,MAI-TRIX BEAUTY COLLEGE                 ,TX,77040-0000,Proprietary  ,0,0,0,40,118,158
04082300,PROFESSIONAL CAREER TRAINING INSTITUTE  ,TX,77090-0000,Proprietary  ,2,65,67,57,511,568
04089400,CCI TRAINING CENTER                     ,TX,76011-4857,Proprietary  ,4,27,31,40,382,422
04117900,CHAMPION BEAUTY COLLEGE                 ,TX,77069-4611,Proprietary  ,4,21,25,87,378,465
04121800,CRISWELL COLLEGE                        ,TX,75246-1537,Private      ,0,5,5,117,384,501
04125400,ACADEMY AT AUSTIN (THE)                 ,TX,78660-3287,Proprietary  ,3,16,19,121,245,366
04125500,MANUEL AND THERESA'S SCHOOL OF HAIR DESI,TX,77803-3236,Proprietary  ,5,12,17,55,98,153
04129800,MEDIATECH INSTITUTE DALLAS              ,TX,75039-3105,Proprietary  ,5,21,26,175,352,527
04129801,MEDIATECH INSTITUTE - AUSTIN            ,TX,78704-8933,Proprietary  ,5,5,10,110,200,310
04129802,MEDIATECH INSTITUTE - HOUSTON           ,TX,77042-4712,Proprietary  ,2,16,18,100,316,416
04131700,SOUTHWEST UNIVERSITY AT EL PASO         ,TX,79925-6230,Proprietary  ,85,194,279,1336,2703,4039
04136500,PCCENTER                                ,TX,75115-4214,Proprietary  ,0,12,12,26,92,118
04138500,CARDIOTECH ULTRASOUND SCHOOL            ,TX,77099-1440,Proprietary  ,1,12,13,104,549,653
04142300,AVEDA INSTITUTE SAN ANTONIO             ,TX,78215-1260,Proprietary  ,9,24,33,326,605,931
04146700,AVIATION INSTITUTE OF MAINTENANCE       ,TX,77061-4004,Proprietary  ,7,40,47,187,568,755
04146800,SOUTH TEXAS TRAINING CENTER             ,TX,78586-7721,Proprietary  ,10,28,38,95,227,322
04152700,ASTRODOME CAREER CENTERS                ,TX,77054-2678,Proprietary  ,3,10,13,38,205,243
04154800,DUVALL'S SCHOOL OF COSMETOLOGY          ,TX,76021-4159,Proprietary  ,2,13,15,42,106,148
04155800,ADVANCED BEAUTY COLLEGE                 ,TX,75061-1918,Proprietary  ,0,5,5,27,108,135
04158500,TEXAS BEAUTY COLLEGE                    ,TX,76117-3201,Proprietary  ,0,12,12,15,76,91
04160700,AVENUE FIVE INSTITUTE                   ,TX,78757-7000,Proprietary  ,6,32,38,159,475,634
04165800,SALON PROFESSIONAL ACADEMY (THE)        ,TX,75067-2348,Proprietary  ,2,13,15,48,132,180
04168700,LAWYER'S ASSISTANT SCHOOL OF DALLAS     ,TX,75201-2829,Proprietary  ,3,24,27,75,500,575
04168800,ABC BEAUTY ACADEMY                      ,TX,75042-8682,Proprietary  ,0,9,9,32,148,180
04169000,SALON & SPA INSTITUTE                   ,TX,78521-1727,Proprietary  ,2,17,19,37,126,163
04169100,DIAMONDS COSMETOLOGY COLLEGE            ,TX,75090-2657,Proprietary  ,1,6,7,23,90,113
04177900,BUCKNER BARBER SCHOOL                   ,TX,75217-1775,Proprietary  ,5,16,21,54,232,286
04178200,VOGUE COLLEGE - SAN ANTONIO             ,TX,78201-5035,Proprietary  ,1,21,22,76,257,333
04178300,VOGUE BEAUTY ACADEMY                    ,TX,78238-4402,Proprietary  ,4,18,22,97,257,354
04178400,VOGUE COLLEGE - MCALLEN                 ,TX,78501-1945,Proprietary  ,6,32,38,152,316,468
04179500,NORTH AMERICAN UNIVERSITY               ,TX,77038-1221,Private      ,4,4,8,314,351,665
04184800,EXCEL LEARNING CENTER                   ,TX,79907-1400,Proprietary  ,8,64,72,202,810,1012
04187800,CYBERTEX INSTITUTE OF TECHNOLOGY        ,TX,78752-3825,Proprietary  ,3,56,59,77,573,650
04193000,RGV CAREERS AN INSTITUTE FOR HIGHER LEAR,TX,78577-2106,Proprietary  ,0,26,26,88,482,570
04205200,WADE GORDON HAIRDRESSING ACADEMY        ,TX,79121-0548,Proprietary  ,7,24,31,93,223,316
04206501,MYCOMPUTERCAREER.COM - DALLAS           ,TX,75062-8173,Proprietary  ,8,116,124,43,805,848
04206502,MYCOMPUTERCAREER.COM - HOUSTON          ,TX,77056-6764,Proprietary  ,5,79,84,101,963,1064
04213300,SPA PROFESSIONALS ACADEMY (THE)         ,TX,78504-2569,Proprietary  ,3,9,12,50,110,160
04215000,TOTAL TRANSFORMATION INSTITUTE OF COSMET,TX,78666-8115,Proprietary  ,1,5,6,57,76,133
04215400,GRACE SCHOOL OF THEOLOGY                ,TX,77384-4894,Private      ,0,5,5,12,172,184
04219700,GEMINI SCHOOL OF VISUAL ARTS & COMMUNICA,TX,78613-2642,Proprietary  ,0,1,1,22,33,55
04222600,HEATHCARE INSTITUTE (THE)               ,TX,78201-5035,Proprietary  ,4,16,20,130,419,549
04224100,COSMETOLOGY ACADEMY OF TEXARKANA        ,TX,75503-4855,Proprietary  ,0,10,10,72,246,318
04226400,MT TRAINING CENTER                      ,TX,75051-3542,Proprietary  ,4,25,29,25,273,298
04229000,BARBER INSTITUTE OF TEXAS               ,TX,75602-3456,Proprietary  ,2,3,5,17,103,120
04229500,TEXAS A&M UNIVERSITY - CENTRAL TEXAS    ,TX,76549-5901,Public       ,13,123,136,1986,5455,7441
04231200,NEECEE'S COLLEGE OF COSMETOLOGY         ,TX,79605-4735,Proprietary  ,0,8,8,24,129,153
04231300,YAHWEH BEAUTY ACADEMY                   ,TX,76543-4153,Proprietary  ,3,13,16,34,212,246
04231900,ALAMO CITY BARBER COLLEGE               ,TX,78250-3227,Proprietary  ,6,28,34,201,581,782
04232400,EXCEL LEARNING CENTER - SAN ANTONIO     ,TX,78230-4823,Proprietary  ,2,45,47,64,443,507
04232900,PREPARING PEOPLE BARBER STYLING COLLEGE ,TX,75215-2415,Proprietary  ,1,36,37,25,295,320
04235900,BELLA COSMETOLOGY COLLEGE               ,TX,75494-2408,Proprietary  ,4,2,6,37,100,137
04236900,K&G 5 STAR BARBER COLLEGE               ,TX,77591-3689,Proprietary  ,0,7,7,14,87,101
04238200,LAREDO CHI ACADEMY BEAUTY SCHOOL        ,TX,78041-6540,Proprietary  ,0,4,4,83,139,222
04239700,"VOCATIONAL NURSING INSTITUTE, (THE)     ",TX,77065-5399,Private      ,0,21,21,86,632,718
04242100,UNIVERSITY OF NORTH TEXAS AT DALLAS     ,TX,75241-4600,Public       ,30,136,166,4876,7134,12010
04243900,UNIVERSITY OF TEXAS HEALTH SCIENCE CENTE,TX,75708-3154,Public       ,1,14,15,67,252,319
04245800,NATURAL IMAGES BEAUTY COLLEGE           ,TX,77531-3603,Proprietary  ,0,14,14,5,34,39
04248000,"RECORDING CONSERVATORY OF AUSTIN, (THE) ",TX,78730-3004,Proprietary  ,0,7,7,17,41,58
04248500,TEXAS A&M UNIVERSITY-SAN ANTONIO        ,TX,78224-3134,Public       ,31,117,148,136,353,489
04249300,SALON BOUTIQUE ACADEMY                  ,TX,75001-4399,Proprietary  ,4,12,16,16,67,83
04250800,MISSION BEAUTY COLLEGE                  ,TX,78572-4404,Proprietary  ,4,9,13,6,15,21
00367000,BRIGHAM YOUNG UNIVERSITY                ,UT,84602-8406,Private      ,213,370,583,17064,14296,31360
00367100,DIXIE STATE COLLEGE OF UTAH             ,UT,84770-3876,Public       ,50,86,136,6876,4508,11384
00367200,LDS BUSINESS COLLEGE                    ,UT,84101-3500,Private      ,14,41,55,1490,1478,2968
00367400,STEVENS HENAGER COLLEGE                 ,UT,84401-1420,Proprietary  ,344,2744,3088,2889,25397,28286
00367500,UNIVERSITY OF UTAH                      ,UT,84112-9055,Public       ,88,290,378,16891,18068,34959
00367700,UTAH STATE UNIVERSITY                   ,UT,84322-1400,Public       ,111,273,384,15788,14187,29975
00367800,SOUTHERN UTAH UNIVERSITY                ,UT,84720-2470,Public       ,26,108,134,6193,3950,10143
00367900,SNOW COLLEGE                            ,UT,84627-1299,Public       ,24,22,46,3671,1332,5003
00368000,WEBER STATE UNIVERSITY                  ,UT,84408-1136,Public       ,82,271,353,8820,13195,22015
00368100,WESTMINSTER COLLEGE                     ,UT,84105-3697,Private      ,13,58,71,2811,1900,4711
00402700,UTAH VALLEY UNIVERSITY                  ,UT,84058-5999,Public       ,131,344,475,13746,18071,31817
00522000,SALT LAKE COMMUNITY COLLEGE             ,UT,84123-0000,Public       ,199,527,726,10007,18348,28355
00732953,ITT TECHNICAL INSTITUTE                 ,UT,84123-2500,Proprietary  ,17,139,156,373,2059,2432
00943300,SHERMAN KENDALL'S ACADEMY OF BEAUTY     ,UT,84106-1836,Proprietary  ,1,8,9,35,96,131
01009800,NEUMONT UNIVERSITY                      ,UT,84111-1917,Proprietary  ,3,4,7,857,143,1000
01116500,UINTAH BASIN APPLIED TECHNOLOGY CLG     ,UT,84066-0000,Public       ,1,15,16,38,209,247
01116600,BROADVIEW UNIVERSITY                    ,UT,84088-4021,Proprietary  ,6,10,16,321,927,1248
02078800,SHERMAN KENDALL'S ACADEMY OF BEAUTY     ,UT,84047-0000,Proprietary  ,0,0,0,13,42,55
02115400,BRIDGERLAND APPLIED TECHNOLOGY COLLEGE  ,UT,84321-0000,Public       ,5,32,37,485,960,1445
02156600,DAVIS APPLIED TECHNOLOGY COLLEGE        ,UT,84037-0000,Public       ,13,48,61,626,1918,2544
02178500,EAGLE GATE COLLEGE                      ,UT,84123-0000,Proprietary  ,8,65,73,151,1174,1325
02270800,AMERITECH COLLEGE                       ,UT,84604-6927,Proprietary  ,2,11,13,113,535,648
02270802,AMERITECH COLLEGE - DRAPER              ,UT,84020-6545,Proprietary  ,0,6,6,86,552,638
02298500,EVEREST COLLEGE                         ,UT,84119-2668,Proprietary  ,0,0,0,41,231,272
02346500,OGDEN-WEBER APPLIED TECHNOLOGY COLG     ,UT,84404-0000,Public       ,15,60,75,732,2299,3031
02360800,PROVO COLLEGE                           ,UT,84601-0000,Proprietary  ,6,33,39,226,760,986
02531800,PAUL MITCHELL THE SCHOOL - PROVO        ,UT,84606-0000,Proprietary  ,3,2,5,136,119,255
02556800,PAUL MITCHELL THE SCHOOL                ,UT,84117-7204,Proprietary  ,18,30,48,245,521,766
02556801,PAUL MITCHELL THE SCHOOL                ,UT,84780-0000,Proprietary  ,0,0,0,42,57,99
02572700,EVANS HAIRSTYLING COLLEGE               ,UT,84770-0000,Proprietary  ,0,2,2,38,42,80
02572800,VISTA COLLEGE                           ,UT,84015-0000,Proprietary  ,5,80,85,50,738,788
02573100,EVANS HAIRSTYLING COLLEGE OF CEDAR CITY ,UT,84720-0000,Proprietary  ,3,3,6,51,46,97
02612200,MARINELLO SCHOOL OF BEAUTY              ,UT,84604-1585,Proprietary  ,0,0,0,44,97,141
03030600,UTAH COLLEGE OF MASSAGE THERAPY         ,UT,84111-1606,Proprietary  ,11,35,46,174,452,626
03030601,UTAH CLG OF MASSAGE THER-PROVO CMPS     ,UT,84042-0000,Proprietary  ,5,11,16,70,154,224
03082100,MYOTHERAPY COLLEGE OF UTAH              ,UT,84115-2522,Proprietary  ,1,11,12,32,142,174
03108200,FRANCOIS D. COLLEGE OF HAIR SKIN & NAILS,UT,84070-2004,Proprietary  ,1,4,5,24,47,71
03110400,HAIRITAGE HAIR ACADEMY                  ,UT,84770-5233,Proprietary  ,5,3,8,47,43,90
03339400,WESTERN GOVERNORS UNIVERSITY            ,UT,84107-2533,Private      ,81,3302,3383,2758,96722,99480
03413300,MOUNTAINLAND APPLIED TECHNOLOGY COLLEGE ,UT,84043-0000,Public       ,15,28,43,322,789,1111
03463300,CAREERS UNLIMITED                       ,UT,84058-0000,Proprietary  ,2,3,5,68,179,247
03467308,MARINELLO SCHOOL OF BEAUTY - OGDEN      ,UT,84405-1501,Proprietary  ,1,1,2,53,155,208
03467309,MARINELLO SCHOOL OF BEAUTY - LAYTON     ,UT,84041-3002,Proprietary  ,1,1,2,49,173,222
03617300,HEALING MOUNTAIN MASSAGE SCHOOL         ,UT,84102-4006,Proprietary  ,1,5,6,59,177,236
03829500,SKINWORKS SCHOOL OF ADVANCED SKINCARE   ,UT,84115-0000,Proprietary  ,1,10,11,34,145,179
03838300,NIGHTINGALE COLL. SCH. OF NURSING SCH. O,UT,84403-0000,Proprietary  ,1,22,23,56,611,667
03909300,PAUL MITCHELL THE SCHOOL LOGAN          ,UT,84323-4679,Proprietary  ,6,2,8,109,156,265
03921300,CAMEO COLLEGE OF ESSENTIAL BEAUTY       ,UT,84115-0000,Proprietary  ,3,15,18,103,338,441
04054300,SOUTHWEST APPLIED TECHNOLOGY COLLEGE    ,UT,84720-6608,Public       ,6,8,14,118,267,385
04072300,AVEDA INSTITUTE PROVO                   ,UT,84604-1008,Proprietary  ,7,6,13,119,114,233
04121700,DIXIE APPLIED TECHNOLOGY COLLEGE        ,UT,84770-3025,Public       ,13,20,33,356,488,844
04145500,SKIN SCIENCE INSTITUTE (THE)            ,UT,84115-0000,Proprietary  ,3,12,15,57,194,251
04153000,RENAISSANCE ACADEMIE                    ,UT,84604-0000,Proprietary  ,8,6,14,43,83,126
04161900,MANDALYN ACADEMY                        ,UT,84003-2161,Proprietary  ,3,0,3,37,107,144
04165500,ACAYDIA SCHOOL OF AESTHETICS            ,UT,84601-0000,Proprietary  ,3,1,4,44,78,122
04169900,AMERICAN BEAUTY ACADEMY                 ,UT,84651-0000,Proprietary  ,2,5,7,34,73,107
04173200,TAYLOR ANDREWS ACADEMY OF HAIR DESIGN   ,UT,84088-6577,Proprietary  ,15,15,30,120,219,339
04173201,TAYLOR ANDREWS ACADEMY -  OREM          ,UT,84004-1872,Proprietary  ,6,6,12,123,137,260
04183000,TOP NAILS & HAIR BEAUTY SCHOOL          ,UT,84118-0000,Proprietary  ,1,13,14,24,121,145
04184200,TAYLOR ANDREWS ACADEMY-ST. GEORGE       ,UT,84790-2139,Proprietary  ,5,10,15,94,133,227
04192700,BARBER SCHOOL (THE)                     ,UT,84047-3723,Proprietary  ,1,14,15,46,201,247
04193200,ROCKY MOUNTAIN UNIVERSITY OF HEALTH PROF,UT,84606-7312,Proprietary  ,0,43,43,31,666,697
04210300,MEDSPA ACADEMIES                        ,UT,84095-3519,Proprietary  ,5,6,11,81,180,261
04211500,BEAUTIFUL YOU SCHOOL OF NAIL TECHNOLOGY ,UT,84720-8360,Proprietary  ,0,0,0,20,36,56
04215700,COLE HOLLAND COLLEGE                    ,UT,84102-2959,Proprietary  ,0,3,3,22,60,82
04216800,BONNIE JOSEPH ACADEMY OF COSMETOLOGY & B,UT,84032-2044,Proprietary  ,0,4,4,3,19,22
04218300,MIDWIVES COLLEGE OF UTAH                ,UT,84106-2671,Private      ,0,5,5,38,344,382
00368200,BENNINGTON COLLEGE                      ,VT,05201-6001,Private      ,0,3,3,1018,180,1198
00368300,CASTLETON STATE COLLEGE                 ,VT,05735-0000,Public       ,3,6,9,2947,453,3400
00368400,CHAMPLAIN COLLEGE                       ,VT,05401-3950,Private      ,5,43,48,4522,2218,6740
00368500,COLLEGE OF ST JOSEPH                    ,VT,05701-3899,Private      ,1,1,2,258,182,440
00368600,GODDARD COLLEGE                         ,VT,05667-0000,Private      ,0,2,2,63,737,800
00368700,GREEN MOUNTAIN COLLEGE                  ,VT,05764-1199,Private      ,2,4,6,788,357,1145
00368800,JOHNSON STATE COLLEGE                   ,VT,05656-9898,Public       ,3,6,9,1297,884,2181
00368900,LYNDON STATE COLLEGE                    ,VT,05851-0919,Public       ,2,3,5,1756,325,2081
00369000,MARLBORO COLLEGE                        ,VT,05344-0300,Private      ,0,8,8,306,116,422
00369100,MIDDLEBURY COLLEGE                      ,VT,05753-0000,Private      ,2,9,11,4400,603,5003
00369200,NORWICH UNIVERSITY                      ,VT,05663-1035,Private      ,6,74,80,3173,1983,5156
00369300,SOUTHERN VERMONT COLLEGE                ,VT,05201-6002,Private      ,4,2,6,594,162,756
00369400,ST MICHAELS COLLEGE                     ,VT,05439-0001,Private      ,2,3,5,4171,202,4373
00369600,UNIVERSITY OF VERMONT                   ,VT,05405-0160,Public       ,11,38,49,20082,3205,23287
00369700,VERMONT COLLEGE OF FINE ARTS            ,VT,05602-3128,Private      ,0,3,3,15,454,469
00369800,VERMONT TECHNICAL COLLEGE               ,VT,05061-0000,Public       ,1,6,7,1054,899,1953
00865800,O'BRIENS AVEDA INSTITUTE                ,VT,05403-7747,Proprietary  ,1,3,4,65,112,177
00886000,SIT                                     ,VT,05301-4801,Private      ,0,2,2,195,438,633
01116700,COMMUNITY COLLEGE OF VERMONT            ,VT,05601-0489,Public       ,50,189,239,1762,4278,6040
01193400,VERMONT LAW SCHOOL                      ,VT,05068-0000,Private      ,0,8,8,7,900,907
01218300,BURLINGTON COLLEGE                      ,VT,05401-8477,Private      ,2,3,5,195,162,357
02143500,STERLING COLLEGE                        ,VT,05827-0000,Private      ,1,1,2,152,72,224
02254000,NEW ENGLAND CULINARY INSTITUTE          ,VT,05602-0000,Proprietary  ,1,7,8,308,236,544
02532600,LANDMARK COLLEGE                        ,VT,05346-0000,Private      ,0,3,3,480,141,621
04146900,ADVANCED WELDING INSTITUTE              ,VT,05403-0000,Proprietary  ,1,2,3,64,50,114
00392800,CASPER COLLEGE                          ,WY,82601-4612,Public       ,11,45,56,1413,1692,3105
00392900,EASTERN WYOMING COLLEGE                 ,WY,82240-1603,Public       ,2,14,16,459,366,825
00393000,SHERIDAN COLLEGE                        ,WY,82801-9133,Public       ,15,36,51,1108,1261,2369
00393100,NORTHWEST COLLEGE                       ,WY,82435-1895,Public       ,1,18,19,803,597,1400
00393200,UNIVERSITY OF WYOMING                   ,WY,82071-2000,Public       ,24,81,105,7624,4796,12420
00393300,WESTERN WYOMING COMMUNITY COLLEGE       ,WY,82902-0000,Public       ,9,10,19,981,1091,2072
00728900,CENTRAL WYOMING COLLEGE                 ,WY,82501-0000,Public       ,7,29,36,572,833,1405
00915700,WYOTECH                                 ,WY,82072-9519,Private      ,46,24,70,788,602,1390
00925900,LARAMIE COUNTY COMMUNITY CLG            ,WY,82007-3299,Public       ,13,62,75,1768,2668,4436
02211900,CHEEKS INTERNATIONAL ACDMY              ,WY,82001-0000,Proprietary  ,1,5,6,36,168,204
00393500,UNIV OF GUAM                            ,GU,96923-0000,Public       ,22,23,45,2607,1996,4603
01536100,GUAM COMMUNITY COLLEGE                  ,GU,96921-0000,Public       ,14,13,27,1701,1634,3335
03438300,PACIFIC ISLANDS UNIVERSITY              ,GU,96913-2619,Private      ,7,10,17,97,154,251
00393600,PONTIFICAL CATHOLIC UNIV OF PR          ,PR,00717-0777,Private      ,14,28,42,6331,5088,11419
00393700,UNIVERSITY OF THE SACRED HEART          ,PR,00914-0383,Private      ,2,22,24,3262,2170,5432
00393800,INTER-AMER UNIV PR-CNTRL ADMN           ,PR,00936-0000,Private      ,0,0,0,3174,4785,7959
00393801,INTER-AMER UNIV PR SCHL LAW             ,PR,00936-8351,Private      ,0,0,0,26,340,366
00393803,INTER AMERICAN UNIVERSITY OF PUERTO RICO,PR,00683-0000,Private      ,0,0,0,3669,1580,5249
00393810,INTER-AMER UNIV PR - SCH OF OPTOMETRY   ,PR,00918-0000,Private      ,0,0,0,1,0,1
00393900,INTER AMERICAN UNIVERSITY OF PUERTO RICO,PR,00605-2000,Private      ,14,8,22,3443,1859,5302
00394000,INTER AMERICAN UNIVERSITY OF PUERTO RICO,PR,00919-1293,Private      ,171,42,213,1352,2002,3354
00394001,INTER AMERICAN UNIVERSITY OF PUERTO RICO,PR,00726-4985,Private      ,1,1,2,1,1,2
00394002,INTER AMERICAN UNIVERSITY OF PUERTO RICO,PR,00918-3105,Private      ,6,9,15,6,9,15
00394003,INTER AMERICAN UNIVERSITY OF PUERTO RICO,PR,00957-6257,Private      ,1,0,1,1,0,1
00394100,UNIVERSIDAD DEL ESTE                    ,PR,00984-2010,Private      ,33,163,196,7662,8600,16262
00394200,UNIVERSITY OF PR-CENTRAL ADMINISTRATION ,PR,00936-4984,Public       ,1,2,3,406,207,613
00394300,UNIVERSITY OF PUERTO RICO - HUMACAO UNIV,PR,00791-4300,Public       ,8,2,10,3396,470,3866
00394400,UNIVERSITY OF PUERTO RICO - MAYAGUEZ    ,PR,00680-0000,Public       ,16,8,24,9482,2032,11514
00501900,UNIV ADVENTISTA DE LAS ANTILLAS         ,PR,00681-0118,Private      ,12,6,18,1015,577,1592
00502200,BAYAMON CENTRAL UNIVERSITY              ,PR,00960-0000,Private      ,90,21,111,1131,1103,2234
00502600,INTER AMERICAN UNIVERSITY OF PUERTO RICO,PR,00614-4050,Private      ,8,15,23,3177,2231,5408
00502700,INTER AMERICAN UNIVERSITY OF PUERTO RICO,PR,00794-0517,Private      ,156,19,175,1900,720,2620
00502800,INTER AMERICAN UNIVERSITY OF PUERTO RICO,PR,00957-6257,Private      ,13,5,18,4042,1577,5619
00502900,INTER AMERICAN UNIVERSITY OF PUERTO RICO,PR,00715-1612,Private      ,153,18,171,3952,2531,6483
00710800,UNIVERSITY OF PUERTO RICO - RIO PIEDRAS ,PR,00931-3300,Public       ,26,12,38,9739,3316,13055
00720600,UNIVERSITY OF PUERTO RICO - CAYEY UNIVER,PR,00736-5534,Public       ,3,2,5,3344,360,3704
00722800,UNIVERSITY OF PUERTO RICO - ARECIBO     ,PR,00614-4010,Public       ,13,2,15,3857,572,4429
00890200,COLUMBIA CENTRO UNIVERSITARIO           ,PR,00726-0000,Proprietary  ,22,64,86,1311,1319,2630
00965200,"UNIVERSITY OF PUERTO RICO, PONCE TECH UN",PR,00716-0000,Public       ,7,3,10,3512,459,3971
01056700,COLEGIO TECNOLOGICO DE SAN JUAN         ,PR,00918-2973,Public       ,0,2,2,826,913,1739
01072400,CARLOS ALBIZU UNIVERSITY                ,PR,00902-3711,Private      ,2,12,14,253,1399,1652
01081900,CONSERVATORIO DE MUSICA DE PUERTO RICO  ,PR,00907-3373,Public       ,3,0,3,319,124,443
01092200,UNIVERSITY OF PUERTO RICO - UTUADO      ,PR,00641-2500,Public       ,4,2,6,1486,192,1678
01097500,UNIVERSITY OF PUERTO RICO BAYAMON TECHNI,PR,00959-1911,Public       ,11,2,13,4366,608,4974
01120300,RYDER MEMORIAL HOSP SCH OF NURSING      ,PR,00792-0000,Private      ,0,0,0,13,9,22
01171900,UNIVERSIDAD DEL TURABO                  ,PR,00778-0000,Private      ,55,243,298,9068,11567,20635
01194000,ICPR JUNIOR COLLEGE                     ,PR,00919-0000,Proprietary  ,215,217,432,1631,2000,3631
01194100,AMERICAN UNIVERSITY OF PUERTO RICO      ,PR,00960-2037,Private      ,25,6,31,640,416,1056
01194101,AMERICAN UNIVERSITY OF PUERTO RICO      ,PR,00674-0000,Private      ,34,19,53,735,495,1230
01212300,"UNIVERSITY OF PUERTO RICO, AGUADILLA REG",PR,00604-0160,Public       ,9,3,12,2948,482,3430
01252500,CARIBBEAN UNIVERSITY                    ,PR,00960-0493,Private      ,150,34,184,2576,2533,5109
02063100,MBTI BUSINESS TRNG INSTITUTE            ,PR,00907-3917,Proprietary  ,116,363,479,1547,4228,5775
02100000,POLYTECHNIC UNIVERSITY OF PR            ,PR,00917-0000,Private      ,3,9,12,2133,2391,4524
02163300,UNIVERSIDAD CENTRAL DEL CARIBE          ,PR,00960-0000,Private      ,0,1,1,147,453,600
02165100,EDP COLLEGE OF PUERTO RICO              ,PR,00919-0000,Private      ,129,97,226,1332,2123,3455
02166000,CENTER FOR ADVANCED STUDIES OF PUER     ,PR,00902-0000,Private      ,0,5,5,12,282,294
02166400,INSTITUTO DE BANCA Y COMERCIO           ,PR,00925-0000,Proprietary  ,237,552,789,8059,12780,20839
02170300,INST EDUC TECNIA OCUP LA REINA          ,PR,00674-0000,Proprietary  ,10,14,24,234,267,501
02189100,CENTRO DE ESTUDIOS MULTIDISCIPLIN       ,PR,00926-0000,Proprietary  ,41,96,137,1412,1718,3130
02189300,EMMA'S BEAUTY ACADEMY                   ,PR,00680-0000,Proprietary  ,2,7,9,263,119,382
02195400,MODERN HAIRSTYLING INSTITUTE            ,PR,00961-0000,Proprietary  ,25,26,51,754,398,1152
02195500,MODERN HAIRSTYLING INSTITUTE            ,PR,00612-0000,Proprietary  ,0,2,2,10,12,22
02195800,LICEO E ARTE Y TECNOLGIA                ,PR,00919-0000,Proprietary  ,21,38,59,926,872,1798
02195900,MODERN HAIRSTYLING INSTITUTE            ,PR,00980-0000,Proprietary  ,0,0,0,12,7,19
02234900,ANTILLES SCHOOL OF TECH CAREERS         ,PR,00909-3006,Proprietary  ,16,20,36,329,596,925
02241904,COMMONWEALTH OF PR DEPT OF EDUC - ITPR R,PR,00655-0000,Public       ,3,2,5,484,340,824
02241907,COMMONWEALTH OF PR DEPT OF EDUC - ITPR R,PR,00928-0000,Public       ,0,1,1,554,359,913
02241908,COMMONWEALTH OF PR DEPT OF EDUC - ITPR R,PR,00732-0000,Public       ,0,1,1,425,264,689
02241909,COMMONWEALTH OF PR DEPT OF EDUC - TROQUE,PR,00959-0000,Public       ,1,0,1,75,14,89
02241910,COMMONWEALTH OF PR DEPT OF EDUC - ITPR R,PR,00701-1091,Public       ,1,0,1,609,219,828
02260600,NATIONAL COLLEGE OF BUSINESS & TECH     ,PR,00960-2036,Proprietary  ,33,123,156,4311,10947,15258
02260800,HUERTAS COLLEGE                         ,PR,00726-0000,Proprietary  ,7,36,43,867,1053,1920
02282700,INTER AMERICAN UNIVERSITY OF PUERTO RICO,PR,00785-4004,Private      ,44,16,60,1327,1146,2473
02282800,INTER AMERICAN UNIVERSITY OF PUERTO RICO,PR,00738-7003,Private      ,38,6,44,1630,997,2627
02297700,AUTOMECA TECHNICAL COLLEGE              ,PR,00957-0000,Proprietary  ,51,71,122,1529,1087,2616
02303800,AMERICAN EDUCATIONAL COLLEGE            ,PR,00961-0000,Proprietary  ,45,61,106,589,741,1330
02335500,COLEGIO BIBLICO PENTECOSTAL DE PR       ,PR,00978-0000,Private      ,0,14,14,17,300,317
02340600,HUMACAO COMMUNITY COLLEGE               ,PR,00792-0000,Private      ,6,33,39,313,440,753
02343600,INSTITUTE OF BEAUTY CAREERS             ,PR,00613-0000,Proprietary  ,45,33,78,458,320,778
02460000,UNIVERSITY OF PUERTO RICO - MEDICAL SCIE,PR,00936-0000,Public       ,3,8,11,605,1454,2059
02482400,PONCE SCHOOL OF MEDICINE AND HEALTH SCIE,PR,00716-2347,Proprietary  ,1,0,1,51,872,923
02504500,INSTITUCION CHAVIANO DE MAYAGUEZ        ,PR,00708-0000,Proprietary  ,7,5,12,35,63,98
02505400,ATLANTIC COLLEGE                        ,PR,00970-0000,Private      ,13,9,22,1382,411,1793
02534900,PONCE PARAMEDICAL COLLEGE (POPAC)       ,PR,00731-0000,Proprietary  ,42,67,109,1433,1237,2670
02552300,COLEGIO MAYOR DE TECHNOLOGIA            ,PR,00714-0000,Proprietary  ,6,13,19,241,256,497
02562500,INTERNATIONAL TECHNICAL COLLEGE         ,PR,00918-0000,Proprietary  ,2,15,17,59,149,208
02569400,ESCUELA DE ARTES PLASTICAS              ,PR,00902-1112,Public       ,1,0,1,477,140,617
02570400,EDUCATIONAL TECHNICAL COLLEGE           ,PR,00925-3404,Proprietary  ,36,83,119,556,869,1425
02576100,ESCUELA TECNICA DE ELECTRICIDAD         ,PR,00731-0000,Proprietary  ,11,17,28,228,322,550
02587500,UNIVERSIDAD METROPOLITANA               ,PR,00928-0000,Private      ,64,246,310,7452,9978,17430
02588600,SEMINARIO EVANGELICO DE PUERTO RICO     ,PR,00925-0000,Private      ,0,1,1,3,74,77
02593700,HISPANIC AMERICAN COLLEGE               ,PR,00725-0000,Proprietary  ,12,25,37,231,306,537
03016000,UNIVERSITY OF PUERTO RICO CAROLINA REGIO,PR,00985-0000,Public       ,20,9,29,3600,631,4231
03021900,EDIC COLLEGE                            ,PR,00726-0000,Proprietary  ,37,66,103,1543,1622,3165
03025500,MECH TECH COLLEGE                       ,PR,00725-6118,Proprietary  ,77,126,203,2735,1861,4596
03025900,"LICEO DE ARTE, DISENOS Y COMERCIO       ",PR,00726-0000,Proprietary  ,6,8,14,246,400,646
03029700,"UNIVERSAL TECHNOLOGY CLG OF PR, INC     ",PR,00605-0000,Private      ,15,72,87,493,926,1419
03061900,COLEGIO TECHNOLOGICO Y COMERCIAL        ,PR,00602-0960,Proprietary  ,1,1,2,36,34,70
03068400,STAR BEAUTY ACADEMY                     ,PR,00961-6312,Proprietary  ,15,27,42,72,115,187
03070500,D'MART INSTITUTE                        ,PR,00794-3517,Proprietary  ,64,47,111,688,708,1396
03075600,EMMA'S BEAUTY ACADEMY                   ,PR,00795-0000,Proprietary  ,13,13,26,363,234,597
03085700,PROFESSIONAL TECHNICAL INSTITUTION      ,PR,00960-7061,Proprietary  ,4,11,15,259,344,603
03104400,PROFESSIONAL ELECTRIC SCHOOL            ,PR,00674-1797,Proprietary  ,1,3,4,44,44,88
03106900,ESCUELA DE PERITOS ELECTRICITAS         ,PR,00662-0457,Proprietary  ,1,3,4,46,53,99
03112100,JOHN DEWEY COLLEGE                      ,PR,00915-9538,Private      ,98,231,329,1314,3100,4414
03112101,JOHN DEWEY COLLEGE                      ,PR,00986-0000,Private      ,13,54,67,255,615,870
03112102,JOHN DEWEY COLLEGE-BAYAMON CAMPUS       ,PR,00959-0000,Private      ,13,27,40,104,289,393
03112105,JOHN DEWEY COLLEGE - FAJARDO BRANCH     ,PR,00738-0738,Private      ,14,22,36,160,367,527
03112106,JOHN DEWEY COLLEGE - ARROYO BRANCH      ,PR,00714-0714,Private      ,0,0,0,54,103,157
03112107,JOHN DEWEY COLLEGE - JUANA DIAZ BRANCH  ,PR,00795-0000,Private      ,19,19,38,183,258,441
03112108,JOHN DEWEY COLLEGE - HATILLO CAMPUS     ,PR,00659-0000,Private      ,0,0,0,56,114,170
03112109,JOHN DEWEY COLLEGE - MANATI             ,PR,00674-0000,Private      ,14,26,40,335,547,882
03112110,DEWEY UNIVERSITY - MAYAGUEZ             ,PR,00682-0000,Private      ,14,25,39,89,157,246
03115900,TRINITY COLLEGE OF PUERTO RICO          ,PR,00734-0000,Private      ,9,24,33,155,243,398
03122500,ACADEMIA SERRANT INC.                   ,PR,00717-1568,Proprietary  ,19,22,41,359,349,708
03123100,GLOBELLE TECHNICAL INSTITUTE            ,PR,00693-4218,Proprietary  ,0,0,0,37,49,86
03124200,NOVA COLLEGE DE PUERTO RICO             ,PR,00960-4016,Proprietary  ,24,45,69,198,352,550
03157600,"COLEGIO DE CINEMATOGRAFIA, ARTES Y TELEV",PR,00961-6345,Proprietary  ,19,20,39,752,422,1174
03177300,SAN JUAN BAUTISTA SCH OF MEDICINE       ,PR,00726-0000,Private      ,0,0,0,35,357,392
03336300,CENTURY COLLEGE                         ,PR,00603-0000,Proprietary  ,3,6,9,124,238,362
03414300,MONTECLARO                              ,PR,00745-9612,Private      ,0,1,1,20,19,39
03452300,INSTITUTO PRE-VOCACIONAL E INDUSTRI     ,PR,00613-1800,Private      ,0,0,0,82,214,296
03469300,IVAEM COLLEGE                           ,PR,00725-0000,Proprietary  ,6,7,13,100,103,203
03531300,UNIVERSIDAD PENTECOSTAL MIZPA           ,PR,00928-0966,Private      ,0,0,0,30,327,357
03544300,ATENAS COLLEGE                          ,PR,00674-0000,Private      ,14,19,33,1088,732,1820
03552300,LESTON COLLEGE                          ,PR,00961-6309,Proprietary  ,16,23,39,105,176,281
03608300,CARIBBEAN FORENSIC & TECHNICAL COLL     ,PR,00926-0000,Proprietary  ,0,11,11,34,79,113
03638300,ROSSLYN TRAINING ACADEMY OF COSMETOLOGY ,PR,00602-3225,Proprietary  ,1,1,2,21,41,62
03735400,"CHARLIES GUARD,DETECTIVE BUREAU&ACA     ",PR,00605-0000,Proprietary  ,5,7,12,39,64,103
03751300,ESCUELA HOTELERA DE SAN JUAN            ,PR,00917-0091,Proprietary  ,19,22,41,819,566,1385
03758300,BAYAMON COMMUNITY COLLEGE               ,PR,00960-0000,Proprietary  ,2,9,11,73,391,464
03781400,INDUSTRIAL TECHNICAL COLLEGE            ,PR,00792-0000,Proprietary  ,5,17,22,143,222,365
03785300,J.G. GUAYNABO TECHNICAL COLLEGE         ,PR,00960-0000,Proprietary  ,15,17,32,119,210,329
03800300,COLEGIO TECNICO DE ELECTRICIDAD GALLOSA ,PR,00602-0000,Proprietary  ,0,1,1,13,35,48
03800400,INSTITUTE OF BEAUTY OCCUPATIONS AND TECH,PR,00676-5071,Proprietary  ,22,77,99,142,271,413
03849300,AGUADILLA TECHNICAL COLLEGE             ,PR,00603-0000,Proprietary  ,5,5,10,68,99,167
03965400,MYRANGEL BEAUTY INSTITUTE               ,PR,00754-3917,Proprietary  ,11,16,27,128,200,328
04107300,CARIB TECHNOLOGICAL INSTITUTE           ,PR,00960-0000,Proprietary  ,0,0,0,4,3,7
04117200,INSTITUTO EDUCATIVO PREMIER             ,PR,00731-0000,Proprietary  ,28,38,66,289,385,674
04131600,LIBERTY TECHNICAL COLLEGE               ,PR,00737-1298,Proprietary  ,9,11,20,122,180,302
04164300,GLOBAL INSTITUTE                        ,PR,00725-6485,Proprietary  ,1,3,4,25,46,71
04176000,AMERICAN TECHNICAL INSTITUTE            ,PR,00957-0000,Proprietary  ,6,6,12,49,76,125
04240400,UNIVERSIDAD ANA G. MENDEZ - CAMPUS VIRTU,PR,00926-0000,Private      ,0,6,6,0,6,6
04240900,PPG TECHNICAL COLLEGE                   ,PR,00726-3164,Proprietary  ,1,0,1,180,139,319
04250900,INTER AMERICAN UNIVERSITY-SCHOOL OF LAW ,PR,00936-8351,Private      ,0,2,2,1,55,56
04251000,INTER AMERICAN UNIVERSITY-OPTOMETRY     ,PR,00957-6257,Private      ,0,0,0,9,14,23
04254200,INTER AMERICAN UNIVERSITY OF PUERTO RICO,PR,00683-9801,Private      ,16,16,32,124,216,340
00394600,UNIVERSITY OF THE VIRGIN ISLANDS        ,VI,00802-9990,Public       ,5,7,12,1385,802,2187
00394601,UNIV OF THE VIRGIN ISLANDS-ST CROIX     ,VI,00850-0000,Public       ,6,9,15,595,661,1256
00667700,MCGILL UNIVERSITY                       ,CN,00000-0000,Public       ,2,4,6,1506,371,1877
00667900,QUEEN'S UNIVERSITY AT KINGSTON          ,CN,00000-0000,Public       ,1,1,2,106,32,138
00668100,ST FRANCIS XAVIER UNIVERSITY            ,CN,00000-0000,Public       ,0,0,0,28,5,33
00668200,ST THOMAS UNIVERSITY                    ,CN,00000-0000,Public       ,0,0,0,24,9,33
00668300,UNIVERSITY OF GUELPH                    ,CN,00000-0000,Public       ,0,0,0,45,73,118
00668400,UNIVERSITY OF MANITOBA                  ,CN,00000-0000,Public       ,0,0,0,85,32,117
00668500,UNIVERSITY OF NEW BRUNSWICK (THE)       ,CN,00000-0000,Public       ,0,0,0,30,14,44
00668600,UNIVERSITY OF OTTAWA                    ,CN,00000-0000,Public       ,0,1,1,49,56,105
00668800,UNIVERSITY OF TORONTO                   ,CN,00000-0000,Public       ,3,1,4,470,346,816
00668900,UNIVERSITY OF WINDSOR                   ,CN,00000-0000,Public       ,0,1,1,23,37,60
00683700,UNIVERSITE LAVAL                        ,CN,00000-0000,Public       ,0,1,1,10,23,33
00683800,DALHOUSIE UNIVERSITY                    ,CN,00000-0000,Public       ,0,0,0,115,74,189
00685200,BISHOP'S UNIVERSITY                     ,CN,00000-0000,Private      ,0,0,0,50,11,61
00767900,YORK UNIVERSITY                         ,CN,00000-0000,Public       ,0,4,4,85,112,197
00787400,UNIVERSITY AT CALGARY (THE)             ,CN,00000-0000,Public       ,0,1,1,57,74,131
00814800,UNIVERSITY OF WINNIPEG                  ,CN,00000-0000,Public       ,0,0,0,18,14,32
00836300,MOUNT SAINT VINCENT UNIVERSITY          ,CN,00000-0000,Public       ,0,1,1,7,8,15
00836400,SAINT MARY'S UNIVERSITY                 ,CN,00000-0000,Public       ,0,0,0,23,14,37
00836500,CONCORDIA UNIVERSITY - SIR GEORGE W     ,CN,00000-0000,Public       ,1,1,2,331,161,492
00836600,UNIVERSITE DE MONTREAL                  ,CN,00000-0000,Public       ,0,0,0,23,75,98
00836800,CARLETON UNIVERSITY                     ,CN,00000-0000,Public       ,0,0,0,63,44,107
00836900,UNIVERSITY OF BRITISH COLUMBIA          ,CN,00000-0000,Public       ,1,4,5,919,413,1332
00837000,"SAFA, UNIVERSITY OF VICTORIA            ",CN,00000-0000,Public       ,0,0,0,185,92,277
00844400,SIMON FRASER UNIVERSITY                 ,CN,00000-0000,Public       ,1,0,1,146,89,235
00844600,UNIVERSITY OF WESTERN ONTARIO (THE)     ,CN,00000-0000,Public       ,0,3,3,50,67,117
00844900,ACADIA UNIVERSITY                       ,CN,00000-0000,Public       ,0,1,1,28,23,51
00858200,WILFRID LAURIER UNIVERSITY              ,CN,00000-0000,Public       ,1,0,1,18,16,34
00891300,LAKEHEAD UNIVERSITY                     ,CN,00000-0000,Public       ,0,0,0,4,7,11
00936700,UNIVERSITY OF PRINCE EDWARD ISLAND      ,CN,00000-0000,Public       ,0,0,0,18,95,113
00942100,BRANDON UNIVERSITY                      ,CN,00000-0000,Public       ,0,0,0,11,16,27
00948600,TRINITY WESTERN UNIVERSITY              ,CN,00000-0000,Private      ,0,1,1,131,50,181
00950000,MEMORIAL UNIVERSITY OF NEWFOUNDLAND     ,CN,00000-0000,Public       ,0,0,0,24,40,64
00950100,UNIVERSITY OF KING'S COLLEGE            ,CN,00000-0000,Public       ,0,1,1,21,6,27
00950300,MOUNT ALLISON UNIVERSITY                ,CN,00000-0000,Public       ,0,0,0,41,7,48
01022100,SAINT PAUL UNIVERSITY                   ,CN,00000-0000,Public       ,0,0,0,5,9,14
01045800,SHERIDAN COLLEGE OF APPLIED ARTS AN     ,CN,00000-0000,Public       ,0,0,0,60,25,85
01067500,REGENT COLLEGE                          ,CN,00000-0000,Private      ,0,2,2,4,61,65
01072000,RYERSON UNIVERSITY                      ,CN,00000-0000,Public       ,1,0,1,69,58,127
01172200,BRIERCREST BIBLE COLLEGE                ,CN,00000-0000,Private      ,0,0,0,8,3,11
01222800,HUMBER COLLEGE INSTITUTE OF TECHNOLOGY A,CN,00000-0000,Public       ,0,0,0,41,50,91
01227400,PROVIDENCE COLLEGE                      ,CN,00000-0000,Private      ,0,0,0,6,11,17
02102100,KINGSWOOD UNIVERSITY                    ,CN,00000-0000,Private      ,0,0,0,44,12,56
02116600,CANADIAN MEMORIAL CHIROPRACTIC COLL     ,CN,00000-0000,Private      ,0,0,0,0,5,5
02167000,PRAIRIE BIBLE INST                      ,CN,00000-0000,Private      ,0,0,0,17,5,22
02201100,COLUMBIA BIBLE COLLEGE                  ,CN,00000-0000,Private      ,0,0,0,10,12,22
02216400,TYNDALE COLLEGE & SEMINARY              ,CN,00000-0000,Private      ,0,0,0,8,14,22
02219200,UNIVERSITY OF SASKATCHEWAN              ,CN,00000-0000,Public       ,0,1,1,18,25,43
02324900,EMMANUEL BIBLE COLLEGE                  ,CN,00000-0000,Private      ,0,0,0,2,5,7
02338800,EMILY CARR UNIVERSITY OF ART AND DESIGN ,CN,00000-0000,Public       ,0,1,1,76,41,117
02577200,SALVATION ARMY WM & CATHERINE BOOTH     ,CN,00000-0000,Private      ,0,0,0,3,1,4
02593800,CONCORDIA UNIVERSITY COLLEGE            ,CN,00000-0000,Private      ,0,0,0,12,20,32
02611900,THE KING'S UNIVERSITY COLLEGE           ,CN,00000-0000,Private      ,0,1,1,6,11,17
03033800,UNIVERSITY COLLEGE OF CAPE BRETON       ,CN,00000-0000,Public       ,1,0,1,7,1,8
03078300,VANCOUVER SCHOOL OF THEOLOGY            ,CN,00000-0000,Private      ,0,0,0,1,5,6
03273300,CANADIAN COLLEGE OF NATUROPATHIC ME     ,CN,00000-0000,Private      ,0,2,2,7,48,55
03298300,ALBERTA COLLEGE OF ART & DESIGN         ,CN,00000-0000,Public       ,0,0,0,36,29,65
03332500,KWANTLEN UNIVERSITY COLLEGE             ,CN,00000-0000,Public       ,0,0,0,10,17,27
03335400,CANADIAN UNIVERSITY COLLEGE             ,CN,00000-0000,Private      ,0,0,0,36,18,54
03339300,ST. STEPHENS UNIVERSITY                 ,CN,00000-0000,Private      ,0,0,0,2,2,4
03348500,REDEEMER UNIVERSITY COLLEGE             ,CN,00000-0000,Private      ,0,0,0,7,8,15
03420300,HOLLAND COLLEGE                         ,CN,00000-0000,Public       ,0,0,0,12,5,17
03560400,NIAGARA COLLEGE-WELLAND CAMPUS          ,CN,00000-0000,Public       ,0,1,1,13,21,34
03613300,UNIV OF NORTHERN BRITISH COLUMBIA       ,CN,00000-0000,Public       ,0,0,0,13,12,25
03644400,CANADIAN MENNONITE UNIVERSITY           ,CN,00000-0000,Private      ,0,0,0,2,4,6
03846300,PACIFIC LIFE BIBLE COLLEGE              ,CN,00000-0000,Private      ,0,0,0,10,10,20
03847300,CRANDALL UNIVERSITY                     ,CN,00000-0000,Private      ,0,0,0,3,2,5
04075300,QUEST UNIVERSITY CANADA                 ,CN,00000-0000,Private      ,0,0,0,190,18,208
04123100,ATLANTIC SCHOOL OF THEOLOGY             ,CN,00000-0000,Public       ,0,1,1,2,10,12
04156700,AMBROSE UNIVERSITY COLLEGE              ,CN,00000-0000,Private      ,0,0,0,12,19,31
00814700,UNIVERSIDAD AUTONOMA DE GUADALAJARA     ,MX,00000-0000,Private      ,0,8,8,66,1148,1214
01041800,INST TEC Y DE ESTSUPER DE MONTERRE      ,MX,00000-0000,Private      ,0,3,3,74,69,143
01067600,UNIVERSIDAD DE MONTERREY                ,MX,00000-0000,Private      ,0,1,1,34,26,60
01302100,"UNIVERSIDAD DEL NORESTE, A.C.           ",MX,00000-0000,Private      ,0,0,0,8,17,25
02053300,CENTRO DE ESTUDIOS UNIVERSITARIOS D     ,MX,00000-0000,Private      ,0,0,0,23,58,81
03776500,"UNIVERSIDAD DE LA SALLE BAJIO, A.C.     ",MX,00000-0000,Private      ,0,2,2,9,83,92
04183900,CETYS UNIVERSIDAD                       ,MX,00000-0000,Private      ,0,1,1,131,104,235
01001000,AMERICAN SAMOA CMNTY COLLEGE            ,AS,96799-2609,Public       ,62,24,86,1109,426,1535
01034300,COLLEGE OF MICRONESIA - FSM             ,FM,96941-0159,Public       ,285,89,374,2343,1091,3434
01100900,PALAU COMMUNITY COLLEGE                 ,PW,96940-0009,Public       ,56,48,104,744,327,1071
03022400,COLLEGE OF THE MARSHALL ISLANDS         ,MH,96960-1258,Public       ,93,94,187,904,462,1366
03033000,NORTHERN MARIANAS COLLEGE               ,MP,96950-0000,Public       ,5,19,24,893,463,1356
